Memory Limit (KB),Optimal K,Passes,Memory (KB),Max Valid K
10000,N/A,N/A,N/A,
11000,N/A,N/A,N/A,
12000,4,5,12224.0,4
13000,10,2,12816.0,10
14000,10,2,13040.0,10
15000,10,2,13040.0,10
16000,10,2,12816.0,10
17000,10,2,12816.0,10
18000,10,2,12816.0,10
19000,10,2,12928.0,10
20000,10,2,12816.0,10
21000,10,2,13040.0,10
22000,10,2,12816.0,10
23000,10,2,12816.0,10
24000,10,2,12816.0,10
25000,10,2,12816.0,10
30000,10,2,12816.0,10
35000,10,2,13040.0,10
40000,10,2,12816.0,10
45000,10,2,12816.0,10
50000,10,2,13040.0,10
60000,10,2,12816.0,10
70000,10,2,13040.0,10
80000,10,2,12816.0,10
90000,10,2,12816.0,10
100000,10,2,12816.0,10
200000,10,2,13040.0,10
300000,10,2,12816.0,10
400000,10,2,13040.0,10
500000,10,2,12816.0,10
