Memory Limit (KB),Optimal K,Passes,Memory (KB),Max Valid K
10000,N/A,N/A,N/A,
11000,5,1,10128.0,5
12000,5,1,10128.0,5
13000,5,1,10128.0,5
14000,5,1,10128.0,5
15000,5,1,10128.0,5
16000,5,1,10128.0,5
17000,5,1,10128.0,5
18000,5,1,10128.0,5
19000,5,1,10128.0,5
20000,5,1,10128.0,5
21000,5,1,10128.0,5
22000,5,1,10128.0,5
23000,5,1,10128.0,5
24000,5,1,10128.0,5
25000,5,1,10128.0,5
30000,5,1,10128.0,5
35000,5,1,10128.0,5
40000,5,1,10128.0,5
45000,5,1,10128.0,5
50000,5,1,10128.0,5
60000,5,1,10128.0,5
70000,5,1,10128.0,5
80000,5,1,10128.0,5
90000,5,1,10128.0,5
100000,5,1,10128.0,5
200000,5,1,10128.0,5
300000,5,1,10128.0,5
400000,5,1,10128.0,5
500000,5,1,10128.0,5
