Memory Limit (KB),Optimal K,Passes,Memory (KB),Max Valid K
10000,N/A,N/A,N/A,
11000,4,1,10128.0,4
12000,4,1,10128.0,4
13000,4,1,10128.0,4
14000,4,1,10128.0,4
15000,4,1,10128.0,4
16000,4,1,10128.0,4
17000,4,1,10128.0,4
18000,4,1,10128.0,4
19000,4,1,10128.0,4
20000,4,1,10128.0,4
21000,4,1,10128.0,4
22000,4,1,10128.0,4
23000,4,1,10128.0,4
24000,4,1,10128.0,4
25000,4,1,10128.0,4
30000,4,1,10128.0,4
35000,4,1,10128.0,4
40000,4,1,10128.0,4
45000,4,1,10128.0,4
50000,4,1,10128.0,4
60000,4,1,10128.0,4
70000,4,1,10128.0,4
80000,4,1,10128.0,4
90000,4,1,10128.0,4
100000,4,1,10128.0,4
200000,4,1,10128.0,4
300000,4,1,10128.0,4
400000,4,1,10128.0,4
500000,4,1,10128.0,4
