10 3.256 6 9.557
20 5.797 9 18.714
30 7.767 11 28.14
40 9.657 14 37.48
50 11.34 16 47.006
60 12.97 19 56.505
70 14.369 20 66.091
80 15.698 21 75.698
90 17.008 23 85.26
100 18.196 24 95.016
150 23.87 31 143.276
200 28.639 37 191.889
250 33.007 41 240.671
300 37.013 46 289.646
350 40.693 49 338.698
400 44.279 54 387.677
450 47.617 57 436.802
500 50.892 61 485.758
550 54.13 66 534.926
600 57.025 68 584.283
650 59.891 70 633.517
700 62.692 75 682.588
750 65.475 77 731.943
800 67.956 78 781.275
850 70.531 80 830.654
900 72.888 84 880.055
950 75.656 86 929.123
1000 77.812 87 978.884
