10 9.312 10 9.312
20 17.763 20 17.763
30 26.258 30 26.258
40 34.78 39 34.78
50 43.445 49 43.445
60 52.101 59 52.101
70 60.778 67 60.778
80 69.41 78 69.41
90 78.249 86 78.249
100 86.813 95 86.813
150 130.539 141 130.539
200 174.594 189 174.594
250 218.469 232 218.469
300 263.054 279 263.054
350 306.974 323 306.974
400 351.58 368 351.58
450 396.321 415 396.321
500 440.855 459 440.855
550 485.552 508 485.552
600 529.841 555 529.841
650 574.375 599 574.375
700 619.536 640 619.536
750 664.434 684 664.434
800 709.275 734 709.275
850 753.749 780 753.749
900 798.614 827 798.614
950 843.989 869 843.989
1000 888.866 918 888.866
