1 40.565 51
2 13.773 16
3 6.95 8
4 5.533 6
5 4.965 5
6 4.571 5
7 4.08 5
8 4 4
9 3.996 4
10 3.987 4
11 3.961 4
12 3.895 4
13 3.818 4
14 3.718 4
15 3.604 4
16 3.452 4
17 3.295 4
18 3.172 4
19 3.087 4
20 3.039 4
21 3.008 4
22 3 3
23 3 3
24 3 3
25 3 3
26 3 3
27 3 3
28 3 3
29 3 3
30 3 3
31 3 3
32 3 3
33 3 3
34 3 3
35 3 3
36 3 3
37 3 3
38 3 3
39 3 3
40 3 3
45 3 3
50 3 3
55 3 3
60 3 3
65 3 3
70 3 3
75 3 3
80 3 3
85 3 3
90 3 3
95 2.999 3
100 2.998 3
150 2.958 3
200 2.849 3
250 2.718 3
300 2.539 3
350 2.393 3
400 2.228 3
450 2.105 3
500 2.002 3
550 2 2
600 2 2
650 2 2
700 2 2
750 2 2
800 2 2
850 2 2
900 2 2
950 2 2
1000 2 2