2 858
8 871
18 892
21 887
23 269
29 833
33 764
33 888
36 965
37 886
37 888
38 410
38 895
49 510
55 860
57 892
58 866
58 890
58 894
59 886
59 971
60 775
60 892
61 351
68 543
69 862
70 772
72 840
73 279
85 887
86 889
95 892
96 835
96 892
96 893
97 894
97 895
98 495
99 352
113 696
126 878
126 890
127 893
134 866
136 834
137 490
137 760
137 768
137 772
137 775
137 844
137 866
137 953
138 498
138 758
138 773
138 858
138 869
138 889
138 893
139 840
139 878
139 888
139 897
139 990
140 893
140 958
141 655
142 316
146 893
151 860
154 892
155 895
156 957
166 891
166 893
167 749
167 893
168 246
169 272
169 419
169 750
169 830
169 838
169 846
169 850
169 864
169 877
169 953
170 504
170 748
170 764
170 773
170 774
170 830
170 832
170 837
170 848
170 861
170 865
170 872
170 873
170 878
170 882
170 888
170 890
170 891
170 960
171 503
171 505
171 744
171 767
171 769
171 771
171 773
171 774
171 846
171 867
171 870
171 874
171 875
171 879
171 881
171 887
171 948
171 964
171 966
171 969
172 275
172 837
172 853
172 856
172 859
172 883
172 884
172 888
172 889
172 891
172 951
172 962
173 448
173 763
173 857
173 860
173 890
173 891
173 894
173 962
173 970
174 760
174 813
174 866
174 873
174 989
175 423
175 851
176 950
184 859
192 851
193 894
194 890
194 966
195 211
196 219
198 895
200 892
201 774
201 863
208 770
209 767
209 770
209 874
209 893
209 963
210 768
210 775
210 776
210 855
210 863
210 888
211 776
211 973
212 399
216 853
217 892
217 893
217 953
218 864
218 891
219 893
221 849
238 774
239 778
244 755
244 839
245 841
245 848
245 869
245 890
246 890
259 894
260 972
268 768
270 403
270 746
270 759
270 763
270 770
270 848
270 959
270 961
270 970
271 273
271 403
271 404
271 419
271 490
271 492
271 497
271 501
271 503
271 747
271 752
271 755
271 757
271 765
271 769
271 776
271 830
271 833
271 840
271 842
271 852
271 856
271 858
271 861
271 867
271 890
271 941
271 953
271 956
271 958
271 970
272 398
272 402
272 405
272 406
272 419
272 422
272 498
272 499
272 504
272 746
272 748
272 752
272 753
272 754
272 755
272 759
272 766
272 767
272 774
272 775
272 776
272 832
272 833
272 834
272 841
272 842
272 847
272 852
272 853
272 855
272 859
272 862
272 865
272 869
272 875
272 878
272 879
272 881
272 891
272 893
272 894
272 896
272 950
272 951
272 958
272 961
272 963
272 965
272 966
273 274
273 404
273 405
273 406
273 407
273 421
273 493
273 499
273 503
273 505
273 745
273 746
273 747
273 748
273 749
273 750
273 753
273 754
273 757
273 760
273 763
273 764
273 765
273 771
273 774
273 775
273 832
273 833
273 834
273 837
273 838
273 840
273 843
273 844
273 845
273 846
273 849
273 850
273 851
273 854
273 855
273 856
273 860
273 863
273 864
273 866
273 867
273 869
273 872
273 874
273 875
273 876
273 877
273 879
273 881
273 882
273 883
273 891
273 898
273 942
273 943
273 950
273 951
273 954
273 955
273 962
273 964
273 965
273 966
273 967
274 399
274 400
274 405
274 422
274 493
274 496
274 498
274 499
274 501
274 503
274 505
274 747
274 748
274 749
274 750
274 754
274 756
274 759
274 763
274 765
274 767
274 768
274 769
274 772
274 832
274 834
274 836
274 837
274 838
274 840
274 844
274 845
274 847
274 849
274 851
274 858
274 859
274 860
274 862
274 864
274 868
274 873
274 874
274 875
274 876
274 877
274 879
274 880
274 882
274 884
274 887
274 888
274 890
274 893
274 945
274 946
274 949
274 952
274 954
274 956
274 957
274 958
274 959
274 960
274 962
274 963
274 964
274 966
274 967
274 968
275 401
275 403
275 492
275 496
275 498
275 503
275 749
275 751
275 752
275 753
275 759
275 767
275 769
275 771
275 774
275 837
275 838
275 839
275 841
275 846
275 853
275 854
275 857
275 865
275 870
275 871
275 877
275 878
275 882
275 883
275 884
275 886
275 889
275 890
275 893
275 894
275 947
275 958
275 965
275 968
275 969
276 497
276 774
276 775
276 838
276 846
276 847
276 848
276 855
276 856
276 858
276 868
276 880
276 883
276 884
276 886
276 888
276 890
276 950
276 958
276 966
276 969
277 404
277 765
277 775
277 776
277 850
277 875
277 886
277 890
277 892
277 893
277 969
278 862
278 864
278 889
278 890
278 891
278 895
278 967
279 935
291 891
292 424
302 875
302 970
303 502
303 865
303 892
304 816
304 851
304 893
304 970
305 891
305 892
305 973
305 991
306 898
312 853
313 504
314 855
315 774
319 892
321 766
322 779
334 859
335 890
343 971
344 773
344 890
345 774
347 779
350 864
350 890
351 896
355 853
357 867
358 772
358 891
359 852
359 893
360 863
362 893
367 891
367 893
368 770
368 889
368 891
369 687
369 973
370 663
371 891
372 863
374 880
378 893
386 893
387 411
392 963
398 421
398 496
398 502
398 505
398 749
398 750
398 753
398 763
398 775
398 829
398 833
398 852
398 854
398 893
399 405
399 406
399 499
399 500
399 504
399 746
399 766
399 767
399 769
399 776
399 829
399 831
399 841
399 857
399 864
399 876
399 877
399 878
399 881
399 891
399 893
399 894
399 944
399 946
399 947
399 951
399 952
399 954
399 956
399 958
399 959
399 962
400 402
400 491
400 492
400 494
400 496
400 500
400 501
400 504
400 744
400 747
400 748
400 751
400 752
400 754
400 755
400 756
400 761
400 765
400 767
400 768
400 769
400 771
400 772
400 776
400 838
400 841
400 843
400 846
400 852
400 853
400 864
400 865
400 868
400 873
400 875
400 880
400 882
400 884
400 889
400 890
400 892
400 943
400 952
400 953
400 956
400 957
400 961
400 962
400 966
400 969
401 402
401 403
401 405
401 420
401 492
401 493
401 494
401 495
401 496
401 506
401 661
401 748
401 749
401 750
401 751
401 752
401 756
401 761
401 766
401 767
401 769
401 771
401 774
401 776
401 828
401 830
401 833
401 834
401 837
401 838
401 840
401 843
401 844
401 848
401 850
401 852
401 854
401 855
401 858
401 859
401 863
401 865
401 867
401 869
401 870
401 871
401 872
401 875
401 880
401 881
401 884
401 890
401 892
401 943
401 945
401 946
401 947
401 951
401 958
401 960
401 963
401 967
401 968
402 403
402 404
402 405
402 406
402 418
402 493
402 494
402 496
402 500
402 504
402 530
402 745
402 747
402 748
402 751
402 753
402 759
402 762
402 763
402 764
402 766
402 767
402 768
402 769
402 770
402 771
402 774
402 775
402 831
402 833
402 834
402 838
402 840
402 843
402 846
402 847
402 850
402 851
402 852
402 855
402 859
402 860
402 861
402 863
402 865
402 867
402 868
402 870
402 871
402 872
402 875
402 876
402 878
402 880
402 882
402 883
402 886
402 889
402 890
402 891
402 943
402 944
402 945
402 951
402 952
402 954
402 955
402 956
402 957
402 959
402 960
402 963
402 964
402 968
402 970
403 404
403 405
403 406
403 491
403 493
403 495
403 497
403 498
403 499
403 500
403 501
403 502
403 503
403 506
403 744
403 745
403 746
403 748
403 752
403 753
403 754
403 756
403 759
403 762
403 763
403 764
403 767
403 769
403 771
403 772
403 775
403 776
403 831
403 834
403 835
403 836
403 839
403 840
403 841
403 842
403 843
403 844
403 845
403 847
403 849
403 852
403 853
403 854
403 855
403 856
403 860
403 861
403 863
403 864
403 868
403 869
403 870
403 871
403 872
403 873
403 874
403 877
403 882
403 883
403 884
403 885
403 887
403 888
403 889
403 891
403 892
403 893
403 895
403 946
403 947
403 951
403 952
403 957
403 959
403 960
403 961
403 962
403 963
403 964
403 965
403 967
403 968
403 970
404 405
404 422
404 491
404 492
404 494
404 496
404 497
404 505
404 506
404 746
404 747
404 749
404 750
404 751
404 752
404 753
404 754
404 755
404 757
404 758
404 760
404 761
404 763
404 764
404 765
404 766
404 767
404 769
404 770
404 771
404 772
404 773
404 774
404 775
404 833
404 835
404 836
404 838
404 839
404 840
404 841
404 843
404 844
404 845
404 847
404 848
404 849
404 851
404 855
404 856
404 857
404 858
404 860
404 861
404 863
404 864
404 867
404 868
404 869
404 870
404 871
404 876
404 878
404 879
404 880
404 881
404 882
404 883
404 886
404 887
404 888
404 890
404 892
404 945
404 947
404 948
404 950
404 951
404 952
404 953
404 954
404 956
404 957
404 958
404 959
404 961
404 963
404 964
404 965
404 967
404 968
404 970
405 418
405 422
405 493
405 496
405 498
405 499
405 500
405 501
405 502
405 503
405 506
405 748
405 749
405 750
405 751
405 752
405 753
405 754
405 755
405 758
405 759
405 760
405 761
405 762
405 763
405 764
405 766
405 767
405 768
405 771
405 772
405 773
405 774
405 829
405 835
405 836
405 837
405 838
405 839
405 840
405 841
405 842
405 843
405 844
405 845
405 847
405 848
405 849
405 850
405 851
405 852
405 853
405 854
405 855
405 856
405 858
405 859
405 860
405 861
405 862
405 863
405 864
405 865
405 866
405 867
405 868
405 870
405 871
405 872
405 874
405 877
405 878
405 879
405 881
405 882
405 883
405 884
405 885
405 887
405 888
405 890
405 891
405 892
405 893
405 894
405 942
405 943
405 949
405 950
405 951
405 952
405 953
405 954
405 955
405 956
405 959
405 961
405 962
405 964
405 965
405 967
405 968
405 969
405 970
406 420
406 435
406 494
406 496
406 497
406 498
406 499
406 500
406 501
406 502
406 504
406 506
406 507
406 520
406 744
406 745
406 747
406 749
406 751
406 752
406 753
406 755
406 756
406 757
406 758
406 760
406 761
406 762
406 764
406 767
406 768
406 770
406 772
406 774
406 775
406 776
406 834
406 835
406 836
406 837
406 838
406 839
406 840
406 841
406 842
406 843
406 845
406 846
406 847
406 849
406 850
406 851
406 852
406 853
406 854
406 855
406 856
406 859
406 860
406 861
406 862
406 863
406 865
406 867
406 868
406 869
406 870
406 871
406 872
406 873
406 874
406 875
406 876
406 877
406 881
406 882
406 885
406 888
406 889
406 890
406 891
406 892
406 893
406 894
406 945
406 949
406 950
406 951
406 953
406 954
406 955
406 956
406 957
406 958
406 959
406 960
406 961
406 962
406 963
406 965
406 966
406 967
406 968
406 969
406 971
406 972
407 491
407 495
407 496
407 502
407 504
407 505
407 754
407 757
407 759
407 764
407 767
407 768
407 771
407 773
407 774
407 842
407 845
407 847
407 853
407 854
407 856
407 860
407 862
407 863
407 865
407 868
407 871
407 872
407 878
407 884
407 885
407 886
407 888
407 889
407 894
407 943
407 952
407 953
407 954
407 963
407 965
407 967
407 968
407 970
408 765
408 768
408 771
408 773
408 775
408 859
408 862
408 870
408 873
408 880
408 882
408 886
408 887
408 892
408 893
408 949
408 950
408 962
409 832
409 853
409 855
409 876
409 882
409 891
409 892
409 893
409 970
410 425
410 768
410 892
410 943
411 920
413 843
413 973
414 724
417 894
418 420
418 491
418 498
418 505
418 754
418 755
418 777
418 858
418 865
418 867
418 881
418 882
418 889
418 941
419 491
419 494
419 503
419 504
419 744
419 745
419 748
419 749
419 751
419 763
419 766
419 767
419 828
419 834
419 844
419 849
419 865
419 866
419 867
419 874
419 878
419 883
419 884
419 886
419 887
419 890
419 960
419 962
419 965
419 966
419 968
420 493
420 494
420 500
420 501
420 745
420 746
420 747
420 748
420 751
420 752
420 756
420 759
420 763
420 764
420 772
420 776
420 830
420 842
420 843
420 846
420 847
420 848
420 849
420 852
420 856
420 858
420 861
420 863
420 864
420 871
420 874
420 876
420 877
420 881
420 882
420 889
420 895
420 941
420 943
420 945
420 955
420 963
420 969
421 492
421 493
421 500
421 502
421 751
421 753
421 757
421 772
421 773
421 837
421 842
421 843
421 844
421 846
421 852
421 859
421 865
421 871
421 874
421 875
421 879
421 881
421 889
421 893
421 942
421 944
421 948
421 949
421 952
421 957
421 966
421 968
421 970
422 492
422 494
422 501
422 751
422 752
422 758
422 763
422 766
422 846
422 847
422 849
422 852
422 859
422 862
422 871
422 873
422 875
422 876
422 881
422 882
422 892
422 948
422 950
422 952
422 968
423 497
423 749
423 750
423 757
423 763
423 769
423 772
423 775
423 847
423 856
423 859
423 877
423 881
423 952
423 953
423 960
423 963
423 969
424 498
424 860
424 884
424 887
424 888
424 892
424 953
424 971
425 769
425 770
425 777
425 892
425 894
425 968
426 867
426 875
426 949
426 954
427 780
427 884
428 553
428 864
429 998
436 893
443 952
444 838
444 848
444 892
445 776
445 837
445 887
445 888
446 695
446 815
447 891
452 891
452 968
453 847
453 893
454 789
464 884
468 892
469 855
469 866
475 892
476 719
482 890
489 834
489 845
489 893
490 501
490 757
490 759
490 760
490 767
490 771
490 831
490 833
490 836
490 840
490 842
490 859
490 864
490 871
490 941
490 955
490 957
491 492
491 496
491 498
491 505
491 745
491 746
491 747
491 758
491 760
491 769
491 772
491 775
491 830
491 835
491 836
491 851
491 854
491 860
491 861
491 862
491 865
491 868
491 871
491 872
491 873
491 875
491 876
491 878
491 879
491 880
491 882
491 889
491 949
491 957
491 958
491 961
491 964
491 968
491 969
492 493
492 494
492 507
492 743
492 747
492 748
492 749
492 750
492 752
492 754
492 756
492 757
492 759
492 761
492 763
492 766
492 770
492 771
492 773
492 830
492 837
492 841
492 842
492 845
492 847
492 849
492 850
492 854
492 856
492 858
492 861
492 862
492 867
492 868
492 874
492 875
492 881
492 882
492 887
492 891
492 892
492 942
492 944
492 945
492 947
492 948
492 950
492 957
492 961
492 965
492 969
492 970
493 496
493 498
493 499
493 500
493 743
493 745
493 746
493 750
493 751
493 753
493 757
493 759
493 760
493 762
493 764
493 766
493 767
493 768
493 769
493 770
493 773
493 775
493 831
493 833
493 834
493 836
493 837
493 838
493 839
493 840
493 841
493 845
493 847
493 848
493 850
493 853
493 855
493 859
493 863
493 864
493 866
493 869
493 870
493 875
493 876
493 877
493 880
493 881
493 883
493 884
493 886
493 887
493 890
493 891
493 892
493 893
493 944
493 946
493 948
493 950
493 951
493 954
493 955
493 957
493 958
493 960
493 961
493 962
493 964
493 969
493 970
494 498
494 499
494 500
494 501
494 504
494 505
494 531
494 745
494 747
494 748
494 749
494 750
494 752
494 753
494 757
494 759
494 761
494 762
494 764
494 766
494 767
494 768
494 769
494 771
494 774
494 775
494 776
494 832
494 834
494 835
494 836
494 840
494 841
494 842
494 843
494 844
494 845
494 846
494 849
494 850
494 851
494 855
494 856
494 858
494 859
494 860
494 861
494 863
494 864
494 865
494 866
494 867
494 869
494 871
494 872
494 873
494 876
494 879
494 880
494 881
494 883
494 884
494 886
494 888
494 889
494 894
494 945
494 946
494 947
494 949
494 951
494 952
494 953
494 954
494 956
494 957
494 959
494 960
494 961
494 962
494 964
494 966
494 969
494 970
495 496
495 501
495 502
495 503
495 504
495 505
495 506
495 745
495 747
495 748
495 751
495 752
495 753
495 754
495 755
495 756
495 757
495 759
495 760
495 761
495 762
495 763
495 764
495 766
495 767
495 769
495 771
495 772
495 773
495 776
495 832
495 833
495 834
495 835
495 836
495 837
495 838
495 840
495 841
495 843
495 844
495 847
495 849
495 851
495 855
495 858
495 859
495 860
495 863
495 864
495 867
495 868
495 870
495 872
495 873
495 875
495 876
495 880
495 882
495 883
495 886
495 887
495 889
495 891
495 892
495 893
495 944
495 947
495 950
495 951
495 952
495 953
495 954
495 955
495 956
495 957
495 958
495 960
495 962
495 963
495 964
495 965
495 966
495 967
495 970
496 497
496 498
496 502
496 503
496 504
496 505
496 506
496 745
496 752
496 753
496 754
496 755
496 756
496 759
496 760
496 761
496 763
496 765
496 766
496 769
496 771
496 773
496 777
496 828
496 830
496 833
496 834
496 835
496 836
496 837
496 841
496 842
496 843
496 844
496 847
496 848
496 849
496 850
496 851
496 852
496 853
496 854
496 857
496 858
496 859
496 860
496 862
496 863
496 864
496 865
496 866
496 869
496 871
496 873
496 874
496 875
496 876
496 878
496 879
496 880
496 881
496 885
496 886
496 887
496 890
496 892
496 893
496 945
496 946
496 947
496 948
496 949
496 950
496 951
496 953
496 954
496 957
496 958
496 959
496 960
496 961
496 963
496 964
496 965
496 966
496 968
496 970
496 975
497 498
497 499
497 501
497 502
497 503
497 504
497 505
497 744
497 745
497 746
497 747
497 749
497 750
497 754
497 755
497 756
497 757
497 758
497 759
497 760
497 761
497 762
497 763
497 765
497 766
497 768
497 769
497 770
497 771
497 772
497 773
497 774
497 775
497 776
497 833
497 834
497 835
497 836
497 837
497 838
497 839
497 840
497 841
497 842
497 844
497 845
497 846
497 847
497 848
497 849
497 851
497 852
497 853
497 854
497 855
497 856
497 857
497 859
497 860
497 861
497 862
497 863
497 864
497 865
497 866
497 867
497 868
497 869
497 870
497 871
497 872
497 873
497 874
497 878
497 879
497 880
497 881
497 882
497 883
497 888
497 890
497 892
497 893
497 894
497 931
497 944
497 946
497 948
497 949
497 950
497 951
497 952
497 953
497 955
497 957
497 958
497 959
497 960
497 961
497 962
497 966
497 967
497 968
497 970
497 971
498 499
498 500
498 501
498 502
498 503
498 504
498 505
498 506
498 507
498 602
498 746
498 749
498 750
498 751
498 753
498 754
498 755
498 756
498 757
498 758
498 759
498 760
498 761
498 762
498 764
498 765
498 766
498 768
498 769
498 770
498 771
498 775
498 776
498 831
498 833
498 835
498 837
498 838
498 840
498 841
498 842
498 843
498 844
498 845
498 846
498 847
498 848
498 849
498 850
498 851
498 852
498 853
498 854
498 855
498 856
498 858
498 859
498 860
498 861
498 862
498 863
498 864
498 865
498 866
498 867
498 868
498 869
498 870
498 872
498 873
498 874
498 875
498 876
498 877
498 878
498 879
498 883
498 885
498 886
498 887
498 888
498 889
498 890
498 891
498 892
498 893
498 894
498 943
498 944
498 946
498 947
498 948
498 950
498 952
498 953
498 954
498 955
498 956
498 957
498 958
498 959
498 961
498 962
498 963
498 964
498 965
498 966
498 967
498 969
498 970
499 500
499 501
499 502
499 503
499 504
499 505
499 506
499 747
499 748
499 749
499 750
499 752
499 753
499 754
499 755
499 756
499 757
499 758
499 759
499 760
499 761
499 764
499 765
499 766
499 767
499 768
499 769
499 770
499 772
499 773
499 774
499 776
499 829
499 835
499 836
499 837
499 838
499 839
499 840
499 841
499 842
499 843
499 844
499 845
499 846
499 847
499 848
499 850
499 851
499 852
499 853
499 854
499 855
499 856
499 858
499 859
499 860
499 861
499 862
499 864
499 865
499 866
499 867
499 869
499 870
499 872
499 873
499 874
499 875
499 878
499 879
499 880
499 881
499 884
499 885
499 886
499 887
499 888
499 889
499 890
499 891
499 892
499 893
499 894
499 944
499 945
499 948
499 949
499 950
499 951
499 952
499 953
499 954
499 955
499 956
499 957
499 958
499 960
499 961
499 962
499 963
499 964
499 966
499 967
499 968
499 969
499 970
500 501
500 502
500 503
500 504
500 505
500 506
500 749
500 750
500 751
500 752
500 753
500 754
500 755
500 756
500 757
500 758
500 760
500 761
500 762
500 763
500 765
500 766
500 767
500 768
500 769
500 770
500 771
500 772
500 773
500 774
500 775
500 776
500 777
500 829
500 830
500 833
500 835
500 836
500 837
500 838
500 839
500 840
500 841
500 842
500 843
500 844
500 845
500 846
500 847
500 848
500 849
500 850
500 851
500 852
500 855
500 856
500 857
500 858
500 859
500 860
500 861
500 862
500 863
500 864
500 865
500 868
500 869
500 870
500 871
500 872
500 873
500 874
500 875
500 876
500 877
500 878
500 879
500 880
500 881
500 882
500 883
500 885
500 886
500 887
500 888
500 890
500 891
500 892
500 894
500 945
500 946
500 947
500 948
500 950
500 952
500 953
500 954
500 955
500 956
500 957
500 958
500 959
500 961
500 962
500 964
500 965
500 966
500 967
500 970
501 502
501 503
501 504
501 505
501 506
501 702
501 744
501 747
501 748
501 749
501 750
501 751
501 752
501 753
501 754
501 755
501 757
501 758
501 759
501 760
501 761
501 762
501 763
501 764
501 765
501 766
501 768
501 769
501 770
501 771
501 772
501 773
501 774
501 775
501 776
501 830
501 833
501 834
501 835
501 837
501 838
501 839
501 840
501 841
501 842
501 843
501 844
501 845
501 846
501 847
501 848
501 849
501 850
501 851
501 852
501 854
501 855
501 856
501 857
501 858
501 859
501 860
501 861
501 862
501 863
501 864
501 865
501 866
501 868
501 869
501 870
501 871
501 872
501 873
501 874
501 875
501 876
501 877
501 878
501 879
501 880
501 881
501 882
501 883
501 884
501 885
501 886
501 887
501 888
501 889
501 890
501 892
501 893
501 894
501 897
501 940
501 944
501 945
501 946
501 948
501 949
501 952
501 953
501 954
501 955
501 956
501 957
501 959
501 960
501 961
501 962
501 963
501 964
501 965
501 966
501 967
501 968
501 969
501 970
501 971
502 503
502 504
502 505
502 506
502 744
502 746
502 747
502 748
502 750
502 752
502 753
502 754
502 755
502 756
502 757
502 758
502 759
502 760
502 761
502 762
502 763
502 764
502 765
502 766
502 767
502 768
502 769
502 770
502 771
502 772
502 773
502 774
502 775
502 776
502 832
502 833
502 834
502 835
502 836
502 837
502 838
502 839
502 840
502 841
502 842
502 843
502 844
502 846
502 847
502 848
502 849
502 850
502 851
502 852
502 853
502 854
502 855
502 856
502 857
502 858
502 859
502 860
502 861
502 862
502 863
502 864
502 865
502 866
502 867
502 868
502 869
502 871
502 872
502 873
502 874
502 875
502 876
502 878
502 879
502 880
502 881
502 882
502 883
502 884
502 885
502 886
502 887
502 888
502 889
502 891
502 892
502 893
502 894
502 895
502 945
502 946
502 948
502 949
502 950
502 951
502 954
502 955
502 956
502 957
502 958
502 959
502 960
502 961
502 963
502 964
502 965
502 966
502 967
502 968
502 969
502 970
503 504
503 505
503 506
503 743
503 746
503 748
503 750
503 751
503 752
503 753
503 754
503 755
503 756
503 757
503 758
503 759
503 760
503 761
503 762
503 763
503 764
503 765
503 766
503 767
503 768
503 769
503 770
503 771
503 772
503 773
503 774
503 775
503 776
503 830
503 831
503 833
503 834
503 835
503 836
503 837
503 838
503 840
503 841
503 843
503 845
503 847
503 848
503 849
503 850
503 851
503 852
503 853
503 854
503 855
503 856
503 857
503 858
503 859
503 861
503 862
503 863
503 865
503 866
503 867
503 869
503 870
503 871
503 872
503 873
503 874
503 875
503 877
503 878
503 879
503 880
503 881
503 882
503 883
503 884
503 885
503 886
503 887
503 888
503 889
503 890
503 891
503 892
503 893
503 894
503 947
503 948
503 949
503 950
503 951
503 955
503 956
503 957
503 958
503 959
503 960
503 961
503 962
503 963
503 964
503 965
503 966
503 967
503 968
503 969
503 970
504 505
504 506
504 747
504 748
504 749
504 750
504 751
504 752
504 754
504 755
504 756
504 757
504 758
504 759
504 760
504 761
504 762
504 763
504 764
504 765
504 766
504 767
504 768
504 769
504 771
504 772
504 773
504 774
504 775
504 776
504 833
504 835
504 837
504 838
504 839
504 840
504 841
504 842
504 843
504 844
504 845
504 846
504 847
504 848
504 849
504 850
504 851
504 852
504 853
504 854
504 855
504 856
504 857
504 858
504 859
504 860
504 861
504 863
504 864
504 865
504 866
504 867
504 868
504 869
504 870
504 871
504 872
504 873
504 874
504 875
504 876
504 877
504 878
504 879
504 880
504 881
504 882
504 884
504 885
504 886
504 887
504 888
504 889
504 890
504 891
504 892
504 893
504 894
504 943
504 945
504 946
504 949
504 950
504 951
504 952
504 953
504 954
504 955
504 956
504 957
504 958
504 959
504 960
504 961
504 962
504 963
504 964
504 965
504 966
504 967
504 968
504 969
504 970
504 971
505 506
505 507
505 508
505 745
505 747
505 748
505 749
505 751
505 752
505 753
505 754
505 755
505 756
505 757
505 758
505 759
505 760
505 761
505 762
505 763
505 764
505 766
505 767
505 768
505 769
505 770
505 771
505 772
505 773
505 774
505 775
505 776
505 834
505 835
505 836
505 837
505 838
505 839
505 840
505 841
505 842
505 843
505 844
505 845
505 846
505 847
505 848
505 852
505 853
505 854
505 855
505 856
505 857
505 858
505 859
505 860
505 861
505 862
505 863
505 864
505 865
505 866
505 867
505 868
505 869
505 870
505 871
505 872
505 873
505 874
505 875
505 876
505 877
505 878
505 879
505 880
505 882
505 883
505 884
505 885
505 886
505 887
505 888
505 889
505 890
505 891
505 892
505 893
505 894
505 944
505 945
505 946
505 949
505 950
505 952
505 953
505 954
505 955
505 956
505 957
505 959
505 960
505 961
505 962
505 963
505 964
505 965
505 966
505 967
505 968
505 969
505 970
505 972
506 745
506 748
506 750
506 751
506 753
506 754
506 755
506 756
506 757
506 759
506 760
506 762
506 764
506 765
506 766
506 767
506 768
506 769
506 770
506 771
506 772
506 773
506 775
506 776
506 832
506 833
506 834
506 837
506 838
506 839
506 840
506 841
506 842
506 843
506 844
506 845
506 846
506 847
506 848
506 849
506 850
506 851
506 852
506 853
506 854
506 855
506 856
506 857
506 858
506 859
506 860
506 861
506 862
506 863
506 864
506 865
506 866
506 867
506 868
506 869
506 870
506 871
506 872
506 873
506 874
506 875
506 876
506 877
506 878
506 879
506 880
506 881
506 882
506 883
506 885
506 886
506 887
506 888
506 889
506 891
506 892
506 941
506 943
506 946
506 947
506 948
506 949
506 950
506 951
506 953
506 954
506 955
506 956
506 957
506 958
506 959
506 960
506 961
506 962
506 963
506 964
506 965
506 966
506 967
506 968
506 969
507 746
507 747
507 757
507 761
507 762
507 765
507 770
507 771
507 772
507 773
507 837
507 843
507 845
507 854
507 860
507 861
507 862
507 863
507 868
507 871
507 872
507 873
507 875
507 878
507 879
507 880
507 882
507 884
507 885
507 888
507 889
507 890
507 891
507 892
507 893
507 946
507 949
507 952
507 953
507 957
507 958
507 959
507 961
507 965
507 966
507 968
508 570
508 753
508 762
508 769
508 774
508 775
508 776
508 843
508 858
508 859
508 887
508 888
508 889
508 890
508 894
508 961
509 775
509 776
509 887
509 890
509 892
510 718
510 862
511 605
516 765
517 889
517 974
519 775
520 893
522 758
529 756
530 885
530 891
530 944
530 956
530 965
531 751
531 769
531 790
531 851
531 863
531 884
531 888
531 892
531 949
532 757
532 839
532 861
532 891
532 893
532 950
532 964
533 859
533 884
533 891
533 892
533 893
534 639
534 892
534 893
535 663
545 860
546 855
546 891
547 884
547 889
548 893
550 763
550 892
551 862
551 891
551 973
552 819
569 890
570 884
575 877
575 881
575 893
576 958
583 919
592 904
602 769
602 883
603 892
603 893
604 892
604 972
605 771
610 892
611 774
618 893
619 954
620 963
621 974
623 892
630 886
639 891
640 865
645 889
654 955
661 954
662 776
662 888
682 894
683 778
701 770
701 878
701 888
701 992
702 886
702 893
703 776
703 893
705 887
705 968
706 861
707 886
707 895
713 777
717 891
737 774
738 891
739 890
742 838
742 858
743 747
743 753
743 754
743 759
743 760
743 846
743 847
743 848
743 858
743 872
743 876
743 885
743 891
743 941
743 949
743 952
743 956
743 957
744 748
744 755
744 757
744 763
744 765
744 769
744 772
744 833
744 838
744 851
744 859
744 862
744 864
744 865
744 866
744 872
744 875
744 878
744 883
744 885
744 888
744 890
744 893
744 944
744 962
744 965
745 748
745 749
745 752
745 757
745 759
745 764
745 766
745 769
745 772
745 774
745 775
745 830
745 834
745 836
745 840
745 844
745 845
745 846
745 848
745 849
745 855
745 857
745 860
745 864
745 865
745 867
745 868
745 871
745 873
745 875
745 877
745 884
745 885
745 889
745 947
745 948
745 949
745 953
745 965
745 966
745 967
745 970
746 747
746 748
746 752
746 753
746 756
746 759
746 761
746 763
746 764
746 771
746 772
746 773
746 775
746 776
746 829
746 830
746 835
746 838
746 839
746 842
746 843
746 845
746 846
746 850
746 851
746 856
746 862
746 863
746 865
746 868
746 869
746 871
746 873
746 884
746 891
746 894
746 942
746 946
746 947
746 948
746 949
746 951
746 952
746 955
746 961
746 965
746 966
746 967
746 969
747 752
747 753
747 755
747 756
747 762
747 763
747 765
747 767
747 768
747 769
747 773
747 774
747 775
747 832
747 833
747 834
747 835
747 837
747 838
747 839
747 842
747 843
747 845
747 847
747 848
747 851
747 852
747 853
747 854
747 855
747 856
747 858
747 860
747 863
747 864
747 865
747 868
747 870
747 871
747 872
747 876
747 877
747 878
747 879
747 880
747 881
747 882
747 884
747 888
747 889
747 892
747 893
747 894
747 943
747 946
747 948
747 949
747 951
747 952
747 953
747 954
747 955
747 962
747 963
747 964
747 965
747 967
747 968
747 970
748 750
748 751
748 752
748 753
748 754
748 755
748 756
748 757
748 758
748 760
748 761
748 762
748 763
748 764
748 767
748 771
748 772
748 773
748 831
748 832
748 836
748 839
748 840
748 841
748 842
748 844
748 845
748 846
748 848
748 849
748 851
748 852
748 853
748 854
748 856
748 858
748 862
748 863
748 864
748 866
748 869
748 870
748 872
748 875
748 876
748 878
748 880
748 881
748 883
748 884
748 885
748 886
748 888
748 889
748 891
748 892
748 893
748 896
748 945
748 946
748 947
748 949
748 950
748 951
748 952
748 955
748 957
748 960
748 961
748 963
748 965
748 967
748 968
749 751
749 753
749 754
749 755
749 756
749 758
749 759
749 760
749 761
749 763
749 764
749 765
749 767
749 769
749 771
749 772
749 773
749 830
749 831
749 832
749 834
749 835
749 836
749 841
749 843
749 844
749 846
749 848
749 849
749 850
749 851
749 852
749 853
749 854
749 856
749 857
749 858
749 859
749 860
749 861
749 862
749 863
749 865
749 866
749 868
749 869
749 870
749 871
749 874
749 875
749 876
749 879
749 880
749 881
749 882
749 884
749 888
749 890
749 891
749 892
749 893
749 894
749 946
749 948
749 950
749 951
749 952
749 953
749 954
749 956
749 957
749 958
749 959
749 960
749 961
749 963
749 964
749 966
749 967
749 968
749 969
750 752
750 753
750 754
750 755
750 756
750 757
750 758
750 759
750 760
750 761
750 762
750 765
750 766
750 767
750 769
750 770
750 771
750 772
750 773
750 774
750 775
750 832
750 835
750 837
750 838
750 839
750 840
750 843
750 845
750 846
750 847
750 848
750 849
750 850
750 851
750 852
750 854
750 855
750 856
750 857
750 858
750 861
750 863
750 865
750 867
750 868
750 869
750 870
750 873
750 874
750 875
750 879
750 881
750 882
750 884
750 885
750 886
750 887
750 888
750 889
750 891
750 892
750 893
750 894
750 949
750 950
750 951
750 953
750 954
750 955
750 956
750 957
750 958
750 959
750 960
750 961
750 963
750 965
750 967
750 970
751 752
751 753
751 754
751 755
751 756
751 757
751 759
751 760
751 761
751 762
751 763
751 764
751 765
751 768
751 769
751 770
751 771
751 772
751 773
751 774
751 775
751 830
751 831
751 832
751 834
751 835
751 837
751 838
751 841
751 842
751 843
751 844
751 845
751 847
751 848
751 849
751 852
751 854
751 855
751 856
751 857
751 858
751 860
751 862
751 863
751 864
751 865
751 866
751 870
751 871
751 872
751 873
751 874
751 876
751 877
751 878
751 879
751 880
751 881
751 883
751 884
751 885
751 886
751 887
751 888
751 889
751 890
751 891
751 892
751 893
751 894
751 945
751 946
751 950
751 952
751 953
751 954
751 956
751 957
751 958
751 959
751 960
751 962
751 963
751 964
751 965
751 966
751 967
751 969
751 970
752 753
752 755
752 756
752 757
752 758
752 759
752 761
752 762
752 763
752 764
752 765
752 766
752 768
752 769
752 770
752 771
752 772
752 774
752 775
752 776
752 830
752 831
752 832
752 834
752 835
752 836
752 837
752 838
752 839
752 841
752 842
752 843
752 844
752 845
752 846
752 847
752 848
752 849
752 850
752 851
752 852
752 853
752 855
752 856
752 858
752 859
752 860
752 861
752 862
752 863
752 864
752 867
752 868
752 869
752 870
752 871
752 872
752 873
752 874
752 875
752 876
752 877
752 878
752 879
752 881
752 882
752 883
752 884
752 885
752 886
752 887
752 888
752 890
752 892
752 893
752 894
752 947
752 948
752 949
752 950
752 951
752 952
752 955
752 956
752 957
752 958
752 959
752 961
752 962
752 963
752 964
752 965
752 966
752 967
752 968
752 970
753 754
753 755
753 756
753 757
753 758
753 759
753 760
753 761
753 762
753 763
753 764
753 765
753 766
753 767
753 768
753 769
753 770
753 771
753 772
753 773
753 774
753 775
753 776
753 830
753 832
753 833
753 834
753 835
753 837
753 838
753 839
753 840
753 841
753 842
753 843
753 844
753 845
753 846
753 849
753 850
753 852
753 853
753 854
753 855
753 856
753 857
753 858
753 859
753 860
753 862
753 863
753 864
753 865
753 866
753 867
753 868
753 869
753 870
753 871
753 873
753 874
753 875
753 876
753 877
753 878
753 879
753 880
753 881
753 882
753 883
753 884
753 886
753 889
753 890
753 892
753 893
753 894
753 942
753 943
753 945
753 947
753 948
753 950
753 951
753 952
753 953
753 954
753 955
753 956
753 958
753 960
753 961
753 962
753 963
753 964
753 966
753 967
753 968
753 969
753 970
754 755
754 756
754 757
754 758
754 759
754 761
754 762
754 763
754 764
754 765
754 766
754 767
754 768
754 769
754 770
754 771
754 772
754 773
754 774
754 775
754 776
754 828
754 830
754 832
754 833
754 836
754 837
754 838
754 839
754 840
754 841
754 842
754 843
754 845
754 846
754 847
754 848
754 849
754 850
754 851
754 852
754 853
754 854
754 855
754 856
754 860
754 861
754 862
754 863
754 864
754 865
754 866
754 867
754 868
754 869
754 870
754 871
754 872
754 873
754 874
754 875
754 876
754 877
754 878
754 879
754 880
754 881
754 882
754 883
754 884
754 885
754 886
754 887
754 888
754 889
754 890
754 891
754 892
754 894
754 944
754 945
754 947
754 949
754 950
754 951
754 952
754 954
754 955
754 956
754 957
754 958
754 960
754 961
754 962
754 963
754 964
754 966
754 967
754 968
754 969
754 970
755 756
755 757
755 758
755 759
755 760
755 761
755 762
755 763
755 764
755 765
755 766
755 767
755 770
755 771
755 772
755 773
755 774
755 775
755 776
755 830
755 832
755 834
755 837
755 839
755 840
755 841
755 842
755 843
755 844
755 845
755 846
755 847
755 848
755 849
755 850
755 851
755 852
755 853
755 855
755 857
755 858
755 859
755 860
755 861
755 862
755 863
755 864
755 865
755 866
755 867
755 868
755 869
755 870
755 871
755 873
755 874
755 876
755 877
755 878
755 880
755 881
755 883
755 884
755 885
755 886
755 887
755 888
755 889
755 890
755 891
755 892
755 893
755 894
755 895
755 943
755 947
755 948
755 949
755 950
755 951
755 952
755 953
755 955
755 956
755 957
755 958
755 959
755 960
755 961
755 962
755 963
755 964
755 965
755 966
755 967
755 968
755 969
755 970
756 757
756 758
756 759
756 760
756 761
756 762
756 763
756 764
756 765
756 766
756 767
756 768
756 769
756 770
756 771
756 773
756 774
756 775
756 776
756 831
756 832
756 834
756 835
756 836
756 837
756 839
756 840
756 841
756 842
756 843
756 844
756 845
756 847
756 848
756 849
756 851
756 852
756 853
756 854
756 855
756 857
756 858
756 859
756 860
756 861
756 862
756 863
756 864
756 866
756 867
756 868
756 869
756 870
756 871
756 872
756 873
756 874
756 875
756 876
756 877
756 878
756 879
756 880
756 881
756 882
756 883
756 884
756 886
756 887
756 888
756 889
756 890
756 891
756 892
756 893
756 894
756 942
756 944
756 945
756 946
756 947
756 949
756 950
756 951
756 953
756 954
756 955
756 956
756 957
756 958
756 959
756 960
756 961
756 962
756 963
756 964
756 965
756 966
756 967
756 968
756 969
756 970
757 758
757 759
757 760
757 761
757 762
757 763
757 764
757 765
757 766
757 768
757 769
757 770
757 771
757 772
757 773
757 774
757 775
757 776
757 831
757 832
757 833
757 836
757 837
757 838
757 839
757 840
757 841
757 842
757 843
757 844
757 845
757 846
757 847
757 848
757 849
757 850
757 851
757 852
757 853
757 854
757 855
757 857
757 858
757 859
757 860
757 861
757 863
757 864
757 865
757 866
757 867
757 868
757 869
757 870
757 871
757 872
757 873
757 874
757 875
757 877
757 878
757 879
757 880
757 881
757 882
757 883
757 884
757 885
757 886
757 887
757 888
757 889
757 890
757 891
757 892
757 893
757 894
757 945
757 946
757 947
757 949
757 952
757 953
757 954
757 955
757 956
757 957
757 958
757 959
757 960
757 961
757 962
757 963
757 964
757 965
757 968
757 969
757 970
757 971
758 759
758 760
758 762
758 763
758 764
758 765
758 766
758 767
758 768
758 769
758 770
758 771
758 772
758 773
758 774
758 775
758 776
758 832
758 835
758 836
758 839
758 840
758 841
758 842
758 843
758 844
758 845
758 846
758 847
758 848
758 849
758 850
758 851
758 852
758 853
758 854
758 855
758 857
758 858
758 859
758 860
758 862
758 863
758 864
758 865
758 867
758 868
758 869
758 870
758 871
758 872
758 873
758 874
758 875
758 876
758 877
758 878
758 879
758 880
758 881
758 882
758 883
758 884
758 885
758 886
758 887
758 888
758 889
758 890
758 891
758 892
758 893
758 894
758 895
758 943
758 945
758 946
758 947
758 950
758 951
758 952
758 953
758 954
758 955
758 956
758 957
758 958
758 959
758 960
758 961
758 962
758 963
758 964
758 965
758 966
758 967
758 968
758 969
758 970
759 760
759 761
759 762
759 763
759 764
759 765
759 766
759 767
759 768
759 769
759 770
759 771
759 772
759 773
759 774
759 775
759 776
759 831
759 832
759 833
759 834
759 835
759 836
759 837
759 838
759 840
759 841
759 842
759 843
759 844
759 845
759 846
759 847
759 848
759 849
759 850
759 851
759 852
759 853
759 854
759 855
759 856
759 857
759 858
759 859
759 860
759 861
759 862
759 863
759 864
759 865
759 866
759 868
759 869
759 870
759 871
759 872
759 873
759 874
759 875
759 876
759 877
759 878
759 879
759 880
759 881
759 882
759 883
759 884
759 885
759 886
759 887
759 888
759 889
759 890
759 891
759 892
759 893
759 894
759 942
759 945
759 946
759 947
759 948
759 949
759 950
759 951
759 952
759 953
759 954
759 955
759 956
759 957
759 959
759 960
759 961
759 962
759 963
759 964
759 965
759 966
759 967
759 968
759 969
759 970
760 761
760 762
760 763
760 764
760 765
760 766
760 767
760 768
760 769
760 770
760 771
760 772
760 773
760 774
760 775
760 833
760 834
760 835
760 836
760 837
760 838
760 839
760 840
760 841
760 842
760 843
760 844
760 845
760 846
760 847
760 848
760 849
760 850
760 851
760 852
760 853
760 854
760 855
760 856
760 857
760 858
760 859
760 860
760 861
760 862
760 863
760 864
760 865
760 866
760 867
760 868
760 869
760 870
760 872
760 873
760 874
760 875
760 876
760 878
760 879
760 880
760 881
760 882
760 883
760 884
760 885
760 886
760 887
760 888
760 889
760 890
760 891
760 892
760 893
760 894
760 941
760 943
760 945
760 947
760 948
760 952
760 954
760 955
760 956
760 957
760 958
760 959
760 960
760 961
760 962
760 963
760 964
760 965
760 966
760 967
760 968
760 969
760 970
761 762
761 763
761 764
761 765
761 766
761 767
761 768
761 769
761 770
761 771
761 772
761 773
761 774
761 775
761 776
761 829
761 832
761 833
761 834
761 835
761 836
761 837
761 838
761 839
761 840
761 841
761 842
761 843
761 844
761 846
761 847
761 848
761 849
761 850
761 851
761 852
761 853
761 854
761 855
761 856
761 857
761 858
761 859
761 860
761 861
761 862
761 863
761 864
761 865
761 866
761 867
761 868
761 869
761 870
761 871
761 872
761 873
761 874
761 875
761 876
761 877
761 878
761 879
761 880
761 881
761 882
761 883
761 884
761 885
761 887
761 888
761 889
761 890
761 891
761 892
761 893
761 894
761 941
761 943
761 944
761 946
761 947
761 949
761 950
761 951
761 952
761 953
761 954
761 955
761 956
761 957
761 958
761 959
761 960
761 961
761 962
761 963
761 964
761 965
761 966
761 967
761 968
761 969
761 970
762 763
762 764
762 765
762 766
762 767
762 768
762 769
762 770
762 771
762 772
762 773
762 774
762 775
762 776
762 836
762 837
762 838
762 839
762 840
762 841
762 842
762 843
762 844
762 845
762 846
762 847
762 848
762 849
762 850
762 851
762 852
762 853
762 854
762 855
762 856
762 857
762 858
762 859
762 860
762 861
762 862
762 863
762 864
762 865
762 866
762 867
762 868
762 869
762 870
762 871
762 872
762 873
762 874
762 875
762 876
762 877
762 878
762 879
762 880
762 881
762 882
762 883
762 884
762 885
762 886
762 887
762 888
762 889
762 890
762 891
762 892
762 893
762 894
762 945
762 946
762 947
762 948
762 950
762 951
762 952
762 953
762 954
762 955
762 956
762 957
762 958
762 959
762 960
762 961
762 962
762 963
762 964
762 965
762 966
762 967
762 968
762 969
762 970
762 971
763 764
763 765
763 767
763 768
763 769
763 770
763 771
763 772
763 773
763 774
763 775
763 776
763 831
763 834
763 835
763 836
763 838
763 839
763 840
763 841
763 842
763 843
763 844
763 845
763 846
763 847
763 848
763 849
763 850
763 851
763 852
763 853
763 854
763 855
763 856
763 857
763 858
763 859
763 860
763 861
763 862
763 863
763 864
763 865
763 866
763 867
763 868
763 869
763 870
763 871
763 872
763 873
763 874
763 875
763 876
763 877
763 878
763 879
763 880
763 881
763 882
763 883
763 884
763 885
763 886
763 887
763 888
763 889
763 890
763 891
763 892
763 893
763 894
763 895
763 942
763 945
763 946
763 949
763 950
763 951
763 952
763 953
763 955
763 956
763 957
763 958
763 959
763 960
763 961
763 962
763 963
763 964
763 965
763 966
763 967
763 968
763 969
763 970
763 971
764 765
764 766
764 767
764 768
764 769
764 770
764 771
764 772
764 773
764 774
764 775
764 776
764 833
764 834
764 835
764 836
764 837
764 839
764 840
764 842
764 843
764 844
764 845
764 846
764 847
764 848
764 849
764 850
764 851
764 852
764 853
764 854
764 855
764 856
764 857
764 858
764 859
764 860
764 861
764 862
764 863
764 864
764 865
764 866
764 867
764 868
764 869
764 870
764 871
764 872
764 873
764 874
764 875
764 876
764 877
764 878
764 879
764 880
764 881
764 882
764 883
764 884
764 885
764 886
764 887
764 888
764 889
764 890
764 891
764 892
764 893
764 894
764 944
764 945
764 946
764 947
764 948
764 950
764 952
764 953
764 954
764 955
764 956
764 957
764 958
764 959
764 960
764 961
764 962
764 963
764 964
764 965
764 966
764 967
764 968
764 969
764 970
765 766
765 767
765 768
765 769
765 770
765 771
765 772
765 773
765 774
765 775
765 776
765 831
765 832
765 833
765 835
765 838
765 839
765 840
765 841
765 842
765 843
765 844
765 845
765 846
765 847
765 848
765 849
765 850
765 851
765 852
765 853
765 854
765 855
765 856
765 857
765 858
765 859
765 860
765 861
765 862
765 864
765 865
765 866
765 867
765 868
765 869
765 870
765 871
765 872
765 873
765 874
765 875
765 876
765 877
765 878
765 879
765 880
765 881
765 882
765 883
765 884
765 885
765 886
765 887
765 888
765 889
765 890
765 891
765 892
765 893
765 894
765 943
765 947
765 948
765 949
765 950
765 951
765 952
765 953
765 956
765 957
765 958
765 959
765 960
765 961
765 962
765 963
765 964
765 965
765 966
765 967
765 968
765 969
765 970
766 767
766 768
766 769
766 770
766 771
766 772
766 773
766 774
766 775
766 776
766 831
766 836
766 838
766 839
766 840
766 841
766 843
766 844
766 845
766 846
766 847
766 848
766 849
766 850
766 851
766 852
766 853
766 854
766 855
766 856
766 857
766 858
766 859
766 860
766 861
766 862
766 864
766 865
766 866
766 867
766 868
766 869
766 870
766 871
766 872
766 873
766 874
766 875
766 876
766 877
766 878
766 879
766 880
766 881
766 882
766 883
766 884
766 885
766 886
766 887
766 888
766 889
766 890
766 891
766 892
766 893
766 894
766 895
766 943
766 945
766 946
766 948
766 949
766 950
766 951
766 952
766 953
766 954
766 955
766 956
766 957
766 958
766 959
766 960
766 961
766 962
766 963
766 964
766 965
766 966
766 967
766 968
766 969
766 970
766 971
767 768
767 769
767 770
767 771
767 772
767 773
767 774
767 775
767 776
767 829
767 832
767 833
767 834
767 836
767 837
767 839
767 840
767 841
767 842
767 843
767 844
767 845
767 846
767 847
767 848
767 849
767 850
767 851
767 852
767 853
767 854
767 855
767 856
767 857
767 858
767 859
767 860
767 861
767 862
767 864
767 865
767 866
767 867
767 868
767 869
767 870
767 872
767 873
767 874
767 875
767 876
767 877
767 878
767 879
767 880
767 881
767 882
767 883
767 884
767 885
767 886
767 887
767 888
767 889
767 890
767 891
767 892
767 893
767 894
767 944
767 946
767 947
767 949
767 950
767 951
767 952
767 953
767 954
767 955
767 956
767 957
767 958
767 959
767 960
767 961
767 962
767 963
767 964
767 965
767 966
767 967
767 968
767 969
767 970
768 769
768 770
768 771
768 772
768 773
768 774
768 775
768 776
768 833
768 834
768 836
768 837
768 838
768 839
768 840
768 841
768 842
768 843
768 844
768 845
768 846
768 847
768 848
768 849
768 850
768 851
768 852
768 853
768 854
768 855
768 856
768 857
768 858
768 859
768 860
768 861
768 862
768 863
768 865
768 866
768 868
768 869
768 870
768 871
768 872
768 873
768 874
768 875
768 876
768 877
768 878
768 879
768 880
768 881
768 882
768 883
768 884
768 885
768 886
768 887
768 888
768 889
768 890
768 891
768 892
768 893
768 894
768 895
768 943
768 944
768 945
768 948
768 953
768 954
768 956
768 957
768 958
768 959
768 960
768 961
768 962
768 963
768 964
768 965
768 966
768 967
768 968
768 969
768 970
768 971
768 972
769 770
769 771
769 772
769 773
769 774
769 775
769 776
769 829
769 831
769 833
769 834
769 835
769 836
769 837
769 838
769 840
769 842
769 843
769 844
769 845
769 846
769 847
769 848
769 849
769 850
769 851
769 852
769 853
769 854
769 855
769 856
769 857
769 858
769 859
769 860
769 861
769 862
769 863
769 865
769 866
769 868
769 869
769 870
769 871
769 872
769 873
769 874
769 875
769 876
769 877
769 878
769 879
769 880
769 881
769 882
769 883
769 884
769 885
769 886
769 887
769 888
769 889
769 890
769 891
769 892
769 893
769 894
769 943
769 944
769 945
769 947
769 948
769 949
769 950
769 951
769 952
769 953
769 954
769 955
769 956
769 957
769 958
769 959
769 960
769 961
769 962
769 963
769 964
769 965
769 966
769 967
769 968
769 969
769 970
770 771
770 772
770 773
770 774
770 775
770 776
770 777
770 832
770 833
770 835
770 836
770 837
770 838
770 839
770 840
770 841
770 842
770 843
770 844
770 845
770 846
770 847
770 848
770 849
770 850
770 851
770 852
770 853
770 854
770 855
770 856
770 857
770 858
770 859
770 860
770 861
770 862
770 863
770 865
770 866
770 867
770 868
770 869
770 870
770 871
770 872
770 873
770 874
770 875
770 876
770 877
770 878
770 879
770 880
770 881
770 882
770 883
770 884
770 885
770 886
770 887
770 888
770 889
770 890
770 891
770 892
770 893
770 894
770 944
770 945
770 947
770 948
770 949
770 950
770 951
770 952
770 953
770 955
770 956
770 957
770 958
770 959
770 960
770 961
770 962
770 963
770 964
770 965
770 966
770 967
770 968
770 969
770 970
770 971
771 772
771 773
771 774
771 775
771 776
771 777
771 831
771 832
771 833
771 835
771 836
771 837
771 838
771 839
771 840
771 841
771 842
771 843
771 844
771 845
771 846
771 847
771 848
771 849
771 850
771 851
771 852
771 853
771 854
771 855
771 856
771 857
771 858
771 859
771 860
771 861
771 862
771 863
771 864
771 865
771 866
771 867
771 868
771 869
771 870
771 871
771 872
771 873
771 874
771 875
771 876
771 877
771 878
771 879
771 880
771 881
771 882
771 883
771 884
771 885
771 886
771 887
771 888
771 889
771 890
771 891
771 892
771 893
771 894
771 896
771 944
771 947
771 948
771 949
771 950
771 951
771 952
771 953
771 954
771 955
771 956
771 957
771 958
771 959
771 960
771 961
771 962
771 963
771 964
771 965
771 966
771 967
771 968
771 969
771 970
771 971
771 972
772 773
772 774
772 775
772 776
772 777
772 831
772 833
772 834
772 835
772 837
772 838
772 839
772 840
772 841
772 842
772 843
772 844
772 845
772 846
772 847
772 848
772 849
772 850
772 851
772 852
772 853
772 854
772 855
772 856
772 857
772 858
772 859
772 860
772 861
772 862
772 863
772 864
772 865
772 866
772 867
772 868
772 869
772 870
772 871
772 872
772 873
772 874
772 875
772 876
772 877
772 878
772 879
772 880
772 881
772 882
772 883
772 884
772 885
772 886
772 887
772 888
772 889
772 890
772 891
772 892
772 893
772 894
772 914
772 942
772 943
772 944
772 945
772 948
772 949
772 950
772 951
772 952
772 954
772 955
772 956
772 957
772 958
772 959
772 960
772 961
772 962
772 963
772 964
772 965
772 966
772 967
772 968
772 969
772 970
772 971
773 774
773 775
773 776
773 786
773 788
773 789
773 832
773 834
773 837
773 838
773 839
773 840
773 841
773 842
773 843
773 844
773 845
773 846
773 847
773 848
773 849
773 850
773 851
773 852
773 853
773 854
773 855
773 856
773 857
773 858
773 859
773 860
773 861
773 862
773 863
773 864
773 865
773 866
773 867
773 868
773 869
773 870
773 871
773 872
773 873
773 874
773 875
773 876
773 877
773 878
773 879
773 880
773 881
773 882
773 883
773 884
773 885
773 886
773 887
773 888
773 889
773 890
773 891
773 892
773 893
773 894
773 896
773 944
773 946
773 947
773 949
773 950
773 951
773 952
773 953
773 954
773 956
773 957
773 958
773 959
773 960
773 961
773 962
773 963
773 964
773 965
773 966
773 967
773 968
773 969
773 970
773 971
773 972
774 775
774 776
774 832
774 834
774 835
774 836
774 837
774 838
774 840
774 841
774 842
774 843
774 844
774 845
774 846
774 847
774 848
774 849
774 850
774 851
774 852
774 853
774 854
774 855
774 856
774 857
774 858
774 859
774 860
774 861
774 862
774 863
774 864
774 865
774 866
774 868
774 869
774 870
774 871
774 872
774 873
774 874
774 875
774 876
774 877
774 878
774 879
774 880
774 881
774 882
774 883
774 884
774 885
774 886
774 887
774 888
774 889
774 890
774 891
774 892
774 893
774 894
774 915
774 945
774 946
774 947
774 948
774 950
774 951
774 952
774 953
774 954
774 955
774 956
774 957
774 958
774 959
774 960
774 961
774 962
774 963
774 964
774 965
774 966
774 967
774 968
774 969
774 970
774 971
774 986
775 776
775 778
775 787
775 829
775 831
775 833
775 835
775 836
775 837
775 838
775 839
775 840
775 841
775 842
775 843
775 844
775 845
775 846
775 847
775 848
775 849
775 850
775 851
775 852
775 853
775 854
775 855
775 856
775 857
775 858
775 859
775 860
775 861
775 862
775 864
775 865
775 866
775 867
775 868
775 869
775 870
775 871
775 872
775 873
775 874
775 875
775 876
775 877
775 878
775 879
775 880
775 881
775 882
775 883
775 884
775 885
775 886
775 887
775 888
775 889
775 890
775 891
775 892
775 893
775 894
775 895
775 941
775 944
775 945
775 947
775 948
775 950
775 951
775 952
775 953
775 954
775 955
775 956
775 957
775 958
775 959
775 960
775 961
775 962
775 963
775 964
775 965
775 966
775 967
775 968
775 969
775 970
775 971
776 777
776 786
776 831
776 833
776 837
776 839
776 840
776 841
776 842
776 843
776 844
776 845
776 846
776 848
776 849
776 850
776 851
776 852
776 853
776 854
776 855
776 856
776 857
776 858
776 859
776 860
776 861
776 862
776 863
776 864
776 865
776 866
776 867
776 868
776 870
776 871
776 872
776 873
776 874
776 875
776 876
776 877
776 878
776 879
776 880
776 881
776 882
776 883
776 884
776 885
776 886
776 887
776 888
776 889
776 890
776 891
776 892
776 893
776 894
776 896
776 930
776 944
776 946
776 947
776 948
776 949
776 951
776 952
776 953
776 954
776 955
776 956
776 957
776 958
776 959
776 960
776 961
776 962
776 963
776 964
776 965
776 966
776 967
776 968
776 969
776 970
776 971
777 778
777 844
777 845
777 857
777 858
777 863
777 871
777 875
777 876
777 884
777 887
777 888
777 889
777 890
777 891
777 892
777 893
777 894
778 886
778 892
785 853
785 888
786 885
786 892
786 948
787 862
787 888
787 889
787 952
788 849
788 892
788 893
788 894
788 896
789 895
797 889
803 872
812 965
814 862
814 886
815 862
818 855
818 883
819 888
819 951
821 890
828 857
828 868
828 959
829 843
829 845
829 847
829 852
829 858
829 862
829 867
829 874
829 875
829 882
829 885
829 951
829 956
830 832
830 835
830 836
830 838
830 841
830 845
830 846
830 847
830 852
830 853
830 854
830 857
830 865
830 866
830 869
830 871
830 873
830 874
830 875
830 876
830 881
830 882
830 885
830 888
830 889
830 890
830 941
830 943
830 944
830 946
830 947
830 949
830 950
830 952
830 955
830 956
830 958
830 959
830 966
830 970
830 971
831 832
831 833
831 834
831 835
831 836
831 837
831 839
831 840
831 841
831 844
831 846
831 847
831 850
831 857
831 859
831 860
831 861
831 862
831 864
831 866
831 867
831 868
831 871
831 876
831 878
831 879
831 887
831 888
831 892
831 893
831 894
831 947
831 949
831 950
831 951
831 952
831 954
831 955
831 957
831 959
831 962
831 964
831 965
831 966
831 968
831 970
832 833
832 837
832 838
832 839
832 840
832 841
832 843
832 844
832 845
832 848
832 851
832 853
832 855
832 856
832 857
832 859
832 860
832 861
832 864
832 865
832 867
832 869
832 871
832 872
832 873
832 879
832 880
832 881
832 883
832 884
832 885
832 887
832 888
832 889
832 890
832 893
832 943
832 944
832 946
832 947
832 948
832 951
832 953
832 955
832 957
832 960
832 961
832 962
832 963
832 964
832 965
832 966
832 970
833 835
833 838
833 839
833 840
833 841
833 842
833 843
833 844
833 846
833 847
833 848
833 850
833 851
833 852
833 853
833 855
833 856
833 857
833 858
833 860
833 861
833 862
833 863
833 864
833 865
833 866
833 867
833 868
833 869
833 872
833 873
833 874
833 876
833 877
833 878
833 879
833 880
833 881
833 882
833 884
833 886
833 888
833 890
833 891
833 892
833 894
833 942
833 943
833 946
833 948
833 949
833 951
833 953
833 954
833 956
833 958
833 959
833 961
833 962
833 963
833 965
833 966
833 967
833 968
833 969
833 970
834 835
834 836
834 837
834 839
834 842
834 844
834 845
834 846
834 847
834 848
834 849
834 851
834 852
834 854
834 856
834 858
834 861
834 862
834 863
834 864
834 865
834 866
834 867
834 869
834 870
834 871
834 874
834 876
834 877
834 879
834 880
834 881
834 882
834 883
834 884
834 886
834 887
834 889
834 890
834 891
834 892
834 893
834 943
834 944
834 947
834 948
834 949
834 952
834 953
834 954
834 955
834 958
834 959
834 960
834 961
834 962
834 964
834 965
834 966
835 836
835 838
835 839
835 841
835 842
835 844
835 845
835 846
835 848
835 849
835 852
835 853
835 856
835 857
835 858
835 861
835 865
835 866
835 867
835 869
835 870
835 871
835 872
835 874
835 875
835 876
835 877
835 878
835 880
835 881
835 884
835 885
835 887
835 888
835 889
835 890
835 891
835 893
835 944
835 945
835 946
835 947
835 948
835 949
835 952
835 953
835 955
835 957
835 958
835 959
835 960
835 961
835 962
835 963
835 964
835 965
835 967
835 970
835 971
836 837
836 838
836 839
836 840
836 841
836 842
836 843
836 845
836 846
836 847
836 848
836 849
836 850
836 851
836 852
836 855
836 856
836 857
836 860
836 862
836 863
836 864
836 865
836 866
836 867
836 870
836 871
836 872
836 873
836 876
836 877
836 878
836 879
836 880
836 882
836 883
836 884
836 886
836 887
836 888
836 889
836 890
836 891
836 892
836 894
836 943
836 945
836 946
836 947
836 948
836 950
836 951
836 952
836 953
836 954
836 956
836 957
836 958
836 959
836 960
836 961
836 962
836 963
836 964
836 966
836 967
836 968
836 969
836 970
837 838
837 839
837 840
837 841
837 842
837 844
837 845
837 846
837 847
837 849
837 850
837 851
837 852
837 853
837 854
837 855
837 856
837 857
837 858
837 860
837 862
837 863
837 864
837 865
837 866
837 868
837 869
837 870
837 871
837 872
837 873
837 875
837 876
837 877
837 878
837 880
837 881
837 882
837 883
837 885
837 886
837 887
837 888
837 889
837 942
837 943
837 944
837 945
837 947
837 948
837 949
837 950
837 951
837 952
837 953
837 955
837 956
837 957
837 958
837 959
837 960
837 961
837 962
837 963
837 964
837 965
837 966
837 967
837 968
837 969
837 970
838 839
838 841
838 842
838 843
838 844
838 845
838 846
838 847
838 848
838 849
838 850
838 853
838 854
838 855
838 857
838 858
838 860
838 861
838 862
838 863
838 865
838 866
838 867
838 868
838 869
838 870
838 871
838 872
838 873
838 874
838 875
838 876
838 877
838 878
838 879
838 880
838 881
838 883
838 884
838 885
838 886
838 887
838 888
838 890
838 891
838 892
838 893
838 894
838 941
838 943
838 944
838 946
838 947
838 948
838 949
838 950
838 952
838 953
838 954
838 955
838 957
838 958
838 959
838 960
838 961
838 962
838 963
838 965
838 966
838 967
838 968
838 969
838 970
839 840
839 841
839 842
839 843
839 844
839 845
839 846
839 848
839 849
839 850
839 851
839 852
839 853
839 854
839 855
839 856
839 857
839 858
839 859
839 860
839 861
839 862
839 863
839 864
839 865
839 866
839 867
839 868
839 869
839 870
839 871
839 872
839 874
839 875
839 876
839 877
839 878
839 879
839 880
839 881
839 882
839 883
839 884
839 886
839 887
839 888
839 889
839 890
839 891
839 892
839 894
839 945
839 946
839 947
839 950
839 951
839 952
839 953
839 956
839 957
839 958
839 959
839 960
839 961
839 962
839 963
839 964
839 965
839 966
839 969
839 970
840 841
840 842
840 843
840 844
840 845
840 846
840 847
840 848
840 849
840 851
840 852
840 854
840 855
840 856
840 857
840 858
840 859
840 860
840 861
840 862
840 863
840 864
840 865
840 866
840 867
840 868
840 869
840 870
840 871
840 872
840 873
840 874
840 875
840 876
840 877
840 878
840 879
840 880
840 881
840 882
840 883
840 884
840 885
840 886
840 887
840 888
840 889
840 890
840 891
840 892
840 894
840 943
840 945
840 947
840 948
840 949
840 950
840 952
840 953
840 954
840 955
840 956
840 957
840 958
840 959
840 960
840 962
840 963
840 964
840 965
840 966
840 967
840 968
840 969
840 970
841 842
841 843
841 844
841 845
841 846
841 847
841 848
841 849
841 850
841 851
841 852
841 853
841 854
841 855
841 856
841 857
841 858
841 860
841 861
841 862
841 863
841 864
841 865
841 866
841 867
841 868
841 869
841 870
841 871
841 872
841 873
841 874
841 875
841 876
841 877
841 878
841 879
841 880
841 881
841 883
841 884
841 885
841 886
841 887
841 889
841 890
841 891
841 892
841 894
841 943
841 947
841 948
841 949
841 950
841 951
841 952
841 953
841 954
841 956
841 957
841 958
841 959
841 960
841 961
841 963
841 964
841 965
841 966
841 967
841 968
841 969
841 970
842 843
842 844
842 845
842 846
842 847
842 848
842 849
842 850
842 851
842 852
842 853
842 854
842 855
842 856
842 857
842 858
842 859
842 860
842 861
842 862
842 863
842 864
842 865
842 866
842 867
842 868
842 869
842 870
842 871
842 872
842 873
842 874
842 875
842 876
842 877
842 879
842 880
842 881
842 882
842 883
842 884
842 885
842 886
842 887
842 888
842 889
842 890
842 891
842 892
842 893
842 894
842 943
842 944
842 945
842 946
842 950
842 951
842 952
842 953
842 955
842 956
842 957
842 958
842 959
842 960
842 961
842 962
842 963
842 964
842 965
842 966
842 967
842 968
842 969
842 970
842 971
843 844
843 845
843 846
843 847
843 848
843 849
843 850
843 851
843 852
843 853
843 854
843 855
843 856
843 857
843 858
843 859
843 860
843 861
843 862
843 863
843 864
843 865
843 867
843 868
843 869
843 870
843 871
843 872
843 873
843 874
843 875
843 876
843 877
843 878
843 879
843 880
843 882
843 883
843 884
843 885
843 886
843 887
843 889
843 890
843 891
843 892
843 893
843 894
843 946
843 947
843 949
843 950
843 951
843 952
843 953
843 954
843 955
843 956
843 957
843 958
843 959
843 960
843 961
843 962
843 963
843 965
843 966
843 967
843 968
843 970
844 845
844 846
844 847
844 848
844 849
844 850
844 851
844 852
844 853
844 854
844 855
844 856
844 857
844 858
844 859
844 860
844 861
844 862
844 863
844 864
844 865
844 866
844 867
844 869
844 870
844 871
844 872
844 873
844 874
844 875
844 876
844 877
844 878
844 879
844 880
844 881
844 882
844 883
844 884
844 886
844 887
844 888
844 889
844 890
844 891
844 892
844 893
844 894
844 945
844 946
844 947
844 948
844 951
844 952
844 953
844 954
844 955
844 956
844 957
844 958
844 959
844 960
844 961
844 962
844 963
844 964
844 965
844 966
844 967
844 968
844 969
844 970
844 971
845 846
845 848
845 849
845 850
845 851
845 852
845 853
845 854
845 855
845 856
845 857
845 858
845 859
845 860
845 861
845 862
845 863
845 864
845 865
845 866
845 867
845 868
845 869
845 870
845 871
845 872
845 873
845 874
845 875
845 876
845 877
845 878
845 879
845 880
845 881
845 882
845 883
845 884
845 885
845 886
845 887
845 888
845 889
845 890
845 891
845 892
845 893
845 894
845 944
845 946
845 947
845 948
845 950
845 951
845 952
845 953
845 954
845 956
845 957
845 958
845 959
845 960
845 961
845 962
845 963
845 964
845 965
845 966
845 967
845 968
845 969
845 970
845 971
846 847
846 848
846 849
846 850
846 851
846 852
846 853
846 854
846 855
846 856
846 857
846 858
846 859
846 860
846 861
846 862
846 863
846 864
846 865
846 866
846 867
846 868
846 869
846 870
846 871
846 872
846 873
846 874
846 875
846 876
846 877
846 878
846 879
846 880
846 881
846 882
846 883
846 884
846 885
846 886
846 887
846 888
846 889
846 890
846 891
846 892
846 893
846 894
846 944
846 945
846 946
846 947
846 948
846 949
846 950
846 952
846 953
846 954
846 955
846 957
846 958
846 959
846 960
846 961
846 962
846 963
846 964
846 965
846 966
846 967
846 968
846 969
846 970
847 848
847 849
847 850
847 851
847 852
847 853
847 854
847 855
847 856
847 857
847 859
847 860
847 861
847 862
847 863
847 864
847 865
847 866
847 867
847 868
847 869
847 870
847 871
847 874
847 875
847 876
847 877
847 878
847 879
847 880
847 881
847 882
847 883
847 884
847 885
847 886
847 887
847 888
847 889
847 890
847 891
847 892
847 893
847 894
847 944
847 945
847 948
847 950
847 951
847 952
847 953
847 954
847 955
847 956
847 957
847 958
847 959
847 960
847 961
847 962
847 963
847 964
847 965
847 966
847 967
847 968
847 969
847 970
847 971
848 849
848 850
848 851
848 852
848 853
848 854
848 855
848 856
848 857
848 858
848 859
848 860
848 861
848 862
848 863
848 864
848 865
848 866
848 867
848 868
848 869
848 870
848 871
848 872
848 873
848 874
848 875
848 876
848 877
848 878
848 879
848 880
848 881
848 882
848 883
848 884
848 885
848 886
848 887
848 888
848 889
848 890
848 891
848 892
848 893
848 894
848 942
848 944
848 946
848 951
848 952
848 953
848 954
848 955
848 956
848 957
848 958
848 959
848 960
848 961
848 962
848 963
848 964
848 965
848 966
848 967
848 968
848 969
848 970
848 971
849 850
849 851
849 852
849 853
849 854
849 855
849 856
849 857
849 858
849 859
849 860
849 861
849 862
849 863
849 864
849 867
849 868
849 869
849 870
849 871
849 872
849 873
849 874
849 875
849 876
849 877
849 878
849 879
849 880
849 881
849 882
849 883
849 884
849 885
849 886
849 887
849 888
849 889
849 890
849 891
849 892
849 893
849 894
849 942
849 945
849 946
849 947
849 948
849 949
849 950
849 952
849 953
849 954
849 955
849 956
849 957
849 958
849 959
849 960
849 961
849 962
849 963
849 964
849 965
849 966
849 967
849 968
849 969
849 970
849 971
850 851
850 852
850 853
850 854
850 855
850 856
850 857
850 858
850 859
850 860
850 861
850 862
850 863
850 864
850 866
850 867
850 868
850 869
850 870
850 871
850 872
850 873
850 874
850 875
850 876
850 877
850 878
850 879
850 880
850 881
850 882
850 883
850 884
850 885
850 886
850 887
850 888
850 889
850 890
850 891
850 892
850 893
850 894
850 895
850 943
850 949
850 950
850 951
850 952
850 953
850 954
850 955
850 956
850 957
850 958
850 959
850 960
850 961
850 962
850 963
850 964
850 965
850 966
850 967
850 968
850 969
850 970
850 971
851 852
851 853
851 854
851 855
851 856
851 857
851 858
851 859
851 860
851 861
851 862
851 863
851 864
851 865
851 866
851 867
851 868
851 869
851 870
851 871
851 872
851 873
851 874
851 875
851 876
851 877
851 878
851 879
851 880
851 881
851 882
851 883
851 884
851 885
851 886
851 887
851 888
851 889
851 890
851 891
851 892
851 893
851 894
851 942
851 944
851 945
851 946
851 948
851 949
851 950
851 951
851 952
851 953
851 954
851 955
851 956
851 957
851 958
851 959
851 960
851 961
851 962
851 963
851 964
851 965
851 966
851 967
851 968
851 969
851 970
851 972
852 853
852 854
852 855
852 856
852 857
852 858
852 859
852 860
852 861
852 862
852 863
852 864
852 865
852 866
852 868
852 869
852 870
852 871
852 872
852 873
852 874
852 875
852 876
852 877
852 878
852 879
852 880
852 881
852 882
852 883
852 884
852 885
852 886
852 887
852 888
852 889
852 890
852 891
852 892
852 893
852 894
852 944
852 946
852 947
852 948
852 949
852 950
852 951
852 952
852 953
852 954
852 955
852 956
852 957
852 958
852 959
852 960
852 961
852 962
852 963
852 964
852 965
852 966
852 967
852 968
852 969
852 970
852 971
853 854
853 855
853 856
853 857
853 858
853 859
853 860
853 861
853 862
853 864
853 865
853 866
853 867
853 868
853 869
853 870
853 871
853 872
853 873
853 874
853 875
853 876
853 877
853 878
853 879
853 880
853 881
853 882
853 883
853 884
853 885
853 886
853 887
853 888
853 889
853 890
853 891
853 892
853 893
853 894
853 945
853 947
853 948
853 949
853 950
853 951
853 952
853 953
853 954
853 955
853 956
853 957
853 958
853 959
853 960
853 961
853 962
853 963
853 964
853 965
853 966
853 967
853 968
853 969
853 970
853 971
854 855
854 856
854 857
854 858
854 859
854 860
854 861
854 862
854 863
854 864
854 865
854 866
854 867
854 868
854 869
854 870
854 871
854 872
854 873
854 874
854 875
854 876
854 877
854 878
854 879
854 880
854 881
854 882
854 883
854 884
854 885
854 886
854 887
854 888
854 889
854 890
854 891
854 892
854 893
854 894
854 943
854 945
854 946
854 948
854 951
854 953
854 954
854 955
854 956
854 957
854 958
854 959
854 960
854 961
854 962
854 963
854 964
854 965
854 966
854 967
854 968
854 969
854 970
854 971
855 856
855 857
855 858
855 859
855 860
855 861
855 862
855 863
855 864
855 865
855 866
855 867
855 868
855 870
855 871
855 872
855 873
855 874
855 875
855 876
855 877
855 878
855 879
855 880
855 881
855 882
855 883
855 884
855 885
855 886
855 887
855 888
855 889
855 890
855 891
855 892
855 893
855 894
855 895
855 944
855 945
855 946
855 947
855 948
855 949
855 950
855 952
855 953
855 954
855 955
855 956
855 957
855 958
855 959
855 960
855 961
855 962
855 963
855 964
855 965
855 966
855 967
855 968
855 969
855 970
855 971
856 857
856 858
856 859
856 860
856 861
856 862
856 863
856 864
856 865
856 866
856 867
856 868
856 869
856 870
856 871
856 872
856 873
856 874
856 875
856 876
856 877
856 878
856 879
856 880
856 881
856 882
856 883
856 884
856 885
856 886
856 887
856 888
856 889
856 890
856 891
856 892
856 893
856 894
856 943
856 944
856 946
856 947
856 949
856 950
856 951
856 952
856 953
856 954
856 955
856 956
856 957
856 958
856 959
856 960
856 961
856 962
856 963
856 964
856 965
856 966
856 967
856 968
856 969
856 970
856 971
857 858
857 859
857 860
857 861
857 862
857 863
857 865
857 866
857 868
857 869
857 871
857 872
857 873
857 874
857 875
857 876
857 877
857 878
857 879
857 880
857 881
857 882
857 883
857 884
857 885
857 886
857 887
857 888
857 889
857 890
857 891
857 892
857 893
857 894
857 945
857 946
857 947
857 948
857 949
857 950
857 951
857 953
857 954
857 955
857 956
857 957
857 958
857 959
857 960
857 961
857 962
857 963
857 964
857 965
857 966
857 967
857 968
857 969
857 970
857 971
858 859
858 860
858 861
858 862
858 863
858 864
858 865
858 866
858 867
858 868
858 869
858 870
858 871
858 872
858 873
858 874
858 875
858 876
858 877
858 878
858 879
858 880
858 881
858 882
858 883
858 884
858 885
858 886
858 887
858 888
858 889
858 890
858 891
858 892
858 893
858 894
858 943
858 944
858 947
858 951
858 952
858 953
858 954
858 955
858 956
858 957
858 958
858 959
858 960
858 961
858 962
858 963
858 964
858 965
858 966
858 967
858 968
858 969
858 970
858 971
859 860
859 861
859 862
859 863
859 864
859 865
859 866
859 867
859 868
859 869
859 870
859 871
859 872
859 873
859 874
859 875
859 876
859 877
859 878
859 879
859 880
859 881
859 882
859 883
859 884
859 885
859 886
859 887
859 888
859 889
859 890
859 891
859 892
859 893
859 894
859 897
859 945
859 946
859 947
859 950
859 951
859 952
859 953
859 954
859 955
859 956
859 957
859 958
859 959
859 960
859 961
859 962
859 963
859 964
859 965
859 966
859 967
859 968
859 969
859 970
859 971
859 978
860 861
860 862
860 863
860 864
860 865
860 867
860 868
860 869
860 871
860 872
860 873
860 874
860 875
860 876
860 877
860 878
860 879
860 880
860 881
860 882
860 883
860 884
860 885
860 886
860 887
860 888
860 889
860 890
860 891
860 892
860 893
860 894
860 942
860 943
860 944
860 947
860 949
860 950
860 951
860 952
860 953
860 954
860 955
860 956
860 957
860 958
860 959
860 960
860 961
860 962
860 963
860 964
860 965
860 966
860 967
860 968
860 969
860 970
860 989
860 995
861 862
861 863
861 864
861 865
861 866
861 867
861 868
861 869
861 870
861 871
861 872
861 873
861 874
861 875
861 876
861 877
861 878
861 879
861 880
861 881
861 882
861 883
861 884
861 885
861 886
861 887
861 888
861 889
861 890
861 891
861 892
861 893
861 894
861 941
861 942
861 943
861 945
861 946
861 948
861 949
861 950
861 951
861 952
861 953
861 954
861 955
861 956
861 957
861 958
861 959
861 960
861 961
861 962
861 963
861 964
861 965
861 966
861 967
861 968
861 969
861 970
861 971
861 973
862 864
862 865
862 866
862 867
862 868
862 869
862 870
862 871
862 872
862 873
862 874
862 875
862 876
862 877
862 878
862 879
862 880
862 881
862 882
862 883
862 884
862 885
862 886
862 887
862 888
862 889
862 890
862 891
862 892
862 893
862 894
862 895
862 944
862 945
862 948
862 950
862 952
862 953
862 954
862 955
862 956
862 957
862 958
862 959
862 960
862 961
862 962
862 963
862 964
862 965
862 966
862 967
862 968
862 969
862 970
862 971
863 865
863 866
863 867
863 868
863 869
863 871
863 872
863 873
863 874
863 875
863 876
863 877
863 878
863 879
863 880
863 881
863 882
863 883
863 884
863 885
863 886
863 887
863 888
863 889
863 890
863 891
863 892
863 893
863 894
863 944
863 945
863 949
863 950
863 951
863 952
863 953
863 954
863 955
863 956
863 957
863 958
863 959
863 960
863 961
863 962
863 963
863 964
863 965
863 967
863 968
863 969
863 970
863 972
864 865
864 866
864 867
864 868
864 869
864 870
864 871
864 872
864 873
864 874
864 878
864 879
864 880
864 881
864 882
864 883
864 884
864 885
864 886
864 887
864 888
864 889
864 890
864 891
864 892
864 893
864 894
864 943
864 946
864 947
864 949
864 950
864 952
864 953
864 954
864 955
864 956
864 957
864 958
864 959
864 960
864 962
864 963
864 964
864 965
864 966
864 967
864 968
864 969
864 970
864 971
865 866
865 867
865 869
865 870
865 871
865 872
865 873
865 875
865 876
865 877
865 878
865 880
865 881
865 882
865 883
865 884
865 885
865 887
865 888
865 889
865 890
865 891
865 892
865 893
865 894
865 947
865 948
865 949
865 950
865 951
865 952
865 953
865 954
865 956
865 957
865 958
865 959
865 960
865 962
865 963
865 964
865 965
865 966
865 967
865 968
865 969
865 970
865 982
866 867
866 868
866 869
866 870
866 871
866 873
866 875
866 876
866 877
866 878
866 879
866 880
866 881
866 882
866 883
866 884
866 885
866 886
866 887
866 888
866 889
866 890
866 891
866 892
866 893
866 894
866 942
866 944
866 945
866 946
866 947
866 948
866 949
866 951
866 952
866 953
866 954
866 955
866 956
866 957
866 958
866 959
866 960
866 961
866 962
866 963
866 964
866 965
866 966
866 967
866 968
866 969
866 970
866 971
867 868
867 869
867 870
867 871
867 872
867 873
867 874
867 876
867 877
867 878
867 879
867 880
867 881
867 882
867 883
867 884
867 885
867 886
867 887
867 888
867 889
867 890
867 891
867 892
867 893
867 894
867 943
867 945
867 947
867 948
867 949
867 951
867 952
867 953
867 954
867 955
867 957
867 958
867 959
867 960
867 961
867 962
867 963
867 964
867 965
867 967
867 968
867 969
867 970
868 869
868 870
868 871
868 872
868 873
868 874
868 875
868 876
868 877
868 878
868 879
868 880
868 881
868 882
868 883
868 884
868 885
868 886
868 887
868 888
868 889
868 890
868 891
868 892
868 893
868 894
868 945
868 947
868 948
868 950
868 951
868 952
868 953
868 954
868 955
868 956
868 957
868 958
868 959
868 960
868 961
868 962
868 963
868 964
868 965
868 966
868 967
868 969
868 970
869 870
869 871
869 872
869 873
869 874
869 875
869 876
869 877
869 878
869 879
869 880
869 881
869 882
869 883
869 884
869 885
869 886
869 887
869 888
869 889
869 890
869 891
869 892
869 893
869 894
869 945
869 946
869 947
869 949
869 950
869 951
869 952
869 953
869 954
869 955
869 956
869 957
869 958
869 959
869 960
869 961
869 962
869 963
869 964
869 965
869 966
869 967
869 968
869 969
869 970
870 871
870 872
870 873
870 874
870 875
870 876
870 877
870 878
870 879
870 880
870 881
870 882
870 883
870 884
870 885
870 886
870 887
870 888
870 889
870 890
870 891
870 892
870 893
870 894
870 944
870 945
870 948
870 950
870 951
870 953
870 954
870 955
870 956
870 957
870 958
870 959
870 961
870 962
870 963
870 964
870 965
870 966
870 968
870 969
870 970
871 872
871 873
871 874
871 875
871 876
871 877
871 878
871 879
871 880
871 881
871 882
871 883
871 884
871 885
871 886
871 887
871 888
871 889
871 890
871 891
871 892
871 893
871 894
871 944
871 947
871 949
871 950
871 951
871 952
871 953
871 954
871 955
871 956
871 957
871 958
871 959
871 960
871 961
871 962
871 963
871 964
871 965
871 966
871 968
871 969
871 970
872 873
872 874
872 875
872 876
872 877
872 878
872 879
872 880
872 881
872 882
872 883
872 884
872 885
872 886
872 887
872 888
872 889
872 890
872 891
872 892
872 893
872 894
872 943
872 944
872 946
872 947
872 948
872 949
872 950
872 951
872 952
872 953
872 954
872 955
872 956
872 957
872 958
872 959
872 960
872 961
872 962
872 963
872 964
872 965
872 966
872 968
872 969
872 970
872 971
873 874
873 875
873 876
873 877
873 878
873 879
873 880
873 881
873 882
873 883
873 884
873 885
873 886
873 887
873 888
873 889
873 890
873 891
873 892
873 893
873 943
873 945
873 946
873 947
873 948
873 949
873 951
873 952
873 953
873 954
873 955
873 956
873 957
873 959
873 960
873 961
873 963
873 964
873 965
873 966
873 967
873 968
873 969
873 970
874 875
874 876
874 877
874 878
874 879
874 880
874 881
874 882
874 883
874 884
874 885
874 886
874 887
874 888
874 889
874 890
874 891
874 892
874 893
874 894
874 948
874 949
874 950
874 951
874 952
874 953
874 954
874 955
874 956
874 957
874 958
874 959
874 960
874 961
874 962
874 963
874 964
874 965
874 966
874 967
874 968
874 969
874 970
875 876
875 877
875 878
875 879
875 880
875 881
875 882
875 883
875 884
875 885
875 886
875 887
875 888
875 889
875 890
875 891
875 893
875 894
875 895
875 942
875 946
875 947
875 948
875 949
875 950
875 952
875 953
875 954
875 955
875 956
875 957
875 958
875 959
875 960
875 961
875 962
875 963
875 964
875 966
875 967
875 968
875 969
875 970
876 877
876 878
876 879
876 880
876 881
876 882
876 883
876 884
876 885
876 886
876 887
876 888
876 889
876 890
876 891
876 892
876 893
876 894
876 895
876 940
876 944
876 946
876 947
876 948
876 951
876 952
876 953
876 954
876 955
876 956
876 957
876 958
876 959
876 960
876 961
876 962
876 963
876 964
876 965
876 966
876 967
876 968
876 969
876 970
876 971
877 878
877 879
877 880
877 881
877 882
877 883
877 884
877 885
877 886
877 887
877 888
877 889
877 890
877 891
877 892
877 893
877 894
877 946
877 947
877 948
877 950
877 951
877 952
877 953
877 954
877 955
877 956
877 957
877 958
877 959
877 960
877 961
877 962
877 963
877 964
877 965
877 966
877 967
877 968
877 969
877 970
877 971
878 879
878 880
878 881
878 882
878 883
878 884
878 885
878 886
878 887
878 888
878 889
878 890
878 891
878 892
878 893
878 894
878 943
878 944
878 949
878 950
878 951
878 952
878 953
878 954
878 955
878 956
878 957
878 958
878 959
878 960
878 961
878 962
878 963
878 964
878 965
878 966
878 967
878 968
878 969
878 970
879 880
879 881
879 882
879 883
879 884
879 885
879 886
879 887
879 888
879 889
879 890
879 891
879 892
879 893
879 894
879 942
879 944
879 945
879 946
879 948
879 949
879 951
879 955
879 956
879 957
879 958
879 959
879 960
879 961
879 962
879 963
879 964
879 965
879 966
879 967
879 968
879 969
879 970
880 881
880 882
880 883
880 884
880 885
880 886
880 887
880 888
880 889
880 890
880 891
880 892
880 893
880 894
880 944
880 945
880 946
880 948
880 950
880 951
880 952
880 954
880 955
880 956
880 957
880 958
880 959
880 960
880 961
880 962
880 963
880 964
880 965
880 966
880 967
880 968
880 969
880 970
880 971
880 972
881 882
881 883
881 884
881 885
881 886
881 887
881 888
881 889
881 890
881 891
881 892
881 893
881 894
881 947
881 948
881 949
881 950
881 952
881 953
881 954
881 955
881 956
881 957
881 958
881 959
881 960
881 961
881 962
881 963
881 964
881 965
881 966
881 967
881 968
881 969
881 970
882 883
882 884
882 885
882 886
882 887
882 888
882 889
882 890
882 891
882 892
882 893
882 894
882 947
882 948
882 949
882 951
882 953
882 956
882 957
882 958
882 959
882 960
882 961
882 962
882 963
882 964
882 965
882 966
882 967
882 968
882 969
882 970
882 971
883 884
883 885
883 886
883 887
883 888
883 889
883 890
883 891
883 892
883 893
883 894
883 895
883 945
883 946
883 947
883 951
883 952
883 953
883 955
883 956
883 957
883 958
883 959
883 960
883 961
883 962
883 963
883 964
883 965
883 966
883 967
883 968
883 969
883 970
883 971
883 972
884 885
884 886
884 887
884 888
884 889
884 890
884 891
884 892
884 893
884 894
884 943
884 945
884 947
884 948
884 951
884 952
884 953
884 956
884 957
884 958
884 959
884 960
884 961
884 962
884 963
884 964
884 965
884 966
884 967
884 968
884 969
884 970
884 971
885 886
885 887
885 888
885 889
885 890
885 891
885 892
885 893
885 894
885 942
885 944
885 947
885 948
885 950
885 951
885 952
885 953
885 954
885 956
885 957
885 958
885 959
885 960
885 961
885 962
885 963
885 964
885 965
885 966
885 967
885 968
885 969
885 970
886 887
886 888
886 889
886 890
886 891
886 892
886 893
886 894
886 941
886 942
886 945
886 946
886 947
886 950
886 952
886 953
886 954
886 955
886 956
886 957
886 958
886 959
886 960
886 961
886 962
886 963
886 964
886 965
886 966
886 967
886 968
886 969
886 970
886 971
887 888
887 889
887 890
887 891
887 892
887 893
887 894
887 895
887 944
887 946
887 947
887 950
887 951
887 952
887 954
887 956
887 957
887 958
887 959
887 960
887 961
887 962
887 963
887 964
887 965
887 966
887 967
887 968
887 969
887 970
887 971
888 889
888 890
888 891
888 892
888 893
888 894
888 919
888 943
888 946
888 947
888 949
888 950
888 952
888 953
888 954
888 955
888 956
888 957
888 958
888 959
888 960
888 961
888 962
888 963
888 964
888 965
888 966
888 967
888 968
888 969
888 970
888 971
888 973
889 890
889 891
889 892
889 893
889 894
889 895
889 945
889 946
889 948
889 949
889 950
889 951
889 952
889 953
889 954
889 955
889 956
889 957
889 958
889 959
889 960
889 961
889 962
889 963
889 964
889 965
889 966
889 967
889 968
889 969
889 970
889 971
889 972
890 891
890 892
890 893
890 894
890 947
890 948
890 949
890 950
890 952
890 953
890 954
890 955
890 956
890 957
890 958
890 959
890 960
890 961
890 962
890 963
890 964
890 965
890 966
890 967
890 968
890 969
890 970
890 971
890 972
891 892
891 893
891 894
891 895
891 943
891 946
891 948
891 949
891 950
891 951
891 953
891 954
891 955
891 956
891 957
891 958
891 959
891 960
891 961
891 962
891 963
891 964
891 965
891 966
891 967
891 968
891 969
891 970
891 971
891 972
892 893
892 894
892 895
892 914
892 945
892 949
892 950
892 951
892 952
892 953
892 954
892 955
892 956
892 957
892 958
892 959
892 960
892 961
892 962
892 963
892 964
892 965
892 966
892 967
892 968
892 969
892 970
892 971
892 972
892 991
892 996
892 997
893 894
893 895
893 896
893 942
893 944
893 946
893 947
893 948
893 949
893 950
893 951
893 952
893 953
893 954
893 955
893 956
893 957
893 958
893 959
893 960
893 961
893 962
893 963
893 964
893 965
893 966
893 967
893 968
893 969
893 970
893 971
893 972
894 895
894 915
894 948
894 949
894 950
894 951
894 952
894 955
894 956
894 957
894 958
894 959
894 960
894 961
894 962
894 963
894 964
894 965
894 966
894 967
894 968
894 969
894 970
894 971
894 972
895 896
895 955
895 961
895 962
895 963
895 990
897 953
941 944
941 953
941 958
942 944
942 950
942 951
942 956
942 963
942 967
942 968
943 949
943 951
943 955
943 956
943 961
943 962
943 969
944 950
944 951
944 953
944 954
944 955
944 956
944 957
944 959
944 961
944 967
944 969
944 970
945 946
945 947
945 948
945 951
945 952
945 953
945 954
945 956
945 959
945 960
945 962
945 963
945 964
945 969
946 948
946 949
946 950
946 951
946 952
946 953
946 954
946 955
946 956
946 962
946 963
946 964
946 965
946 967
947 948
947 949
947 950
947 951
947 952
947 954
947 956
947 957
947 958
947 961
947 964
947 966
947 967
947 968
947 969
947 970
947 971
948 949
948 950
948 951
948 953
948 954
948 956
948 957
948 958
948 959
948 960
948 963
948 964
948 966
948 967
948 969
949 950
949 954
949 955
949 956
949 957
949 958
949 959
949 960
949 961
949 962
949 963
949 965
949 966
949 967
949 968
949 969
949 970
950 951
950 952
950 953
950 954
950 955
950 956
950 957
950 958
950 959
950 960
950 961
950 963
950 964
950 965
950 966
950 967
950 968
950 969
950 970
951 952
951 954
951 955
951 956
951 957
951 959
951 960
951 961
951 962
951 963
951 964
951 965
951 966
951 968
951 969
951 970
952 953
952 955
952 956
952 957
952 958
952 960
952 961
952 962
952 963
952 964
952 965
952 966
952 968
952 969
952 970
952 971
952 988
953 956
953 957
953 958
953 959
953 960
953 961
953 962
953 963
953 964
953 965
953 966
953 967
953 968
953 969
953 970
954 955
954 956
954 957
954 959
954 960
954 961
954 964
954 965
954 966
954 967
954 968
954 969
954 970
955 956
955 957
955 958
955 959
955 960
955 961
955 962
955 963
955 964
955 965
955 966
955 967
955 968
955 969
955 970
955 971
956 957
956 958
956 959
956 960
956 961
956 962
956 963
956 964
956 965
956 966
956 969
956 970
957 958
957 959
957 960
957 961
957 962
957 963
957 964
957 965
957 966
957 967
957 968
957 969
957 970
958 959
958 960
958 961
958 962
958 963
958 964
958 965
958 966
958 967
958 968
958 969
958 970
959 960
959 961
959 962
959 963
959 964
959 965
959 966
959 967
959 968
959 969
959 970
959 974
960 961
960 962
960 963
960 964
960 965
960 966
960 967
960 968
960 969
960 970
960 971
961 962
961 963
961 964
961 965
961 966
961 967
961 968
961 969
961 970
962 963
962 964
962 965
962 966
962 967
962 968
962 969
962 970
963 964
963 965
963 966
963 967
963 968
963 969
963 970
963 971
964 965
964 966
964 967
964 968
964 969
964 970
964 971
965 966
965 967
965 968
965 969
965 970
965 971
966 967
966 968
966 969
966 970
967 968
967 969
967 970
968 969
968 970
968 971
969 970
969 971
970 971
