3 917
12 368
25 204
33 874
33 916
33 919
33 935
33 943
33 973
34 40
34 45
34 121
34 125
34 359
34 364
34 366
34 373
34 374
34 747
34 750
34 757
34 758
34 760
34 767
34 870
34 872
34 874
34 876
34 888
34 889
34 906
34 926
34 935
34 941
34 942
34 951
34 955
34 968
34 970
34 972
35 36
35 39
35 41
35 43
35 113
35 373
35 374
35 375
35 376
35 377
35 379
35 746
35 755
35 758
35 759
35 763
35 765
35 767
35 768
35 873
35 877
35 880
35 882
35 885
35 887
35 890
35 891
35 892
35 899
35 900
35 905
35 907
35 914
35 915
35 918
35 926
35 936
35 941
35 945
35 951
35 959
35 960
35 961
36 38
36 40
36 42
36 43
36 116
36 117
36 123
36 124
36 125
36 359
36 360
36 366
36 372
36 373
36 374
36 376
36 377
36 379
36 749
36 751
36 753
36 755
36 760
36 764
36 765
36 766
36 870
36 871
36 872
36 874
36 875
36 876
36 878
36 879
36 881
36 884
36 887
36 889
36 891
36 900
36 901
36 903
36 904
36 905
36 906
36 908
36 909
36 911
36 912
36 914
36 915
36 917
36 918
36 920
36 929
36 937
36 938
36 941
36 944
36 945
36 947
36 950
36 952
36 955
36 957
36 960
36 963
36 966
36 967
36 972
36 973
37 40
37 41
37 42
37 44
37 45
37 46
37 113
37 117
37 118
37 120
37 122
37 123
37 126
37 361
37 362
37 364
37 365
37 367
37 372
37 373
37 374
37 375
37 378
37 379
37 750
37 751
37 752
37 753
37 754
37 756
37 757
37 758
37 761
37 767
37 872
37 873
37 875
37 876
37 879
37 880
37 881
37 882
37 885
37 886
37 888
37 889
37 891
37 901
37 902
37 903
37 904
37 905
37 908
37 909
37 912
37 915
37 916
37 918
37 919
37 921
37 923
37 924
37 926
37 927
37 928
37 935
37 939
37 943
37 944
37 946
37 947
37 948
37 949
37 950
37 953
37 954
37 956
37 959
37 961
37 962
37 963
37 965
37 968
37 970
37 971
37 972
37 977
38 45
38 46
38 114
38 115
38 118
38 119
38 121
38 122
38 124
38 126
38 127
38 277
38 360
38 362
38 363
38 366
38 367
38 369
38 372
38 375
38 376
38 378
38 747
38 748
38 749
38 750
38 752
38 753
38 754
38 755
38 756
38 757
38 759
38 760
38 761
38 762
38 764
38 765
38 766
38 767
38 768
38 874
38 875
38 877
38 879
38 882
38 883
38 887
38 888
38 889
38 900
38 902
38 903
38 904
38 906
38 908
38 909
38 910
38 911
38 912
38 913
38 914
38 916
38 918
38 919
38 922
38 923
38 925
38 929
38 939
38 942
38 944
38 948
38 949
38 950
38 951
38 952
38 953
38 954
38 955
38 956
38 957
38 959
38 960
38 961
38 962
38 963
38 965
38 966
38 969
38 970
38 971
38 972
38 974
38 975
38 982
39 40
39 41
39 42
39 43
39 45
39 114
39 116
39 117
39 118
39 119
39 122
39 124
39 125
39 127
39 362
39 363
39 364
39 367
39 368
39 370
39 371
39 372
39 373
39 375
39 376
39 377
39 378
39 380
39 749
39 751
39 752
39 754
39 755
39 756
39 757
39 759
39 760
39 762
39 763
39 765
39 767
39 768
39 871
39 872
39 874
39 875
39 878
39 879
39 880
39 881
39 882
39 883
39 884
39 885
39 886
39 887
39 888
39 889
39 890
39 899
39 901
39 902
39 903
39 905
39 906
39 907
39 908
39 909
39 910
39 913
39 915
39 917
39 918
39 919
39 920
39 921
39 922
39 923
39 924
39 925
39 927
39 928
39 929
39 937
39 938
39 940
39 941
39 944
39 947
39 948
39 950
39 951
39 955
39 961
39 963
39 965
39 968
39 973
39 975
40 43
40 114
40 117
40 119
40 121
40 122
40 123
40 124
40 126
40 254
40 359
40 362
40 363
40 364
40 365
40 366
40 367
40 368
40 375
40 376
40 377
40 378
40 379
40 751
40 753
40 754
40 755
40 756
40 757
40 760
40 761
40 762
40 764
40 765
40 766
40 767
40 768
40 872
40 874
40 875
40 876
40 879
40 880
40 881
40 882
40 887
40 888
40 889
40 890
40 891
40 903
40 904
40 905
40 906
40 907
40 909
40 910
40 911
40 912
40 914
40 916
40 920
40 921
40 923
40 925
40 926
40 927
40 929
40 937
40 938
40 941
40 943
40 944
40 948
40 949
40 952
40 953
40 955
40 957
40 958
40 960
40 961
40 964
40 965
40 966
40 967
40 968
40 969
40 970
40 971
40 973
40 974
40 979
41 42
41 43
41 44
41 45
41 114
41 116
41 117
41 118
41 119
41 121
41 122
41 123
41 124
41 125
41 126
41 127
41 128
41 358
41 359
41 362
41 364
41 365
41 366
41 367
41 368
41 373
41 376
41 377
41 378
41 379
41 747
41 752
41 756
41 757
41 758
41 760
41 761
41 762
41 763
41 767
41 768
41 870
41 872
41 874
41 877
41 878
41 879
41 880
41 882
41 883
41 885
41 886
41 887
41 888
41 889
41 890
41 891
41 898
41 900
41 901
41 902
41 904
41 905
41 907
41 908
41 910
41 911
41 913
41 914
41 915
41 916
41 917
41 920
41 921
41 922
41 923
41 924
41 925
41 927
41 928
41 929
41 930
41 936
41 937
41 938
41 940
41 941
41 942
41 943
41 944
41 946
41 947
41 948
41 949
41 950
41 951
41 952
41 953
41 954
41 956
41 958
41 960
41 962
41 963
41 965
41 966
41 967
41 968
41 969
41 970
41 971
41 972
41 974
41 975
42 43
42 44
42 45
42 112
42 114
42 115
42 117
42 118
42 119
42 120
42 121
42 122
42 123
42 124
42 125
42 127
42 276
42 360
42 361
42 362
42 363
42 364
42 365
42 366
42 367
42 368
42 369
42 370
42 375
42 376
42 377
42 378
42 379
42 380
42 747
42 749
42 750
42 754
42 757
42 758
42 759
42 760
42 761
42 762
42 764
42 765
42 766
42 874
42 875
42 876
42 878
42 880
42 881
42 882
42 883
42 884
42 885
42 886
42 887
42 888
42 889
42 891
42 900
42 901
42 903
42 905
42 906
42 907
42 908
42 909
42 910
42 911
42 912
42 913
42 915
42 916
42 917
42 918
42 919
42 920
42 921
42 922
42 923
42 925
42 926
42 927
42 928
42 929
42 935
42 940
42 941
42 943
42 944
42 946
42 948
42 949
42 950
42 951
42 952
42 953
42 955
42 956
42 958
42 959
42 960
42 962
42 964
42 965
42 966
42 967
42 968
42 969
42 970
42 972
42 973
42 975
42 977
43 44
43 45
43 114
43 116
43 117
43 118
43 119
43 120
43 121
43 122
43 123
43 124
43 125
43 126
43 359
43 360
43 361
43 362
43 364
43 366
43 367
43 368
43 369
43 370
43 371
43 372
43 374
43 375
43 376
43 377
43 378
43 379
43 747
43 748
43 751
43 752
43 753
43 755
43 756
43 757
43 758
43 759
43 760
43 761
43 762
43 763
43 764
43 765
43 766
43 767
43 768
43 870
43 872
43 874
43 875
43 877
43 878
43 879
43 880
43 881
43 882
43 883
43 884
43 885
43 886
43 887
43 888
43 889
43 890
43 891
43 899
43 902
43 904
43 905
43 906
43 908
43 909
43 911
43 912
43 913
43 915
43 916
43 917
43 919
43 920
43 921
43 922
43 923
43 924
43 925
43 926
43 927
43 928
43 929
43 930
43 934
43 938
43 940
43 943
43 945
43 946
43 947
43 948
43 949
43 950
43 951
43 952
43 953
43 954
43 955
43 956
43 957
43 958
43 961
43 962
43 963
43 964
43 965
43 966
43 967
43 968
43 970
43 971
43 973
43 974
43 975
44 114
44 117
44 120
44 122
44 123
44 124
44 125
44 126
44 276
44 362
44 365
44 366
44 367
44 368
44 369
44 372
44 373
44 374
44 377
44 378
44 379
44 748
44 751
44 752
44 753
44 755
44 756
44 759
44 760
44 761
44 762
44 763
44 764
44 765
44 766
44 767
44 768
44 873
44 878
44 879
44 880
44 882
44 883
44 884
44 885
44 886
44 887
44 889
44 890
44 891
44 898
44 901
44 904
44 905
44 906
44 907
44 908
44 909
44 910
44 911
44 912
44 913
44 914
44 915
44 916
44 917
44 918
44 919
44 920
44 921
44 922
44 923
44 924
44 925
44 926
44 927
44 928
44 929
44 930
44 935
44 937
44 940
44 941
44 942
44 943
44 944
44 945
44 946
44 947
44 948
44 949
44 950
44 951
44 952
44 953
44 954
44 955
44 956
44 958
44 959
44 961
44 962
44 963
44 966
44 967
44 968
44 969
44 970
44 971
44 972
44 974
44 975
45 46
45 114
45 115
45 117
45 118
45 119
45 120
45 121
45 122
45 123
45 124
45 125
45 126
45 127
45 361
45 363
45 364
45 365
45 366
45 367
45 368
45 369
45 370
45 372
45 373
45 374
45 375
45 377
45 379
45 380
45 749
45 752
45 755
45 756
45 757
45 758
45 760
45 761
45 762
45 763
45 764
45 765
45 767
45 875
45 876
45 877
45 878
45 879
45 880
45 881
45 883
45 884
45 885
45 886
45 887
45 888
45 889
45 890
45 891
45 903
45 904
45 905
45 906
45 907
45 908
45 909
45 911
45 912
45 913
45 914
45 915
45 916
45 917
45 918
45 919
45 920
45 922
45 923
45 924
45 925
45 926
45 927
45 928
45 929
45 930
45 936
45 937
45 941
45 942
45 943
45 944
45 945
45 946
45 947
45 948
45 949
45 950
45 951
45 952
45 953
45 954
45 955
45 956
45 957
45 958
45 959
45 960
45 961
45 962
45 963
45 964
45 965
45 966
45 967
45 970
45 971
45 972
45 973
45 974
45 975
45 976
46 114
46 118
46 119
46 120
46 121
46 123
46 125
46 126
46 127
46 330
46 361
46 364
46 365
46 368
46 369
46 371
46 373
46 376
46 377
46 379
46 380
46 668
46 750
46 751
46 753
46 756
46 757
46 758
46 759
46 760
46 761
46 762
46 765
46 767
46 768
46 877
46 878
46 880
46 881
46 885
46 886
46 887
46 888
46 889
46 890
46 891
46 899
46 901
46 902
46 904
46 906
46 907
46 909
46 910
46 911
46 912
46 913
46 914
46 915
46 916
46 917
46 918
46 919
46 920
46 921
46 922
46 923
46 924
46 925
46 926
46 927
46 928
46 929
46 931
46 941
46 942
46 943
46 944
46 945
46 946
46 947
46 950
46 951
46 953
46 954
46 955
46 957
46 958
46 959
46 960
46 962
46 964
46 965
46 966
46 968
46 969
46 970
46 971
46 972
46 973
46 975
47 121
47 382
47 767
47 885
47 888
47 890
47 891
47 892
47 905
47 914
47 917
47 920
47 924
47 927
47 928
47 929
47 950
47 951
47 956
47 957
47 958
47 971
47 972
47 973
47 974
48 888
48 919
48 925
48 927
48 928
48 929
48 930
48 974
48 975
49 544
49 928
49 929
49 931
50 255
50 506
51 563
54 930
55 932
63 378
75 926
83 919
98 926
98 930
99 766
99 927
99 931
100 978
111 123
112 749
112 767
112 903
112 907
112 912
112 921
113 116
113 123
113 124
113 126
113 127
113 361
113 373
113 379
113 767
113 887
113 904
113 905
113 913
113 918
113 922
113 939
113 942
113 944
113 960
113 964
113 974
113 975
114 116
114 118
114 123
114 362
114 368
114 369
114 375
114 378
114 379
114 748
114 749
114 750
114 753
114 754
114 757
114 760
114 873
114 875
114 877
114 887
114 889
114 891
114 897
114 899
114 900
114 901
114 905
114 912
114 922
114 927
114 929
114 930
114 942
114 947
114 948
114 957
114 959
114 971
114 973
114 974
114 978
115 118
115 362
115 367
115 369
115 371
115 372
115 373
115 375
115 378
115 381
115 747
115 751
115 752
115 755
115 757
115 759
115 763
115 766
115 871
115 874
115 878
115 880
115 882
115 885
115 890
115 891
115 900
115 901
115 902
115 903
115 904
115 906
115 907
115 908
115 910
115 911
115 916
115 919
115 922
115 924
115 925
115 935
115 936
115 943
115 946
115 948
115 949
115 953
115 956
115 957
115 958
115 959
115 962
115 973
115 974
115 975
116 118
116 120
116 357
116 361
116 367
116 370
116 371
116 372
116 375
116 377
116 379
116 380
116 746
116 750
116 751
116 753
116 761
116 762
116 763
116 766
116 874
116 876
116 877
116 878
116 879
116 880
116 882
116 884
116 885
116 887
116 888
116 889
116 901
116 903
116 904
116 906
116 907
116 908
116 910
116 912
116 913
116 915
116 918
116 919
116 922
116 925
116 927
116 929
116 935
116 937
116 939
116 940
116 944
116 951
116 952
116 953
116 957
116 958
116 961
116 962
116 963
116 964
116 966
116 969
116 973
116 974
117 120
117 123
117 125
117 361
117 363
117 364
117 366
117 368
117 372
117 375
117 376
117 377
117 379
117 545
117 750
117 751
117 752
117 754
117 756
117 757
117 759
117 766
117 767
117 871
117 875
117 878
117 880
117 881
117 882
117 885
117 890
117 891
117 899
117 900
117 901
117 902
117 903
117 904
117 905
117 906
117 907
117 909
117 911
117 912
117 914
117 920
117 922
117 923
117 924
117 926
117 939
117 942
117 944
117 948
117 949
117 950
117 952
117 956
117 958
117 959
117 961
117 962
117 963
117 967
117 969
117 970
117 972
117 975
118 120
118 121
118 123
118 124
118 125
118 126
118 358
118 361
118 362
118 363
118 364
118 365
118 367
118 368
118 369
118 370
118 371
118 373
118 374
118 375
118 378
118 379
118 749
118 751
118 752
118 755
118 756
118 757
118 758
118 759
118 760
118 762
118 764
118 766
118 872
118 874
118 875
118 879
118 880
118 881
118 882
118 883
118 884
118 885
118 886
118 887
118 888
118 890
118 891
118 900
118 901
118 902
118 903
118 904
118 905
118 909
118 910
118 912
118 914
118 915
118 916
118 917
118 918
118 920
118 921
118 926
118 927
118 929
118 930
118 936
118 937
118 938
118 941
118 943
118 944
118 945
118 946
118 948
118 949
118 951
118 952
118 954
118 955
118 957
118 958
118 960
118 965
118 966
118 967
118 968
118 970
118 971
118 973
118 974
118 975
118 976
119 120
119 122
119 124
119 125
119 127
119 358
119 359
119 360
119 363
119 364
119 365
119 366
119 367
119 368
119 369
119 372
119 374
119 377
119 379
119 746
119 749
119 750
119 751
119 752
119 753
119 755
119 756
119 757
119 758
119 762
119 763
119 764
119 765
119 768
119 871
119 872
119 875
119 876
119 877
119 878
119 879
119 880
119 881
119 882
119 885
119 887
119 888
119 889
119 890
119 891
119 899
119 903
119 904
119 905
119 906
119 907
119 908
119 909
119 912
119 913
119 914
119 915
119 916
119 917
119 919
119 920
119 921
119 923
119 924
119 925
119 927
119 929
119 931
119 934
119 936
119 939
119 940
119 941
119 942
119 946
119 947
119 952
119 953
119 954
119 955
119 958
119 959
119 962
119 963
119 967
119 968
119 969
119 970
119 971
119 972
119 973
120 122
120 123
120 124
120 125
120 126
120 360
120 362
120 364
120 367
120 369
120 372
120 374
120 375
120 379
120 380
120 751
120 753
120 754
120 756
120 757
120 758
120 759
120 762
120 763
120 764
120 765
120 767
120 769
120 837
120 871
120 872
120 875
120 877
120 878
120 880
120 881
120 882
120 884
120 885
120 886
120 888
120 889
120 890
120 891
120 899
120 901
120 902
120 903
120 904
120 905
120 906
120 907
120 908
120 909
120 910
120 912
120 913
120 914
120 916
120 917
120 918
120 919
120 921
120 922
120 923
120 925
120 926
120 927
120 928
120 929
120 930
120 938
120 939
120 940
120 941
120 943
120 946
120 950
120 951
120 952
120 953
120 954
120 955
120 956
120 958
120 959
120 961
120 962
120 963
120 964
120 965
120 966
120 967
120 968
120 969
120 970
120 971
120 972
120 973
120 974
120 975
120 976
121 123
121 124
121 125
121 268
121 363
121 365
121 366
121 367
121 368
121 369
121 374
121 375
121 377
121 378
121 379
121 749
121 751
121 753
121 755
121 756
121 757
121 758
121 759
121 761
121 762
121 763
121 768
121 873
121 875
121 876
121 878
121 879
121 881
121 882
121 883
121 884
121 885
121 886
121 887
121 888
121 889
121 890
121 891
121 903
121 905
121 906
121 907
121 908
121 909
121 911
121 912
121 913
121 915
121 916
121 917
121 918
121 920
121 922
121 923
121 924
121 926
121 927
121 929
121 938
121 939
121 940
121 941
121 943
121 944
121 945
121 947
121 948
121 950
121 951
121 952
121 953
121 955
121 958
121 959
121 961
121 963
121 964
121 965
121 966
121 968
121 969
121 970
121 971
121 972
121 974
121 975
122 123
122 124
122 125
122 126
122 128
122 363
122 365
122 367
122 368
122 369
122 372
122 373
122 374
122 375
122 376
122 377
122 378
122 379
122 748
122 752
122 753
122 755
122 756
122 757
122 758
122 760
122 761
122 762
122 763
122 764
122 765
122 766
122 768
122 873
122 874
122 875
122 876
122 877
122 878
122 879
122 881
122 882
122 883
122 884
122 885
122 887
122 888
122 889
122 891
122 902
122 903
122 904
122 905
122 906
122 907
122 909
122 910
122 911
122 912
122 913
122 914
122 915
122 916
122 917
122 919
122 920
122 921
122 923
122 924
122 925
122 926
122 927
122 929
122 930
122 931
122 937
122 941
122 943
122 944
122 945
122 946
122 947
122 948
122 949
122 951
122 952
122 953
122 954
122 955
122 956
122 957
122 958
122 959
122 960
122 962
122 963
122 964
122 966
122 967
122 968
122 969
122 970
122 971
122 972
122 973
122 976
123 124
123 125
123 126
123 127
123 277
123 317
123 359
123 360
123 362
123 364
123 365
123 366
123 367
123 370
123 371
123 372
123 373
123 375
123 376
123 377
123 378
123 379
123 380
123 747
123 750
123 754
123 755
123 756
123 757
123 758
123 759
123 760
123 761
123 763
123 764
123 765
123 766
123 768
123 873
123 874
123 875
123 876
123 877
123 879
123 880
123 881
123 882
123 883
123 885
123 886
123 887
123 888
123 889
123 890
123 891
123 893
123 902
123 905
123 906
123 907
123 908
123 909
123 910
123 911
123 912
123 913
123 914
123 916
123 917
123 918
123 920
123 921
123 922
123 923
123 927
123 928
123 929
123 930
123 931
123 936
123 939
123 940
123 941
123 942
123 943
123 944
123 945
123 946
123 947
123 948
123 949
123 950
123 951
123 953
123 955
123 956
123 957
123 958
123 960
123 961
123 962
123 963
123 964
123 965
123 966
123 967
123 968
123 969
123 970
123 971
123 972
123 973
123 974
123 975
123 976
124 125
124 126
124 359
124 360
124 363
124 364
124 365
124 366
124 367
124 368
124 371
124 372
124 373
124 374
124 375
124 377
124 379
124 748
124 750
124 751
124 752
124 754
124 755
124 756
124 758
124 759
124 760
124 761
124 762
124 764
124 765
124 766
124 767
124 768
124 876
124 877
124 879
124 880
124 882
124 883
124 884
124 885
124 886
124 887
124 888
124 889
124 890
124 891
124 892
124 900
124 903
124 907
124 909
124 910
124 911
124 912
124 913
124 914
124 915
124 916
124 917
124 918
124 919
124 920
124 921
124 922
124 923
124 924
124 925
124 926
124 927
124 928
124 929
124 930
124 931
124 936
124 937
124 938
124 940
124 943
124 944
124 945
124 946
124 947
124 949
124 951
124 952
124 953
124 954
124 955
124 956
124 957
124 958
124 959
124 961
124 962
124 963
124 964
124 965
124 966
124 967
124 968
124 970
124 971
124 973
124 974
124 977
125 126
125 128
125 276
125 357
125 358
125 360
125 362
125 363
125 364
125 365
125 366
125 367
125 368
125 369
125 371
125 372
125 373
125 375
125 376
125 377
125 378
125 379
125 381
125 544
125 749
125 752
125 753
125 754
125 755
125 756
125 758
125 759
125 760
125 761
125 762
125 763
125 764
125 765
125 766
125 767
125 768
125 874
125 876
125 879
125 881
125 882
125 883
125 884
125 885
125 887
125 888
125 890
125 891
125 892
125 900
125 903
125 904
125 906
125 907
125 908
125 909
125 912
125 913
125 914
125 915
125 916
125 918
125 919
125 920
125 921
125 922
125 923
125 924
125 925
125 926
125 927
125 928
125 929
125 930
125 936
125 938
125 939
125 941
125 942
125 943
125 944
125 945
125 946
125 947
125 948
125 949
125 950
125 951
125 952
125 953
125 954
125 955
125 957
125 958
125 959
125 960
125 961
125 962
125 963
125 964
125 965
125 966
125 967
125 969
125 970
125 971
125 972
125 973
125 974
125 975
125 976
126 356
126 360
126 362
126 363
126 364
126 365
126 366
126 367
126 370
126 372
126 373
126 375
126 376
126 377
126 378
126 379
126 380
126 700
126 751
126 757
126 758
126 759
126 760
126 761
126 762
126 763
126 764
126 765
126 766
126 767
126 768
126 873
126 875
126 876
126 877
126 879
126 882
126 883
126 884
126 885
126 886
126 888
126 889
126 890
126 891
126 892
126 899
126 901
126 902
126 904
126 906
126 907
126 908
126 909
126 910
126 911
126 912
126 914
126 916
126 917
126 918
126 920
126 921
126 922
126 923
126 924
126 925
126 926
126 927
126 928
126 929
126 939
126 940
126 941
126 942
126 943
126 944
126 945
126 946
126 947
126 948
126 952
126 953
126 954
126 955
126 956
126 957
126 958
126 959
126 960
126 961
126 962
126 963
126 965
126 966
126 967
126 968
126 969
126 970
126 972
126 974
126 975
126 976
127 366
127 367
127 749
127 753
127 759
127 761
127 763
127 766
127 767
127 871
127 873
127 877
127 881
127 886
127 887
127 889
127 890
127 892
127 900
127 903
127 905
127 906
127 908
127 909
127 913
127 916
127 917
127 921
127 922
127 923
127 925
127 926
127 927
127 928
127 929
127 930
127 939
127 943
127 949
127 951
127 953
127 955
127 956
127 957
127 962
127 965
127 967
127 968
127 971
127 973
127 974
127 975
128 367
128 757
128 880
128 890
128 910
128 925
128 926
128 928
128 929
128 930
128 931
128 947
128 955
128 957
128 964
128 974
129 769
129 921
129 925
129 927
129 929
129 930
129 954
129 958
130 929
130 930
130 973
131 931
139 368
139 881
139 961
139 967
140 758
140 769
140 919
140 922
140 930
140 942
140 945
140 950
140 962
141 369
141 379
141 739
141 757
141 767
141 768
141 913
141 950
141 957
141 968
141 973
142 319
142 364
142 924
142 925
142 928
142 929
142 954
142 963
143 271
143 928
143 931
144 975
154 365
154 929
154 976
155 762
155 763
155 877
155 905
155 929
155 969
155 971
156 238
156 761
156 769
156 923
156 972
157 751
157 926
157 933
164 927
164 968
165 929
167 927
168 934
172 563
174 377
174 753
174 901
174 928
174 952
175 819
175 912
175 920
175 928
175 930
175 974
176 233
176 926
176 928
177 771
179 930
180 930
183 544
188 927
189 928
189 929
190 950
199 642
203 919
203 923
203 925
203 941
204 929
205 591
225 237
225 926
226 947
227 363
227 765
231 376
231 926
231 959
232 366
232 930
233 910
233 972
233 995
234 924
234 933
235 942
252 547
253 930
254 925
254 928
254 929
255 592
257 923
268 746
268 929
268 930
269 370
269 892
269 929
269 930
269 959
270 930
270 931
270 932
270 976
271 958
272 470
275 916
275 950
276 378
276 766
276 909
276 924
276 934
276 951
277 361
277 375
277 760
277 761
277 907
277 910
277 918
277 922
277 923
277 926
277 928
277 937
277 973
278 379
278 752
278 913
278 920
278 921
278 924
278 927
278 928
278 929
278 930
278 952
278 972
278 977
279 390
279 481
279 821
279 927
279 974
280 444
280 533
281 469
281 753
294 856
294 970
295 928
302 910
312 968
313 930
313 931
314 925
317 930
318 763
318 926
318 949
319 930
327 889
329 665
345 926
356 929
356 970
357 359
357 381
357 749
357 763
357 765
357 871
357 874
357 878
357 898
357 913
357 927
357 936
357 937
357 948
357 950
357 958
357 970
358 359
358 361
358 367
358 371
358 376
358 377
358 380
358 383
358 749
358 752
358 757
358 760
358 761
358 765
358 871
358 873
358 879
358 889
358 903
358 909
358 910
358 913
358 915
358 920
358 926
358 928
358 939
358 949
358 959
358 961
358 964
358 966
358 968
358 969
358 972
359 361
359 365
359 367
359 371
359 375
359 750
359 753
359 754
359 757
359 758
359 759
359 766
359 874
359 876
359 880
359 883
359 884
359 887
359 889
359 901
359 908
359 909
359 910
359 913
359 915
359 917
359 918
359 919
359 924
359 927
359 928
359 930
359 940
359 942
359 943
359 948
359 954
359 955
359 959
359 962
359 970
359 971
359 972
359 976
360 361
360 365
360 368
360 369
360 370
360 371
360 376
360 377
360 378
360 379
360 748
360 749
360 752
360 754
360 755
360 756
360 758
360 759
360 761
360 762
360 763
360 767
360 768
360 874
360 878
360 882
360 885
360 887
360 889
360 890
360 900
360 906
360 907
360 909
360 910
360 913
360 918
360 923
360 924
360 925
360 926
360 938
360 941
360 943
360 946
360 947
360 951
360 954
360 956
360 957
360 963
360 966
360 968
360 971
361 362
361 363
361 364
361 373
361 374
361 376
361 377
361 747
361 752
361 754
361 759
361 764
361 765
361 767
361 873
361 875
361 877
361 881
361 882
361 884
361 885
361 886
361 888
361 889
361 890
361 891
361 899
361 901
361 902
361 904
361 905
361 909
361 913
361 914
361 916
361 919
361 923
361 924
361 925
361 927
361 928
361 929
361 930
361 935
361 938
361 939
361 940
361 941
361 943
361 944
361 945
361 946
361 947
361 950
361 951
361 955
361 958
361 961
361 964
361 965
361 966
361 969
361 974
361 975
361 976
362 363
362 364
362 367
362 368
362 370
362 372
362 374
362 377
362 379
362 380
362 751
362 753
362 759
362 760
362 762
362 766
362 767
362 768
362 873
362 875
362 877
362 879
362 882
362 883
362 886
362 889
362 890
362 891
362 899
362 900
362 901
362 902
362 904
362 905
362 907
362 908
362 911
362 913
362 917
362 919
362 920
362 922
362 923
362 926
362 928
362 937
362 942
362 943
362 945
362 947
362 948
362 949
362 950
362 951
362 953
362 956
362 957
362 958
362 960
362 961
362 963
362 964
362 967
362 969
362 970
362 972
362 976
363 364
363 365
363 366
363 367
363 368
363 370
363 375
363 377
363 378
363 380
363 747
363 751
363 752
363 753
363 754
363 756
363 759
363 760
363 767
363 768
363 874
363 875
363 876
363 878
363 882
363 884
363 886
363 887
363 888
363 890
363 891
363 899
363 901
363 904
363 905
363 906
363 908
363 909
363 912
363 919
363 921
363 922
363 923
363 927
363 928
363 929
363 938
363 939
363 941
363 942
363 945
363 946
363 947
363 948
363 949
363 950
363 951
363 952
363 953
363 955
363 956
363 957
363 958
363 959
363 960
363 961
363 962
363 964
363 965
363 966
363 967
363 968
363 970
363 973
363 974
363 975
363 976
364 365
364 366
364 367
364 371
364 375
364 376
364 377
364 378
364 379
364 750
364 751
364 752
364 753
364 754
364 759
364 762
364 763
364 765
364 766
364 767
364 872
364 873
364 876
364 877
364 879
364 882
364 884
364 888
364 889
364 890
364 891
364 900
364 901
364 903
364 904
364 906
364 908
364 909
364 910
364 912
364 914
364 915
364 916
364 917
364 918
364 919
364 920
364 921
364 922
364 924
364 927
364 936
364 938
364 943
364 947
364 948
364 950
364 954
364 956
364 957
364 959
364 960
364 961
364 964
364 965
364 966
364 968
364 970
364 971
364 974
364 975
364 976
365 366
365 367
365 368
365 370
365 371
365 372
365 374
365 376
365 377
365 378
365 379
365 737
365 748
365 751
365 753
365 755
365 756
365 757
365 758
365 759
365 760
365 761
365 762
365 763
365 764
365 765
365 768
365 871
365 877
365 878
365 879
365 880
365 881
365 882
365 883
365 884
365 885
365 886
365 887
365 888
365 889
365 902
365 904
365 905
365 908
365 912
365 913
365 914
365 915
365 916
365 917
365 918
365 919
365 920
365 923
365 924
365 925
365 926
365 927
365 928
365 930
365 936
365 938
365 939
365 940
365 941
365 942
365 944
365 945
365 946
365 947
365 948
365 949
365 950
365 951
365 953
365 954
365 955
365 957
365 958
365 959
365 960
365 961
365 962
365 964
365 965
365 966
365 967
365 968
365 969
365 972
365 973
365 974
365 975
366 367
366 368
366 369
366 373
366 375
366 376
366 377
366 379
366 380
366 747
366 750
366 754
366 755
366 757
366 758
366 759
366 761
366 763
366 767
366 768
366 769
366 871
366 873
366 875
366 876
366 877
366 878
366 879
366 880
366 882
366 883
366 884
366 887
366 888
366 889
366 890
366 891
366 892
366 902
366 903
366 904
366 905
366 906
366 908
366 909
366 910
366 912
366 913
366 914
366 915
366 917
366 918
366 920
366 922
366 923
366 924
366 925
366 927
366 928
366 929
366 930
366 937
366 938
366 940
366 942
366 943
366 944
366 945
366 946
366 947
366 950
366 951
366 952
366 953
366 954
366 955
366 956
366 957
366 958
366 959
366 961
366 963
366 966
366 968
366 969
366 970
366 971
366 974
367 368
367 369
367 370
367 371
367 373
367 374
367 378
367 751
367 753
367 754
367 755
367 756
367 757
367 758
367 759
367 764
367 765
367 766
367 767
367 768
367 769
367 793
367 860
367 874
367 876
367 877
367 879
367 880
367 881
367 882
367 883
367 884
367 885
367 886
367 890
367 891
367 901
367 902
367 903
367 904
367 905
367 906
367 907
367 908
367 909
367 910
367 911
367 913
367 914
367 915
367 916
367 917
367 918
367 919
367 920
367 921
367 922
367 923
367 924
367 925
367 926
367 928
367 929
367 930
367 940
367 941
367 942
367 943
367 945
367 946
367 947
367 948
367 949
367 950
367 951
367 952
367 954
367 955
367 956
367 957
367 958
367 959
367 960
367 961
367 964
367 965
367 967
367 968
367 969
367 970
367 972
367 973
367 974
367 975
368 371
368 373
368 374
368 375
368 376
368 377
368 378
368 379
368 734
368 747
368 750
368 752
368 753
368 754
368 755
368 756
368 757
368 758
368 759
368 760
368 761
368 764
368 765
368 766
368 767
368 768
368 870
368 874
368 875
368 876
368 877
368 878
368 880
368 881
368 882
368 883
368 884
368 885
368 886
368 887
368 888
368 889
368 890
368 891
368 892
368 902
368 903
368 904
368 905
368 906
368 907
368 908
368 909
368 910
368 912
368 913
368 914
368 915
368 916
368 917
368 918
368 920
368 921
368 922
368 923
368 924
368 925
368 926
368 927
368 928
368 929
368 936
368 937
368 942
368 947
368 950
368 951
368 952
368 953
368 954
368 955
368 957
368 958
368 959
368 960
368 961
368 963
368 964
368 965
368 966
368 967
368 968
368 969
368 970
368 971
368 973
368 974
368 975
369 371
369 372
369 374
369 375
369 379
369 751
369 755
369 756
369 757
369 758
369 759
369 762
369 763
369 764
369 767
369 873
369 874
369 878
369 880
369 881
369 882
369 884
369 885
369 887
369 889
369 890
369 908
369 909
369 911
369 912
369 913
369 915
369 916
369 918
369 919
369 921
369 922
369 923
369 924
369 926
369 927
369 928
369 930
369 931
369 941
369 943
369 944
369 946
369 947
369 948
369 949
369 953
369 954
369 955
369 956
369 958
369 959
369 960
369 963
369 964
369 965
369 967
369 968
369 969
369 970
369 972
369 973
369 975
369 979
370 373
370 375
370 377
370 379
370 745
370 747
370 748
370 750
370 752
370 753
370 757
370 759
370 760
370 761
370 765
370 767
370 768
370 871
370 873
370 875
370 877
370 881
370 883
370 887
370 889
370 891
370 892
370 899
370 905
370 906
370 908
370 915
370 916
370 918
370 921
370 924
370 925
370 927
370 929
370 930
370 937
370 939
370 940
370 941
370 942
370 943
370 948
370 951
370 952
370 953
370 956
370 957
370 959
370 963
370 965
370 967
370 968
370 970
370 971
370 972
370 975
370 976
370 991
371 373
371 376
371 379
371 381
371 747
371 749
371 750
371 751
371 753
371 754
371 759
371 765
371 766
371 767
371 873
371 876
371 878
371 879
371 882
371 885
371 899
371 906
371 908
371 910
371 915
371 916
371 917
371 918
371 920
371 921
371 923
371 924
371 925
371 926
371 927
371 930
371 938
371 940
371 941
371 944
371 946
371 947
371 949
371 951
371 953
371 955
371 958
371 965
371 966
371 969
371 971
371 974
371 975
371 981
372 379
372 380
372 750
372 751
372 752
372 755
372 756
372 758
372 759
372 762
372 763
372 764
372 765
372 768
372 872
372 873
372 874
372 876
372 881
372 882
372 884
372 886
372 889
372 890
372 891
372 900
372 902
372 905
372 908
372 909
372 910
372 914
372 915
372 916
372 918
372 919
372 922
372 924
372 926
372 927
372 928
372 929
372 930
372 937
372 940
372 941
372 943
372 944
372 945
372 946
372 947
372 950
372 952
372 953
372 954
372 955
372 957
372 958
372 959
372 961
372 962
372 963
372 968
372 972
372 973
372 974
372 975
372 976
372 982
373 374
373 375
373 379
373 380
373 382
373 591
373 749
373 750
373 751
373 753
373 755
373 756
373 758
373 761
373 762
373 768
373 873
373 876
373 883
373 884
373 885
373 886
373 887
373 889
373 891
373 894
373 899
373 904
373 905
373 907
373 909
373 910
373 911
373 912
373 915
373 916
373 917
373 918
373 923
373 926
373 927
373 928
373 929
373 931
373 935
373 937
373 938
373 939
373 942
373 945
373 948
373 949
373 950
373 951
373 955
373 958
373 959
373 960
373 963
373 965
373 966
373 969
373 970
373 971
373 972
373 974
373 975
374 376
374 377
374 379
374 380
374 747
374 754
374 755
374 756
374 757
374 758
374 759
374 760
374 762
374 763
374 764
374 767
374 871
374 872
374 874
374 875
374 876
374 878
374 879
374 880
374 882
374 885
374 886
374 887
374 889
374 890
374 899
374 901
374 903
374 904
374 906
374 908
374 909
374 910
374 911
374 912
374 917
374 918
374 923
374 924
374 927
374 928
374 930
374 932
374 938
374 939
374 941
374 945
374 946
374 947
374 948
374 951
374 952
374 953
374 954
374 955
374 956
374 957
374 960
374 961
374 963
374 964
374 966
374 967
374 968
374 969
374 970
374 971
374 972
374 974
374 975
374 976
375 376
375 379
375 380
375 589
375 747
375 748
375 749
375 751
375 753
375 756
375 758
375 759
375 761
375 762
375 763
375 764
375 765
375 767
375 768
375 874
375 875
375 876
375 878
375 880
375 882
375 883
375 884
375 885
375 887
375 888
375 889
375 890
375 892
375 900
375 903
375 904
375 905
375 906
375 907
375 910
375 911
375 912
375 915
375 916
375 917
375 918
375 919
375 921
375 922
375 924
375 925
375 927
375 928
375 929
375 930
375 931
375 936
375 937
375 938
375 939
375 940
375 942
375 945
375 946
375 947
375 950
375 951
375 952
375 954
375 956
375 957
375 959
375 960
375 961
375 962
375 963
375 964
375 965
375 966
375 968
375 971
375 972
375 973
375 974
376 377
376 378
376 379
376 380
376 746
376 747
376 749
376 751
376 755
376 756
376 757
376 758
376 761
376 763
376 764
376 765
376 767
376 768
376 871
376 876
376 877
376 878
376 879
376 880
376 881
376 882
376 883
376 884
376 885
376 886
376 888
376 890
376 891
376 892
376 902
376 903
376 905
376 906
376 907
376 908
376 909
376 912
376 913
376 914
376 916
376 918
376 920
376 921
376 923
376 924
376 925
376 927
376 928
376 929
376 931
376 939
376 940
376 941
376 942
376 943
376 944
376 946
376 947
376 948
376 949
376 950
376 951
376 952
376 954
376 955
376 956
376 958
376 959
376 960
376 961
376 962
376 963
376 964
376 965
376 966
376 968
376 971
376 972
376 973
376 975
377 378
377 379
377 748
377 749
377 751
377 752
377 754
377 755
377 756
377 757
377 758
377 760
377 761
377 763
377 764
377 766
377 767
377 768
377 871
377 873
377 874
377 875
377 876
377 877
377 878
377 879
377 880
377 882
377 884
377 886
377 887
377 888
377 889
377 890
377 891
377 901
377 904
377 905
377 906
377 907
377 908
377 911
377 913
377 914
377 915
377 918
377 919
377 920
377 921
377 922
377 926
377 927
377 928
377 929
377 930
377 938
377 939
377 940
377 942
377 943
377 944
377 945
377 946
377 947
377 950
377 951
377 952
377 954
377 955
377 956
377 958
377 959
377 960
377 961
377 962
377 964
377 965
377 966
377 967
377 968
377 969
377 970
377 971
377 972
377 973
378 379
378 748
378 750
378 751
378 752
378 753
378 754
378 755
378 756
378 757
378 758
378 759
378 760
378 762
378 763
378 764
378 765
378 766
378 767
378 768
378 871
378 875
378 876
378 878
378 879
378 880
378 881
378 882
378 883
378 884
378 885
378 886
378 887
378 888
378 889
378 890
378 891
378 892
378 904
378 905
378 906
378 908
378 909
378 912
378 914
378 915
378 916
378 917
378 918
378 919
378 920
378 921
378 922
378 924
378 925
378 927
378 928
378 929
378 930
378 935
378 937
378 938
378 939
378 940
378 942
378 943
378 944
378 945
378 946
378 947
378 948
378 950
378 951
378 952
378 954
378 955
378 956
378 957
378 959
378 960
378 961
378 962
378 963
378 964
378 965
378 967
378 968
378 969
378 970
378 971
378 972
378 974
379 749
379 750
379 751
379 752
379 753
379 754
379 755
379 756
379 757
379 759
379 761
379 762
379 764
379 765
379 766
379 767
379 768
379 872
379 874
379 875
379 876
379 878
379 879
379 880
379 881
379 882
379 884
379 885
379 886
379 887
379 901
379 902
379 903
379 905
379 906
379 907
379 908
379 909
379 910
379 912
379 913
379 914
379 916
379 917
379 918
379 919
379 920
379 921
379 922
379 923
379 924
379 925
379 926
379 927
379 928
379 929
379 930
379 936
379 937
379 938
379 942
379 944
379 945
379 947
379 948
379 949
379 950
379 952
379 953
379 954
379 955
379 956
379 957
379 958
379 959
379 960
379 961
379 962
379 963
379 964
379 965
379 967
379 968
379 969
379 970
379 971
379 972
379 973
379 974
379 975
380 752
380 753
380 755
380 757
380 758
380 759
380 760
380 761
380 762
380 765
380 767
380 768
380 871
380 873
380 876
380 878
380 879
380 880
380 881
380 882
380 886
380 887
380 890
380 891
380 899
380 902
380 903
380 904
380 905
380 906
380 908
380 909
380 910
380 911
380 912
380 913
380 914
380 915
380 919
380 921
380 922
380 923
380 927
380 929
380 931
380 938
380 939
380 943
380 945
380 946
380 948
380 949
380 950
380 951
380 952
380 954
380 955
380 956
380 958
380 959
380 961
380 962
380 963
380 964
380 965
380 966
380 967
380 968
380 969
380 970
380 972
380 974
380 976
381 760
381 762
381 767
381 875
381 879
381 882
381 885
381 889
381 891
381 905
381 909
381 915
381 921
381 924
381 926
381 927
381 929
381 948
381 950
381 958
381 961
381 962
381 964
381 969
381 970
381 971
381 972
381 974
381 975
382 763
382 890
382 925
382 926
382 928
382 930
382 949
382 958
382 960
382 967
382 975
382 976
383 629
383 921
383 926
383 927
383 928
383 978
384 750
384 929
385 770
386 976
388 929
389 398
391 925
395 958
397 930
398 429
399 963
406 930
415 912
419 932
427 924
428 930
430 525
432 926
432 928
433 928
434 929
440 889
441 769
442 927
442 929
443 673
450 879
451 927
451 975
452 926
452 928
453 983
466 921
467 929
467 957
467 976
468 926
468 928
468 954
469 926
469 930
476 925
477 959
478 919
478 928
479 928
479 962
480 961
503 513
504 950
505 930
507 514
511 925
512 927
521 927
523 916
523 926
524 621
524 770
524 918
531 942
532 930
533 928
534 973
539 946
540 878
540 928
540 929
541 762
541 925
542 930
543 546
543 932
543 946
545 882
545 916
545 926
545 929
545 956
545 970
546 929
546 951
546 959
552 929
558 951
561 926
562 928
567 927
568 907
568 931
574 972
575 931
577 955
582 914
583 961
589 953
590 765
590 907
590 926
590 928
591 927
592 701
606 930
606 957
607 924
612 926
614 922
616 928
633 759
634 928
635 720
641 877
646 971
658 765
659 926
664 928
667 968
669 924
671 762
672 768
672 929
672 975
673 926
674 719
675 888
692 929
695 926
698 952
699 767
699 908
699 956
700 925
700 928
700 931
700 946
701 922
701 928
701 974
702 893
703 926
703 979
704 929
706 929
716 926
717 930
718 929
718 952
719 928
724 926
731 965
732 749
732 929
733 930
733 948
733 975
738 767
738 973
739 925
739 927
739 969
740 923
740 929
741 932
746 753
746 875
746 877
746 887
746 911
746 927
746 930
746 940
746 956
746 963
746 966
747 753
747 754
747 755
747 762
747 764
747 765
747 767
747 872
747 881
747 887
747 909
747 911
747 914
747 923
747 930
747 940
747 946
747 949
747 960
747 962
747 970
747 972
747 973
748 749
748 755
748 756
748 761
748 762
748 763
748 764
748 873
748 874
748 880
748 887
748 890
748 900
748 901
748 903
748 905
748 908
748 910
748 918
748 925
748 927
748 929
748 934
748 945
748 946
748 949
748 952
748 959
748 961
748 962
748 963
748 966
748 969
748 970
748 979
749 751
749 755
749 759
749 762
749 763
749 765
749 766
749 768
749 872
749 873
749 874
749 877
749 880
749 881
749 883
749 884
749 888
749 889
749 899
749 901
749 902
749 907
749 908
749 910
749 911
749 913
749 916
749 919
749 922
749 925
749 926
749 928
749 929
749 937
749 938
749 941
749 942
749 954
749 957
749 958
749 959
749 960
749 962
749 964
749 966
749 967
749 968
749 972
749 973
749 974
749 976
750 751
750 754
750 755
750 756
750 757
750 759
750 761
750 763
750 764
750 766
750 767
750 768
750 875
750 878
750 879
750 881
750 882
750 884
750 886
750 889
750 891
750 898
750 900
750 902
750 904
750 906
750 907
750 908
750 910
750 911
750 913
750 916
750 918
750 919
750 920
750 921
750 923
750 924
750 926
750 927
750 928
750 929
750 936
750 939
750 941
750 942
750 943
750 944
750 945
750 947
750 950
750 951
750 952
750 953
750 955
750 956
750 958
750 959
750 963
750 964
750 966
750 967
750 969
750 970
750 975
751 752
751 753
751 754
751 756
751 760
751 762
751 764
751 765
751 766
751 768
751 871
751 874
751 875
751 876
751 878
751 882
751 885
751 886
751 890
751 891
751 899
751 900
751 903
751 904
751 905
751 907
751 909
751 910
751 911
751 913
751 914
751 915
751 916
751 918
751 919
751 921
751 923
751 925
751 927
751 929
751 930
751 936
751 937
751 940
751 941
751 942
751 943
751 946
751 949
751 950
751 951
751 952
751 956
751 957
751 958
751 959
751 960
751 963
751 964
751 965
751 971
751 972
751 973
751 976
752 753
752 754
752 757
752 758
752 759
752 761
752 762
752 763
752 765
752 767
752 768
752 874
752 875
752 877
752 878
752 880
752 883
752 884
752 885
752 886
752 887
752 888
752 900
752 905
752 906
752 907
752 910
752 912
752 913
752 914
752 915
752 916
752 920
752 922
752 923
752 926
752 928
752 929
752 930
752 936
752 938
752 941
752 942
752 944
752 945
752 946
752 949
752 951
752 953
752 954
752 955
752 956
752 958
752 959
752 961
752 962
752 963
752 964
752 965
752 966
752 968
752 970
752 971
752 973
752 974
752 975
753 758
753 760
753 761
753 763
753 764
753 766
753 767
753 768
753 870
753 872
753 874
753 876
753 877
753 878
753 881
753 882
753 885
753 886
753 887
753 888
753 889
753 891
753 902
753 904
753 907
753 909
753 910
753 911
753 912
753 915
753 916
753 919
753 920
753 921
753 923
753 924
753 925
753 926
753 927
753 936
753 938
753 939
753 941
753 943
753 944
753 945
753 946
753 947
753 948
753 949
753 951
753 952
753 953
753 954
753 955
753 956
753 957
753 959
753 961
753 962
753 963
753 964
753 965
753 967
753 968
753 970
753 975
754 757
754 759
754 760
754 761
754 763
754 764
754 765
754 766
754 767
754 768
754 873
754 877
754 878
754 879
754 880
754 882
754 883
754 884
754 885
754 888
754 889
754 891
754 900
754 903
754 905
754 906
754 908
754 909
754 911
754 913
754 914
754 915
754 919
754 920
754 921
754 922
754 924
754 925
754 926
754 927
754 929
754 935
754 937
754 939
754 941
754 942
754 943
754 944
754 945
754 946
754 947
754 948
754 949
754 950
754 951
754 952
754 954
754 955
754 956
754 957
754 958
754 959
754 960
754 961
754 962
754 964
754 965
754 967
754 968
754 969
754 970
754 973
754 974
754 975
754 976
755 756
755 757
755 758
755 759
755 760
755 761
755 762
755 763
755 764
755 765
755 766
755 768
755 769
755 875
755 877
755 879
755 880
755 881
755 883
755 885
755 887
755 888
755 889
755 891
755 899
755 900
755 901
755 902
755 905
755 907
755 908
755 909
755 910
755 911
755 912
755 913
755 914
755 915
755 917
755 919
755 921
755 922
755 923
755 924
755 925
755 926
755 927
755 928
755 929
755 930
755 937
755 938
755 943
755 945
755 946
755 947
755 948
755 949
755 950
755 951
755 953
755 954
755 955
755 956
755 959
755 960
755 961
755 962
755 963
755 965
755 966
755 967
755 969
755 970
755 971
755 972
755 973
755 974
755 975
756 757
756 758
756 759
756 762
756 763
756 764
756 766
756 767
756 768
756 875
756 878
756 879
756 880
756 881
756 882
756 884
756 885
756 886
756 887
756 888
756 889
756 890
756 891
756 905
756 906
756 907
756 908
756 910
756 911
756 912
756 914
756 915
756 916
756 917
756 918
756 919
756 920
756 921
756 922
756 923
756 924
756 925
756 926
756 927
756 929
756 930
756 931
756 940
756 941
756 942
756 943
756 944
756 945
756 946
756 947
756 948
756 949
756 950
756 951
756 952
756 953
756 955
756 956
756 958
756 959
756 960
756 961
756 962
756 963
756 964
756 965
756 966
756 967
756 968
756 969
756 970
756 971
756 972
756 973
756 974
756 975
757 758
757 759
757 760
757 762
757 763
757 765
757 766
757 767
757 768
757 871
757 872
757 873
757 876
757 877
757 878
757 879
757 880
757 881
757 882
757 883
757 884
757 885
757 886
757 887
757 888
757 889
757 890
757 891
757 899
757 901
757 902
757 904
757 905
757 906
757 907
757 909
757 910
757 911
757 912
757 914
757 915
757 916
757 917
757 918
757 919
757 921
757 922
757 923
757 925
757 926
757 927
757 928
757 929
757 930
757 937
757 940
757 941
757 942
757 943
757 944
757 947
757 948
757 950
757 952
757 953
757 954
757 955
757 956
757 957
757 958
757 959
757 960
757 961
757 962
757 963
757 965
757 966
757 967
757 969
757 970
757 971
757 973
757 974
758 760
758 761
758 762
758 764
758 765
758 766
758 767
758 874
758 875
758 876
758 877
758 878
758 879
758 881
758 882
758 883
758 885
758 887
758 888
758 889
758 899
758 900
758 903
758 904
758 905
758 906
758 907
758 908
758 909
758 910
758 911
758 912
758 913
758 914
758 915
758 916
758 917
758 919
758 920
758 921
758 922
758 923
758 924
758 925
758 926
758 927
758 928
758 929
758 930
758 935
758 939
758 942
758 944
758 945
758 947
758 948
758 949
758 950
758 951
758 952
758 953
758 954
758 955
758 956
758 957
758 958
758 959
758 960
758 961
758 962
758 963
758 964
758 965
758 967
758 968
758 969
758 970
758 971
758 972
758 973
758 975
759 760
759 761
759 762
759 763
759 764
759 765
759 766
759 767
759 768
759 872
759 874
759 875
759 876
759 877
759 878
759 879
759 880
759 881
759 883
759 884
759 885
759 886
759 888
759 889
759 890
759 892
759 901
759 903
759 904
759 905
759 906
759 907
759 909
759 910
759 911
759 912
759 913
759 914
759 915
759 916
759 917
759 918
759 919
759 920
759 921
759 922
759 923
759 924
759 925
759 926
759 927
759 928
759 929
759 930
759 936
759 937
759 938
759 941
759 943
759 944
759 945
759 946
759 948
759 949
759 950
759 951
759 952
759 953
759 954
759 955
759 956
759 957
759 958
759 959
759 960
759 961
759 963
759 965
759 966
759 967
759 968
759 969
759 970
759 971
759 972
759 973
759 975
759 976
760 761
760 762
760 763
760 764
760 765
760 766
760 767
760 768
760 873
760 878
760 879
760 880
760 882
760 883
760 884
760 885
760 886
760 887
760 888
760 889
760 890
760 891
760 900
760 901
760 902
760 904
760 905
760 906
760 907
760 908
760 909
760 910
760 911
760 912
760 913
760 914
760 915
760 916
760 917
760 918
760 919
760 920
760 921
760 922
760 923
760 924
760 925
760 926
760 927
760 928
760 929
760 930
760 937
760 938
760 939
760 940
760 941
760 942
760 943
760 944
760 945
760 946
760 947
760 948
760 949
760 950
760 951
760 952
760 953
760 954
760 955
760 956
760 957
760 958
760 959
760 960
760 961
760 962
760 963
760 964
760 965
760 966
760 967
760 968
760 969
760 970
760 971
760 972
760 973
760 974
760 975
760 976
760 982
761 762
761 763
761 764
761 765
761 766
761 767
761 768
761 873
761 876
761 877
761 879
761 880
761 881
761 882
761 883
761 884
761 885
761 886
761 887
761 888
761 889
761 890
761 901
761 902
761 903
761 904
761 906
761 908
761 909
761 910
761 911
761 912
761 913
761 914
761 915
761 916
761 917
761 918
761 919
761 920
761 921
761 922
761 923
761 924
761 925
761 926
761 927
761 928
761 929
761 930
761 935
761 937
761 938
761 940
761 941
761 942
761 943
761 944
761 947
761 948
761 949
761 950
761 951
761 952
761 953
761 954
761 955
761 956
761 957
761 958
761 959
761 960
761 961
761 962
761 963
761 964
761 965
761 966
761 967
761 968
761 969
761 970
761 971
761 972
761 973
761 974
761 975
761 976
761 977
762 763
762 764
762 765
762 766
762 767
762 768
762 874
762 875
762 876
762 877
762 878
762 879
762 880
762 881
762 883
762 884
762 885
762 886
762 887
762 888
762 889
762 890
762 891
762 892
762 900
762 902
762 903
762 904
762 906
762 907
762 908
762 909
762 910
762 911
762 912
762 913
762 914
762 915
762 916
762 917
762 918
762 919
762 920
762 921
762 922
762 923
762 924
762 925
762 926
762 927
762 928
762 929
762 930
762 931
762 935
762 938
762 940
762 942
762 943
762 944
762 945
762 947
762 948
762 949
762 950
762 951
762 952
762 953
762 954
762 955
762 956
762 957
762 958
762 959
762 960
762 961
762 962
762 963
762 964
762 965
762 966
762 967
762 968
762 969
762 970
762 971
762 972
762 973
762 974
762 975
763 764
763 765
763 766
763 767
763 768
763 769
763 871
763 875
763 876
763 877
763 879
763 880
763 881
763 882
763 883
763 884
763 885
763 886
763 887
763 888
763 889
763 890
763 891
763 903
763 904
763 906
763 907
763 908
763 909
763 910
763 911
763 913
763 914
763 915
763 916
763 917
763 918
763 919
763 920
763 921
763 922
763 923
763 924
763 925
763 926
763 927
763 928
763 929
763 930
763 931
763 936
763 937
763 938
763 940
763 941
763 943
763 946
763 947
763 948
763 949
763 950
763 951
763 952
763 953
763 954
763 955
763 956
763 957
763 958
763 960
763 961
763 962
763 963
763 964
763 965
763 966
763 967
763 968
763 969
763 970
763 971
763 972
763 973
763 974
763 975
763 976
764 765
764 766
764 767
764 768
764 872
764 873
764 874
764 875
764 877
764 878
764 879
764 880
764 881
764 882
764 883
764 884
764 885
764 886
764 887
764 888
764 889
764 890
764 891
764 892
764 900
764 902
764 903
764 904
764 905
764 907
764 908
764 909
764 910
764 911
764 912
764 913
764 914
764 915
764 916
764 917
764 918
764 919
764 920
764 921
764 922
764 923
764 924
764 925
764 926
764 927
764 928
764 929
764 930
764 931
764 937
764 939
764 942
764 943
764 944
764 945
764 946
764 947
764 948
764 949
764 950
764 951
764 952
764 953
764 954
764 955
764 956
764 957
764 958
764 959
764 960
764 961
764 962
764 963
764 964
764 965
764 966
764 967
764 968
764 969
764 970
764 971
764 972
764 973
764 974
764 975
764 976
764 978
765 766
765 767
765 768
765 769
765 873
765 879
765 880
765 881
765 882
765 883
765 884
765 885
765 886
765 887
765 888
765 889
765 890
765 891
765 892
765 900
765 902
765 903
765 905
765 906
765 908
765 909
765 910
765 911
765 912
765 913
765 914
765 915
765 916
765 917
765 918
765 919
765 920
765 921
765 922
765 923
765 924
765 925
765 926
765 927
765 928
765 929
765 930
765 931
765 936
765 938
765 939
765 940
765 941
765 942
765 943
765 944
765 945
765 946
765 947
765 948
765 949
765 950
765 951
765 952
765 953
765 954
765 955
765 956
765 957
765 959
765 960
765 961
765 962
765 964
765 965
765 966
765 967
765 968
765 969
765 970
765 971
765 972
765 973
765 974
765 975
765 976
766 767
766 768
766 872
766 876
766 877
766 879
766 880
766 882
766 883
766 885
766 886
766 887
766 888
766 889
766 890
766 891
766 901
766 902
766 903
766 904
766 906
766 908
766 909
766 910
766 911
766 912
766 913
766 914
766 915
766 916
766 917
766 918
766 919
766 920
766 921
766 922
766 923
766 924
766 925
766 926
766 927
766 928
766 929
766 930
766 931
766 936
766 937
766 938
766 941
766 942
766 943
766 945
766 946
766 947
766 948
766 949
766 950
766 951
766 952
766 953
766 954
766 955
766 956
766 957
766 958
766 959
766 960
766 961
766 962
766 963
766 964
766 965
766 966
766 967
766 968
766 969
766 970
766 971
766 972
766 973
766 974
766 975
766 976
767 768
767 870
767 873
767 875
767 876
767 877
767 878
767 879
767 880
767 881
767 883
767 884
767 885
767 886
767 887
767 888
767 889
767 890
767 891
767 898
767 902
767 905
767 906
767 907
767 909
767 910
767 911
767 912
767 913
767 914
767 915
767 916
767 917
767 918
767 919
767 920
767 921
767 922
767 923
767 924
767 925
767 926
767 927
767 928
767 929
767 930
767 931
767 936
767 937
767 943
767 944
767 945
767 946
767 947
767 948
767 949
767 950
767 951
767 952
767 953
767 954
767 955
767 956
767 957
767 958
767 959
767 960
767 961
767 962
767 963
767 964
767 965
767 966
767 967
767 968
767 969
767 970
767 971
767 972
767 973
767 974
767 975
767 976
767 977
768 871
768 873
768 874
768 875
768 877
768 878
768 879
768 880
768 882
768 884
768 885
768 886
768 887
768 888
768 889
768 890
768 891
768 892
768 900
768 901
768 902
768 904
768 905
768 906
768 907
768 908
768 909
768 910
768 911
768 912
768 913
768 914
768 915
768 916
768 917
768 918
768 919
768 920
768 921
768 922
768 923
768 924
768 925
768 926
768 927
768 928
768 929
768 930
768 935
768 939
768 940
768 941
768 942
768 943
768 945
768 946
768 947
768 948
768 949
768 950
768 951
768 952
768 953
768 954
768 955
768 956
768 957
768 958
768 959
768 960
768 961
768 962
768 963
768 964
768 965
768 966
768 967
768 968
768 969
768 970
768 971
768 972
768 973
768 974
768 975
769 891
769 893
769 907
769 922
769 923
769 924
769 925
769 926
769 927
769 928
769 929
769 930
769 931
769 948
769 955
769 969
769 972
769 973
769 974
769 975
770 923
770 926
770 928
770 929
770 930
770 978
771 933
771 978
782 925
790 925
791 975
791 976
792 948
793 956
794 923
803 932
816 930
830 957
838 962
844 941
845 925
852 974
853 930
853 949
854 929
854 978
855 994
859 926
867 928
869 902
870 873
870 874
870 876
870 884
870 901
870 904
870 911
870 918
870 925
870 929
870 964
870 973
870 974
870 975
871 874
871 882
871 888
871 901
871 906
871 910
871 911
871 913
871 919
871 921
871 924
871 925
871 927
871 931
871 936
871 938
871 939
871 941
871 944
871 954
871 973
872 876
872 881
872 888
872 889
872 891
872 900
872 901
872 903
872 905
872 906
872 907
872 909
872 910
872 912
872 916
872 922
872 925
872 928
872 929
872 930
872 939
872 942
872 947
872 950
872 951
872 954
872 956
872 957
872 960
872 963
872 964
872 966
872 968
872 970
872 972
873 874
873 875
873 877
873 879
873 881
873 882
873 883
873 884
873 886
873 887
873 901
873 903
873 905
873 906
873 909
873 911
873 913
873 915
873 918
873 923
873 924
873 926
873 927
873 928
873 936
873 938
873 939
873 940
873 942
873 943
873 944
873 947
873 948
873 949
873 952
873 956
873 957
873 960
873 962
873 967
873 969
873 970
873 973
873 979
874 876
874 877
874 879
874 880
874 881
874 883
874 884
874 885
874 886
874 887
874 889
874 897
874 900
874 903
874 905
874 906
874 907
874 909
874 912
874 913
874 915
874 916
874 917
874 918
874 920
874 922
874 923
874 926
874 927
874 929
874 930
874 936
874 938
874 939
874 940
874 941
874 942
874 943
874 944
874 945
874 946
874 948
874 949
874 952
874 953
874 955
874 956
874 957
874 958
874 960
874 961
874 963
874 964
874 965
874 967
874 968
874 970
874 972
874 973
874 975
875 876
875 877
875 878
875 879
875 880
875 882
875 883
875 884
875 885
875 886
875 887
875 888
875 889
875 900
875 901
875 902
875 905
875 906
875 907
875 908
875 909
875 912
875 913
875 914
875 915
875 916
875 917
875 918
875 919
875 920
875 921
875 922
875 923
875 924
875 925
875 926
875 928
875 929
875 939
875 940
875 941
875 942
875 943
875 945
875 946
875 949
875 950
875 951
875 952
875 959
875 962
875 964
875 965
875 966
875 967
875 968
875 970
875 971
875 972
875 974
875 975
876 879
876 880
876 881
876 887
876 889
876 890
876 891
876 901
876 902
876 903
876 904
876 905
876 906
876 907
876 910
876 911
876 913
876 914
876 916
876 917
876 919
876 920
876 922
876 923
876 924
876 925
876 926
876 927
876 928
876 931
876 936
876 937
876 938
876 939
876 940
876 941
876 942
876 943
876 944
876 946
876 947
876 948
876 949
876 953
876 954
876 955
876 956
876 957
876 959
876 961
876 963
876 965
876 966
876 967
876 968
876 969
876 970
876 971
876 972
876 973
876 974
876 976
877 878
877 879
877 880
877 881
877 882
877 884
877 885
877 887
877 888
877 889
877 890
877 891
877 901
877 903
877 904
877 905
877 906
877 907
877 908
877 912
877 914
877 915
877 916
877 917
877 918
877 919
877 920
877 921
877 922
877 924
877 925
877 928
877 929
877 930
877 931
877 939
877 943
877 944
877 945
877 946
877 947
877 948
877 950
877 951
877 953
877 955
877 956
877 957
877 961
877 965
877 966
877 967
877 969
877 971
877 972
877 973
877 976
878 879
878 880
878 881
878 882
878 883
878 885
878 886
878 887
878 888
878 890
878 891
878 899
878 902
878 904
878 905
878 907
878 908
878 909
878 910
878 912
878 914
878 918
878 920
878 921
878 922
878 923
878 924
878 926
878 927
878 928
878 929
878 931
878 937
878 940
878 941
878 942
878 943
878 944
878 945
878 946
878 947
878 948
878 949
878 951
878 953
878 954
878 956
878 957
878 959
878 960
878 961
878 962
878 963
878 964
878 965
878 967
878 968
878 969
878 970
878 971
878 972
878 973
878 974
879 880
879 881
879 882
879 883
879 884
879 885
879 886
879 889
879 891
879 893
879 899
879 900
879 901
879 902
879 903
879 904
879 905
879 906
879 907
879 908
879 909
879 910
879 911
879 912
879 913
879 914
879 916
879 917
879 918
879 919
879 920
879 921
879 923
879 924
879 927
879 928
879 929
879 930
879 939
879 940
879 941
879 942
879 943
879 944
879 945
879 946
879 947
879 948
879 949
879 950
879 951
879 953
879 954
879 955
879 956
879 957
879 958
879 959
879 960
879 961
879 962
879 963
879 964
879 965
879 967
879 968
879 969
879 970
879 971
879 972
879 973
879 974
880 881
880 882
880 883
880 884
880 885
880 886
880 887
880 888
880 889
880 890
880 900
880 903
880 904
880 905
880 906
880 907
880 908
880 909
880 910
880 911
880 912
880 913
880 915
880 916
880 917
880 918
880 919
880 920
880 921
880 923
880 924
880 926
880 927
880 928
880 929
880 930
880 936
880 937
880 938
880 939
880 940
880 944
880 946
880 947
880 948
880 949
880 950
880 951
880 952
880 955
880 956
880 957
880 958
880 959
880 961
880 962
880 964
880 965
880 966
880 967
880 968
880 969
880 970
880 971
880 972
880 973
880 974
880 984
881 882
881 883
881 884
881 885
881 886
881 887
881 888
881 889
881 890
881 891
881 900
881 902
881 903
881 904
881 905
881 906
881 907
881 908
881 909
881 910
881 911
881 912
881 913
881 914
881 915
881 916
881 917
881 919
881 920
881 921
881 923
881 924
881 925
881 926
881 927
881 928
881 929
881 930
881 931
881 935
881 938
881 940
881 941
881 942
881 943
881 944
881 945
881 948
881 949
881 950
881 951
881 952
881 954
881 955
881 956
881 957
881 958
881 959
881 960
881 961
881 962
881 963
881 964
881 965
881 966
881 967
881 968
881 969
881 970
881 971
881 972
881 973
881 974
881 975
882 883
882 884
882 885
882 886
882 888
882 889
882 890
882 891
882 899
882 905
882 906
882 908
882 909
882 910
882 911
882 912
882 913
882 914
882 915
882 916
882 917
882 918
882 919
882 920
882 921
882 922
882 923
882 924
882 925
882 927
882 928
882 929
882 930
882 935
882 936
882 939
882 940
882 941
882 942
882 943
882 944
882 945
882 946
882 947
882 948
882 949
882 950
882 951
882 952
882 953
882 954
882 955
882 956
882 957
882 958
882 959
882 960
882 961
882 962
882 963
882 964
882 965
882 966
882 967
882 968
882 969
882 970
882 971
882 972
882 973
882 974
882 975
882 976
883 884
883 885
883 886
883 887
883 888
883 889
883 890
883 891
883 900
883 903
883 906
883 907
883 910
883 911
883 912
883 913
883 914
883 918
883 919
883 920
883 921
883 922
883 924
883 925
883 927
883 928
883 929
883 930
883 938
883 939
883 942
883 943
883 944
883 945
883 946
883 947
883 948
883 949
883 950
883 951
883 952
883 953
883 954
883 955
883 956
883 957
883 958
883 959
883 960
883 962
883 963
883 964
883 966
883 967
883 968
883 969
883 970
883 971
883 972
883 973
883 974
883 975
883 976
884 885
884 886
884 887
884 889
884 890
884 891
884 892
884 905
884 906
884 907
884 908
884 909
884 910
884 911
884 912
884 913
884 914
884 915
884 916
884 917
884 918
884 919
884 920
884 921
884 922
884 923
884 924
884 925
884 926
884 927
884 928
884 929
884 930
884 936
884 937
884 939
884 940
884 941
884 944
884 945
884 946
884 947
884 948
884 949
884 950
884 951
884 952
884 953
884 954
884 955
884 956
884 957
884 958
884 959
884 960
884 961
884 962
884 963
884 964
884 965
884 966
884 967
884 968
884 969
884 970
884 971
884 972
884 973
884 974
884 975
884 976
885 886
885 887
885 888
885 889
885 890
885 891
885 892
885 899
885 900
885 901
885 902
885 904
885 905
885 907
885 908
885 909
885 910
885 911
885 912
885 913
885 914
885 915
885 916
885 917
885 918
885 919
885 921
885 922
885 923
885 924
885 925
885 926
885 927
885 928
885 929
885 930
885 931
885 937
885 939
885 944
885 945
885 946
885 947
885 948
885 949
885 950
885 951
885 952
885 953
885 954
885 955
885 956
885 957
885 958
885 959
885 961
885 962
885 963
885 964
885 965
885 966
885 967
885 968
885 969
885 970
885 971
885 972
885 973
885 974
885 975
886 887
886 888
886 889
886 890
886 891
886 902
886 903
886 904
886 905
886 906
886 907
886 908
886 909
886 910
886 911
886 912
886 913
886 914
886 915
886 916
886 917
886 918
886 919
886 920
886 921
886 922
886 923
886 924
886 925
886 926
886 927
886 928
886 929
886 930
886 931
886 935
886 937
886 938
886 939
886 942
886 943
886 944
886 945
886 946
886 947
886 948
886 949
886 951
886 952
886 953
886 954
886 955
886 956
886 957
886 958
886 959
886 960
886 961
886 962
886 963
886 964
886 965
886 966
886 967
886 968
886 969
886 970
886 971
886 972
886 973
886 974
886 975
886 976
887 888
887 889
887 890
887 891
887 892
887 900
887 902
887 904
887 905
887 906
887 908
887 909
887 910
887 911
887 912
887 913
887 914
887 915
887 916
887 917
887 918
887 919
887 920
887 921
887 922
887 923
887 924
887 925
887 926
887 927
887 928
887 929
887 930
887 938
887 939
887 940
887 941
887 942
887 943
887 946
887 947
887 948
887 949
887 950
887 951
887 952
887 953
887 954
887 955
887 956
887 957
887 958
887 959
887 960
887 961
887 962
887 963
887 964
887 965
887 966
887 967
887 968
887 969
887 970
887 971
887 972
887 973
887 974
887 975
887 976
887 988
887 993
888 889
888 890
888 891
888 902
888 903
888 906
888 907
888 908
888 909
888 910
888 911
888 912
888 913
888 914
888 915
888 916
888 917
888 918
888 919
888 920
888 921
888 922
888 923
888 924
888 925
888 926
888 927
888 928
888 929
888 930
888 938
888 939
888 940
888 941
888 942
888 943
888 944
888 945
888 946
888 947
888 948
888 949
888 950
888 951
888 952
888 953
888 954
888 955
888 956
888 957
888 958
888 959
888 960
888 961
888 962
888 963
888 964
888 965
888 966
888 967
888 968
888 969
888 970
888 971
888 972
888 973
888 974
888 975
888 978
889 890
889 891
889 892
889 895
889 901
889 902
889 903
889 905
889 906
889 907
889 908
889 909
889 910
889 911
889 912
889 913
889 914
889 915
889 916
889 917
889 918
889 919
889 920
889 921
889 922
889 923
889 924
889 925
889 926
889 927
889 928
889 929
889 930
889 931
889 932
889 935
889 937
889 940
889 941
889 945
889 946
889 947
889 948
889 949
889 950
889 951
889 952
889 953
889 954
889 955
889 956
889 957
889 958
889 959
889 960
889 961
889 963
889 964
889 965
889 966
889 967
889 968
889 969
889 970
889 971
889 972
889 973
889 974
889 975
890 891
890 892
890 893
890 899
890 902
890 904
890 905
890 906
890 907
890 908
890 909
890 910
890 911
890 912
890 913
890 914
890 915
890 916
890 917
890 918
890 919
890 920
890 921
890 922
890 923
890 924
890 925
890 926
890 927
890 928
890 929
890 930
890 931
890 932
890 936
890 937
890 940
890 943
890 945
890 946
890 947
890 948
890 949
890 950
890 951
890 952
890 953
890 954
890 955
890 956
890 957
890 958
890 959
890 960
890 962
890 963
890 964
890 965
890 966
890 967
890 968
890 969
890 970
890 971
890 972
890 973
890 974
890 975
890 976
890 977
890 980
891 892
891 898
891 901
891 903
891 904
891 906
891 907
891 908
891 909
891 910
891 911
891 912
891 913
891 914
891 915
891 916
891 917
891 918
891 919
891 920
891 921
891 922
891 923
891 924
891 925
891 926
891 927
891 928
891 929
891 930
891 931
891 937
891 940
891 942
891 943
891 945
891 946
891 947
891 948
891 949
891 950
891 951
891 952
891 953
891 954
891 955
891 956
891 957
891 958
891 959
891 960
891 961
891 963
891 964
891 965
891 966
891 967
891 968
891 969
891 970
891 971
891 972
891 973
891 974
891 975
891 976
892 893
892 907
892 909
892 910
892 914
892 918
892 919
892 920
892 921
892 922
892 923
892 924
892 925
892 926
892 927
892 928
892 929
892 930
892 931
892 942
892 948
892 949
892 951
892 952
892 953
892 954
892 955
892 956
892 957
892 959
892 960
892 962
892 963
892 965
892 967
892 969
892 971
892 972
892 973
892 974
892 975
893 922
893 923
893 924
893 927
893 928
893 929
893 930
893 931
893 957
893 972
894 928
894 929
894 931
894 961
894 972
898 900
898 916
898 920
898 924
898 936
898 939
898 943
898 946
898 947
898 948
898 951
898 966
899 902
899 907
899 908
899 909
899 913
899 915
899 921
899 924
899 930
899 937
899 939
899 948
899 961
899 965
899 968
899 972
899 973
899 975
900 901
900 905
900 906
900 915
900 916
900 917
900 924
900 926
900 929
900 940
900 944
900 945
900 946
900 949
900 952
900 953
900 955
900 957
900 966
900 967
900 970
900 974
900 975
900 977
901 902
901 903
901 907
901 908
901 909
901 910
901 912
901 913
901 916
901 918
901 919
901 920
901 921
901 923
901 927
901 928
901 931
901 939
901 940
901 941
901 942
901 943
901 944
901 945
901 946
901 948
901 950
901 955
901 956
901 958
901 959
901 962
901 966
901 969
901 971
901 972
902 903
902 904
902 905
902 906
902 908
902 911
902 913
902 914
902 917
902 918
902 919
902 921
902 922
902 925
902 926
902 929
902 930
902 937
902 939
902 940
902 944
902 945
902 946
902 947
902 952
902 953
902 955
902 958
902 959
902 960
902 962
902 963
902 964
902 966
902 971
902 974
903 904
903 905
903 906
903 907
903 908
903 909
903 911
903 912
903 913
903 914
903 915
903 916
903 917
903 918
903 919
903 922
903 923
903 924
903 925
903 926
903 927
903 930
903 937
903 938
903 940
903 941
903 942
903 943
903 944
903 947
903 949
903 950
903 951
903 952
903 953
903 955
903 957
903 958
903 959
903 960
903 961
903 963
903 964
903 965
903 966
903 967
903 968
903 969
903 970
903 971
903 972
903 973
903 974
904 905
904 908
904 910
904 911
904 912
904 914
904 917
904 918
904 919
904 920
904 921
904 922
904 924
904 925
904 927
904 929
904 930
904 938
904 939
904 942
904 943
904 944
904 945
904 946
904 947
904 948
904 949
904 950
904 951
904 952
904 953
904 954
904 955
904 956
904 957
904 958
904 959
904 960
904 961
904 963
904 965
904 966
904 968
904 971
904 972
904 973
904 975
905 906
905 908
905 910
905 911
905 912
905 913
905 915
905 916
905 917
905 918
905 922
905 924
905 925
905 926
905 927
905 928
905 930
905 935
905 940
905 941
905 942
905 943
905 944
905 945
905 947
905 948
905 949
905 950
905 951
905 952
905 953
905 954
905 955
905 956
905 957
905 958
905 959
905 960
905 961
905 962
905 963
905 964
905 965
905 968
905 969
905 970
905 971
905 975
906 907
906 909
906 910
906 911
906 912
906 913
906 914
906 915
906 916
906 917
906 918
906 919
906 920
906 921
906 922
906 923
906 925
906 926
906 927
906 930
906 935
906 938
906 939
906 940
906 941
906 943
906 944
906 945
906 946
906 947
906 949
906 950
906 951
906 954
906 956
906 957
906 958
906 959
906 960
906 961
906 962
906 963
906 964
906 965
906 966
906 967
906 968
906 970
906 974
906 975
906 976
906 980
907 908
907 909
907 911
907 912
907 914
907 915
907 916
907 917
907 918
907 919
907 920
907 922
907 923
907 926
907 927
907 928
907 930
907 939
907 940
907 941
907 942
907 943
907 945
907 947
907 948
907 949
907 950
907 951
907 952
907 953
907 954
907 955
907 956
907 957
907 958
907 959
907 961
907 962
907 963
907 964
907 965
907 966
907 967
907 968
907 969
907 970
907 971
907 972
907 973
907 975
908 909
908 910
908 911
908 912
908 913
908 914
908 915
908 916
908 917
908 918
908 919
908 920
908 921
908 922
908 923
908 924
908 925
908 927
908 929
908 930
908 937
908 938
908 940
908 941
908 942
908 944
908 945
908 946
908 947
908 948
908 949
908 952
908 953
908 954
908 955
908 956
908 957
908 958
908 959
908 960
908 961
908 962
908 963
908 964
908 965
908 966
908 967
908 968
908 969
908 970
908 971
908 973
908 974
908 975
908 976
909 910
909 912
909 913
909 914
909 915
909 916
909 917
909 919
909 920
909 921
909 922
909 923
909 925
909 926
909 927
909 928
909 929
909 930
909 937
909 939
909 940
909 941
909 942
909 943
909 944
909 945
909 946
909 947
909 948
909 950
909 951
909 952
909 953
909 954
909 955
909 956
909 957
909 958
909 959
909 960
909 961
909 962
909 963
909 964
909 965
909 966
909 967
909 968
909 969
909 970
909 971
909 972
909 973
909 975
909 976
910 911
910 912
910 913
910 914
910 915
910 916
910 917
910 918
910 919
910 920
910 921
910 922
910 923
910 924
910 925
910 926
910 927
910 928
910 929
910 930
910 931
910 937
910 938
910 940
910 941
910 943
910 944
910 945
910 946
910 947
910 949
910 950
910 951
910 953
910 954
910 955
910 956
910 957
910 958
910 959
910 960
910 961
910 962
910 963
910 964
910 965
910 966
910 967
910 968
910 970
910 971
910 972
910 973
910 974
910 975
910 976
910 977
911 912
911 913
911 914
911 915
911 916
911 917
911 918
911 919
911 920
911 921
911 922
911 923
911 924
911 925
911 926
911 927
911 928
911 929
911 930
911 931
911 937
911 941
911 943
911 944
911 946
911 947
911 948
911 949
911 950
911 951
911 952
911 953
911 954
911 955
911 956
911 957
911 958
911 959
911 960
911 961
911 962
911 963
911 964
911 966
911 967
911 968
911 969
911 970
911 971
911 972
911 973
911 974
911 975
912 913
912 915
912 916
912 917
912 918
912 919
912 920
912 921
912 922
912 923
912 924
912 925
912 926
912 927
912 928
912 929
912 930
912 931
912 937
912 938
912 939
912 942
912 943
912 944
912 945
912 946
912 947
912 948
912 950
912 951
912 952
912 953
912 954
912 955
912 956
912 957
912 958
912 959
912 961
912 962
912 963
912 964
912 965
912 966
912 967
912 968
912 969
912 970
912 971
912 972
912 973
912 974
912 975
913 914
913 915
913 917
913 918
913 919
913 920
913 921
913 922
913 923
913 924
913 925
913 926
913 927
913 928
913 929
913 930
913 936
913 939
913 940
913 941
913 942
913 943
913 944
913 945
913 947
913 949
913 950
913 951
913 952
913 953
913 954
913 955
913 956
913 957
913 958
913 959
913 961
913 962
913 963
913 964
913 965
913 966
913 967
913 968
913 969
913 970
913 971
913 972
913 973
913 974
913 975
913 976
914 915
914 916
914 917
914 918
914 919
914 920
914 921
914 922
914 923
914 924
914 925
914 926
914 927
914 928
914 929
914 930
914 936
914 937
914 938
914 940
914 941
914 942
914 945
914 946
914 947
914 948
914 949
914 950
914 951
914 952
914 953
914 954
914 955
914 956
914 957
914 958
914 959
914 960
914 961
914 962
914 963
914 964
914 965
914 966
914 967
914 968
914 969
914 970
914 971
914 972
914 973
914 974
914 975
914 976
914 977
914 979
915 916
915 917
915 918
915 919
915 920
915 921
915 922
915 923
915 924
915 925
915 926
915 927
915 928
915 929
915 930
915 931
915 938
915 939
915 941
915 942
915 943
915 944
915 945
915 946
915 948
915 949
915 950
915 951
915 952
915 953
915 954
915 955
915 956
915 957
915 958
915 959
915 960
915 961
915 962
915 963
915 964
915 965
915 966
915 967
915 968
915 969
915 970
915 971
915 972
915 973
915 974
915 975
915 976
915 980
916 917
916 918
916 919
916 920
916 921
916 922
916 923
916 924
916 925
916 926
916 927
916 928
916 929
916 930
916 931
916 938
916 939
916 940
916 942
916 943
916 944
916 945
916 946
916 947
916 948
916 949
916 950
916 951
916 952
916 953
916 954
916 955
916 956
916 957
916 958
916 959
916 960
916 961
916 962
916 963
916 964
916 965
916 966
916 967
916 968
916 969
916 970
916 971
916 972
916 973
916 974
916 975
916 976
916 979
916 980
917 918
917 919
917 920
917 921
917 922
917 923
917 924
917 925
917 926
917 927
917 928
917 929
917 930
917 931
917 938
917 940
917 941
917 942
917 943
917 944
917 947
917 948
917 949
917 950
917 951
917 952
917 953
917 954
917 955
917 956
917 957
917 958
917 959
917 960
917 961
917 962
917 963
917 964
917 965
917 966
917 967
917 968
917 969
917 970
917 971
917 972
917 973
917 974
917 975
917 976
917 977
918 919
918 920
918 921
918 922
918 923
918 924
918 925
918 926
918 927
918 928
918 929
918 930
918 931
918 937
918 938
918 939
918 941
918 943
918 944
918 945
918 946
918 947
918 948
918 949
918 950
918 951
918 952
918 953
918 954
918 955
918 956
918 957
918 958
918 959
918 960
918 961
918 962
918 963
918 964
918 965
918 966
918 967
918 968
918 969
918 970
918 971
918 972
918 973
918 974
918 975
918 976
919 920
919 921
919 922
919 923
919 924
919 925
919 926
919 927
919 928
919 929
919 930
919 931
919 936
919 938
919 939
919 941
919 942
919 943
919 944
919 945
919 946
919 947
919 948
919 949
919 950
919 951
919 952
919 953
919 954
919 955
919 956
919 957
919 958
919 959
919 960
919 961
919 962
919 963
919 964
919 965
919 966
919 967
919 968
919 969
919 970
919 971
919 972
919 973
919 974
919 975
919 976
919 977
920 921
920 922
920 923
920 924
920 925
920 926
920 927
920 928
920 929
920 930
920 931
920 939
920 942
920 943
920 944
920 945
920 946
920 947
920 948
920 949
920 950
920 951
920 952
920 953
920 954
920 955
920 956
920 957
920 958
920 959
920 960
920 961
920 962
920 963
920 964
920 965
920 966
920 967
920 968
920 969
920 970
920 971
920 972
920 973
920 974
920 975
920 976
921 922
921 923
921 924
921 925
921 926
921 927
921 928
921 929
921 930
921 931
921 939
921 940
921 941
921 942
921 943
921 944
921 945
921 946
921 947
921 948
921 949
921 950
921 951
921 952
921 953
921 954
921 955
921 956
921 957
921 958
921 960
921 961
921 963
921 964
921 965
921 966
921 967
921 968
921 969
921 970
921 971
921 972
921 973
921 974
921 975
921 976
921 981
922 923
922 924
922 925
922 926
922 927
922 928
922 929
922 930
922 931
922 935
922 939
922 940
922 941
922 942
922 943
922 945
922 946
922 947
922 948
922 949
922 950
922 951
922 952
922 953
922 954
922 955
922 956
922 957
922 958
922 959
922 960
922 961
922 962
922 963
922 964
922 965
922 966
922 967
922 968
922 969
922 970
922 971
922 972
922 973
922 974
922 975
922 976
922 977
922 980
922 982
922 994
923 924
923 925
923 926
923 927
923 928
923 929
923 930
923 931
923 935
923 939
923 940
923 941
923 942
923 943
923 945
923 946
923 947
923 948
923 949
923 951
923 952
923 953
923 954
923 955
923 956
923 957
923 958
923 959
923 960
923 962
923 963
923 964
923 965
923 966
923 967
923 968
923 969
923 970
923 971
923 972
923 973
923 974
923 975
923 977
924 925
924 926
924 927
924 928
924 929
924 930
924 931
924 935
924 936
924 941
924 942
924 943
924 944
924 945
924 946
924 947
924 948
924 949
924 950
924 951
924 952
924 953
924 954
924 955
924 956
924 957
924 958
924 959
924 960
924 961
924 963
924 964
924 965
924 966
924 967
924 968
924 969
924 970
924 971
924 972
924 973
924 974
924 975
924 976
925 926
925 927
925 928
925 929
925 930
925 931
925 932
925 938
925 939
925 941
925 943
925 944
925 945
925 946
925 947
925 948
925 949
925 950
925 951
925 952
925 953
925 954
925 955
925 956
925 957
925 958
925 959
925 960
925 961
925 962
925 963
925 964
925 965
925 966
925 967
925 968
925 969
925 970
925 971
925 972
925 973
925 974
925 975
925 976
925 977
925 981
926 927
926 928
926 929
926 930
926 931
926 937
926 938
926 939
926 941
926 942
926 943
926 944
926 945
926 946
926 947
926 948
926 949
926 950
926 951
926 952
926 953
926 954
926 955
926 956
926 957
926 958
926 959
926 960
926 962
926 963
926 964
926 965
926 966
926 967
926 968
926 969
926 970
926 971
926 972
926 973
926 974
926 975
926 976
926 977
926 981
926 990
927 928
927 929
927 930
927 931
927 932
927 936
927 937
927 938
927 940
927 941
927 942
927 943
927 946
927 947
927 949
927 950
927 951
927 952
927 953
927 954
927 955
927 956
927 957
927 958
927 959
927 960
927 962
927 963
927 964
927 965
927 966
927 967
927 968
927 969
927 970
927 971
927 972
927 973
927 974
927 975
927 976
927 977
927 978
927 981
927 982
928 929
928 930
928 931
928 936
928 938
928 940
928 941
928 943
928 944
928 945
928 946
928 947
928 948
928 949
928 950
928 951
928 952
928 953
928 954
928 955
928 956
928 957
928 958
928 959
928 960
928 961
928 962
928 963
928 964
928 965
928 966
928 967
928 968
928 969
928 970
928 971
928 972
928 973
928 974
928 975
928 976
928 977
928 978
929 930
929 931
929 932
929 938
929 939
929 941
929 942
929 943
929 944
929 945
929 946
929 947
929 948
929 949
929 950
929 951
929 952
929 953
929 954
929 955
929 956
929 957
929 958
929 959
929 960
929 961
929 962
929 963
929 964
929 965
929 966
929 967
929 968
929 969
929 970
929 971
929 972
929 973
929 974
929 975
929 976
929 977
929 982
929 983
930 931
930 932
930 935
930 937
930 940
930 941
930 942
930 944
930 945
930 946
930 947
930 948
930 949
930 950
930 951
930 952
930 953
930 954
930 955
930 956
930 957
930 958
930 959
930 960
930 961
930 962
930 963
930 964
930 965
930 966
930 967
930 968
930 969
930 970
930 971
930 972
930 973
930 974
930 975
930 976
930 977
930 979
931 932
931 938
931 948
931 949
931 950
931 952
931 954
931 955
931 957
931 958
931 959
931 960
931 962
931 963
931 964
931 966
931 967
931 969
931 970
931 971
931 972
931 973
931 974
931 975
931 977
932 973
932 974
932 975
933 971
934 946
935 937
935 942
935 946
935 949
935 956
935 958
935 966
935 970
936 949
936 951
936 952
936 954
936 955
936 960
936 965
936 970
936 971
936 972
936 976
937 938
937 942
937 945
937 947
937 949
937 950
937 952
937 953
937 954
937 955
937 956
937 957
937 958
937 960
937 964
937 965
937 966
937 973
937 974
937 975
938 941
938 945
938 948
938 949
938 950
938 951
938 952
938 955
938 967
938 969
938 970
938 972
938 973
938 974
939 941
939 942
939 943
939 945
939 950
939 952
939 954
939 956
939 958
939 963
939 964
939 965
939 967
939 968
939 969
939 970
939 971
939 973
939 974
939 976
939 977
940 941
940 942
940 943
940 945
940 946
940 948
940 950
940 951
940 953
940 956
940 957
940 963
940 964
940 969
940 970
940 971
940 972
940 973
940 975
941 943
941 944
941 945
941 947
941 948
941 949
941 950
941 952
941 953
941 955
941 956
941 957
941 959
941 960
941 961
941 962
941 963
941 966
941 967
941 968
941 969
941 970
941 973
942 944
942 945
942 946
942 947
942 948
942 950
942 953
942 955
942 956
942 958
942 959
942 960
942 962
942 963
942 965
942 966
942 967
942 968
942 969
942 970
942 971
942 973
942 974
942 975
943 944
943 945
943 947
943 950
943 951
943 952
943 953
943 954
943 956
943 957
943 958
943 959
943 960
943 961
943 964
943 966
943 967
943 968
943 970
943 971
943 972
943 974
943 975
943 976
944 945
944 946
944 947
944 948
944 949
944 950
944 951
944 952
944 953
944 954
944 955
944 956
944 957
944 958
944 960
944 961
944 962
944 963
944 964
944 965
944 966
944 967
944 968
944 969
944 970
944 971
944 972
944 973
944 974
944 975
945 947
945 949
945 950
945 951
945 952
945 953
945 954
945 955
945 956
945 957
945 958
945 960
945 961
945 962
945 963
945 964
945 965
945 966
945 967
945 968
945 969
945 970
945 971
945 972
945 973
945 974
945 975
945 976
946 947
946 948
946 949
946 951
946 952
946 954
946 955
946 956
946 957
946 958
946 959
946 960
946 961
946 963
946 964
946 965
946 966
946 967
946 969
946 970
946 971
946 972
946 973
946 974
946 975
947 948
947 949
947 950
947 951
947 952
947 953
947 954
947 955
947 956
947 957
947 958
947 959
947 961
947 962
947 963
947 964
947 965
947 966
947 967
947 968
947 969
947 970
947 971
947 972
947 973
947 974
948 949
948 950
948 951
948 952
948 953
948 954
948 955
948 956
948 957
948 958
948 959
948 962
948 963
948 965
948 966
948 967
948 968
948 969
948 970
948 971
948 972
948 973
948 974
948 975
948 976
948 979
949 950
949 951
949 952
949 953
949 954
949 955
949 956
949 958
949 959
949 961
949 963
949 964
949 965
949 966
949 967
949 968
949 969
949 970
949 971
949 972
949 973
949 974
949 975
949 978
950 951
950 952
950 953
950 954
950 955
950 956
950 957
950 958
950 959
950 960
950 961
950 963
950 964
950 965
950 966
950 967
950 968
950 969
950 970
950 971
950 972
950 973
950 974
950 975
951 952
951 953
951 954
951 955
951 956
951 957
951 958
951 959
951 960
951 961
951 962
951 963
951 964
951 965
951 966
951 967
951 968
951 969
951 970
951 971
951 972
951 973
951 974
951 975
951 976
951 977
951 979
951 980
952 953
952 954
952 955
952 956
952 957
952 958
952 960
952 961
952 962
952 963
952 965
952 966
952 967
952 968
952 969
952 970
952 971
952 972
952 973
952 974
952 975
953 954
953 955
953 956
953 957
953 958
953 959
953 960
953 961
953 962
953 963
953 964
953 965
953 966
953 967
953 968
953 969
953 970
953 971
953 972
953 973
953 974
953 975
953 976
954 955
954 956
954 957
954 958
954 959
954 960
954 961
954 962
954 963
954 964
954 965
954 966
954 967
954 968
954 969
954 970
954 971
954 972
954 973
954 974
954 975
955 956
955 957
955 958
955 959
955 960
955 961
955 962
955 963
955 964
955 965
955 966
955 967
955 968
955 969
955 970
955 971
955 972
955 973
955 974
955 975
955 976
956 957
956 958
956 959
956 960
956 961
956 962
956 963
956 964
956 965
956 966
956 967
956 968
956 969
956 970
956 971
956 972
956 973
956 974
956 975
956 976
957 958
957 959
957 960
957 961
957 962
957 963
957 964
957 965
957 966
957 967
957 968
957 969
957 970
957 971
957 972
957 973
957 974
957 975
957 976
957 977
958 959
958 960
958 961
958 962
958 963
958 964
958 965
958 966
958 967
958 968
958 969
958 970
958 971
958 972
958 973
958 974
958 975
958 976
958 981
959 960
959 963
959 964
959 965
959 966
959 968
959 969
959 970
959 971
959 972
959 973
959 974
959 975
959 976
960 961
960 962
960 963
960 964
960 965
960 966
960 967
960 968
960 969
960 970
960 971
960 972
960 973
960 974
960 975
960 976
961 962
961 963
961 964
961 965
961 966
961 967
961 968
961 969
961 970
961 971
961 972
961 973
961 974
961 978
962 963
962 964
962 965
962 966
962 967
962 968
962 969
962 970
962 971
962 972
962 973
962 974
962 975
962 978
963 964
963 965
963 966
963 967
963 968
963 969
963 970
963 971
963 972
963 973
963 974
963 975
964 965
964 966
964 967
964 968
964 969
964 970
964 971
964 972
964 973
964 974
964 975
965 966
965 967
965 968
965 969
965 970
965 971
965 972
965 973
965 974
965 975
965 976
966 967
966 968
966 969
966 970
966 971
966 972
966 973
966 974
966 975
966 976
967 968
967 969
967 970
967 971
967 972
967 973
967 974
967 975
967 976
968 969
968 970
968 971
968 972
968 973
968 974
968 975
968 976
968 979
969 970
969 971
969 972
969 973
969 974
969 975
970 971
970 972
970 973
970 974
970 975
970 976
970 980
971 972
971 973
971 974
971 975
971 976
971 980
972 973
972 974
972 975
972 976
972 980
972 981
973 974
973 975
973 976
973 980
974 975
974 976
975 976
