1 2
1 3
1 4
1 5
1 6
1 7
1 8
1 9
1 10
1 11
1 12
1 13
1 14
1 15
1 18
1 27
1 28
1 29
1 30
1 31
1 32
1 33
1 34
1 35
1 36
1 37
1 38
1 39
1 40
1 41
1 42
1 43
1 44
1 45
1 55
1 56
1 57
1 58
1 69
1 70
1 71
1 72
1 73
1 74
1 75
1 78
1 93
1 95
2 5
2 6
2 7
2 8
2 9
2 10
2 11
2 12
2 13
2 14
2 15
2 16
2 27
2 28
2 29
2 30
2 31
2 32
2 33
2 34
2 35
2 36
2 37
2 38
2 39
2 40
2 41
2 42
2 43
2 44
2 45
2 55
2 57
2 60
2 62
2 63
2 68
2 69
2 70
2 71
2 72
2 73
2 74
2 76
2 79
2 93
3 4
3 5
3 6
3 7
3 8
3 9
3 10
3 11
3 13
3 17
3 26
3 27
3 28
3 29
3 31
3 32
3 33
3 34
3 36
3 37
3 38
3 39
3 40
3 41
3 42
3 43
3 44
3 45
3 54
3 56
3 57
3 69
3 70
3 71
3 72
3 75
3 78
4 5
4 6
4 7
4 8
4 9
4 11
4 12
4 13
4 14
4 28
4 29
4 30
4 31
4 32
4 33
4 34
4 35
4 36
4 38
4 39
4 40
4 41
4 42
4 43
4 44
4 45
4 55
4 56
4 64
4 68
4 69
4 70
4 71
4 72
4 73
4 75
4 94
5 6
5 7
5 8
5 9
5 10
5 11
5 12
5 13
5 14
5 15
5 16
5 28
5 29
5 30
5 31
5 32
5 33
5 34
5 35
5 36
5 37
5 38
5 39
5 40
5 41
5 42
5 43
5 44
5 65
5 69
5 70
5 71
5 72
5 73
5 74
6 7
6 8
6 9
6 10
6 11
6 12
6 13
6 16
6 27
6 29
6 30
6 31
6 32
6 33
6 34
6 35
6 36
6 37
6 38
6 39
6 40
6 41
6 42
6 43
6 44
6 54
6 55
6 56
6 68
6 69
6 70
6 71
6 72
6 73
6 74
6 75
7 8
7 9
7 10
7 11
7 12
7 13
7 14
7 15
7 17
7 27
7 28
7 29
7 30
7 31
7 32
7 33
7 34
7 35
7 36
7 37
7 38
7 39
7 40
7 41
7 42
7 43
7 44
7 45
7 52
7 56
7 62
7 68
7 69
7 70
7 71
7 72
7 73
7 74
8 9
8 10
8 11
8 12
8 13
8 15
8 16
8 28
8 29
8 30
8 31
8 32
8 33
8 34
8 35
8 36
8 37
8 38
8 39
8 40
8 41
8 42
8 43
8 44
8 45
8 67
8 68
8 71
8 72
8 73
8 74
8 75
9 10
9 11
9 12
9 13
9 14
9 27
9 28
9 29
9 30
9 31
9 32
9 33
9 34
9 35
9 36
9 37
9 38
9 39
9 40
9 41
9 42
9 43
9 44
9 45
9 55
9 56
9 57
9 67
9 68
9 70
9 71
9 72
9 73
9 75
10 11
10 12
10 13
10 14
10 16
10 17
10 27
10 28
10 29
10 30
10 31
10 32
10 33
10 34
10 35
10 36
10 37
10 38
10 39
10 40
10 41
10 42
10 43
10 44
10 45
10 46
10 56
10 57
10 58
10 70
10 71
10 72
10 73
10 74
10 76
10 93
11 12
11 13
11 14
11 15
11 28
11 30
11 31
11 32
11 33
11 34
11 35
11 36
11 37
11 38
11 39
11 40
11 41
11 42
11 43
11 44
11 54
11 55
11 56
11 57
11 58
11 59
11 67
11 69
11 71
11 72
11 73
11 74
11 75
11 94
12 13
12 14
12 15
12 28
12 30
12 31
12 32
12 33
12 34
12 35
12 36
12 37
12 38
12 39
12 40
12 41
12 42
12 43
12 44
12 45
12 55
12 57
12 58
12 61
12 68
12 69
12 70
12 71
12 72
12 73
12 76
12 94
13 14
13 26
13 27
13 29
13 30
13 31
13 32
13 33
13 34
13 35
13 36
13 37
13 38
13 39
13 40
13 41
13 42
13 43
13 44
13 45
13 46
13 51
13 54
13 55
13 56
13 57
13 59
13 69
13 70
13 71
13 72
13 73
13 74
13 93
14 27
14 29
14 32
14 34
14 35
14 36
14 37
14 38
14 39
14 40
14 41
14 42
14 43
14 44
14 45
14 54
14 58
14 69
14 71
14 73
14 95
15 29
15 32
15 33
15 36
15 37
15 38
15 39
15 40
15 41
15 42
15 43
15 44
15 46
15 72
15 74
16 27
16 29
16 35
16 39
16 40
16 41
16 42
16 44
16 70
16 76
17 34
17 35
17 37
17 38
17 39
17 74
17 97
18 44
18 45
19 48
26 27
26 30
26 37
26 38
26 41
26 44
26 67
26 70
26 72
26 73
27 28
27 30
27 32
27 33
27 35
27 36
27 37
27 40
27 42
27 43
27 57
27 69
27 70
27 72
27 74
27 95
28 29
28 30
28 31
28 32
28 33
28 34
28 35
28 36
28 37
28 38
28 39
28 40
28 41
28 42
28 43
28 60
28 68
28 69
28 70
28 71
28 72
28 73
29 30
29 31
29 32
29 35
29 36
29 37
29 38
29 39
29 40
29 41
29 42
29 44
29 54
29 55
29 56
29 57
29 59
29 68
29 70
29 71
29 72
29 73
30 31
30 32
30 33
30 34
30 35
30 36
30 37
30 38
30 39
30 40
30 41
30 42
30 43
30 44
30 54
30 55
30 56
30 57
30 58
30 69
30 70
30 71
30 72
30 73
30 74
31 32
31 33
31 34
31 35
31 36
31 37
31 38
31 39
31 40
31 41
31 42
31 43
31 44
31 45
31 54
31 58
31 60
31 68
31 70
31 71
31 72
31 74
31 75
31 78
32 33
32 34
32 35
32 36
32 37
32 38
32 39
32 40
32 41
32 42
32 43
32 44
32 45
32 49
32 55
32 56
32 59
32 63
32 68
32 69
32 70
32 71
32 72
32 73
32 74
32 75
33 34
33 35
33 36
33 37
33 38
33 39
33 40
33 41
33 42
33 43
33 44
33 45
33 53
33 56
33 69
33 70
33 71
33 72
33 73
33 74
33 76
33 93
33 94
34 35
34 36
34 37
34 38
34 39
34 40
34 41
34 42
34 43
34 44
34 45
34 56
34 57
34 68
34 69
34 70
34 71
34 72
34 73
34 74
34 93
35 36
35 37
35 38
35 39
35 40
35 41
35 42
35 43
35 44
35 45
35 55
35 56
35 57
35 58
35 59
35 68
35 69
35 70
35 71
35 72
35 73
35 74
35 75
35 95
36 37
36 38
36 39
36 40
36 41
36 42
36 43
36 44
36 45
36 58
36 61
36 69
36 71
36 72
36 73
36 74
36 75
36 76
36 77
36 96
37 38
37 39
37 40
37 41
37 42
37 43
37 44
37 45
37 46
37 55
37 57
37 58
37 59
37 60
37 69
37 70
37 71
37 72
37 73
37 74
37 75
38 39
38 40
38 41
38 42
38 43
38 44
38 45
38 46
38 51
38 58
38 60
38 61
38 63
38 68
38 69
38 70
38 72
38 73
38 74
38 75
38 76
38 92
38 93
39 40
39 41
39 42
39 43
39 44
39 45
39 46
39 50
39 55
39 56
39 58
39 69
39 70
39 71
39 72
39 73
39 74
39 75
39 76
39 92
39 93
39 94
39 95
40 41
40 42
40 43
40 44
40 45
40 47
40 53
40 54
40 56
40 58
40 59
40 60
40 64
40 68
40 69
40 70
40 71
40 72
40 73
40 74
40 75
40 77
40 92
40 93
40 96
41 42
41 43
41 44
41 45
41 46
41 56
41 57
41 58
41 60
41 62
41 65
41 68
41 69
41 70
41 71
41 72
41 73
41 74
41 75
41 76
41 77
41 92
41 94
41 95
42 43
42 44
42 45
42 46
42 55
42 56
42 57
42 58
42 61
42 62
42 69
42 70
42 71
42 72
42 73
42 74
42 75
42 76
42 77
42 81
42 83
42 94
42 95
43 44
43 45
43 46
43 48
43 55
43 56
43 57
43 59
43 62
43 67
43 68
43 69
43 70
43 71
43 72
43 73
43 74
43 75
43 76
43 94
43 95
43 96
44 45
44 46
44 47
44 55
44 57
44 58
44 59
44 64
44 69
44 70
44 71
44 72
44 73
44 74
44 76
44 77
44 79
44 82
44 96
45 47
45 57
45 59
45 60
45 70
45 71
45 75
45 76
45 78
45 95
46 61
46 63
46 96
47 66
47 97
54 69
54 73
55 68
55 71
55 74
56 59
56 68
56 71
57 69
57 72
57 74
57 76
57 77
58 67
58 70
59 94
61 72
68 70
68 71
68 72
68 73
69 70
69 71
69 73
69 74
70 71
70 72
70 73
70 75
71 72
71 73
71 74
72 75
73 74
73 75
74 77
75 77
