1 73
2 51
3 53
3 89
4 70
4 92
5 93
6 86
8 91
11 84
11 88
12 53
12 85
12 86
12 88
12 89
12 90
12 91
13 39
13 89
13 90
13 91
14 56
14 68
14 79
14 85
14 89
14 90
14 91
15 44
15 47
15 87
15 89
15 92
16 65
21 88
22 90
23 90
23 91
24 88
25 90
26 70
29 90
31 71
34 51
34 69
34 82
34 83
34 85
35 36
35 37
35 39
35 41
35 42
35 43
35 44
35 46
35 48
35 50
35 51
35 64
35 65
35 66
35 67
35 69
35 75
35 77
35 78
35 79
35 80
35 81
35 82
35 83
35 85
35 87
35 88
35 89
36 37
36 38
36 39
36 40
36 41
36 43
36 44
36 45
36 46
36 47
36 49
36 50
36 51
36 53
36 54
36 62
36 63
36 64
36 65
36 66
36 68
36 76
36 77
36 79
36 80
36 81
36 82
36 83
36 84
36 85
36 87
36 88
36 91
37 40
37 41
37 42
37 43
37 44
37 45
37 46
37 47
37 48
37 49
37 50
37 51
37 52
37 62
37 63
37 64
37 65
37 66
37 67
37 68
37 69
37 77
37 78
37 79
37 80
37 81
37 82
37 84
37 86
37 87
37 88
37 89
37 90
37 91
37 92
38 39
38 41
38 42
38 43
38 44
38 45
38 46
38 48
38 49
38 50
38 51
38 52
38 53
38 61
38 63
38 64
38 65
38 67
38 68
38 69
38 72
38 74
38 77
38 78
38 79
38 80
38 81
38 82
38 83
38 84
38 85
38 86
38 87
38 88
38 89
38 90
38 91
38 92
39 40
39 41
39 42
39 43
39 44
39 45
39 46
39 47
39 48
39 49
39 50
39 51
39 52
39 53
39 57
39 62
39 64
39 65
39 66
39 67
39 68
39 69
39 76
39 78
39 79
39 80
39 81
39 82
39 83
39 84
39 85
39 86
39 87
39 88
39 89
39 90
39 91
40 41
40 42
40 43
40 44
40 45
40 46
40 47
40 48
40 49
40 50
40 51
40 53
40 54
40 61
40 62
40 63
40 64
40 65
40 66
40 67
40 68
40 69
40 77
40 78
40 79
40 80
40 81
40 82
40 83
40 84
40 85
40 86
40 87
40 88
40 89
40 90
40 91
41 42
41 43
41 44
41 45
41 46
41 47
41 48
41 49
41 50
41 51
41 52
41 53
41 61
41 63
41 64
41 65
41 66
41 67
41 68
41 69
41 76
41 77
41 78
41 79
41 80
41 81
41 82
41 83
41 84
41 85
41 86
41 87
41 88
41 89
41 90
41 91
42 43
42 44
42 45
42 46
42 47
42 48
42 49
42 50
42 51
42 52
42 53
42 54
42 55
42 62
42 63
42 64
42 65
42 66
42 67
42 68
42 69
42 75
42 76
42 77
42 79
42 80
42 81
42 82
42 83
42 84
42 85
42 86
42 87
42 88
42 89
42 90
42 91
42 92
43 44
43 45
43 46
43 47
43 48
43 49
43 50
43 51
43 52
43 53
43 62
43 63
43 64
43 65
43 66
43 67
43 68
43 69
43 70
43 77
43 78
43 79
43 80
43 81
43 82
43 83
43 84
43 85
43 86
43 87
43 88
43 89
43 90
43 91
43 92
44 45
44 46
44 47
44 48
44 49
44 50
44 51
44 52
44 53
44 54
44 55
44 63
44 64
44 65
44 66
44 67
44 68
44 69
44 70
44 76
44 77
44 78
44 79
44 80
44 81
44 82
44 83
44 84
44 85
44 86
44 87
44 88
44 89
44 90
44 91
44 92
45 46
45 47
45 48
45 49
45 50
45 51
45 52
45 53
45 54
45 62
45 63
45 64
45 65
45 66
45 67
45 68
45 69
45 70
45 75
45 76
45 78
45 79
45 80
45 81
45 82
45 83
45 84
45 85
45 86
45 87
45 88
45 89
45 90
45 91
45 92
46 47
46 48
46 49
46 50
46 51
46 53
46 54
46 55
46 61
46 62
46 63
46 65
46 66
46 68
46 69
46 71
46 76
46 77
46 78
46 80
46 81
46 82
46 83
46 84
46 85
46 86
46 87
46 88
46 89
46 90
46 91
46 92
46 93
46 94
47 48
47 49
47 50
47 51
47 52
47 53
47 59
47 61
47 63
47 64
47 67
47 68
47 70
47 77
47 78
47 79
47 80
47 81
47 82
47 83
47 84
47 85
47 86
47 87
47 89
47 90
47 91
47 92
48 49
48 50
48 51
48 52
48 53
48 56
48 62
48 63
48 64
48 65
48 67
48 68
48 69
48 78
48 79
48 80
48 81
48 82
48 83
48 84
48 85
48 86
48 87
48 88
48 89
48 90
48 91
48 92
48 93
48 95
49 50
49 51
49 52
49 53
49 63
49 64
49 65
49 66
49 67
49 68
49 69
49 76
49 77
49 78
49 79
49 80
49 81
49 82
49 83
49 84
49 85
49 86
49 87
49 88
49 89
49 90
49 91
50 51
50 52
50 53
50 60
50 62
50 63
50 64
50 65
50 66
50 67
50 68
50 69
50 77
50 78
50 79
50 80
50 81
50 82
50 83
50 84
50 85
50 86
50 87
50 88
50 89
50 90
50 91
50 92
51 52
51 54
51 63
51 64
51 65
51 66
51 67
51 68
51 69
51 70
51 75
51 76
51 77
51 78
51 79
51 80
51 81
51 82
51 83
51 84
51 85
51 86
51 87
51 88
51 89
51 90
51 91
51 92
52 53
52 61
52 64
52 65
52 66
52 67
52 68
52 70
52 78
52 79
52 80
52 81
52 82
52 83
52 84
52 85
52 86
52 87
52 88
52 89
52 90
52 91
52 92
53 63
53 64
53 65
53 67
53 68
53 69
53 76
53 78
53 80
53 81
53 82
53 83
53 84
53 85
53 86
53 87
53 88
53 89
53 90
53 91
53 92
54 66
54 67
54 71
54 79
54 80
54 84
54 85
54 86
54 87
54 88
54 89
54 90
54 91
54 92
55 62
55 84
55 87
55 88
55 89
55 90
55 91
55 92
55 93
56 72
56 88
56 89
56 90
56 91
56 93
57 85
57 88
58 91
60 82
61 63
61 64
61 77
61 78
61 83
61 85
61 86
61 88
62 64
62 65
62 67
62 68
62 78
62 79
62 81
62 85
62 86
62 87
62 89
63 64
63 65
63 66
63 67
63 68
63 69
63 75
63 77
63 78
63 80
63 81
63 82
63 83
63 84
63 85
63 86
63 87
63 88
63 89
63 91
63 92
64 65
64 66
64 67
64 68
64 72
64 76
64 77
64 78
64 79
64 80
64 81
64 82
64 83
64 84
64 85
64 86
64 87
64 88
64 89
64 90
64 91
65 66
65 67
65 68
65 69
65 73
65 76
65 77
65 78
65 79
65 80
65 81
65 82
65 83
65 84
65 85
65 86
65 87
65 88
65 89
65 90
65 91
66 67
66 68
66 69
66 71
66 76
66 77
66 78
66 79
66 80
66 81
66 82
66 83
66 84
66 85
66 86
66 87
66 88
66 89
66 90
66 91
66 92
66 94
67 68
67 71
67 76
67 77
67 78
67 79
67 80
67 81
67 82
67 83
67 84
67 85
67 86
67 87
67 88
67 89
67 90
67 91
67 92
68 76
68 77
68 78
68 79
68 80
68 81
68 82
68 83
68 84
68 85
68 86
68 87
68 88
68 89
68 90
68 91
69 72
69 79
69 80
69 81
69 82
69 83
69 84
69 85
69 86
69 87
69 88
69 89
69 90
69 91
69 92
70 77
70 79
70 80
70 82
70 83
70 84
70 86
70 87
70 88
70 89
70 90
70 91
71 84
71 85
71 86
71 88
71 89
71 90
71 91
71 92
72 86
72 88
72 91
72 92
73 94
74 91
75 92
76 78
76 79
76 84
76 86
76 87
76 89
76 91
76 92
77 79
77 80
77 81
77 82
77 85
77 86
77 87
77 88
77 89
77 90
77 91
77 93
78 79
78 80
78 81
78 82
78 83
78 84
78 86
78 88
78 89
78 90
78 91
78 92
79 80
79 81
79 82
79 83
79 84
79 85
79 86
79 87
79 88
79 89
79 90
79 91
80 81
80 82
80 83
80 84
80 85
80 86
80 87
80 88
80 89
80 90
80 91
81 82
81 83
81 84
81 85
81 86
81 87
81 88
81 89
81 90
81 91
81 92
82 83
82 84
82 85
82 86
82 87
82 88
82 89
82 90
82 91
83 84
83 85
83 86
83 87
83 88
83 89
83 90
83 91
83 92
83 94
84 85
84 86
84 87
84 88
84 89
84 90
84 91
84 92
85 86
85 87
85 88
85 89
85 90
85 91
85 92
86 87
86 88
86 89
86 90
86 91
86 92
86 93
87 88
87 89
87 90
87 91
87 92
87 93
88 89
88 90
88 91
88 92
88 93
88 94
89 90
89 91
89 92
89 93
90 91
90 92
90 93
91 92
91 93
92 93
92 94
