1 21
1 22
1 23
1 31
1 32
1 34
1 35
1 36
1 37
1 38
1 77
1 78
1 82
1 86
2 29
2 30
2 31
2 33
2 34
2 35
2 36
2 37
2 38
3 27
3 36
3 37
3 39
3 75
3 80
4 39
4 43
4 59
5 14
7 31
7 35
7 37
8 24
8 27
8 30
8 32
8 36
8 37
8 79
9 26
9 28
9 29
9 31
9 33
9 34
9 35
9 38
9 84
10 29
10 31
10 35
10 36
10 37
10 38
10 39
10 77
10 78
11 26
11 27
11 32
11 33
11 37
11 38
11 79
11 81
11 83
11 84
11 85
12 35
12 36
12 37
12 42
12 80
12 83
12 85
13 37
13 38
13 39
13 86
14 41
19 27
19 74
19 81
20 23
20 25
20 26
20 28
20 29
20 30
20 31
20 34
20 35
20 36
20 39
20 72
20 76
20 77
20 78
20 79
20 80
20 81
20 82
20 83
21 22
21 23
21 24
21 25
21 26
21 28
21 29
21 30
21 31
21 32
21 33
21 34
21 35
21 38
21 73
21 74
21 75
21 76
21 77
21 78
21 79
21 80
21 81
21 82
21 83
21 84
21 85
22 23
22 24
22 25
22 26
22 27
22 28
22 29
22 30
22 31
22 32
22 33
22 34
22 35
22 36
22 37
22 38
22 39
22 74
22 75
22 76
22 77
22 78
22 79
22 80
22 81
22 82
22 83
22 84
23 24
23 25
23 26
23 27
23 28
23 29
23 30
23 31
23 32
23 33
23 34
23 35
23 36
23 37
23 38
23 39
23 73
23 74
23 75
23 76
23 77
23 78
23 79
23 80
23 81
23 82
23 83
23 84
24 25
24 26
24 27
24 28
24 29
24 30
24 31
24 32
24 33
24 34
24 35
24 36
24 37
24 38
24 39
24 72
24 74
24 75
24 76
24 77
24 78
24 79
24 80
24 81
24 82
24 83
24 84
25 26
25 27
25 28
25 29
25 30
25 31
25 32
25 33
25 34
25 35
25 36
25 37
25 38
25 39
25 40
25 72
25 73
25 74
25 75
25 76
25 77
25 78
25 79
25 80
25 81
25 82
25 83
25 84
25 85
26 27
26 28
26 29
26 30
26 31
26 32
26 33
26 34
26 35
26 36
26 37
26 38
26 39
26 74
26 75
26 76
26 77
26 78
26 79
26 80
26 81
26 82
26 83
26 84
26 85
27 28
27 29
27 30
27 31
27 32
27 33
27 34
27 35
27 36
27 37
27 38
27 39
27 40
27 75
27 76
27 77
27 78
27 79
27 80
27 81
27 82
27 83
27 84
27 85
28 29
28 30
28 31
28 32
28 33
28 34
28 35
28 36
28 37
28 38
28 39
28 72
28 73
28 74
28 75
28 76
28 77
28 78
28 79
28 80
28 81
28 82
28 83
28 84
29 30
29 31
29 32
29 33
29 34
29 35
29 36
29 37
29 38
29 39
29 74
29 75
29 76
29 77
29 78
29 79
29 80
29 81
29 82
29 83
29 84
29 85
29 86
30 31
30 32
30 33
30 34
30 35
30 36
30 37
30 38
30 39
30 40
30 73
30 74
30 75
30 76
30 77
30 78
30 79
30 80
30 81
30 82
30 83
30 84
30 85
30 86
31 32
31 33
31 34
31 35
31 36
31 37
31 38
31 39
31 40
31 55
31 71
31 74
31 75
31 76
31 77
31 78
31 79
31 80
31 81
31 82
31 83
31 84
31 85
31 86
32 33
32 34
32 35
32 36
32 37
32 38
32 39
32 40
32 72
32 73
32 74
32 75
32 76
32 77
32 78
32 79
32 80
32 81
32 82
32 83
32 84
32 85
32 86
33 34
33 35
33 36
33 37
33 38
33 39
33 40
33 41
33 47
33 55
33 73
33 74
33 75
33 76
33 77
33 78
33 79
33 80
33 81
33 82
33 83
33 84
33 85
33 86
33 87
33 91
34 35
34 36
34 37
34 38
34 39
34 40
34 41
34 72
34 73
34 74
34 75
34 76
34 77
34 78
34 79
34 80
34 81
34 82
34 83
34 84
34 85
34 86
34 87
35 36
35 37
35 38
35 39
35 40
35 42
35 66
35 72
35 73
35 74
35 75
35 76
35 77
35 78
35 79
35 80
35 81
35 82
35 83
35 84
35 85
35 86
35 91
36 37
36 38
36 39
36 40
36 55
36 57
36 58
36 64
36 71
36 72
36 74
36 75
36 76
36 77
36 78
36 79
36 80
36 81
36 82
36 83
36 84
36 85
36 86
37 38
37 39
37 40
37 41
37 73
37 74
37 75
37 76
37 77
37 78
37 79
37 80
37 81
37 82
37 83
37 84
37 85
37 88
38 39
38 40
38 41
38 42
38 72
38 73
38 75
38 76
38 77
38 78
38 79
38 80
38 81
38 82
38 83
38 84
38 85
38 86
38 87
39 40
39 41
39 73
39 74
39 75
39 76
39 77
39 78
39 79
39 80
39 81
39 82
39 83
39 84
39 85
39 86
39 87
40 41
40 67
40 75
40 78
40 79
40 80
40 81
40 82
40 83
40 84
40 85
40 86
41 82
41 83
42 56
54 82
54 84
56 84
58 82
62 87
70 78
71 79
71 81
71 82
72 76
72 80
73 75
73 76
73 77
73 78
73 79
73 80
73 82
73 83
73 84
74 75
74 76
74 77
74 78
74 79
74 80
74 81
74 82
74 84
74 85
74 86
75 76
75 77
75 78
75 79
75 80
75 81
75 82
75 83
75 84
75 88
76 77
76 78
76 79
76 80
76 81
76 82
76 83
76 84
76 89
77 78
77 79
77 80
77 81
77 82
77 83
77 84
77 85
78 79
78 80
78 81
78 82
78 83
78 84
78 85
79 80
79 81
79 82
79 83
79 84
79 85
80 81
80 82
80 83
80 84
81 82
81 83
81 84
81 85
82 83
82 84
82 85
83 84
83 85
84 85
84 86
85 87
