1 35
1 37
1 38
1 58
1 62
1 63
1 64
1 65
1 66
1 67
1 68
1 70
1 71
1 79
2 57
2 59
2 60
2 62
2 64
2 65
2 66
2 67
2 68
2 69
2 70
2 71
2 86
3 35
3 60
3 62
3 64
3 65
3 66
3 68
3 69
3 70
3 71
3 72
4 36
4 63
4 64
4 65
4 67
4 68
5 65
5 66
5 67
5 70
6 67
6 70
6 71
7 72
9 62
10 56
10 57
11 36
11 55
11 58
11 68
11 69
12 39
12 61
12 63
12 64
12 65
12 66
12 71
12 83
13 64
13 66
13 67
13 71
14 74
16 67
16 68
17 45
18 68
22 67
23 66
23 68
24 44
30 63
30 66
31 73
32 45
32 71
33 34
33 35
33 36
33 56
33 59
33 61
33 63
33 64
33 65
33 66
33 68
33 70
33 72
33 83
34 36
34 37
34 55
34 56
34 57
34 58
34 59
34 61
34 62
34 63
34 65
34 66
34 67
34 69
34 70
34 71
34 72
34 73
34 81
34 82
34 83
34 84
35 36
35 37
35 38
35 42
35 55
35 56
35 57
35 58
35 59
35 60
35 61
35 62
35 63
35 64
35 65
35 66
35 68
35 69
35 70
35 72
35 73
35 79
35 81
35 82
35 84
36 37
36 38
36 40
36 42
36 53
36 55
36 56
36 57
36 58
36 59
36 60
36 61
36 62
36 63
36 64
36 65
36 66
36 67
36 68
36 69
36 70
36 71
36 75
36 80
36 81
36 82
37 38
37 39
37 40
37 42
37 53
37 54
37 55
37 56
37 57
37 58
37 59
37 60
37 61
37 62
37 63
37 64
37 65
37 66
37 67
37 68
37 69
37 70
37 71
37 72
37 80
37 81
37 82
37 83
38 39
38 40
38 41
38 54
38 55
38 56
38 57
38 58
38 59
38 60
38 61
38 62
38 63
38 64
38 65
38 66
38 67
38 68
38 69
38 70
38 71
38 72
38 73
38 80
38 81
38 82
38 83
38 84
38 85
39 41
39 54
39 55
39 56
39 57
39 58
39 59
39 60
39 61
39 62
39 63
39 64
39 65
39 66
39 67
39 68
39 69
39 70
39 71
39 72
39 73
39 74
39 81
39 82
39 83
39 85
39 88
40 41
40 53
40 55
40 56
40 57
40 58
40 59
40 60
40 61
40 62
40 63
40 64
40 65
40 66
40 67
40 68
40 69
40 70
40 71
40 72
40 73
40 81
40 82
41 44
41 54
41 55
41 56
41 57
41 58
41 62
41 63
41 64
41 65
41 66
41 67
41 68
41 69
41 70
41 71
41 72
41 74
41 85
42 57
42 59
42 61
42 62
42 63
42 64
42 65
42 66
42 67
42 68
42 69
42 70
42 71
42 79
43 62
43 63
43 65
43 66
43 68
43 69
43 70
43 71
43 94
44 67
44 68
44 69
44 72
52 68
53 57
53 60
53 62
53 64
53 65
53 67
53 68
54 55
54 57
54 58
54 59
54 60
54 62
54 63
54 64
54 66
54 67
54 69
54 70
54 71
54 72
54 83
55 56
55 57
55 58
55 59
55 60
55 61
55 62
55 63
55 64
55 65
55 66
55 67
55 68
55 69
55 70
55 71
55 81
55 82
56 57
56 58
56 59
56 60
56 61
56 62
56 63
56 64
56 65
56 66
56 67
56 68
56 69
56 70
56 71
56 72
56 79
56 81
56 82
56 83
56 84
57 58
57 59
57 60
57 61
57 62
57 63
57 64
57 65
57 66
57 67
57 68
57 69
57 70
57 71
57 72
57 73
57 79
57 80
57 81
57 82
57 83
57 84
57 85
58 59
58 60
58 61
58 62
58 63
58 64
58 65
58 66
58 67
58 68
58 69
58 70
58 71
58 72
58 74
58 80
58 81
58 82
58 83
58 84
58 85
59 60
59 61
59 62
59 63
59 64
59 65
59 66
59 67
59 68
59 69
59 70
59 71
59 72
59 73
59 80
59 81
59 82
59 83
59 84
59 85
59 86
60 61
60 62
60 63
60 64
60 65
60 66
60 67
60 68
60 69
60 70
60 71
60 72
60 73
60 74
60 80
60 81
60 82
60 83
60 85
61 62
61 63
61 64
61 65
61 66
61 67
61 68
61 69
61 70
61 71
61 72
61 73
61 80
61 81
61 82
61 83
61 85
62 63
62 64
62 65
62 66
62 67
62 68
62 69
62 70
62 71
62 72
62 73
62 75
62 80
62 81
62 82
62 83
62 84
63 64
63 65
63 66
63 67
63 68
63 69
63 70
63 71
63 72
63 73
63 80
63 81
63 82
63 83
63 84
63 85
64 65
64 66
64 67
64 68
64 69
64 70
64 71
64 72
64 73
64 75
64 80
64 81
64 82
64 83
64 84
64 85
65 66
65 67
65 68
65 69
65 70
65 71
65 72
65 73
65 74
65 76
65 79
65 80
65 81
65 82
65 83
65 84
65 85
65 86
66 67
66 68
66 69
66 70
66 71
66 72
66 73
66 74
66 75
66 80
66 81
66 82
66 83
66 84
66 85
66 86
66 87
67 68
67 69
67 70
67 71
67 72
67 73
67 74
67 80
67 81
67 82
67 83
67 84
67 85
67 86
67 87
68 69
68 70
68 71
68 72
68 73
68 74
68 80
68 81
68 82
68 83
68 84
68 85
68 86
68 93
69 70
69 71
69 72
69 73
69 74
69 75
69 76
69 80
69 81
69 82
69 83
69 84
69 85
69 86
69 87
70 71
70 72
70 73
70 76
70 77
70 79
70 80
70 81
70 82
70 83
70 84
70 85
70 86
71 72
71 73
71 75
71 80
71 81
71 82
71 83
71 84
71 85
71 86
72 73
72 74
72 80
72 81
72 82
72 83
72 84
72 86
73 81
73 83
73 84
73 88
74 91
75 77
79 80
79 84
80 81
80 82
81 82
81 83
81 84
82 83
82 84
82 85
