1 2
1 3
1 4
1 5
1 6
1 7
1 8
1 9
1 10
1 11
1 12
1 13
1 14
1 15
1 16
1 17
1 18
1 19
1 20
1 21
1 22
1 23
1 24
1 25
1 26
1 27
1 28
1 29
1 30
1 33
1 37
1 38
1 39
1 41
1 42
1 43
1 44
1 45
1 46
1 47
1 48
1 49
1 50
1 73
1 74
1 75
1 76
1 77
1 78
1 79
1 80
1 81
1 82
1 83
1 87
1 90
1 92
1 103
1 106
1 107
1 108
1 109
1 110
1 111
1 112
1 113
1 114
1 115
1 116
1 117
1 118
1 120
1 122
1 147
2 3
2 4
2 5
2 6
2 7
2 8
2 9
2 10
2 12
2 13
2 14
2 16
2 18
2 19
2 20
2 21
2 22
2 23
2 24
2 25
2 26
2 27
2 30
2 31
2 36
2 38
2 39
2 40
2 41
2 42
2 43
2 44
2 45
2 46
2 47
2 72
2 73
2 74
2 75
2 76
2 77
2 78
2 79
2 80
2 81
2 84
2 91
2 97
2 107
2 108
2 109
2 111
2 112
2 113
2 114
2 115
2 116
2 119
2 122
2 133
3 4
3 5
3 6
3 7
3 8
3 9
3 10
3 11
3 12
3 13
3 15
3 16
3 17
3 18
3 19
3 20
3 21
3 22
3 23
3 24
3 25
3 26
3 27
3 28
3 37
3 38
3 40
3 41
3 42
3 43
3 44
3 45
3 46
3 47
3 72
3 73
3 74
3 75
3 76
3 77
3 78
3 79
3 80
3 81
3 82
3 106
3 107
3 108
3 109
3 110
3 111
3 112
3 113
3 114
3 115
3 116
4 5
4 6
4 7
4 8
4 9
4 10
4 11
4 12
4 13
4 14
4 15
4 16
4 17
4 18
4 19
4 20
4 21
4 22
4 23
4 24
4 26
4 27
4 37
4 38
4 40
4 41
4 42
4 43
4 44
4 45
4 46
4 47
4 75
4 76
4 77
4 78
4 79
4 80
4 81
4 82
4 103
4 104
4 105
4 106
4 108
4 109
4 110
4 111
4 112
4 113
4 114
4 115
5 6
5 7
5 8
5 9
5 10
5 11
5 12
5 13
5 14
5 15
5 16
5 17
5 18
5 19
5 20
5 21
5 22
5 23
5 24
5 25
5 26
5 27
5 37
5 38
5 39
5 40
5 41
5 42
5 43
5 44
5 45
5 46
5 47
5 72
5 74
5 75
5 76
5 77
5 78
5 79
5 80
5 81
5 82
5 83
5 104
5 105
5 107
5 108
5 109
5 110
5 111
5 112
5 113
5 114
5 115
6 7
6 8
6 9
6 10
6 11
6 12
6 13
6 14
6 15
6 16
6 17
6 18
6 19
6 20
6 21
6 22
6 23
6 24
6 25
6 26
6 27
6 28
6 29
6 36
6 38
6 39
6 40
6 41
6 42
6 43
6 44
6 45
6 46
6 72
6 73
6 74
6 75
6 76
6 77
6 78
6 79
6 80
6 103
6 104
6 106
6 107
6 108
6 109
6 110
6 111
6 112
6 113
6 114
6 115
6 116
7 8
7 9
7 10
7 11
7 12
7 13
7 14
7 15
7 16
7 17
7 18
7 19
7 20
7 21
7 22
7 23
7 24
7 25
7 26
7 27
7 38
7 40
7 41
7 42
7 43
7 44
7 45
7 46
7 47
7 73
7 74
7 75
7 76
7 77
7 78
7 79
7 80
7 81
7 84
7 106
7 108
7 109
7 110
7 111
7 112
7 113
7 114
7 115
7 117
8 9
8 10
8 11
8 12
8 13
8 14
8 15
8 16
8 17
8 18
8 19
8 20
8 21
8 22
8 23
8 24
8 25
8 26
8 27
8 28
8 36
8 38
8 39
8 40
8 41
8 42
8 43
8 44
8 45
8 46
8 47
8 72
8 73
8 74
8 75
8 76
8 77
8 78
8 79
8 80
8 81
8 85
8 104
8 105
8 106
8 109
8 110
8 111
8 112
8 113
8 114
8 115
8 116
9 10
9 11
9 12
9 13
9 14
9 15
9 16
9 17
9 18
9 19
9 20
9 21
9 22
9 23
9 24
9 25
9 26
9 27
9 28
9 37
9 38
9 39
9 40
9 41
9 42
9 43
9 44
9 45
9 46
9 47
9 48
9 72
9 73
9 74
9 75
9 76
9 77
9 78
9 79
9 80
9 81
9 82
9 104
9 106
9 107
9 108
9 109
9 110
9 111
9 112
9 113
9 114
9 115
10 11
10 12
10 13
10 14
10 15
10 16
10 17
10 18
10 19
10 20
10 21
10 22
10 23
10 24
10 25
10 26
10 27
10 37
10 38
10 39
10 40
10 41
10 42
10 43
10 44
10 45
10 46
10 47
10 48
10 49
10 71
10 72
10 73
10 74
10 75
10 76
10 77
10 78
10 79
10 80
10 81
10 82
10 83
10 89
10 104
10 105
10 106
10 107
10 108
10 109
10 110
10 111
10 112
10 113
10 114
10 115
10 116
11 12
11 13
11 14
11 15
11 16
11 17
11 18
11 19
11 20
11 21
11 22
11 23
11 24
11 25
11 26
11 27
11 37
11 39
11 40
11 41
11 42
11 43
11 44
11 45
11 46
11 47
11 48
11 72
11 73
11 74
11 75
11 76
11 77
11 78
11 79
11 80
11 81
11 83
11 91
11 106
11 107
11 108
11 109
11 110
11 111
11 112
11 113
11 114
11 115
11 116
12 13
12 14
12 15
12 16
12 17
12 18
12 19
12 20
12 21
12 22
12 23
12 24
12 25
12 26
12 27
12 28
12 39
12 40
12 41
12 42
12 43
12 44
12 45
12 46
12 47
12 48
12 49
12 50
12 73
12 74
12 75
12 77
12 78
12 79
12 80
12 81
12 85
12 88
12 90
12 104
12 106
12 107
12 108
12 109
12 110
12 111
12 112
12 113
12 114
12 115
12 116
12 117
13 14
13 15
13 16
13 17
13 18
13 19
13 20
13 21
13 22
13 23
13 24
13 25
13 26
13 27
13 28
13 36
13 38
13 39
13 40
13 41
13 42
13 43
13 44
13 45
13 46
13 47
13 48
13 71
13 74
13 75
13 76
13 77
13 78
13 79
13 80
13 81
13 83
13 85
13 104
13 105
13 106
13 107
13 108
13 109
13 110
13 111
13 112
13 113
13 114
13 115
13 116
13 117
14 15
14 16
14 17
14 18
14 19
14 20
14 21
14 22
14 23
14 24
14 25
14 26
14 27
14 29
14 31
14 36
14 38
14 40
14 41
14 42
14 43
14 44
14 45
14 46
14 47
14 73
14 74
14 76
14 77
14 78
14 79
14 80
14 81
14 91
14 105
14 106
14 107
14 109
14 110
14 111
14 112
14 113
14 114
14 117
14 118
15 16
15 17
15 18
15 19
15 20
15 21
15 22
15 23
15 24
15 25
15 26
15 27
15 32
15 36
15 38
15 39
15 40
15 41
15 42
15 43
15 44
15 45
15 46
15 73
15 75
15 76
15 77
15 78
15 79
15 80
15 81
15 82
15 86
15 106
15 107
15 108
15 109
15 110
15 111
15 112
15 113
15 114
15 115
15 116
16 17
16 18
16 19
16 20
16 21
16 22
16 23
16 24
16 25
16 26
16 27
16 36
16 37
16 38
16 39
16 40
16 41
16 42
16 43
16 44
16 45
16 46
16 47
16 66
16 73
16 75
16 77
16 78
16 79
16 80
16 81
16 104
16 105
16 106
16 107
16 108
16 109
16 110
16 111
16 112
16 113
16 114
16 115
16 116
16 117
16 118
17 18
17 19
17 20
17 21
17 22
17 23
17 24
17 25
17 26
17 27
17 39
17 41
17 42
17 43
17 44
17 45
17 46
17 47
17 73
17 74
17 75
17 76
17 77
17 78
17 79
17 81
17 106
17 107
17 108
17 109
17 110
17 111
17 112
17 113
17 114
17 115
17 116
18 19
18 20
18 21
18 22
18 23
18 24
18 25
18 26
18 27
18 28
18 36
18 38
18 39
18 40
18 41
18 42
18 43
18 44
18 45
18 46
18 47
18 48
18 72
18 73
18 74
18 75
18 76
18 77
18 78
18 79
18 80
18 81
18 105
18 108
18 109
18 110
18 111
18 112
18 113
18 114
18 115
18 116
19 20
19 21
19 22
19 23
19 24
19 25
19 26
19 27
19 28
19 37
19 38
19 39
19 40
19 41
19 42
19 43
19 44
19 45
19 46
19 47
19 71
19 74
19 75
19 76
19 77
19 78
19 79
19 80
19 81
19 82
19 104
19 105
19 106
19 108
19 109
19 110
19 111
19 112
19 113
19 114
19 115
19 116
19 117
20 21
20 22
20 23
20 24
20 25
20 26
20 27
20 37
20 38
20 39
20 40
20 41
20 42
20 43
20 44
20 45
20 46
20 47
20 48
20 71
20 72
20 74
20 75
20 76
20 77
20 78
20 79
20 80
20 81
20 82
20 90
20 91
20 106
20 107
20 108
20 109
20 110
20 111
20 112
20 113
20 114
20 115
20 116
20 117
20 120
21 22
21 23
21 24
21 25
21 26
21 27
21 28
21 37
21 38
21 41
21 42
21 43
21 44
21 45
21 46
21 47
21 48
21 49
21 50
21 72
21 73
21 74
21 75
21 76
21 77
21 78
21 79
21 80
21 81
21 82
21 83
21 89
21 90
21 104
21 106
21 107
21 108
21 109
21 110
21 111
21 112
21 113
21 114
21 115
21 116
21 120
21 121
22 23
22 24
22 25
22 26
22 27
22 28
22 29
22 37
22 38
22 39
22 40
22 41
22 42
22 43
22 44
22 45
22 46
22 47
22 48
22 49
22 73
22 74
22 75
22 76
22 77
22 78
22 79
22 80
22 81
22 82
22 83
22 84
22 86
22 105
22 106
22 108
22 109
22 110
22 111
22 112
22 113
22 114
22 115
22 116
22 117
22 144
22 146
23 24
23 25
23 26
23 27
23 28
23 36
23 37
23 38
23 39
23 41
23 42
23 43
23 44
23 45
23 46
23 47
23 48
23 49
23 75
23 76
23 77
23 78
23 79
23 80
23 81
23 82
23 83
23 85
23 90
23 91
23 101
23 105
23 107
23 108
23 109
23 110
23 111
23 112
23 113
23 114
23 115
23 116
23 117
24 25
24 26
24 27
24 28
24 29
24 37
24 38
24 39
24 40
24 41
24 42
24 43
24 44
24 45
24 46
24 47
24 48
24 49
24 73
24 74
24 76
24 77
24 78
24 79
24 80
24 81
24 82
24 83
24 84
24 85
24 104
24 106
24 107
24 108
24 109
24 110
24 111
24 112
24 113
24 114
24 115
24 116
24 117
24 121
24 145
24 146
24 148
25 26
25 27
25 28
25 36
25 37
25 38
25 39
25 40
25 41
25 43
25 44
25 45
25 46
25 47
25 48
25 49
25 73
25 74
25 75
25 76
25 77
25 78
25 79
25 80
25 81
25 82
25 83
25 104
25 105
25 106
25 107
25 108
25 109
25 110
25 111
25 112
25 113
25 114
25 115
25 116
25 117
25 118
25 121
25 147
26 27
26 29
26 30
26 38
26 39
26 40
26 41
26 42
26 43
26 44
26 45
26 46
26 47
26 48
26 49
26 50
26 74
26 75
26 76
26 77
26 78
26 79
26 80
26 81
26 82
26 104
26 106
26 108
26 109
26 110
26 111
26 112
26 113
26 114
26 115
26 116
26 117
27 28
27 37
27 38
27 39
27 41
27 42
27 43
27 44
27 45
27 46
27 47
27 48
27 49
27 72
27 75
27 76
27 78
27 79
27 80
27 82
27 84
27 88
27 106
27 107
27 109
27 110
27 111
27 112
27 113
27 114
27 115
27 116
27 120
28 42
28 49
28 110
28 114
28 115
28 116
28 117
28 118
29 45
29 80
29 86
29 88
29 118
30 91
30 110
31 118
36 37
36 41
36 47
36 51
36 72
36 76
36 79
36 81
36 107
36 112
37 38
37 39
37 44
37 45
37 46
37 47
37 71
37 72
37 73
37 74
37 75
37 76
37 78
37 79
37 80
37 81
37 103
37 106
37 110
37 114
38 39
38 40
38 42
38 43
38 45
38 46
38 47
38 73
38 74
38 77
38 78
38 79
38 80
38 81
38 82
38 105
38 107
38 110
38 111
38 112
38 113
38 114
39 40
39 41
39 42
39 43
39 44
39 45
39 47
39 71
39 75
39 76
39 77
39 78
39 79
39 80
39 105
39 106
39 107
39 109
39 110
39 111
39 112
39 113
39 114
39 115
40 41
40 42
40 43
40 44
40 45
40 46
40 47
40 48
40 72
40 73
40 75
40 76
40 77
40 78
40 79
40 80
40 81
40 104
40 105
40 107
40 108
40 109
40 110
40 111
40 112
40 113
40 114
40 115
40 116
41 42
41 43
41 44
41 45
41 46
41 48
41 50
41 73
41 74
41 75
41 76
41 77
41 78
41 79
41 80
41 81
41 104
41 105
41 106
41 107
41 108
41 109
41 110
41 112
41 113
41 114
41 115
42 43
42 44
42 45
42 46
42 47
42 48
42 71
42 73
42 74
42 75
42 76
42 77
42 78
42 79
42 80
42 108
42 109
42 110
42 111
42 112
42 113
42 114
42 115
42 116
43 44
43 45
43 46
43 47
43 74
43 75
43 76
43 77
43 78
43 79
43 80
43 81
43 104
43 106
43 107
43 108
43 109
43 110
43 111
43 112
43 113
43 114
43 115
43 116
44 45
44 46
44 47
44 48
44 71
44 73
44 74
44 75
44 76
44 77
44 78
44 79
44 80
44 81
44 105
44 106
44 107
44 108
44 109
44 110
44 111
44 112
44 113
44 114
44 115
44 116
45 46
45 47
45 72
45 73
45 74
45 75
45 76
45 77
45 78
45 79
45 80
45 81
45 83
45 104
45 106
45 107
45 108
45 109
45 110
45 111
45 112
45 113
45 114
45 115
45 116
46 47
46 48
46 71
46 73
46 74
46 75
46 76
46 77
46 78
46 79
46 80
46 81
46 82
46 84
46 104
46 105
46 106
46 107
46 108
46 109
46 110
46 111
46 112
46 113
46 114
46 115
46 116
47 48
47 73
47 74
47 75
47 78
47 80
47 82
47 106
47 107
47 108
47 109
47 110
47 111
47 112
47 113
47 114
47 115
47 116
48 49
48 83
48 106
48 111
48 113
48 114
48 132
49 117
50 84
50 119
51 112
70 114
71 72
71 112
72 73
72 74
72 75
72 76
72 78
72 80
72 81
72 104
72 105
72 106
72 108
72 109
72 113
73 75
73 78
73 79
73 80
73 81
73 107
73 108
73 109
73 110
73 111
73 112
73 114
73 116
74 75
74 76
74 77
74 78
74 79
74 80
74 81
74 105
74 106
74 107
74 108
74 109
74 110
74 111
74 112
74 113
74 114
74 115
75 76
75 77
75 78
75 79
75 80
75 81
75 83
75 105
75 107
75 108
75 110
75 111
75 112
75 113
75 114
75 115
75 116
76 77
76 78
76 79
76 80
76 81
76 104
76 105
76 106
76 107
76 108
76 109
76 110
76 111
76 112
76 113
76 114
76 115
77 78
77 79
77 80
77 81
77 105
77 107
77 108
77 110
77 111
77 112
77 113
77 114
77 115
78 79
78 80
78 81
78 82
78 105
78 106
78 107
78 109
78 110
78 111
78 112
78 113
78 114
78 115
79 80
79 81
79 82
79 105
79 106
79 107
79 108
79 109
79 110
79 111
79 112
79 113
79 114
79 115
80 81
80 106
80 107
80 108
80 109
80 110
80 111
80 112
80 113
80 114
80 115
80 116
81 105
81 106
81 107
81 108
81 110
81 111
81 112
81 113
81 114
81 115
81 117
82 107
82 109
82 111
82 112
82 115
82 117
83 103
83 114
84 116
84 117
84 121
90 116
92 123
102 149
104 106
104 107
104 110
104 111
105 106
105 107
105 110
105 113
105 114
105 115
105 116
106 107
106 109
106 110
106 111
106 112
106 113
106 115
107 108
107 109
107 110
107 111
107 112
107 113
107 115
108 111
108 112
108 113
108 114
108 115
108 116
109 110
109 111
109 112
109 114
109 115
110 111
110 112
110 113
110 114
110 115
110 116
111 112
111 113
111 114
111 115
111 116
112 113
112 114
112 115
112 116
113 114
113 115
114 115
114 116
115 116
115 147
