3 140
4 77
5 78
5 142
6 140
6 145
8 44
9 77
9 142
10 79
11 112
17 145
18 55
23 129
24 74
28 109
30 79
31 40
31 41
31 43
31 46
31 58
31 59
31 68
31 70
31 71
31 72
31 77
31 122
31 126
31 132
31 133
31 136
31 142
32 33
32 34
32 35
32 36
32 39
32 40
32 41
32 42
32 43
32 46
32 47
32 48
32 49
32 50
32 56
32 59
32 60
32 62
32 64
32 66
32 67
32 68
32 70
32 71
32 72
32 74
32 84
32 123
32 129
32 131
32 132
32 134
32 136
32 137
32 138
32 139
32 140
32 142
33 35
33 37
33 38
33 39
33 40
33 41
33 42
33 43
33 44
33 49
33 50
33 58
33 59
33 61
33 65
33 67
33 69
33 70
33 73
33 74
33 75
33 77
33 123
33 124
33 125
33 127
33 129
33 130
33 131
33 132
33 133
33 136
33 138
33 139
33 141
33 142
34 35
34 36
34 37
34 38
34 39
34 40
34 42
34 43
34 44
34 45
34 46
34 47
34 48
34 49
34 50
34 60
34 61
34 62
34 63
34 64
34 65
34 66
34 67
34 68
34 69
34 70
34 71
34 72
34 73
34 74
34 75
34 76
34 77
34 109
34 123
34 125
34 126
34 128
34 129
34 130
34 131
34 132
34 133
34 134
34 135
34 136
34 137
34 138
34 139
34 141
34 142
35 36
35 37
35 38
35 39
35 40
35 41
35 42
35 43
35 44
35 46
35 47
35 48
35 49
35 50
35 51
35 58
35 59
35 60
35 61
35 62
35 65
35 66
35 67
35 68
35 69
35 70
35 71
35 72
35 73
35 74
35 75
35 76
35 77
35 78
35 122
35 123
35 125
35 126
35 127
35 128
35 129
35 130
35 131
35 132
35 133
35 134
35 135
35 136
35 137
35 138
35 139
35 140
35 142
36 37
36 38
36 39
36 40
36 41
36 42
36 43
36 44
36 45
36 46
36 47
36 48
36 49
36 50
36 58
36 59
36 60
36 61
36 62
36 63
36 64
36 65
36 66
36 68
36 70
36 71
36 73
36 75
36 76
36 77
36 78
36 122
36 123
36 124
36 125
36 126
36 127
36 128
36 129
36 130
36 131
36 132
36 133
36 134
36 135
36 136
36 137
36 138
36 139
36 140
36 141
36 142
37 38
37 39
37 40
37 41
37 43
37 44
37 45
37 46
37 47
37 48
37 49
37 50
37 51
37 58
37 59
37 60
37 61
37 62
37 63
37 65
37 66
37 67
37 68
37 69
37 70
37 71
37 72
37 73
37 74
37 75
37 76
37 77
37 125
37 126
37 127
37 128
37 129
37 130
37 131
37 132
37 133
37 134
37 135
37 136
37 137
37 138
37 139
37 140
37 141
37 142
38 39
38 40
38 41
38 42
38 43
38 44
38 45
38 46
38 47
38 48
38 49
38 50
38 51
38 57
38 59
38 61
38 62
38 63
38 64
38 65
38 66
38 67
38 68
38 69
38 70
38 71
38 72
38 73
38 74
38 75
38 76
38 77
38 78
38 121
38 123
38 124
38 125
38 126
38 127
38 128
38 129
38 131
38 132
38 133
38 134
38 135
38 136
38 137
38 138
38 139
38 140
38 141
38 142
39 40
39 41
39 42
39 43
39 44
39 45
39 46
39 47
39 48
39 49
39 50
39 51
39 60
39 61
39 62
39 63
39 64
39 65
39 66
39 67
39 68
39 69
39 70
39 71
39 72
39 73
39 74
39 75
39 76
39 77
39 124
39 125
39 126
39 127
39 128
39 129
39 130
39 131
39 132
39 133
39 134
39 135
39 136
39 137
39 138
39 139
39 140
39 141
39 142
40 41
40 42
40 43
40 44
40 45
40 46
40 47
40 48
40 49
40 50
40 51
40 59
40 60
40 61
40 62
40 63
40 64
40 65
40 66
40 67
40 68
40 69
40 70
40 71
40 72
40 73
40 74
40 75
40 76
40 77
40 78
40 90
40 91
40 123
40 124
40 125
40 126
40 127
40 128
40 129
40 130
40 131
40 132
40 133
40 134
40 135
40 136
40 137
40 138
40 139
40 140
40 141
40 142
40 143
41 42
41 43
41 44
41 45
41 46
41 47
41 48
41 49
41 50
41 51
41 58
41 60
41 61
41 62
41 63
41 64
41 66
41 67
41 68
41 69
41 70
41 71
41 72
41 73
41 74
41 75
41 76
41 77
41 78
41 123
41 124
41 125
41 126
41 127
41 128
41 129
41 130
41 131
41 132
41 133
41 134
41 135
41 136
41 137
41 138
41 139
41 140
41 141
41 142
42 43
42 44
42 45
42 46
42 47
42 48
42 49
42 50
42 59
42 60
42 61
42 62
42 63
42 64
42 65
42 66
42 67
42 68
42 69
42 70
42 71
42 72
42 73
42 74
42 75
42 76
42 77
42 78
42 97
42 122
42 125
42 126
42 127
42 129
42 130
42 131
42 132
42 133
42 134
42 135
42 136
42 137
42 138
42 139
42 140
42 141
42 142
42 143
43 44
43 45
43 46
43 47
43 48
43 49
43 50
43 51
43 58
43 59
43 60
43 61
43 62
43 63
43 64
43 65
43 66
43 67
43 68
43 69
43 70
43 71
43 72
43 73
43 74
43 75
43 76
43 77
43 78
43 79
43 122
43 124
43 125
43 126
43 127
43 128
43 129
43 130
43 131
43 132
43 133
43 134
43 135
43 136
43 137
43 138
43 139
43 140
43 141
43 142
43 143
44 45
44 46
44 47
44 48
44 49
44 50
44 51
44 52
44 59
44 60
44 61
44 62
44 63
44 64
44 65
44 66
44 67
44 68
44 69
44 70
44 71
44 72
44 73
44 74
44 75
44 76
44 77
44 109
44 122
44 123
44 124
44 125
44 126
44 127
44 129
44 130
44 131
44 132
44 133
44 134
44 135
44 136
44 137
44 138
44 139
44 140
44 141
44 142
45 46
45 47
45 48
45 49
45 50
45 51
45 58
45 59
45 61
45 62
45 63
45 64
45 65
45 66
45 67
45 68
45 69
45 70
45 71
45 72
45 73
45 74
45 75
45 76
45 77
45 122
45 123
45 124
45 125
45 126
45 127
45 128
45 129
45 130
45 131
45 132
45 133
45 134
45 135
45 136
45 137
45 138
45 139
45 140
45 141
45 142
45 143
46 47
46 48
46 49
46 50
46 51
46 57
46 58
46 59
46 60
46 61
46 63
46 64
46 65
46 66
46 67
46 68
46 69
46 70
46 71
46 72
46 73
46 74
46 75
46 76
46 77
46 78
46 110
46 122
46 123
46 124
46 125
46 126
46 127
46 128
46 129
46 130
46 131
46 132
46 133
46 134
46 135
46 136
46 137
46 138
46 139
46 140
46 141
46 142
46 143
47 48
47 49
47 50
47 51
47 52
47 58
47 59
47 60
47 61
47 62
47 63
47 64
47 65
47 66
47 67
47 68
47 69
47 70
47 71
47 72
47 73
47 74
47 75
47 76
47 77
47 78
47 109
47 122
47 123
47 125
47 126
47 127
47 128
47 129
47 130
47 131
47 132
47 133
47 134
47 135
47 136
47 137
47 138
47 139
47 140
47 141
47 142
47 143
47 144
48 49
48 50
48 51
48 57
48 60
48 61
48 62
48 63
48 64
48 65
48 66
48 67
48 68
48 69
48 70
48 71
48 72
48 73
48 74
48 75
48 76
48 77
48 78
48 86
48 112
48 124
48 127
48 128
48 129
48 130
48 131
48 132
48 133
48 134
48 135
48 136
48 137
48 138
48 139
48 140
48 141
48 142
49 50
49 51
49 52
49 58
49 59
49 61
49 62
49 63
49 64
49 65
49 66
49 67
49 68
49 69
49 70
49 71
49 72
49 73
49 74
49 75
49 76
49 77
49 85
49 109
49 111
49 123
49 124
49 125
49 126
49 127
49 128
49 129
49 130
49 131
49 132
49 133
49 134
49 135
49 136
49 137
49 138
49 139
49 140
49 141
49 142
49 144
50 51
50 52
50 58
50 59
50 60
50 61
50 62
50 63
50 64
50 65
50 66
50 67
50 68
50 69
50 70
50 71
50 72
50 73
50 74
50 75
50 76
50 77
50 122
50 123
50 124
50 125
50 126
50 127
50 128
50 129
50 130
50 131
50 132
50 133
50 134
50 135
50 136
50 137
50 138
50 139
50 140
50 141
50 142
50 143
51 53
51 59
51 61
51 64
51 66
51 67
51 68
51 69
51 70
51 72
51 74
51 75
51 76
51 77
51 78
51 127
51 128
51 131
51 134
51 135
51 136
51 137
51 138
51 139
51 140
51 141
51 142
51 143
52 63
52 72
52 74
52 75
52 76
52 77
52 128
52 129
52 133
52 138
52 139
52 140
52 141
52 142
52 143
52 144
52 147
53 71
53 75
53 77
53 107
53 112
53 135
53 137
53 141
53 143
53 145
54 69
54 80
54 135
54 139
57 63
57 66
57 67
57 73
57 123
57 128
57 130
57 131
57 132
57 136
57 141
58 59
58 61
58 63
58 64
58 65
58 66
58 67
58 72
58 74
58 75
58 76
58 122
58 125
58 126
58 127
58 130
58 131
58 132
58 134
58 136
58 138
58 142
59 61
59 62
59 63
59 65
59 66
59 67
59 68
59 69
59 70
59 71
59 73
59 74
59 75
59 76
59 77
59 111
59 122
59 123
59 125
59 128
59 129
59 130
59 131
59 132
59 133
59 134
59 135
59 137
59 139
59 142
59 143
60 61
60 62
60 63
60 64
60 66
60 67
60 69
60 70
60 71
60 72
60 74
60 75
60 76
60 77
60 78
60 80
60 109
60 124
60 125
60 126
60 127
60 128
60 130
60 131
60 133
60 134
60 135
60 136
60 138
60 140
60 142
60 143
61 62
61 63
61 64
61 66
61 67
61 68
61 69
61 70
61 71
61 72
61 73
61 74
61 75
61 76
61 77
61 81
61 124
61 125
61 126
61 127
61 128
61 129
61 131
61 132
61 134
61 135
61 136
61 137
61 138
61 139
61 140
61 141
61 142
62 63
62 64
62 65
62 66
62 67
62 68
62 69
62 70
62 71
62 72
62 73
62 74
62 76
62 77
62 122
62 123
62 125
62 126
62 128
62 129
62 130
62 131
62 132
62 133
62 134
62 135
62 136
62 137
62 138
62 140
62 141
62 142
62 143
63 64
63 65
63 66
63 67
63 68
63 69
63 70
63 71
63 72
63 73
63 74
63 75
63 76
63 77
63 79
63 123
63 124
63 125
63 126
63 127
63 128
63 129
63 130
63 131
63 132
63 133
63 134
63 135
63 136
63 137
63 138
63 139
63 140
63 141
63 142
63 143
64 65
64 66
64 67
64 68
64 69
64 70
64 71
64 72
64 73
64 74
64 75
64 76
64 77
64 123
64 125
64 126
64 127
64 128
64 129
64 130
64 131
64 132
64 133
64 134
64 135
64 136
64 137
64 138
64 139
64 140
64 141
64 142
65 66
65 67
65 68
65 69
65 70
65 71
65 72
65 73
65 74
65 75
65 76
65 77
65 78
65 122
65 126
65 127
65 128
65 129
65 130
65 131
65 132
65 133
65 134
65 135
65 136
65 137
65 138
65 139
65 140
65 141
65 142
66 67
66 68
66 69
66 70
66 71
66 72
66 73
66 74
66 75
66 76
66 77
66 123
66 124
66 125
66 126
66 127
66 128
66 129
66 130
66 131
66 132
66 133
66 134
66 135
66 136
66 137
66 138
66 139
66 140
66 141
66 142
66 143
67 68
67 69
67 70
67 71
67 72
67 73
67 74
67 75
67 76
67 77
67 78
67 109
67 110
67 122
67 124
67 126
67 127
67 128
67 129
67 130
67 131
67 132
67 133
67 134
67 135
67 136
67 137
67 138
67 139
67 140
67 141
67 142
68 69
68 70
68 71
68 72
68 73
68 74
68 75
68 76
68 77
68 78
68 105
68 122
68 124
68 125
68 126
68 127
68 128
68 129
68 130
68 131
68 132
68 133
68 134
68 135
68 136
68 137
68 138
68 139
68 140
68 141
68 142
69 70
69 71
69 72
69 73
69 74
69 75
69 76
69 77
69 79
69 123
69 124
69 125
69 126
69 127
69 128
69 129
69 130
69 131
69 132
69 133
69 134
69 135
69 136
69 137
69 138
69 139
69 140
69 141
69 142
69 143
70 71
70 72
70 73
70 74
70 75
70 76
70 77
70 86
70 123
70 124
70 125
70 126
70 127
70 128
70 129
70 130
70 131
70 132
70 133
70 134
70 135
70 136
70 137
70 138
70 139
70 140
70 141
70 142
70 143
71 72
71 73
71 74
71 75
71 76
71 77
71 123
71 125
71 126
71 127
71 128
71 129
71 130
71 131
71 132
71 133
71 134
71 135
71 136
71 137
71 138
71 139
71 140
71 141
71 142
71 143
72 73
72 74
72 75
72 76
72 77
72 124
72 125
72 126
72 127
72 128
72 129
72 130
72 131
72 132
72 133
72 134
72 135
72 136
72 137
72 138
72 139
72 140
72 141
72 142
73 74
73 75
73 76
73 77
73 78
73 80
73 124
73 125
73 127
73 128
73 129
73 130
73 131
73 132
73 133
73 134
73 135
73 136
73 137
73 138
73 139
73 140
73 141
73 142
73 143
74 75
74 76
74 77
74 78
74 84
74 122
74 124
74 125
74 126
74 127
74 128
74 129
74 130
74 131
74 132
74 133
74 134
74 135
74 136
74 137
74 138
74 139
74 140
74 141
74 142
75 76
75 77
75 78
75 79
75 122
75 123
75 125
75 126
75 127
75 128
75 129
75 130
75 131
75 132
75 133
75 134
75 135
75 136
75 137
75 138
75 139
75 140
75 141
75 142
75 143
76 77
76 78
76 79
76 85
76 95
76 123
76 124
76 125
76 126
76 127
76 128
76 129
76 130
76 131
76 132
76 133
76 134
76 135
76 136
76 137
76 138
76 139
76 140
76 141
76 142
76 143
77 78
77 85
77 122
77 123
77 124
77 125
77 126
77 127
77 128
77 129
77 130
77 131
77 132
77 133
77 134
77 135
77 136
77 137
77 138
77 139
77 140
77 141
77 142
77 143
78 89
78 109
78 110
78 127
78 133
78 135
78 136
78 137
78 138
78 139
78 140
78 141
78 142
78 143
78 144
79 94
79 141
79 142
79 143
79 144
80 102
80 128
80 143
84 141
85 123
85 125
85 138
86 96
87 90
89 137
95 142
102 129
106 144
107 126
108 137
108 139
108 142
109 125
109 132
109 139
109 142
110 131
110 134
110 139
110 142
110 144
111 129
111 137
111 144
112 138
113 143
121 128
121 140
122 126
122 130
122 140
122 141
123 125
123 126
123 127
123 128
123 129
123 130
123 131
123 132
123 133
123 134
123 135
123 137
123 141
123 142
124 125
124 126
124 128
124 129
124 131
124 132
124 133
124 134
124 135
124 137
124 138
124 140
124 141
125 126
125 127
125 128
125 129
125 131
125 132
125 133
125 134
125 135
125 137
125 138
125 139
125 140
125 141
125 142
126 127
126 129
126 130
126 131
126 132
126 133
126 134
126 135
126 136
126 137
126 139
126 140
126 141
126 142
127 128
127 129
127 130
127 131
127 132
127 133
127 134
127 135
127 136
127 137
127 138
127 139
127 140
127 141
127 142
127 143
128 129
128 130
128 131
128 132
128 133
128 134
128 135
128 136
128 137
128 138
128 140
128 141
128 142
129 130
129 131
129 132
129 133
129 134
129 135
129 136
129 137
129 138
129 139
129 140
129 141
129 142
130 131
130 132
130 133
130 134
130 135
130 136
130 137
130 138
130 139
130 140
130 141
130 142
131 132
131 133
131 134
131 135
131 136
131 137
131 138
131 139
131 140
131 141
131 142
132 133
132 134
132 135
132 136
132 137
132 138
132 139
132 140
132 141
132 142
132 143
133 134
133 135
133 136
133 137
133 138
133 139
133 140
133 141
133 142
133 144
134 135
134 136
134 137
134 138
134 139
134 140
134 141
134 142
135 136
135 137
135 138
135 139
135 140
135 141
135 142
136 137
136 138
136 139
136 140
136 141
136 142
136 143
136 146
137 138
137 139
137 140
137 141
137 142
137 143
138 139
138 140
138 141
138 142
138 143
139 140
139 141
139 142
139 143
140 141
140 142
140 143
141 142
141 143
141 144
142 143
142 144
