1 2
1 31
1 34
1 35
1 36
1 75
1 80
1 81
1 111
1 118
1 151
1 155
1 160
1 161
1 162
1 165
1 167
1 168
1 169
1 170
1 171
1 172
1 173
1 174
2 62
2 83
2 171
2 172
2 173
2 174
2 178
2 193
3 75
3 155
6 147
7 164
8 173
13 171
14 174
15 63
15 168
16 105
22 172
23 81
26 27
26 34
26 36
26 75
26 143
26 145
26 146
26 156
26 158
27 28
27 29
27 31
27 33
27 34
27 35
27 36
27 66
27 67
27 68
27 69
27 71
27 73
27 75
27 76
27 77
27 79
27 123
27 124
27 125
27 146
27 148
27 149
27 157
27 158
27 160
27 162
27 166
27 167
27 170
27 173
28 29
28 30
28 31
28 35
28 36
28 37
28 69
28 70
28 72
28 73
28 74
28 75
28 76
28 77
28 78
28 124
28 144
28 145
28 146
28 147
28 148
28 149
28 150
28 151
28 157
28 158
28 159
28 160
28 161
28 162
28 163
28 164
28 165
28 166
28 167
28 168
28 170
28 171
28 172
28 173
28 174
28 175
29 30
29 31
29 32
29 33
29 35
29 36
29 37
29 68
29 69
29 70
29 72
29 73
29 74
29 75
29 76
29 77
29 78
29 125
29 126
29 143
29 144
29 145
29 146
29 147
29 150
29 151
29 157
29 158
29 159
29 160
29 161
29 162
29 163
29 164
29 165
29 166
29 167
29 168
29 169
29 170
29 171
29 172
29 174
29 175
30 31
30 32
30 33
30 34
30 35
30 36
30 37
30 69
30 70
30 71
30 72
30 73
30 75
30 76
30 77
30 78
30 112
30 144
30 145
30 146
30 147
30 148
30 149
30 150
30 151
30 156
30 157
30 159
30 160
30 161
30 162
30 163
30 164
30 165
30 166
30 167
30 168
30 170
30 171
30 172
30 173
30 175
31 32
31 33
31 34
31 35
31 36
31 37
31 69
31 70
31 71
31 72
31 73
31 74
31 75
31 76
31 77
31 78
31 79
31 124
31 125
31 144
31 145
31 146
31 147
31 148
31 151
31 156
31 158
31 160
31 161
31 162
31 163
31 164
31 165
31 166
31 167
31 168
31 169
31 170
31 171
31 172
31 173
31 174
32 33
32 34
32 35
32 36
32 37
32 68
32 69
32 71
32 73
32 74
32 75
32 76
32 77
32 78
32 79
32 125
32 126
32 127
32 142
32 145
32 146
32 147
32 148
32 149
32 150
32 151
32 152
32 157
32 159
32 160
32 161
32 162
32 163
32 164
32 165
32 166
32 167
32 168
32 169
32 170
32 171
32 172
32 173
32 174
32 175
33 34
33 35
33 36
33 37
33 47
33 61
33 68
33 69
33 70
33 71
33 72
33 73
33 74
33 75
33 76
33 77
33 78
33 79
33 124
33 125
33 126
33 143
33 144
33 145
33 147
33 148
33 149
33 150
33 151
33 152
33 156
33 158
33 159
33 160
33 161
33 162
33 163
33 164
33 165
33 166
33 167
33 168
33 169
33 170
33 171
33 172
33 173
33 174
34 35
34 36
34 37
34 68
34 69
34 70
34 73
34 74
34 75
34 76
34 77
34 78
34 80
34 125
34 127
34 143
34 144
34 145
34 146
34 147
34 148
34 149
34 150
34 151
34 152
34 158
34 159
34 160
34 161
34 162
34 163
34 164
34 165
34 166
34 167
34 168
34 169
34 170
34 171
34 172
34 173
34 174
34 175
35 36
35 37
35 68
35 69
35 70
35 71
35 73
35 74
35 75
35 76
35 77
35 78
35 79
35 103
35 119
35 124
35 127
35 143
35 144
35 145
35 146
35 147
35 148
35 149
35 150
35 151
35 152
35 158
35 159
35 160
35 161
35 162
35 163
35 164
35 165
35 166
35 167
35 168
35 169
35 170
35 171
35 172
35 173
35 174
35 175
36 37
36 38
36 66
36 67
36 68
36 70
36 71
36 72
36 73
36 74
36 75
36 76
36 77
36 78
36 79
36 123
36 125
36 142
36 143
36 144
36 145
36 146
36 147
36 148
36 149
36 150
36 151
36 152
36 158
36 160
36 161
36 162
36 163
36 164
36 165
36 166
36 167
36 168
36 169
36 170
36 171
36 172
36 173
36 174
36 175
36 193
37 70
37 72
37 73
37 74
37 76
37 77
37 78
37 97
37 105
37 116
37 118
37 126
37 142
37 144
37 145
37 146
37 147
37 148
37 149
37 150
37 151
37 152
37 153
37 158
37 159
37 160
37 161
37 162
37 163
37 164
37 165
37 166
37 167
37 168
37 169
37 170
37 171
37 172
37 173
37 174
37 175
37 193
38 76
38 77
38 79
38 80
38 117
38 150
38 151
38 153
38 154
38 161
38 164
38 166
38 167
38 168
38 169
38 170
38 171
38 172
38 173
38 174
38 177
39 74
39 79
39 119
39 127
39 129
39 151
39 169
39 172
39 175
40 151
40 154
40 174
41 130
41 176
45 154
45 168
45 172
46 163
46 170
46 171
46 172
47 72
47 79
47 172
47 173
47 174
48 172
48 174
61 72
61 169
62 80
62 152
62 171
66 165
67 72
67 78
67 116
67 124
67 144
67 146
67 150
67 152
67 159
67 162
67 165
67 166
67 168
67 170
67 171
67 172
67 173
68 70
68 71
68 73
68 76
68 77
68 78
68 79
68 125
68 126
68 143
68 145
68 148
68 149
68 150
68 157
68 158
68 159
68 161
68 162
68 163
68 164
68 166
68 169
68 171
68 172
68 173
68 174
69 70
69 71
69 72
69 73
69 74
69 75
69 76
69 77
69 78
69 117
69 125
69 143
69 144
69 146
69 147
69 150
69 156
69 158
69 160
69 161
69 163
69 164
69 166
69 167
69 169
69 170
69 172
69 173
69 174
70 71
70 72
70 73
70 74
70 75
70 76
70 77
70 78
70 79
70 124
70 125
70 143
70 144
70 145
70 146
70 147
70 148
70 149
70 150
70 156
70 157
70 158
70 159
70 160
70 161
70 162
70 163
70 165
70 166
70 167
70 169
70 170
70 171
70 172
70 173
70 174
70 177
71 72
71 73
71 74
71 75
71 76
71 77
71 78
71 79
71 123
71 126
71 143
71 144
71 145
71 146
71 147
71 148
71 149
71 150
71 151
71 158
71 159
71 160
71 161
71 162
71 163
71 164
71 165
71 166
71 168
71 169
71 170
71 171
71 172
71 173
72 73
72 74
72 75
72 76
72 77
72 78
72 125
72 126
72 143
72 144
72 145
72 146
72 147
72 148
72 149
72 150
72 156
72 158
72 159
72 160
72 161
72 162
72 163
72 164
72 165
72 166
72 167
72 168
72 169
72 170
72 171
72 172
72 173
72 174
72 175
73 74
73 75
73 76
73 77
73 78
73 125
73 126
73 141
73 142
73 143
73 144
73 145
73 146
73 147
73 148
73 149
73 150
73 151
73 157
73 158
73 159
73 160
73 161
73 162
73 163
73 164
73 165
73 166
73 167
73 168
73 169
73 170
73 171
73 172
73 173
73 174
73 175
74 75
74 76
74 77
74 78
74 79
74 100
74 123
74 124
74 125
74 126
74 142
74 144
74 145
74 146
74 147
74 148
74 149
74 150
74 151
74 157
74 158
74 159
74 160
74 161
74 162
74 163
74 164
74 165
74 166
74 167
74 168
74 169
74 170
74 171
74 172
74 173
74 174
75 76
75 77
75 78
75 101
75 107
75 112
75 124
75 125
75 143
75 145
75 146
75 147
75 148
75 149
75 150
75 151
75 156
75 157
75 160
75 161
75 162
75 163
75 164
75 165
75 166
75 167
75 168
75 169
75 170
75 171
75 172
75 173
75 174
75 175
76 77
76 78
76 113
76 123
76 126
76 143
76 144
76 145
76 147
76 148
76 149
76 150
76 151
76 152
76 156
76 157
76 158
76 159
76 160
76 161
76 162
76 163
76 164
76 165
76 166
76 167
76 168
76 169
76 170
76 171
76 172
76 173
76 174
77 78
77 79
77 124
77 126
77 143
77 144
77 145
77 146
77 147
77 148
77 149
77 150
77 151
77 152
77 157
77 158
77 159
77 160
77 161
77 162
77 163
77 164
77 165
77 166
77 167
77 168
77 169
77 170
77 171
77 172
77 173
77 174
77 175
78 79
78 108
78 125
78 126
78 142
78 143
78 144
78 145
78 146
78 147
78 149
78 150
78 152
78 157
78 158
78 159
78 160
78 161
78 162
78 163
78 164
78 165
78 166
78 167
78 168
78 169
78 170
78 171
78 172
78 173
78 174
78 175
78 176
79 142
79 147
79 148
79 151
79 152
79 162
79 163
79 164
79 165
79 166
79 167
79 168
79 169
79 170
79 171
79 172
79 173
79 174
79 190
80 127
80 166
80 167
80 168
80 169
80 171
80 172
80 173
80 174
80 175
80 176
81 154
81 159
81 175
82 103
82 104
89 170
98 115
98 172
99 171
101 173
102 164
102 172
103 170
103 171
104 114
104 168
104 173
106 172
107 165
109 171
109 175
110 170
110 175
112 117
113 169
113 170
113 171
113 173
114 173
114 174
115 167
116 168
116 171
117 148
117 159
117 173
117 174
118 165
118 166
118 167
118 170
118 172
118 173
119 170
119 176
120 140
122 144
123 124
123 125
123 141
123 142
123 157
123 166
123 167
123 172
124 125
124 142
124 145
124 146
124 149
124 150
124 157
124 159
124 164
124 165
124 168
124 169
124 170
124 171
124 172
124 173
124 174
125 142
125 144
125 148
125 149
125 150
125 157
125 158
125 159
125 160
125 161
125 162
125 163
125 165
125 166
125 167
125 168
125 169
125 171
125 172
125 173
126 144
126 146
126 147
126 148
126 149
126 150
126 158
126 159
126 161
126 164
126 166
126 169
126 170
126 171
126 172
126 173
126 174
127 161
127 165
127 166
127 167
127 168
127 169
127 170
127 171
127 172
127 173
127 174
128 129
128 149
128 164
128 170
128 172
128 173
128 174
128 175
129 173
129 176
133 173
139 172
141 157
142 144
142 147
142 150
142 159
142 160
142 161
142 163
142 164
142 165
142 166
142 169
142 172
143 144
143 147
143 148
143 149
143 150
143 152
143 159
143 160
143 163
143 165
143 166
143 167
143 168
143 171
143 172
143 173
144 145
144 146
144 147
144 148
144 149
144 150
144 151
144 156
144 157
144 158
144 159
144 162
144 164
144 165
144 168
144 169
144 170
144 171
144 172
144 173
145 146
145 147
145 148
145 149
145 150
145 153
145 156
145 157
145 158
145 159
145 160
145 161
145 162
145 163
145 164
145 165
145 166
145 167
145 168
145 169
145 170
145 171
145 173
145 175
146 147
146 148
146 149
146 150
146 151
146 152
146 158
146 159
146 160
146 161
146 162
146 163
146 164
146 165
146 166
146 167
146 168
146 169
146 170
146 171
146 172
146 173
146 174
147 148
147 149
147 150
147 151
147 152
147 156
147 159
147 160
147 161
147 162
147 163
147 164
147 165
147 166
147 167
147 168
147 169
147 170
147 171
147 172
147 173
147 174
147 175
148 149
148 150
148 152
148 157
148 158
148 159
148 160
148 161
148 162
148 163
148 164
148 165
148 166
148 167
148 168
148 169
148 170
148 171
148 172
148 173
148 174
149 150
149 151
149 157
149 158
149 159
149 160
149 161
149 162
149 163
149 164
149 165
149 166
149 167
149 168
149 169
149 170
149 171
149 172
149 173
149 174
150 151
150 152
150 153
150 157
150 158
150 159
150 160
150 161
150 162
150 163
150 164
150 165
150 166
150 167
150 168
150 169
150 170
150 171
150 172
150 173
150 174
150 175
151 157
151 159
151 160
151 161
151 163
151 164
151 165
151 166
151 167
151 168
151 169
151 170
151 171
151 172
151 173
151 174
152 163
152 164
152 166
152 167
152 168
152 169
152 170
152 171
152 172
152 173
152 174
152 175
153 162
153 164
153 166
153 168
153 169
153 170
153 171
153 172
153 173
153 174
153 175
154 172
154 174
154 176
155 157
156 158
156 161
156 162
156 165
156 167
156 168
156 173
157 158
157 160
157 162
157 163
157 164
157 165
157 167
157 168
157 169
157 170
157 171
157 172
157 173
158 159
158 160
158 165
158 167
158 168
158 169
158 170
158 171
158 172
158 174
158 175
159 160
159 161
159 163
159 164
159 166
159 167
159 168
159 169
159 170
159 171
159 173
159 174
160 161
160 162
160 163
160 164
160 165
160 166
160 167
160 168
160 169
160 170
160 171
160 172
160 173
160 174
160 191
161 162
161 163
161 164
161 165
161 166
161 167
161 168
161 169
161 170
161 171
161 172
161 173
161 174
161 175
162 163
162 164
162 165
162 166
162 167
162 168
162 169
162 170
162 171
162 172
162 173
162 174
163 164
163 165
163 166
163 167
163 168
163 169
163 170
163 171
163 172
163 173
163 174
164 165
164 166
164 167
164 168
164 169
164 170
164 171
164 172
164 173
164 174
164 175
165 166
165 167
165 168
165 169
165 170
165 171
165 172
165 173
165 174
166 167
166 168
166 169
166 170
166 171
166 172
166 173
166 174
166 175
166 177
167 168
167 169
167 170
167 171
167 172
167 173
167 174
167 175
167 176
167 191
168 169
168 170
168 171
168 172
168 173
168 174
168 175
169 170
169 171
169 172
169 173
169 174
169 175
169 176
169 192
170 171
170 172
170 173
170 174
170 175
171 172
171 173
171 174
171 175
171 176
172 173
172 174
172 175
172 176
172 192
173 174
173 175
173 176
174 175
174 176
174 177
174 198
175 176
175 187
175 191
175 194
177 190
