3 16
3 19
4 8
4 10
4 25
4 47
4 89
4 110
5 7
5 8
5 10
5 11
5 12
5 16
5 18
5 19
5 21
5 23
5 25
5 42
5 43
5 48
5 49
5 51
5 54
5 59
5 86
5 87
5 89
5 91
5 92
5 94
6 7
6 8
6 9
6 10
6 11
6 12
6 13
6 17
6 21
6 22
6 23
6 24
6 25
6 26
6 27
6 28
6 42
6 43
6 44
6 45
6 46
6 47
6 48
6 49
6 50
6 51
6 52
6 53
6 55
6 57
6 58
6 59
6 60
6 88
6 90
6 91
6 92
6 93
7 9
7 11
7 12
7 13
7 15
7 16
7 17
7 18
7 19
7 20
7 21
7 22
7 23
7 24
7 25
7 26
7 27
7 28
7 45
7 46
7 47
7 48
7 49
7 50
7 51
7 52
7 53
7 54
7 56
7 57
7 59
7 60
7 86
7 87
7 88
7 89
7 90
7 91
7 93
8 9
8 10
8 11
8 12
8 14
8 15
8 16
8 17
8 18
8 19
8 20
8 21
8 22
8 23
8 24
8 25
8 26
8 27
8 28
8 29
8 42
8 43
8 45
8 46
8 47
8 48
8 49
8 50
8 51
8 52
8 53
8 56
8 57
8 58
8 59
8 86
8 87
8 88
8 89
8 90
8 91
8 92
8 93
8 94
8 109
9 10
9 11
9 12
9 13
9 14
9 15
9 16
9 17
9 18
9 19
9 20
9 21
9 22
9 23
9 24
9 25
9 26
9 27
9 28
9 29
9 43
9 44
9 45
9 46
9 47
9 48
9 49
9 50
9 51
9 52
9 53
9 54
9 55
9 56
9 57
9 58
9 59
9 60
9 84
9 85
9 86
9 87
9 88
9 89
9 90
9 91
9 92
9 93
9 96
10 11
10 12
10 13
10 14
10 15
10 16
10 17
10 18
10 19
10 20
10 21
10 22
10 23
10 24
10 25
10 26
10 27
10 28
10 29
10 30
10 42
10 43
10 45
10 46
10 47
10 48
10 49
10 50
10 51
10 52
10 53
10 54
10 55
10 56
10 57
10 58
10 59
10 60
10 85
10 86
10 87
10 88
10 89
10 90
10 91
10 92
10 93
10 94
10 95
11 12
11 13
11 14
11 15
11 16
11 17
11 18
11 19
11 20
11 21
11 22
11 23
11 24
11 25
11 26
11 27
11 28
11 29
11 42
11 43
11 44
11 45
11 46
11 47
11 48
11 49
11 51
11 52
11 53
11 54
11 55
11 56
11 57
11 58
11 59
11 60
11 62
11 86
11 87
11 88
11 89
11 90
11 91
11 92
11 93
11 111
12 13
12 14
12 15
12 16
12 17
12 18
12 19
12 20
12 21
12 22
12 23
12 24
12 25
12 26
12 27
12 28
12 29
12 42
12 43
12 44
12 45
12 46
12 47
12 48
12 49
12 50
12 51
12 52
12 53
12 54
12 55
12 56
12 57
12 58
12 59
12 60
12 61
12 62
12 85
12 86
12 87
12 88
12 89
12 90
12 91
12 92
12 93
12 95
13 14
13 15
13 16
13 17
13 18
13 19
13 20
13 21
13 22
13 23
13 24
13 25
13 26
13 27
13 28
13 41
13 42
13 43
13 45
13 46
13 47
13 48
13 49
13 50
13 51
13 52
13 53
13 54
13 55
13 56
13 57
13 58
13 59
13 60
13 61
13 87
13 88
13 89
13 90
13 92
13 93
13 94
13 113
14 15
14 16
14 17
14 18
14 19
14 20
14 21
14 22
14 23
14 24
14 25
14 26
14 27
14 28
14 29
14 43
14 44
14 45
14 46
14 47
14 48
14 49
14 50
14 51
14 52
14 53
14 54
14 55
14 56
14 57
14 58
14 59
14 60
14 85
14 88
14 89
14 90
14 91
14 92
14 93
14 94
14 95
15 16
15 17
15 18
15 19
15 20
15 21
15 22
15 23
15 24
15 25
15 26
15 27
15 28
15 29
15 43
15 44
15 45
15 46
15 47
15 48
15 49
15 50
15 51
15 52
15 53
15 54
15 55
15 56
15 57
15 58
15 59
15 60
15 61
15 85
15 87
15 88
15 89
15 90
15 91
15 92
15 93
15 111
16 17
16 18
16 19
16 20
16 21
16 22
16 23
16 24
16 25
16 26
16 27
16 28
16 29
16 31
16 42
16 43
16 44
16 45
16 46
16 47
16 48
16 49
16 50
16 51
16 52
16 53
16 54
16 55
16 56
16 57
16 58
16 59
16 60
16 61
16 88
16 89
16 90
16 91
16 92
16 93
16 94
16 111
16 113
16 117
16 136
17 18
17 19
17 20
17 21
17 22
17 23
17 24
17 25
17 26
17 27
17 28
17 29
17 30
17 41
17 42
17 43
17 44
17 45
17 46
17 47
17 48
17 49
17 50
17 51
17 52
17 53
17 54
17 55
17 56
17 57
17 58
17 59
17 60
17 61
17 86
17 87
17 88
17 89
17 90
17 91
17 92
17 93
17 94
17 108
17 112
17 117
18 19
18 20
18 21
18 22
18 23
18 24
18 25
18 26
18 27
18 28
18 29
18 30
18 44
18 45
18 46
18 47
18 48
18 49
18 50
18 51
18 52
18 53
18 54
18 55
18 56
18 57
18 58
18 59
18 60
18 61
18 63
18 86
18 87
18 88
18 90
18 91
18 92
18 93
18 94
18 95
18 109
18 110
18 111
18 133
18 160
18 162
19 20
19 21
19 22
19 23
19 24
19 25
19 26
19 27
19 28
19 29
19 30
19 43
19 44
19 46
19 47
19 48
19 49
19 50
19 51
19 52
19 53
19 54
19 55
19 56
19 57
19 58
19 59
19 60
19 62
19 86
19 87
19 88
19 89
19 90
19 91
19 92
19 93
19 94
19 108
19 109
19 112
19 114
20 21
20 22
20 23
20 24
20 25
20 26
20 27
20 28
20 29
20 30
20 41
20 43
20 44
20 45
20 46
20 47
20 48
20 49
20 50
20 51
20 52
20 53
20 54
20 55
20 56
20 57
20 58
20 59
20 60
20 61
20 62
20 63
20 85
20 86
20 87
20 88
20 89
20 90
20 91
20 92
20 93
20 94
20 95
20 109
20 110
20 115
21 22
21 23
21 24
21 25
21 26
21 27
21 28
21 29
21 30
21 31
21 43
21 44
21 45
21 46
21 47
21 48
21 49
21 50
21 51
21 52
21 53
21 54
21 55
21 57
21 58
21 59
21 60
21 61
21 62
21 86
21 87
21 88
21 89
21 90
21 91
21 92
21 93
21 94
21 95
21 96
21 109
21 112
21 117
22 23
22 24
22 25
22 26
22 27
22 28
22 29
22 30
22 31
22 32
22 41
22 44
22 45
22 46
22 47
22 48
22 49
22 50
22 51
22 52
22 53
22 54
22 55
22 56
22 57
22 58
22 59
22 60
22 61
22 62
22 63
22 65
22 85
22 87
22 88
22 89
22 90
22 91
22 92
22 93
22 94
22 95
22 96
22 108
22 109
22 112
22 113
22 115
22 118
22 195
23 24
23 25
23 26
23 27
23 28
23 29
23 30
23 31
23 32
23 43
23 44
23 45
23 46
23 47
23 48
23 49
23 50
23 51
23 52
23 53
23 54
23 55
23 56
23 57
23 58
23 59
23 60
23 61
23 62
23 63
23 64
23 83
23 86
23 87
23 88
23 89
23 90
23 91
23 92
23 93
23 94
23 95
23 96
23 97
23 107
23 109
23 110
23 111
23 112
23 113
23 117
23 123
23 124
23 130
23 131
23 132
23 134
23 160
23 196
24 25
24 26
24 27
24 28
24 29
24 30
24 31
24 32
24 43
24 44
24 45
24 47
24 48
24 49
24 50
24 51
24 52
24 53
24 54
24 55
24 56
24 57
24 58
24 59
24 60
24 61
24 62
24 63
24 64
24 66
24 67
24 77
24 86
24 87
24 88
24 89
24 90
24 91
24 92
24 93
24 94
24 95
24 96
24 97
24 104
24 110
24 112
24 113
24 114
24 123
24 124
24 133
24 134
24 136
24 152
24 159
24 162
24 171
25 26
25 27
25 28
25 29
25 30
25 31
25 33
25 43
25 44
25 45
25 46
25 47
25 48
25 49
25 50
25 51
25 52
25 53
25 54
25 55
25 56
25 57
25 58
25 59
25 60
25 61
25 62
25 63
25 64
25 69
25 75
25 86
25 87
25 88
25 89
25 90
25 91
25 92
25 93
25 94
25 95
25 96
25 97
25 110
25 111
25 112
25 113
25 119
25 125
25 132
25 134
25 156
25 160
25 161
26 27
26 28
26 29
26 30
26 31
26 32
26 41
26 42
26 43
26 44
26 46
26 47
26 48
26 49
26 50
26 51
26 52
26 53
26 54
26 55
26 56
26 57
26 58
26 59
26 60
26 61
26 62
26 63
26 64
26 83
26 84
26 86
26 87
26 88
26 89
26 90
26 91
26 92
26 93
26 94
26 95
26 96
26 97
26 105
26 110
26 111
26 116
26 118
26 131
26 133
26 134
26 135
26 142
26 161
26 162
26 186
27 28
27 29
27 30
27 38
27 42
27 43
27 44
27 45
27 46
27 47
27 48
27 49
27 50
27 51
27 52
27 53
27 54
27 55
27 56
27 57
27 58
27 59
27 60
27 61
27 62
27 85
27 87
27 88
27 89
27 90
27 91
27 92
27 93
27 94
27 95
27 96
27 97
27 110
27 114
27 134
27 135
27 160
27 161
27 187
28 29
28 30
28 42
28 43
28 44
28 45
28 46
28 47
28 48
28 49
28 50
28 51
28 52
28 53
28 54
28 55
28 56
28 57
28 58
28 59
28 60
28 61
28 62
28 85
28 87
28 88
28 89
28 90
28 91
28 92
28 93
28 94
28 98
28 108
28 111
28 119
28 180
29 30
29 45
29 46
29 47
29 48
29 49
29 50
29 51
29 52
29 54
29 55
29 56
29 57
29 58
29 59
29 60
29 61
29 66
29 85
29 86
29 87
29 88
29 89
29 90
29 91
29 92
29 93
29 94
29 98
29 110
29 111
29 114
29 174
30 32
30 44
30 45
30 52
30 53
30 54
30 55
30 57
30 93
30 114
31 53
31 135
33 163
41 87
41 89
42 43
42 47
42 48
42 49
42 53
42 54
42 55
42 56
42 58
42 86
42 93
43 44
43 45
43 47
43 48
43 49
43 50
43 51
43 55
43 56
43 57
43 58
43 59
43 60
43 86
43 87
43 88
43 89
43 90
43 91
43 93
43 131
44 46
44 48
44 50
44 52
44 53
44 54
44 55
44 56
44 57
44 58
44 59
44 60
44 61
44 85
44 87
44 89
44 90
44 91
44 92
44 93
45 46
45 47
45 48
45 49
45 50
45 51
45 52
45 53
45 54
45 55
45 56
45 57
45 58
45 59
45 60
45 85
45 86
45 87
45 88
45 89
45 90
45 91
45 92
45 94
45 108
46 47
46 48
46 49
46 50
46 51
46 52
46 53
46 54
46 55
46 56
46 57
46 58
46 59
46 60
46 86
46 87
46 88
46 89
46 90
46 91
46 92
46 93
46 161
47 48
47 49
47 50
47 51
47 52
47 53
47 54
47 55
47 56
47 57
47 58
47 59
47 60
47 85
47 86
47 88
47 89
47 90
47 91
47 92
47 93
47 94
47 163
48 49
48 50
48 51
48 52
48 53
48 55
48 56
48 57
48 58
48 59
48 60
48 87
48 88
48 89
48 90
48 91
48 92
48 93
48 94
49 50
49 51
49 52
49 53
49 54
49 55
49 56
49 57
49 58
49 59
49 60
49 62
49 85
49 87
49 88
49 89
49 90
49 91
49 92
49 93
49 94
50 51
50 52
50 53
50 54
50 55
50 56
50 57
50 58
50 59
50 60
50 61
50 62
50 86
50 87
50 88
50 89
50 90
50 91
50 92
50 93
50 94
50 95
50 110
51 52
51 53
51 54
51 55
51 56
51 57
51 58
51 59
51 60
51 62
51 84
51 87
51 89
51 90
51 91
51 92
51 93
51 94
52 53
52 54
52 55
52 56
52 57
52 58
52 59
52 60
52 61
52 85
52 87
52 88
52 89
52 90
52 91
52 92
52 93
52 94
52 95
53 54
53 55
53 56
53 57
53 58
53 59
53 60
53 61
53 62
53 86
53 88
53 89
53 90
53 91
53 92
53 93
53 94
53 162
54 55
54 56
54 57
54 58
54 59
54 60
54 85
54 86
54 87
54 88
54 89
54 90
54 91
54 92
54 93
54 94
54 115
55 56
55 58
55 59
55 60
55 61
55 85
55 86
55 87
55 88
55 89
55 90
55 91
55 92
55 93
55 94
55 110
55 111
56 57
56 58
56 59
56 60
56 85
56 86
56 87
56 88
56 89
56 90
56 91
56 92
56 93
57 58
57 60
57 61
57 86
57 87
57 88
57 89
57 90
57 91
57 92
57 93
57 94
57 194
58 59
58 60
58 85
58 88
58 89
58 90
58 91
58 92
58 93
58 172
59 60
59 61
59 62
59 85
59 88
59 89
59 90
59 91
59 92
59 93
59 94
59 134
60 61
60 86
60 88
60 90
60 91
60 92
60 93
60 95
60 135
61 63
61 84
61 88
61 92
61 93
62 91
65 68
65 112
67 97
72 138
84 90
85 87
85 90
85 91
86 87
86 89
86 90
86 91
87 88
87 89
87 91
87 92
87 93
88 89
88 90
88 91
88 92
88 93
88 94
88 112
89 90
89 91
89 92
89 93
90 91
90 92
90 93
90 94
90 95
91 92
91 93
92 93
92 94
92 97
92 133
93 109
98 99
111 120
143 173
