1 222
4 39
4 162
5 82
5 138
5 164
5 224
6 151
6 167
7 128
12 84
20 23
20 30
20 32
20 39
20 126
20 133
20 157
20 161
20 166
20 206
20 211
20 221
21 24
21 26
21 27
21 36
21 37
21 39
21 69
21 70
21 84
21 86
21 120
21 124
21 129
21 134
21 136
21 150
21 152
21 154
21 159
21 160
21 163
21 166
21 209
21 213
21 216
22 24
22 25
22 26
22 29
22 30
22 31
22 32
22 34
22 37
22 38
22 69
22 70
22 76
22 77
22 78
22 79
22 83
22 86
22 87
22 88
22 121
22 125
22 127
22 130
22 132
22 133
22 134
22 135
22 137
22 149
22 150
22 151
22 154
22 156
22 157
22 158
22 159
22 160
22 162
22 163
22 164
22 166
22 209
22 217
22 218
22 219
22 220
22 221
23 25
23 26
23 27
23 32
23 33
23 34
23 37
23 38
23 70
23 72
23 73
23 74
23 75
23 76
23 77
23 78
23 80
23 85
23 88
23 89
23 120
23 121
23 123
23 127
23 129
23 130
23 132
23 152
23 155
23 157
23 159
23 160
23 162
23 164
23 165
23 203
23 204
23 205
23 206
23 208
23 209
23 210
23 211
23 214
23 217
23 218
23 223
24 25
24 26
24 27
24 29
24 31
24 32
24 34
24 35
24 36
24 37
24 38
24 39
24 69
24 70
24 73
24 74
24 75
24 76
24 77
24 78
24 80
24 81
24 82
24 83
24 85
24 86
24 87
24 88
24 89
24 90
24 119
24 121
24 122
24 125
24 126
24 127
24 128
24 133
24 134
24 135
24 136
24 137
24 151
24 152
24 153
24 154
24 155
24 156
24 157
24 158
24 159
24 160
24 163
24 165
24 166
24 203
24 205
24 206
24 207
24 208
24 209
24 210
24 211
24 212
24 214
24 215
24 216
24 217
24 219
24 220
24 221
24 222
24 223
25 27
25 28
25 29
25 30
25 31
25 32
25 33
25 34
25 35
25 36
25 37
25 39
25 40
25 71
25 73
25 74
25 75
25 76
25 77
25 78
25 79
25 80
25 81
25 82
25 83
25 84
25 85
25 87
25 88
25 89
25 119
25 120
25 121
25 122
25 124
25 125
25 126
25 127
25 129
25 130
25 131
25 134
25 136
25 137
25 152
25 153
25 154
25 155
25 156
25 157
25 158
25 159
25 160
25 161
25 162
25 163
25 164
25 166
25 167
25 203
25 204
25 205
25 206
25 207
25 209
25 210
25 211
25 213
25 214
25 215
25 217
25 218
25 220
25 221
25 222
25 223
26 27
26 28
26 29
26 31
26 32
26 33
26 34
26 36
26 37
26 38
26 39
26 69
26 71
26 73
26 74
26 75
26 76
26 77
26 81
26 82
26 83
26 84
26 85
26 86
26 87
26 122
26 124
26 125
26 126
26 127
26 129
26 130
26 131
26 133
26 134
26 135
26 136
26 151
26 152
26 153
26 154
26 155
26 157
26 158
26 159
26 160
26 161
26 162
26 163
26 164
26 165
26 166
26 170
26 179
26 205
26 206
26 209
26 211
26 212
26 213
26 214
26 215
26 216
26 217
26 219
26 220
26 221
26 223
27 28
27 29
27 31
27 32
27 33
27 34
27 35
27 36
27 37
27 38
27 71
27 72
27 73
27 74
27 75
27 76
27 77
27 79
27 80
27 81
27 82
27 83
27 86
27 87
27 88
27 89
27 120
27 121
27 122
27 123
27 124
27 125
27 126
27 127
27 128
27 129
27 130
27 131
27 132
27 133
27 134
27 135
27 136
27 152
27 153
27 157
27 158
27 159
27 161
27 162
27 163
27 164
27 165
27 166
27 167
27 203
27 204
27 205
27 207
27 208
27 210
27 211
27 212
27 213
27 214
27 215
27 216
27 218
27 219
27 220
27 221
27 222
27 223
27 224
28 29
28 30
28 32
28 33
28 34
28 35
28 36
28 37
28 38
28 39
28 70
28 72
28 73
28 74
28 75
28 76
28 77
28 78
28 79
28 80
28 81
28 82
28 83
28 84
28 85
28 86
28 87
28 88
28 89
28 90
28 121
28 122
28 123
28 124
28 125
28 126
28 127
28 128
28 129
28 130
28 131
28 132
28 133
28 134
28 135
28 136
28 138
28 152
28 153
28 157
28 158
28 159
28 160
28 161
28 162
28 163
28 164
28 165
28 166
28 203
28 204
28 205
28 206
28 207
28 208
28 209
28 210
28 211
28 212
28 213
28 214
28 215
28 216
28 217
28 218
28 219
28 220
28 221
28 222
28 223
29 30
29 32
29 33
29 34
29 35
29 36
29 37
29 38
29 39
29 40
29 69
29 70
29 72
29 75
29 76
29 77
29 78
29 79
29 80
29 81
29 82
29 83
29 84
29 85
29 86
29 87
29 88
29 89
29 90
29 119
29 120
29 121
29 122
29 124
29 126
29 127
29 128
29 129
29 130
29 131
29 132
29 133
29 134
29 135
29 136
29 152
29 153
29 154
29 155
29 156
29 157
29 158
29 159
29 160
29 161
29 162
29 163
29 164
29 165
29 166
29 204
29 205
29 206
29 207
29 208
29 209
29 210
29 211
29 212
29 213
29 214
29 215
29 216
29 217
29 218
29 219
29 221
29 222
29 223
30 31
30 32
30 33
30 34
30 35
30 36
30 37
30 38
30 39
30 40
30 69
30 74
30 75
30 76
30 77
30 78
30 79
30 80
30 81
30 82
30 83
30 84
30 85
30 86
30 87
30 88
30 89
30 120
30 123
30 124
30 125
30 126
30 127
30 128
30 129
30 130
30 131
30 132
30 133
30 134
30 135
30 136
30 151
30 152
30 153
30 155
30 157
30 158
30 159
30 160
30 161
30 162
30 163
30 164
30 165
30 166
30 202
30 204
30 205
30 206
30 207
30 208
30 210
30 211
30 212
30 213
30 214
30 215
30 216
30 217
30 218
30 219
30 220
30 221
30 222
30 223
30 224
31 32
31 33
31 34
31 35
31 36
31 37
31 38
31 39
31 40
31 72
31 74
31 75
31 76
31 77
31 78
31 79
31 80
31 81
31 82
31 83
31 84
31 85
31 86
31 87
31 88
31 89
31 90
31 120
31 122
31 125
31 126
31 127
31 128
31 129
31 130
31 131
31 132
31 133
31 134
31 135
31 136
31 150
31 151
31 152
31 154
31 155
31 156
31 157
31 158
31 159
31 160
31 161
31 162
31 163
31 164
31 165
31 166
31 167
31 202
31 206
31 207
31 208
31 209
31 210
31 211
31 212
31 213
31 214
31 215
31 216
31 217
31 218
31 219
31 220
31 221
31 222
31 223
31 224
32 33
32 34
32 35
32 36
32 37
32 38
32 39
32 40
32 72
32 73
32 74
32 75
32 76
32 77
32 78
32 79
32 80
32 81
32 82
32 83
32 84
32 85
32 86
32 87
32 88
32 89
32 90
32 104
32 122
32 123
32 124
32 125
32 126
32 128
32 129
32 130
32 131
32 132
32 133
32 134
32 135
32 136
32 137
32 154
32 155
32 156
32 157
32 158
32 159
32 160
32 161
32 162
32 163
32 164
32 165
32 166
32 167
32 168
32 205
32 206
32 207
32 208
32 209
32 210
32 211
32 212
32 213
32 214
32 215
32 216
32 217
32 218
32 219
32 220
32 221
32 222
32 223
33 35
33 36
33 37
33 38
33 39
33 70
33 71
33 72
33 73
33 74
33 75
33 76
33 77
33 78
33 79
33 80
33 81
33 82
33 83
33 84
33 85
33 86
33 87
33 88
33 89
33 121
33 123
33 125
33 126
33 127
33 128
33 129
33 130
33 131
33 132
33 133
33 134
33 135
33 136
33 150
33 153
33 154
33 155
33 156
33 157
33 158
33 159
33 160
33 161
33 162
33 163
33 164
33 165
33 166
33 204
33 205
33 207
33 208
33 209
33 210
33 211
33 212
33 213
33 214
33 215
33 216
33 217
33 218
33 219
33 220
33 221
33 222
33 223
33 224
33 225
34 35
34 36
34 37
34 38
34 39
34 40
34 53
34 69
34 70
34 72
34 73
34 74
34 75
34 76
34 77
34 78
34 79
34 80
34 81
34 82
34 83
34 84
34 85
34 86
34 87
34 88
34 89
34 119
34 121
34 125
34 126
34 127
34 128
34 129
34 130
34 131
34 132
34 133
34 134
34 135
34 136
34 149
34 152
34 153
34 154
34 156
34 157
34 158
34 159
34 160
34 161
34 162
34 163
34 164
34 165
34 166
34 167
34 204
34 207
34 208
34 209
34 210
34 211
34 212
34 213
34 214
34 215
34 216
34 217
34 218
34 219
34 220
34 221
34 222
34 223
34 224
35 36
35 37
35 38
35 39
35 72
35 73
35 74
35 75
35 76
35 77
35 78
35 79
35 80
35 81
35 82
35 83
35 84
35 85
35 86
35 87
35 88
35 89
35 120
35 121
35 123
35 124
35 125
35 126
35 127
35 128
35 129
35 130
35 131
35 132
35 133
35 134
35 135
35 136
35 138
35 139
35 151
35 152
35 153
35 154
35 156
35 157
35 158
35 159
35 160
35 161
35 162
35 163
35 164
35 165
35 166
35 202
35 205
35 206
35 207
35 208
35 209
35 210
35 211
35 212
35 213
35 214
35 215
35 216
35 217
35 218
35 219
35 220
35 221
35 222
35 223
36 37
36 38
36 39
36 40
36 41
36 46
36 69
36 70
36 71
36 72
36 73
36 74
36 75
36 76
36 77
36 78
36 79
36 80
36 81
36 82
36 83
36 84
36 85
36 86
36 87
36 88
36 89
36 90
36 119
36 120
36 121
36 123
36 125
36 126
36 127
36 128
36 129
36 130
36 131
36 132
36 133
36 134
36 135
36 136
36 137
36 151
36 153
36 154
36 156
36 157
36 158
36 159
36 160
36 161
36 162
36 163
36 164
36 165
36 166
36 203
36 206
36 207
36 208
36 210
36 211
36 212
36 213
36 214
36 215
36 216
36 217
36 218
36 219
36 220
36 221
36 222
36 223
37 38
37 70
37 71
37 72
37 73
37 74
37 76
37 77
37 78
37 79
37 80
37 81
37 82
37 83
37 84
37 85
37 86
37 87
37 88
37 89
37 122
37 123
37 124
37 125
37 126
37 128
37 129
37 130
37 131
37 132
37 133
37 134
37 135
37 136
37 150
37 152
37 153
37 154
37 155
37 157
37 158
37 159
37 160
37 161
37 162
37 163
37 164
37 165
37 166
37 204
37 205
37 206
37 207
37 208
37 209
37 210
37 212
37 213
37 214
37 215
37 216
37 217
37 218
37 219
37 220
37 221
37 222
37 223
37 225
37 227
38 39
38 41
38 69
38 70
38 73
38 75
38 76
38 77
38 78
38 79
38 80
38 81
38 82
38 83
38 84
38 85
38 86
38 87
38 88
38 89
38 90
38 120
38 122
38 123
38 125
38 126
38 127
38 128
38 129
38 130
38 131
38 132
38 133
38 134
38 135
38 136
38 149
38 152
38 153
38 154
38 155
38 156
38 157
38 158
38 159
38 160
38 161
38 162
38 163
38 164
38 165
38 166
38 167
38 203
38 204
38 206
38 207
38 208
38 210
38 212
38 213
38 214
38 215
38 216
38 217
38 218
38 219
38 220
38 221
38 222
38 223
38 224
39 40
39 72
39 73
39 74
39 75
39 76
39 77
39 78
39 79
39 80
39 81
39 82
39 83
39 84
39 85
39 86
39 87
39 88
39 89
39 90
39 92
39 120
39 122
39 123
39 124
39 125
39 126
39 127
39 128
39 129
39 130
39 131
39 132
39 133
39 134
39 135
39 136
39 137
39 151
39 152
39 153
39 154
39 155
39 156
39 157
39 158
39 159
39 160
39 161
39 162
39 163
39 164
39 165
39 166
39 204
39 205
39 206
39 208
39 209
39 210
39 212
39 213
39 214
39 215
39 216
39 217
39 218
39 219
39 220
39 221
39 222
39 223
40 72
40 75
40 76
40 78
40 81
40 82
40 83
40 84
40 85
40 86
40 87
40 88
40 89
40 120
40 122
40 125
40 128
40 129
40 133
40 134
40 135
40 136
40 137
40 139
40 159
40 160
40 161
40 162
40 164
40 165
40 208
40 209
40 210
40 211
40 212
40 213
40 214
40 215
40 217
40 218
40 220
40 222
40 223
41 78
41 84
41 85
41 87
41 89
41 90
41 131
41 133
41 134
41 138
41 159
41 168
41 219
41 221
41 222
41 223
42 83
42 89
42 111
42 127
42 157
42 168
42 219
42 220
42 221
43 90
43 170
43 224
44 81
47 224
47 225
48 140
53 88
53 165
53 221
54 88
54 205
55 180
63 162
64 92
68 73
68 80
68 119
68 130
68 135
68 136
68 160
68 221
69 70
69 74
69 76
69 77
69 87
69 122
69 125
69 127
69 132
69 133
69 134
69 135
69 149
69 157
69 161
69 163
69 164
69 165
69 166
69 204
69 211
69 213
69 221
69 223
70 74
70 78
70 79
70 86
70 87
70 122
70 123
70 124
70 126
70 130
70 133
70 134
70 135
70 152
70 155
70 156
70 160
70 166
70 167
70 203
70 207
70 208
70 211
70 214
70 217
70 221
70 223
71 72
71 73
71 74
71 76
71 77
71 78
71 79
71 81
71 82
71 83
71 87
71 88
71 121
71 122
71 123
71 125
71 126
71 127
71 128
71 131
71 132
71 133
71 136
71 151
71 155
71 156
71 157
71 159
71 160
71 161
71 164
71 167
71 203
71 204
71 207
71 208
71 210
71 211
71 213
71 214
71 215
71 218
71 220
71 221
71 222
72 74
72 75
72 76
72 77
72 79
72 80
72 81
72 82
72 83
72 84
72 86
72 88
72 89
72 118
72 120
72 121
72 123
72 125
72 126
72 127
72 129
72 130
72 131
72 132
72 133
72 134
72 136
72 150
72 152
72 154
72 155
72 156
72 157
72 158
72 159
72 160
72 161
72 162
72 164
72 165
72 166
72 205
72 206
72 209
72 210
72 211
72 212
72 215
72 216
72 217
72 218
72 219
72 220
72 221
72 222
72 223
73 74
73 75
73 76
73 77
73 79
73 80
73 81
73 82
73 84
73 85
73 86
73 87
73 89
73 122
73 126
73 127
73 128
73 130
73 131
73 133
73 134
73 136
73 152
73 153
73 154
73 155
73 156
73 157
73 158
73 159
73 160
73 161
73 162
73 163
73 164
73 165
73 166
73 203
73 205
73 206
73 207
73 208
73 209
73 210
73 211
73 212
73 213
73 214
73 215
73 216
73 217
73 218
73 220
73 221
73 223
74 75
74 76
74 77
74 78
74 79
74 83
74 84
74 85
74 86
74 87
74 88
74 89
74 90
74 121
74 122
74 123
74 124
74 125
74 126
74 127
74 128
74 129
74 131
74 132
74 133
74 134
74 135
74 136
74 152
74 153
74 155
74 156
74 157
74 159
74 160
74 162
74 163
74 164
74 165
74 166
74 203
74 205
74 206
74 207
74 208
74 209
74 210
74 211
74 212
74 214
74 215
74 216
74 217
74 218
74 219
74 220
74 221
74 222
74 223
75 76
75 78
75 79
75 80
75 81
75 82
75 83
75 84
75 85
75 86
75 87
75 88
75 89
75 90
75 120
75 122
75 123
75 124
75 126
75 127
75 128
75 129
75 130
75 131
75 132
75 133
75 134
75 135
75 136
75 137
75 151
75 152
75 153
75 154
75 155
75 156
75 157
75 158
75 159
75 160
75 162
75 163
75 164
75 165
75 166
75 168
75 205
75 206
75 207
75 208
75 209
75 210
75 211
75 212
75 213
75 214
75 215
75 216
75 217
75 219
75 220
75 222
75 223
76 77
76 78
76 79
76 80
76 81
76 82
76 83
76 84
76 85
76 86
76 87
76 88
76 89
76 121
76 123
76 124
76 125
76 126
76 127
76 128
76 129
76 130
76 131
76 132
76 133
76 134
76 135
76 136
76 152
76 153
76 154
76 155
76 156
76 157
76 158
76 159
76 160
76 161
76 162
76 163
76 164
76 165
76 206
76 207
76 208
76 209
76 210
76 211
76 212
76 213
76 214
76 215
76 216
76 217
76 218
76 220
76 221
76 222
76 223
77 78
77 79
77 80
77 81
77 82
77 83
77 84
77 85
77 86
77 87
77 88
77 89
77 93
77 120
77 121
77 122
77 123
77 124
77 125
77 126
77 127
77 128
77 130
77 131
77 132
77 133
77 134
77 135
77 136
77 152
77 153
77 155
77 156
77 157
77 158
77 159
77 160
77 161
77 162
77 163
77 164
77 165
77 166
77 169
77 203
77 206
77 208
77 209
77 210
77 211
77 212
77 213
77 214
77 216
77 217
77 218
77 219
77 220
77 221
77 222
77 223
77 224
78 79
78 80
78 81
78 82
78 83
78 84
78 85
78 86
78 87
78 88
78 89
78 90
78 121
78 123
78 124
78 125
78 126
78 127
78 128
78 129
78 130
78 131
78 132
78 133
78 134
78 135
78 136
78 150
78 151
78 153
78 154
78 155
78 156
78 157
78 158
78 159
78 160
78 161
78 162
78 163
78 164
78 165
78 166
78 203
78 205
78 206
78 209
78 210
78 211
78 212
78 214
78 215
78 216
78 217
78 218
78 219
78 220
78 221
78 222
78 223
79 80
79 81
79 82
79 83
79 84
79 85
79 87
79 88
79 89
79 123
79 125
79 126
79 127
79 128
79 129
79 130
79 131
79 132
79 133
79 134
79 135
79 136
79 151
79 152
79 153
79 154
79 155
79 157
79 158
79 159
79 160
79 162
79 163
79 164
79 165
79 166
79 168
79 169
79 205
79 206
79 207
79 208
79 209
79 210
79 211
79 212
79 213
79 214
79 215
79 216
79 217
79 218
79 219
79 220
79 221
79 222
79 223
79 224
80 81
80 82
80 83
80 84
80 85
80 86
80 87
80 88
80 89
80 119
80 120
80 121
80 122
80 123
80 124
80 126
80 127
80 128
80 129
80 130
80 131
80 132
80 133
80 134
80 135
80 136
80 137
80 150
80 152
80 153
80 154
80 155
80 156
80 157
80 158
80 159
80 160
80 161
80 162
80 163
80 164
80 165
80 166
80 167
80 205
80 207
80 208
80 210
80 211
80 212
80 213
80 214
80 215
80 216
80 217
80 218
80 219
80 220
80 221
80 222
80 223
81 82
81 83
81 84
81 85
81 86
81 87
81 88
81 89
81 108
81 119
81 120
81 121
81 122
81 123
81 124
81 125
81 126
81 127
81 128
81 129
81 130
81 131
81 132
81 133
81 134
81 135
81 136
81 151
81 152
81 154
81 155
81 156
81 157
81 158
81 159
81 160
81 161
81 162
81 163
81 164
81 165
81 166
81 167
81 168
81 169
81 203
81 206
81 207
81 209
81 210
81 211
81 212
81 213
81 214
81 215
81 216
81 217
81 218
81 219
81 220
81 221
81 222
81 223
81 224
81 230
82 83
82 84
82 85
82 86
82 87
82 88
82 89
82 90
82 91
82 121
82 122
82 123
82 124
82 125
82 126
82 127
82 128
82 129
82 130
82 131
82 132
82 133
82 134
82 135
82 136
82 137
82 151
82 153
82 154
82 155
82 156
82 157
82 158
82 159
82 160
82 161
82 162
82 163
82 164
82 165
82 166
82 168
82 204
82 205
82 206
82 207
82 208
82 209
82 210
82 211
82 212
82 213
82 214
82 215
82 216
82 217
82 218
82 219
82 220
82 221
82 222
82 223
82 224
83 84
83 85
83 86
83 87
83 88
83 89
83 90
83 121
83 122
83 123
83 124
83 125
83 126
83 127
83 128
83 129
83 130
83 131
83 132
83 133
83 134
83 135
83 136
83 138
83 152
83 153
83 154
83 155
83 156
83 157
83 158
83 159
83 160
83 161
83 162
83 163
83 164
83 165
83 166
83 204
83 205
83 206
83 208
83 209
83 210
83 211
83 212
83 213
83 214
83 215
83 216
83 217
83 218
83 219
83 220
83 221
83 222
83 223
84 85
84 86
84 87
84 88
84 89
84 121
84 122
84 123
84 124
84 125
84 126
84 127
84 128
84 129
84 130
84 131
84 132
84 133
84 134
84 135
84 136
84 137
84 152
84 154
84 155
84 156
84 157
84 158
84 159
84 160
84 161
84 162
84 163
84 164
84 165
84 166
84 167
84 206
84 208
84 209
84 210
84 211
84 212
84 213
84 214
84 215
84 216
84 217
84 218
84 219
84 220
84 221
84 222
84 223
84 224
85 86
85 87
85 88
85 89
85 119
85 121
85 123
85 125
85 126
85 127
85 129
85 130
85 131
85 132
85 133
85 134
85 135
85 136
85 137
85 153
85 154
85 155
85 156
85 157
85 158
85 159
85 160
85 161
85 162
85 163
85 164
85 165
85 166
85 207
85 208
85 209
85 210
85 211
85 212
85 213
85 214
85 215
85 216
85 217
85 218
85 219
85 220
85 221
85 222
85 223
85 224
85 229
86 87
86 88
86 89
86 90
86 120
86 121
86 122
86 123
86 124
86 126
86 127
86 128
86 129
86 130
86 131
86 132
86 133
86 134
86 135
86 136
86 137
86 138
86 150
86 153
86 154
86 155
86 156
86 157
86 158
86 159
86 160
86 161
86 162
86 163
86 164
86 165
86 166
86 167
86 204
86 207
86 208
86 209
86 211
86 212
86 213
86 214
86 215
86 216
86 217
86 218
86 219
86 220
86 221
86 222
86 223
86 224
86 246
87 88
87 89
87 90
87 91
87 103
87 109
87 125
87 126
87 127
87 128
87 129
87 130
87 131
87 132
87 133
87 134
87 135
87 136
87 137
87 154
87 155
87 156
87 157
87 158
87 159
87 160
87 161
87 162
87 163
87 164
87 165
87 166
87 167
87 168
87 170
87 204
87 205
87 206
87 208
87 209
87 210
87 211
87 212
87 213
87 214
87 215
87 216
87 217
87 218
87 219
87 220
87 221
87 222
87 223
87 224
88 89
88 90
88 107
88 120
88 122
88 125
88 127
88 129
88 130
88 131
88 132
88 133
88 134
88 135
88 136
88 137
88 138
88 151
88 152
88 153
88 154
88 155
88 156
88 157
88 158
88 159
88 160
88 161
88 162
88 163
88 164
88 165
88 166
88 167
88 168
88 169
88 203
88 208
88 209
88 210
88 211
88 212
88 213
88 214
88 215
88 216
88 217
88 218
88 219
88 220
88 221
88 222
88 223
88 224
88 225
89 90
89 119
89 121
89 122
89 123
89 124
89 125
89 126
89 127
89 128
89 129
89 130
89 131
89 132
89 133
89 134
89 135
89 136
89 137
89 138
89 147
89 151
89 152
89 153
89 154
89 156
89 157
89 158
89 159
89 160
89 161
89 162
89 163
89 164
89 165
89 166
89 167
89 169
89 205
89 206
89 207
89 208
89 209
89 210
89 211
89 212
89 213
89 214
89 215
89 216
89 217
89 218
89 219
89 220
89 221
89 222
89 223
89 224
89 225
90 91
90 110
90 126
90 128
90 134
90 135
90 136
90 137
90 139
90 158
90 161
90 162
90 163
90 165
90 166
90 167
90 169
90 199
90 211
90 214
90 219
90 220
90 221
90 222
90 223
90 224
90 225
91 137
91 164
91 168
91 212
91 218
91 222
91 223
91 224
91 225
91 226
92 129
92 188
92 224
103 158
103 212
104 227
106 167
107 224
111 170
118 124
119 128
119 131
119 132
119 134
119 135
119 136
119 151
119 156
119 157
119 159
119 163
119 166
119 222
119 223
120 121
120 123
120 125
120 128
120 130
120 153
120 154
120 155
120 158
120 161
120 163
120 165
120 167
120 208
120 211
120 212
120 214
120 215
120 217
120 221
120 223
121 122
121 124
121 127
121 128
121 131
121 132
121 135
121 152
121 153
121 154
121 155
121 158
121 162
121 164
121 165
121 166
121 167
121 205
121 206
121 207
121 210
121 211
121 212
121 214
121 216
121 218
121 219
121 220
121 221
121 222
121 223
121 224
121 225
122 123
122 125
122 126
122 127
122 128
122 129
122 131
122 132
122 134
122 135
122 150
122 151
122 153
122 154
122 156
122 158
122 159
122 160
122 161
122 163
122 164
122 165
122 166
122 167
122 204
122 205
122 206
122 207
122 208
122 209
122 210
122 211
122 212
122 213
122 214
122 216
122 217
122 218
122 219
122 220
122 221
122 222
122 223
123 124
123 125
123 126
123 127
123 128
123 129
123 130
123 131
123 132
123 134
123 135
123 136
123 149
123 153
123 156
123 157
123 158
123 159
123 160
123 161
123 162
123 163
123 164
123 165
123 166
123 205
123 206
123 207
123 208
123 209
123 210
123 211
123 212
123 213
123 214
123 215
123 216
123 217
123 218
123 219
123 221
123 222
124 125
124 126
124 127
124 128
124 129
124 130
124 131
124 132
124 133
124 134
124 135
124 136
124 150
124 151
124 153
124 154
124 156
124 157
124 158
124 159
124 160
124 161
124 162
124 163
124 164
124 166
124 204
124 205
124 206
124 207
124 208
124 209
124 210
124 212
124 214
124 216
124 218
124 219
124 220
124 221
124 222
124 223
125 126
125 127
125 128
125 129
125 130
125 131
125 133
125 134
125 135
125 136
125 149
125 152
125 153
125 154
125 155
125 156
125 157
125 158
125 159
125 160
125 161
125 162
125 163
125 164
125 165
125 166
125 168
125 203
125 204
125 205
125 206
125 207
125 208
125 209
125 210
125 211
125 212
125 213
125 214
125 215
125 216
125 217
125 218
125 219
125 220
125 221
125 222
126 127
126 128
126 129
126 130
126 132
126 133
126 134
126 135
126 136
126 151
126 153
126 154
126 155
126 156
126 157
126 158
126 159
126 160
126 161
126 162
126 163
126 164
126 165
126 166
126 167
126 203
126 204
126 205
126 206
126 207
126 208
126 209
126 211
126 212
126 213
126 214
126 215
126 216
126 217
126 218
126 219
126 220
126 221
126 222
126 223
126 225
127 128
127 129
127 132
127 133
127 134
127 135
127 136
127 150
127 152
127 153
127 154
127 155
127 156
127 158
127 159
127 160
127 161
127 163
127 164
127 165
127 166
127 167
127 203
127 205
127 206
127 207
127 208
127 209
127 210
127 211
127 212
127 213
127 214
127 215
127 216
127 217
127 218
127 219
127 220
127 222
127 223
127 224
128 129
128 130
128 131
128 132
128 133
128 134
128 135
128 151
128 154
128 155
128 157
128 158
128 160
128 161
128 162
128 163
128 164
128 165
128 166
128 167
128 203
128 207
128 210
128 211
128 212
128 213
128 214
128 215
128 216
128 217
128 218
128 219
128 220
128 221
128 222
128 223
129 130
129 131
129 132
129 133
129 134
129 135
129 136
129 137
129 150
129 151
129 152
129 153
129 154
129 155
129 157
129 158
129 159
129 160
129 161
129 162
129 163
129 164
129 165
129 166
129 206
129 207
129 208
129 209
129 210
129 211
129 212
129 213
129 214
129 215
129 216
129 217
129 218
129 219
129 220
129 221
129 222
129 223
130 131
130 132
130 133
130 134
130 135
130 136
130 150
130 152
130 153
130 154
130 155
130 156
130 157
130 158
130 159
130 160
130 161
130 162
130 163
130 164
130 165
130 166
130 205
130 206
130 207
130 208
130 209
130 210
130 211
130 212
130 213
130 214
130 215
130 216
130 217
130 218
130 219
130 220
130 221
130 222
130 223
130 224
130 225
131 132
131 133
131 134
131 135
131 136
131 137
131 153
131 154
131 155
131 156
131 157
131 158
131 159
131 160
131 161
131 162
131 163
131 164
131 165
131 166
131 167
131 205
131 206
131 207
131 208
131 209
131 210
131 211
131 212
131 213
131 214
131 215
131 216
131 217
131 218
131 219
131 220
131 221
131 222
131 223
131 224
132 133
132 134
132 135
132 136
132 137
132 152
132 153
132 154
132 155
132 156
132 157
132 159
132 160
132 161
132 162
132 163
132 164
132 165
132 166
132 204
132 205
132 206
132 207
132 208
132 209
132 210
132 211
132 212
132 213
132 214
132 215
132 216
132 217
132 218
132 219
132 220
132 221
132 222
132 223
132 224
133 134
133 135
133 136
133 137
133 151
133 152
133 153
133 154
133 155
133 156
133 157
133 158
133 159
133 160
133 161
133 162
133 163
133 164
133 165
133 166
133 168
133 208
133 209
133 210
133 211
133 212
133 213
133 214
133 215
133 216
133 217
133 218
133 219
133 220
133 221
133 222
133 223
133 224
134 135
134 136
134 137
134 150
134 151
134 154
134 155
134 156
134 157
134 158
134 159
134 160
134 161
134 162
134 163
134 164
134 165
134 166
134 167
134 205
134 208
134 209
134 210
134 211
134 212
134 213
134 214
134 215
134 216
134 217
134 218
134 219
134 220
134 221
134 222
134 223
134 224
135 136
135 137
135 153
135 154
135 157
135 158
135 159
135 160
135 161
135 162
135 163
135 164
135 165
135 166
135 167
135 204
135 206
135 207
135 208
135 209
135 211
135 212
135 213
135 214
135 215
135 216
135 217
135 218
135 219
135 220
135 221
135 222
135 223
135 224
136 137
136 152
136 153
136 154
136 155
136 156
136 157
136 158
136 159
136 160
136 161
136 162
136 163
136 164
136 165
136 166
136 170
136 205
136 207
136 208
136 209
136 210
136 211
136 212
136 213
136 214
136 215
136 216
136 217
136 218
136 219
136 220
136 221
136 222
136 223
136 224
137 138
137 156
137 158
137 161
137 162
137 163
137 164
137 165
137 166
137 211
137 216
137 217
137 218
137 219
137 220
137 221
137 222
137 223
137 224
137 226
138 165
138 168
138 171
138 222
138 224
139 213
139 222
139 231
149 151
149 159
149 160
149 162
149 167
149 202
149 205
149 209
149 213
150 151
150 159
150 163
150 166
150 205
150 209
150 211
150 212
150 213
150 215
150 220
150 223
151 153
151 154
151 155
151 166
151 202
151 203
151 204
151 205
151 206
151 208
151 213
151 214
151 215
151 216
151 217
151 218
151 219
151 223
152 153
152 155
152 156
152 157
152 158
152 160
152 162
152 163
152 164
152 166
152 206
152 208
152 209
152 210
152 213
152 214
152 221
152 222
152 224
152 232
153 154
153 156
153 157
153 158
153 163
153 165
153 166
153 202
153 206
153 207
153 208
153 209
153 211
153 212
153 213
153 214
153 215
153 216
153 217
153 218
153 219
153 220
153 221
153 223
154 156
154 157
154 158
154 161
154 162
154 163
154 164
154 165
154 166
154 202
154 204
154 205
154 207
154 208
154 209
154 211
154 213
154 214
154 216
154 217
154 218
154 219
154 220
154 221
154 222
154 223
155 156
155 157
155 158
155 159
155 160
155 161
155 162
155 167
155 169
155 203
155 205
155 206
155 207
155 208
155 209
155 210
155 211
155 213
155 214
155 215
155 216
155 217
155 218
155 219
155 220
155 221
155 222
155 223
155 224
156 157
156 158
156 159
156 160
156 161
156 162
156 163
156 164
156 165
156 166
156 167
156 206
156 207
156 208
156 209
156 210
156 211
156 213
156 214
156 215
156 216
156 217
156 218
156 219
156 220
156 221
156 222
156 223
157 158
157 159
157 160
157 161
157 162
157 163
157 164
157 165
157 166
157 206
157 208
157 209
157 210
157 211
157 212
157 213
157 214
157 215
157 216
157 217
157 218
157 219
157 220
157 221
157 222
157 223
158 160
158 161
158 162
158 163
158 164
158 165
158 166
158 167
158 204
158 205
158 206
158 208
158 209
158 210
158 211
158 212
158 213
158 214
158 215
158 216
158 217
158 219
158 220
158 221
158 222
158 223
159 160
159 161
159 162
159 163
159 164
159 165
159 166
159 204
159 207
159 208
159 209
159 210
159 211
159 212
159 213
159 214
159 215
159 216
159 217
159 218
159 219
159 220
159 221
159 222
159 223
160 161
160 162
160 163
160 164
160 165
160 166
160 167
160 202
160 204
160 207
160 208
160 209
160 210
160 211
160 212
160 213
160 214
160 215
160 216
160 217
160 218
160 219
160 220
160 221
160 222
160 223
161 162
161 163
161 164
161 165
161 166
161 167
161 202
161 203
161 204
161 206
161 207
161 209
161 210
161 211
161 212
161 213
161 214
161 215
161 216
161 217
161 218
161 219
161 220
161 221
161 222
161 223
161 224
162 163
162 164
162 165
162 166
162 167
162 205
162 206
162 208
162 209
162 212
162 214
162 215
162 216
162 217
162 218
162 219
162 220
162 221
162 222
162 223
162 224
163 164
163 165
163 166
163 167
163 203
163 206
163 207
163 208
163 209
163 210
163 211
163 212
163 213
163 214
163 215
163 216
163 217
163 218
163 219
163 220
163 221
163 222
163 223
163 224
164 165
164 166
164 195
164 204
164 205
164 206
164 207
164 208
164 210
164 211
164 212
164 213
164 214
164 215
164 216
164 217
164 218
164 219
164 220
164 221
164 222
164 223
164 224
164 225
164 244
165 166
165 204
165 205
165 207
165 208
165 210
165 211
165 212
165 213
165 214
165 215
165 216
165 217
165 218
165 219
165 220
165 221
165 222
165 223
165 224
166 168
166 170
166 202
166 204
166 205
166 207
166 208
166 209
166 210
166 211
166 213
166 215
166 216
166 217
166 218
166 219
166 220
166 221
166 222
166 223
166 224
166 225
167 168
167 216
167 217
167 218
167 219
167 220
167 221
167 222
167 223
167 225
167 226
167 228
168 215
168 217
168 221
169 192
169 222
169 223
169 230
171 226
187 221
189 222
202 210
202 219
203 209
203 214
203 215
203 219
203 220
204 207
204 208
204 211
204 213
204 216
204 217
204 219
204 220
204 221
205 207
205 209
205 210
205 211
205 212
205 213
205 214
205 216
205 218
205 219
205 220
205 221
205 223
205 224
206 207
206 208
206 209
206 210
206 211
206 212
206 214
206 215
206 216
206 218
206 219
206 220
206 221
207 208
207 209
207 210
207 212
207 214
207 215
207 216
207 217
207 219
207 220
207 221
207 222
207 223
208 209
208 210
208 211
208 214
208 215
208 217
208 219
208 220
208 221
208 222
208 223
208 224
209 210
209 211
209 212
209 213
209 214
209 215
209 216
209 217
209 218
209 219
209 221
209 222
209 223
209 224
210 211
210 212
210 213
210 214
210 215
210 216
210 217
210 218
210 219
210 220
210 221
210 222
210 223
210 224
211 212
211 213
211 214
211 215
211 216
211 217
211 218
211 219
211 220
211 221
211 222
211 223
212 213
212 214
212 215
212 216
212 217
212 218
212 219
212 220
212 221
212 222
212 223
212 224
213 214
213 215
213 216
213 217
213 218
213 219
213 220
213 221
213 222
213 223
213 224
214 215
214 216
214 217
214 218
214 219
214 220
214 221
214 222
214 223
215 216
215 217
215 218
215 219
215 220
215 221
215 222
215 223
216 217
216 218
216 219
216 220
216 221
216 222
216 223
216 224
217 218
217 219
217 220
217 221
217 222
217 223
217 224
218 219
218 220
218 221
218 222
218 223
218 224
219 220
219 221
219 222
219 223
219 224
219 225
220 221
220 222
220 223
220 224
220 228
221 222
221 223
221 224
222 223
222 224
223 224
223 225
224 229
226 229
