13 199
14 216
16 199
17 32
19 198
20 197
21 22
21 25
21 181
21 184
21 191
21 196
21 209
21 214
21 222
21 229
22 23
22 27
22 30
22 181
22 184
22 188
22 189
22 190
22 191
22 192
22 193
22 195
22 196
22 198
22 201
22 202
22 203
22 206
22 207
22 215
22 221
22 223
22 228
22 229
22 231
22 232
23 24
23 25
23 26
23 27
23 28
23 31
23 182
23 183
23 184
23 185
23 186
23 187
23 188
23 189
23 192
23 193
23 194
23 197
23 199
23 201
23 203
23 204
23 205
23 206
23 207
23 209
23 211
23 213
23 215
23 216
23 217
23 218
23 219
23 220
23 223
23 224
23 226
23 227
23 232
24 25
24 26
24 27
24 28
24 29
24 30
24 171
24 181
24 182
24 183
24 184
24 187
24 188
24 189
24 190
24 191
24 193
24 194
24 195
24 197
24 198
24 200
24 201
24 203
24 204
24 205
24 206
24 208
24 209
24 211
24 213
24 214
24 215
24 216
24 218
24 219
24 220
24 221
24 222
24 224
24 225
24 226
24 227
24 228
24 229
24 230
25 26
25 27
25 28
25 29
25 30
25 31
25 32
25 180
25 181
25 182
25 183
25 184
25 185
25 186
25 187
25 188
25 189
25 190
25 191
25 192
25 193
25 194
25 195
25 196
25 197
25 198
25 199
25 200
25 201
25 202
25 203
25 204
25 205
25 206
25 207
25 208
25 209
25 210
25 211
25 212
25 214
25 215
25 218
25 219
25 221
25 223
25 224
25 225
25 226
25 227
25 228
25 229
25 231
25 232
25 233
26 27
26 28
26 30
26 182
26 184
26 185
26 186
26 188
26 189
26 190
26 191
26 192
26 193
26 194
26 195
26 196
26 197
26 198
26 199
26 200
26 202
26 203
26 204
26 205
26 206
26 207
26 208
26 209
26 210
26 211
26 212
26 213
26 214
26 215
26 216
26 217
26 218
26 219
26 220
26 221
26 222
26 223
26 225
26 226
26 227
26 228
26 229
26 230
26 231
26 232
27 28
27 29
27 30
27 179
27 181
27 183
27 184
27 185
27 186
27 187
27 188
27 189
27 190
27 191
27 192
27 193
27 194
27 195
27 196
27 197
27 198
27 199
27 200
27 201
27 202
27 203
27 204
27 205
27 206
27 208
27 209
27 210
27 211
27 212
27 213
27 214
27 215
27 216
27 217
27 218
27 219
27 220
27 221
27 222
27 223
27 224
27 225
27 226
27 227
27 228
27 229
27 230
27 231
27 232
28 29
28 30
28 31
28 154
28 155
28 180
28 181
28 183
28 184
28 185
28 186
28 187
28 188
28 189
28 190
28 192
28 193
28 194
28 195
28 196
28 197
28 198
28 199
28 200
28 201
28 202
28 203
28 204
28 205
28 206
28 207
28 208
28 209
28 210
28 211
28 212
28 213
28 214
28 215
28 216
28 217
28 218
28 219
28 220
28 222
28 223
28 224
28 225
28 226
28 227
28 228
28 229
28 230
28 231
28 232
29 159
29 180
29 181
29 182
29 183
29 184
29 185
29 186
29 187
29 188
29 189
29 190
29 191
29 192
29 193
29 194
29 195
29 196
29 197
29 198
29 199
29 200
29 201
29 202
29 203
29 204
29 205
29 206
29 207
29 208
29 209
29 210
29 211
29 212
29 213
29 214
29 215
29 216
29 217
29 218
29 219
29 220
29 221
29 222
29 223
29 224
29 225
29 226
29 227
29 228
29 229
29 230
29 231
29 232
30 170
30 180
30 182
30 183
30 184
30 186
30 187
30 188
30 189
30 190
30 191
30 192
30 193
30 194
30 195
30 196
30 197
30 198
30 199
30 200
30 201
30 202
30 203
30 205
30 206
30 207
30 208
30 209
30 210
30 211
30 212
30 213
30 214
30 215
30 216
30 217
30 218
30 219
30 220
30 221
30 222
30 223
30 224
30 225
30 226
30 228
30 229
30 230
30 231
30 232
31 153
31 181
31 182
31 184
31 185
31 189
31 190
31 192
31 193
31 194
31 196
31 197
31 198
31 199
31 200
31 201
31 202
31 203
31 207
31 208
31 210
31 213
31 215
31 216
31 217
31 218
31 220
31 222
31 223
31 224
31 226
31 227
31 228
31 229
31 231
31 232
32 106
32 187
32 190
32 193
32 194
32 196
32 197
32 199
32 200
32 204
32 207
32 208
32 211
32 213
32 217
32 223
32 229
32 230
33 112
33 198
33 199
33 200
33 201
33 218
33 230
33 234
34 145
34 201
34 244
35 218
49 198
54 224
55 201
55 215
56 185
56 198
56 215
57 199
57 235
57 243
58 199
58 235
59 201
68 200
75 203
75 206
76 185
76 198
82 181
82 196
82 198
82 200
82 205
83 161
83 198
83 201
83 206
84 162
87 197
88 155
96 135
96 187
96 219
96 228
97 190
97 200
97 203
97 207
97 209
97 216
97 217
98 190
98 197
98 198
98 199
98 217
98 219
98 226
98 227
99 193
99 201
99 202
99 220
100 137
100 173
100 233
101 198
101 211
101 215
102 174
102 200
102 203
102 232
103 197
105 216
106 199
107 202
110 199
111 200
111 214
112 198
113 157
119 217
124 203
125 150
136 198
136 227
137 151
137 230
138 218
141 195
142 185
143 204
146 197
146 234
147 166
147 199
148 194
148 200
149 187
149 198
149 201
149 234
150 199
150 232
151 184
151 187
151 192
151 195
151 208
151 228
151 233
152 188
152 196
152 200
152 210
152 215
152 219
153 195
153 196
153 198
153 199
153 200
153 201
153 204
153 213
153 214
153 231
154 201
154 212
154 214
154 216
154 218
154 220
154 232
155 197
155 198
155 201
155 207
155 224
156 195
156 196
156 198
156 236
157 198
158 196
158 216
159 200
159 230
160 198
160 203
160 215
161 203
165 202
166 216
169 215
170 216
171 184
171 191
171 196
171 197
171 201
171 224
172 195
172 196
172 197
172 198
172 204
173 199
173 216
174 215
175 200
179 181
179 182
179 188
179 191
179 197
179 202
179 205
179 209
179 224
179 227
179 232
180 186
180 187
180 192
180 195
180 196
180 199
180 203
180 204
180 205
180 206
180 207
180 208
180 214
180 215
180 216
180 217
180 218
180 221
180 223
180 224
180 225
180 226
180 228
181 182
181 183
181 184
181 185
181 186
181 187
181 188
181 190
181 194
181 195
181 196
181 197
181 198
181 200
181 201
181 202
181 203
181 204
181 205
181 206
181 209
181 210
181 212
181 214
181 215
181 222
181 225
181 226
181 228
181 231
182 183
182 184
182 185
182 187
182 188
182 190
182 191
182 192
182 193
182 194
182 195
182 196
182 197
182 198
182 199
182 200
182 201
182 203
182 204
182 205
182 207
182 208
182 209
182 210
182 211
182 212
182 213
182 214
182 215
182 216
182 218
182 219
182 220
182 221
182 222
182 223
182 224
182 225
182 226
182 227
182 228
182 230
182 231
183 184
183 185
183 186
183 187
183 189
183 190
183 191
183 192
183 193
183 194
183 196
183 197
183 198
183 199
183 200
183 201
183 202
183 203
183 204
183 205
183 206
183 207
183 209
183 210
183 211
183 212
183 213
183 214
183 215
183 216
183 217
183 220
183 221
183 222
183 223
183 224
183 225
183 226
183 227
183 228
183 229
183 230
183 231
184 185
184 186
184 187
184 188
184 189
184 190
184 191
184 192
184 193
184 194
184 195
184 197
184 198
184 199
184 200
184 201
184 202
184 203
184 204
184 205
184 206
184 207
184 208
184 209
184 210
184 211
184 212
184 213
184 214
184 215
184 216
184 217
184 218
184 219
184 220
184 221
184 222
184 223
184 224
184 226
184 228
184 229
184 230
184 231
184 232
185 186
185 187
185 188
185 189
185 190
185 192
185 193
185 194
185 195
185 196
185 197
185 198
185 199
185 200
185 201
185 202
185 203
185 204
185 206
185 207
185 208
185 209
185 210
185 211
185 212
185 213
185 214
185 215
185 216
185 217
185 218
185 219
185 220
185 221
185 222
185 223
185 224
185 225
185 226
185 227
185 228
185 229
185 230
185 231
186 187
186 188
186 189
186 190
186 191
186 192
186 193
186 194
186 195
186 196
186 197
186 198
186 199
186 200
186 201
186 202
186 203
186 204
186 206
186 207
186 208
186 209
186 210
186 211
186 212
186 213
186 214
186 215
186 216
186 218
186 219
186 220
186 221
186 222
186 223
186 224
186 225
186 226
186 227
186 228
186 229
186 230
186 231
187 188
187 189
187 190
187 191
187 192
187 193
187 194
187 195
187 196
187 197
187 198
187 199
187 200
187 201
187 202
187 203
187 204
187 205
187 206
187 207
187 208
187 209
187 210
187 211
187 212
187 213
187 214
187 215
187 216
187 217
187 218
187 219
187 220
187 221
187 222
187 223
187 224
187 225
187 226
187 227
187 228
187 229
187 230
187 231
187 232
188 189
188 190
188 191
188 192
188 193
188 194
188 195
188 196
188 197
188 198
188 199
188 200
188 201
188 202
188 203
188 204
188 205
188 206
188 207
188 208
188 209
188 210
188 211
188 212
188 213
188 214
188 215
188 216
188 217
188 218
188 220
188 221
188 222
188 223
188 224
188 225
188 226
188 227
188 228
188 229
188 230
188 231
188 232
189 190
189 191
189 192
189 193
189 194
189 195
189 196
189 197
189 198
189 199
189 200
189 201
189 202
189 203
189 204
189 205
189 206
189 207
189 208
189 209
189 210
189 211
189 212
189 213
189 214
189 215
189 216
189 217
189 218
189 219
189 220
189 221
189 222
189 223
189 224
189 225
189 226
189 227
189 228
189 229
189 230
189 231
189 232
190 191
190 192
190 193
190 194
190 195
190 196
190 197
190 198
190 199
190 200
190 201
190 202
190 203
190 204
190 205
190 206
190 207
190 208
190 209
190 210
190 211
190 212
190 213
190 214
190 215
190 216
190 217
190 218
190 219
190 220
190 221
190 222
190 223
190 224
190 225
190 226
190 227
190 228
190 229
190 230
190 231
190 232
191 192
191 193
191 194
191 195
191 196
191 197
191 198
191 199
191 200
191 201
191 202
191 203
191 204
191 205
191 206
191 207
191 208
191 209
191 210
191 211
191 212
191 213
191 214
191 215
191 216
191 217
191 218
191 219
191 220
191 221
191 222
191 223
191 224
191 225
191 226
191 227
191 228
191 229
191 230
191 231
191 232
191 233
192 193
192 194
192 195
192 196
192 197
192 198
192 199
192 200
192 201
192 202
192 203
192 204
192 205
192 206
192 207
192 208
192 209
192 210
192 211
192 212
192 213
192 214
192 215
192 216
192 217
192 218
192 219
192 221
192 222
192 223
192 224
192 225
192 226
192 227
192 228
192 229
192 230
192 231
192 232
192 233
193 194
193 195
193 196
193 197
193 198
193 199
193 200
193 201
193 202
193 203
193 204
193 205
193 207
193 208
193 209
193 210
193 211
193 212
193 213
193 214
193 215
193 216
193 218
193 219
193 221
193 222
193 223
193 224
193 225
193 226
193 227
193 228
193 229
193 230
193 231
193 232
193 233
193 234
194 195
194 196
194 197
194 198
194 199
194 200
194 201
194 202
194 203
194 204
194 205
194 206
194 207
194 208
194 209
194 210
194 211
194 212
194 213
194 214
194 215
194 216
194 217
194 218
194 219
194 220
194 221
194 222
194 223
194 224
194 225
194 226
194 227
194 228
194 229
194 230
194 231
194 232
195 196
195 197
195 198
195 199
195 200
195 201
195 202
195 203
195 204
195 205
195 206
195 207
195 208
195 209
195 210
195 211
195 212
195 213
195 214
195 215
195 216
195 217
195 218
195 219
195 221
195 222
195 223
195 224
195 225
195 226
195 227
195 228
195 229
195 230
195 231
195 232
195 233
195 234
196 197
196 198
196 199
196 200
196 201
196 202
196 203
196 204
196 205
196 206
196 207
196 208
196 209
196 210
196 211
196 212
196 213
196 214
196 215
196 216
196 217
196 218
196 219
196 220
196 221
196 222
196 223
196 224
196 225
196 226
196 227
196 228
196 229
196 230
196 231
196 232
196 233
196 234
196 242
197 198
197 199
197 200
197 201
197 202
197 203
197 204
197 205
197 206
197 207
197 208
197 209
197 210
197 211
197 212
197 213
197 214
197 215
197 216
197 217
197 218
197 219
197 220
197 221
197 223
197 224
197 225
197 226
197 227
197 228
197 229
197 230
197 231
197 232
198 199
198 200
198 201
198 202
198 203
198 204
198 205
198 206
198 207
198 208
198 209
198 210
198 211
198 212
198 213
198 214
198 215
198 216
198 217
198 218
198 219
198 220
198 221
198 222
198 223
198 224
198 225
198 226
198 227
198 228
198 229
198 230
198 231
198 232
198 233
198 236
199 200
199 201
199 202
199 203
199 204
199 205
199 206
199 207
199 208
199 209
199 210
199 211
199 212
199 213
199 214
199 215
199 216
199 217
199 218
199 219
199 220
199 221
199 223
199 224
199 225
199 226
199 227
199 228
199 229
199 230
199 231
199 232
199 233
199 235
199 247
200 201
200 202
200 203
200 204
200 205
200 206
200 207
200 208
200 209
200 210
200 211
200 212
200 213
200 214
200 215
200 216
200 217
200 218
200 219
200 220
200 221
200 222
200 223
200 224
200 225
200 226
200 227
200 228
200 229
200 230
200 231
200 232
200 233
200 239
200 242
201 202
201 203
201 204
201 205
201 206
201 207
201 208
201 209
201 210
201 211
201 212
201 213
201 214
201 215
201 216
201 217
201 218
201 219
201 220
201 221
201 222
201 223
201 224
201 225
201 226
201 227
201 228
201 229
201 230
201 231
201 232
202 203
202 204
202 205
202 206
202 207
202 208
202 209
202 210
202 211
202 212
202 213
202 214
202 215
202 216
202 217
202 218
202 219
202 220
202 221
202 222
202 223
202 224
202 225
202 226
202 227
202 228
202 229
202 230
202 231
202 232
202 233
202 242
203 204
203 205
203 206
203 207
203 208
203 209
203 210
203 211
203 212
203 213
203 214
203 215
203 216
203 217
203 218
203 219
203 220
203 221
203 222
203 223
203 224
203 225
203 226
203 227
203 228
203 229
203 230
203 231
203 232
204 205
204 206
204 207
204 208
204 209
204 210
204 211
204 212
204 213
204 214
204 215
204 216
204 217
204 218
204 219
204 220
204 221
204 222
204 223
204 224
204 225
204 226
204 227
204 228
204 229
204 230
204 231
204 232
205 206
205 207
205 208
205 209
205 210
205 211
205 212
205 214
205 215
205 216
205 217
205 218
205 219
205 220
205 221
205 222
205 223
205 224
205 225
205 226
205 227
205 229
205 230
205 231
205 232
205 233
205 234
206 207
206 208
206 209
206 211
206 212
206 213
206 214
206 215
206 216
206 217
206 218
206 219
206 220
206 221
206 222
206 223
206 224
206 225
206 226
206 227
206 228
206 230
206 231
206 232
207 208
207 209
207 210
207 211
207 212
207 213
207 214
207 215
207 216
207 218
207 219
207 220
207 221
207 222
207 223
207 224
207 225
207 226
207 227
207 228
207 229
207 230
207 231
207 232
208 209
208 210
208 211
208 212
208 213
208 214
208 215
208 216
208 217
208 218
208 219
208 220
208 221
208 222
208 223
208 224
208 225
208 226
208 227
208 228
208 229
208 230
208 231
208 232
209 210
209 211
209 212
209 213
209 214
209 215
209 216
209 217
209 219
209 220
209 221
209 222
209 223
209 224
209 225
209 226
209 227
209 228
209 229
209 230
209 231
209 232
210 211
210 212
210 213
210 214
210 215
210 216
210 217
210 218
210 220
210 221
210 222
210 223
210 224
210 225
210 226
210 227
210 228
210 229
210 230
210 231
211 212
211 213
211 214
211 215
211 216
211 217
211 218
211 219
211 220
211 221
211 222
211 223
211 224
211 225
211 226
211 227
211 228
211 229
211 230
211 231
211 232
212 213
212 214
212 215
212 216
212 217
212 218
212 219
212 220
212 221
212 222
212 223
212 224
212 225
212 226
212 227
212 228
212 229
212 230
212 231
213 214
213 215
213 216
213 217
213 219
213 220
213 221
213 222
213 223
213 224
213 225
213 226
213 227
213 228
213 229
213 230
213 231
213 232
213 233
214 215
214 216
214 217
214 218
214 219
214 220
214 221
214 222
214 223
214 224
214 225
214 226
214 227
214 228
214 229
214 230
214 231
214 233
215 216
215 217
215 219
215 220
215 221
215 222
215 223
215 224
215 225
215 226
215 227
215 228
215 229
215 230
215 231
215 232
215 233
216 217
216 218
216 219
216 220
216 221
216 222
216 223
216 224
216 225
216 226
216 227
216 228
216 229
216 230
216 231
216 232
217 219
217 220
217 222
217 223
217 224
217 225
217 226
217 227
217 228
217 229
217 230
217 231
217 232
217 233
218 219
218 221
218 223
218 225
218 226
218 227
218 228
218 229
218 230
218 231
218 232
219 220
219 221
219 222
219 223
219 224
219 225
219 226
219 227
219 228
219 230
219 231
219 232
220 221
220 222
220 223
220 225
220 226
220 227
220 228
220 229
220 230
220 231
221 222
221 223
221 224
221 225
221 226
221 227
221 228
221 229
221 230
221 231
221 243
222 223
222 224
222 225
222 226
222 228
222 229
222 230
222 231
222 232
223 224
223 225
223 226
223 227
223 228
223 229
223 230
223 231
223 232
224 225
224 226
224 227
224 228
224 229
224 230
224 231
224 232
225 226
225 227
225 228
225 229
225 230
225 231
225 232
225 233
225 234
226 227
226 228
226 229
226 230
226 231
226 232
226 233
227 228
227 229
227 230
227 231
227 232
228 229
228 230
228 231
228 232
229 230
229 231
229 232
230 231
230 232
231 232
231 233
235 241
