1 2
1 3
1 4
1 5
1 6
1 7
1 8
1 9
1 10
1 24
1 26
1 40
1 43
1 44
1 45
1 46
1 47
1 48
1 49
1 50
1 51
1 52
1 53
1 54
1 55
1 79
1 80
1 81
1 82
1 83
1 84
1 85
1 86
1 87
1 88
1 89
1 90
1 91
1 92
1 93
1 94
1 95
1 96
1 125
1 126
1 127
1 128
1 129
1 130
1 131
1 132
1 133
1 134
1 155
1 157
1 158
1 159
1 160
1 166
1 228
1 229
2 3
2 4
2 5
2 6
2 7
2 8
2 9
2 10
2 11
2 24
2 25
2 40
2 42
2 43
2 44
2 45
2 46
2 47
2 48
2 49
2 50
2 51
2 52
2 53
2 54
2 55
2 56
2 75
2 79
2 80
2 81
2 82
2 83
2 84
2 85
2 86
2 87
2 88
2 89
2 90
2 91
2 92
2 93
2 94
2 95
2 96
2 124
2 126
2 128
2 129
2 130
2 131
2 132
2 133
2 134
2 154
2 155
2 156
2 157
2 159
2 160
2 161
2 229
3 4
3 5
3 6
3 7
3 8
3 9
3 10
3 11
3 16
3 20
3 26
3 27
3 39
3 41
3 42
3 44
3 45
3 46
3 47
3 48
3 49
3 50
3 51
3 52
3 53
3 54
3 55
3 56
3 79
3 80
3 81
3 82
3 83
3 84
3 85
3 86
3 87
3 88
3 89
3 90
3 91
3 92
3 93
3 94
3 95
3 123
3 125
3 126
3 127
3 128
3 129
3 130
3 131
3 132
3 133
3 134
3 135
3 156
3 158
3 159
4 5
4 6
4 7
4 8
4 9
4 10
4 11
4 25
4 27
4 41
4 42
4 43
4 44
4 45
4 46
4 47
4 48
4 49
4 50
4 51
4 52
4 53
4 54
4 55
4 56
4 57
4 60
4 61
4 78
4 79
4 80
4 81
4 82
4 83
4 84
4 85
4 86
4 87
4 88
4 89
4 90
4 91
4 92
4 93
4 94
4 95
4 96
4 124
4 125
4 127
4 128
4 129
4 130
4 131
4 132
4 133
4 134
4 135
4 155
4 156
4 157
4 159
4 161
4 166
5 6
5 7
5 8
5 9
5 10
5 11
5 39
5 40
5 41
5 42
5 43
5 44
5 46
5 47
5 48
5 49
5 50
5 51
5 52
5 53
5 54
5 55
5 56
5 58
5 78
5 79
5 80
5 81
5 82
5 83
5 84
5 85
5 86
5 87
5 88
5 89
5 90
5 91
5 92
5 93
5 94
5 95
5 96
5 122
5 125
5 126
5 127
5 128
5 129
5 130
5 131
5 132
5 133
5 134
5 135
5 136
5 155
5 156
5 157
5 158
5 203
5 215
6 7
6 8
6 9
6 10
6 11
6 12
6 20
6 21
6 23
6 26
6 27
6 41
6 42
6 43
6 44
6 45
6 46
6 47
6 48
6 49
6 50
6 51
6 52
6 53
6 54
6 55
6 56
6 57
6 79
6 81
6 82
6 83
6 84
6 85
6 86
6 87
6 88
6 89
6 90
6 91
6 92
6 93
6 94
6 95
6 96
6 125
6 127
6 128
6 129
6 130
6 131
6 132
6 133
6 134
6 135
6 136
6 154
6 155
6 157
6 158
6 159
6 167
6 172
6 173
6 226
6 230
6 231
7 8
7 9
7 10
7 11
7 25
7 26
7 28
7 29
7 32
7 40
7 41
7 43
7 44
7 45
7 46
7 47
7 48
7 49
7 50
7 51
7 52
7 53
7 54
7 55
7 56
7 57
7 61
7 79
7 80
7 82
7 83
7 84
7 85
7 86
7 87
7 88
7 89
7 90
7 91
7 92
7 93
7 94
7 95
7 96
7 97
7 101
7 126
7 127
7 128
7 129
7 130
7 131
7 132
7 133
7 134
7 135
7 136
7 137
7 155
7 156
7 157
7 158
7 160
7 174
7 184
8 9
8 10
8 11
8 12
8 27
8 28
8 29
8 33
8 41
8 42
8 43
8 44
8 45
8 46
8 47
8 48
8 49
8 50
8 51
8 52
8 53
8 54
8 55
8 56
8 57
8 61
8 69
8 78
8 79
8 80
8 81
8 82
8 83
8 84
8 85
8 86
8 87
8 88
8 89
8 90
8 91
8 92
8 93
8 94
8 95
8 96
8 97
8 124
8 125
8 127
8 128
8 130
8 131
8 132
8 133
8 134
8 135
8 136
8 155
8 156
8 158
8 159
8 160
8 161
8 173
8 181
8 195
8 202
8 229
8 230
9 10
9 11
9 12
9 16
9 17
9 18
9 24
9 25
9 28
9 29
9 39
9 40
9 41
9 42
9 43
9 44
9 45
9 46
9 47
9 48
9 49
9 50
9 51
9 52
9 53
9 54
9 55
9 56
9 57
9 58
9 60
9 77
9 78
9 80
9 81
9 82
9 83
9 84
9 85
9 86
9 87
9 88
9 89
9 90
9 91
9 92
9 93
9 94
9 95
9 96
9 97
9 124
9 125
9 126
9 127
9 128
9 129
9 130
9 131
9 132
9 133
9 134
9 135
9 136
9 138
9 155
9 156
9 157
9 158
9 159
9 161
9 167
9 193
9 218
9 220
9 223
9 230
9 231
10 11
10 12
10 24
10 25
10 26
10 27
10 28
10 32
10 34
10 35
10 40
10 41
10 42
10 43
10 44
10 45
10 46
10 47
10 48
10 49
10 50
10 51
10 52
10 53
10 54
10 55
10 56
10 65
10 77
10 79
10 81
10 82
10 83
10 84
10 85
10 86
10 87
10 88
10 89
10 90
10 91
10 92
10 93
10 94
10 95
10 96
10 97
10 102
10 103
10 123
10 125
10 126
10 127
10 128
10 129
10 130
10 131
10 132
10 133
10 134
10 135
10 137
10 155
10 156
10 158
10 159
10 162
10 165
10 166
10 214
10 230
10 231
11 21
11 42
11 49
11 51
11 52
11 55
11 90
11 91
11 93
11 94
11 95
11 96
11 97
11 124
11 126
11 130
11 135
11 136
11 162
11 187
11 227
11 231
12 45
12 57
12 96
12 130
12 156
12 166
12 168
12 231
13 28
13 58
13 97
13 113
14 98
16 94
19 55
19 92
22 26
22 161
23 81
23 95
23 125
24 46
24 52
24 55
24 87
24 90
24 91
24 93
24 94
24 126
24 128
24 133
24 158
25 42
25 44
25 45
25 48
25 49
25 52
25 53
25 82
25 85
25 88
25 89
25 123
25 133
25 156
26 45
26 48
26 50
26 51
26 52
26 54
26 83
26 84
26 86
26 88
26 93
26 94
26 95
26 133
27 49
27 50
27 52
27 54
27 81
27 86
27 91
27 94
27 95
27 128
27 134
27 158
28 51
28 81
28 90
28 130
28 132
28 167
29 57
29 96
30 57
30 215
31 47
31 233
33 168
34 55
34 56
35 174
36 59
39 41
39 45
39 46
39 47
39 49
39 82
39 88
39 95
39 122
39 131
39 133
40 41
40 43
40 45
40 49
40 50
40 53
40 77
40 78
40 80
40 82
40 84
40 85
40 86
40 87
40 90
40 92
40 93
40 95
40 123
40 126
40 127
40 128
40 132
40 156
41 42
41 43
41 46
41 47
41 48
41 50
41 51
41 52
41 54
41 79
41 80
41 81
41 83
41 84
41 85
41 86
41 88
41 89
41 90
41 91
41 92
41 94
41 95
41 127
41 128
41 129
41 130
41 131
41 132
41 133
41 154
41 155
41 156
41 157
42 43
42 45
42 46
42 48
42 49
42 50
42 51
42 52
42 53
42 54
42 55
42 56
42 77
42 78
42 80
42 81
42 82
42 83
42 85
42 86
42 87
42 88
42 89
42 90
42 91
42 92
42 93
42 94
42 124
42 125
42 126
42 127
42 128
42 130
42 131
42 132
42 134
42 154
42 156
42 157
43 45
43 46
43 47
43 48
43 49
43 50
43 51
43 52
43 53
43 54
43 55
43 77
43 78
43 79
43 80
43 81
43 82
43 83
43 84
43 85
43 86
43 87
43 88
43 90
43 91
43 92
43 93
43 94
43 95
43 123
43 124
43 125
43 126
43 127
43 128
43 130
43 131
43 132
43 156
43 157
43 158
43 159
44 45
44 46
44 47
44 48
44 49
44 50
44 51
44 52
44 53
44 54
44 55
44 77
44 79
44 80
44 81
44 82
44 83
44 84
44 85
44 88
44 89
44 90
44 91
44 92
44 93
44 94
44 95
44 124
44 125
44 126
44 127
44 128
44 129
44 130
44 132
44 133
44 134
44 155
44 156
44 157
44 159
44 165
45 46
45 47
45 48
45 49
45 50
45 51
45 52
45 53
45 54
45 55
45 56
45 78
45 79
45 80
45 81
45 82
45 83
45 84
45 85
45 86
45 87
45 88
45 89
45 90
45 91
45 92
45 93
45 94
45 95
45 124
45 125
45 126
45 127
45 128
45 129
45 130
45 131
45 132
45 133
45 134
45 135
45 155
45 156
45 158
45 159
45 160
45 229
46 47
46 48
46 49
46 50
46 51
46 52
46 53
46 54
46 55
46 56
46 79
46 80
46 81
46 82
46 83
46 84
46 85
46 86
46 87
46 88
46 89
46 90
46 91
46 92
46 93
46 94
46 95
46 122
46 125
46 126
46 127
46 128
46 129
46 130
46 131
46 132
46 133
46 134
46 154
46 155
46 157
46 158
46 159
47 48
47 49
47 50
47 51
47 52
47 53
47 54
47 55
47 77
47 78
47 79
47 80
47 81
47 82
47 83
47 84
47 85
47 86
47 87
47 88
47 89
47 90
47 91
47 92
47 93
47 94
47 95
47 122
47 123
47 124
47 125
47 127
47 128
47 129
47 130
47 131
47 132
47 133
47 134
47 136
47 154
47 155
47 156
47 157
47 158
47 159
47 160
48 49
48 50
48 51
48 52
48 53
48 54
48 55
48 80
48 81
48 82
48 83
48 84
48 85
48 86
48 87
48 88
48 89
48 90
48 91
48 92
48 93
48 94
48 95
48 123
48 125
48 126
48 127
48 128
48 129
48 130
48 131
48 132
48 133
48 134
48 154
48 155
48 156
48 157
48 159
48 160
49 50
49 51
49 52
49 53
49 54
49 55
49 56
49 78
49 79
49 80
49 81
49 82
49 83
49 84
49 85
49 86
49 87
49 88
49 89
49 90
49 91
49 92
49 93
49 94
49 95
49 101
49 125
49 126
49 127
49 128
49 129
49 130
49 131
49 132
49 133
49 134
49 135
49 157
49 159
49 167
50 51
50 52
50 53
50 54
50 55
50 79
50 80
50 81
50 82
50 83
50 84
50 85
50 86
50 87
50 88
50 89
50 90
50 91
50 92
50 93
50 94
50 95
50 96
50 124
50 125
50 126
50 127
50 128
50 129
50 130
50 131
50 132
50 133
50 134
50 155
50 156
50 157
50 158
50 160
51 52
51 53
51 54
51 55
51 59
51 78
51 79
51 80
51 81
51 83
51 84
51 85
51 86
51 87
51 88
51 89
51 90
51 91
51 92
51 93
51 94
51 95
51 96
51 123
51 124
51 125
51 127
51 128
51 129
51 130
51 131
51 132
51 133
51 134
51 156
51 157
51 159
52 53
52 54
52 55
52 56
52 78
52 79
52 80
52 81
52 82
52 83
52 84
52 85
52 86
52 87
52 88
52 89
52 90
52 91
52 92
52 93
52 94
52 95
52 96
52 123
52 124
52 126
52 127
52 128
52 129
52 130
52 131
52 132
52 133
52 134
52 155
52 156
52 157
53 54
53 55
53 56
53 80
53 82
53 83
53 84
53 85
53 86
53 87
53 88
53 89
53 90
53 91
53 92
53 93
53 94
53 95
53 96
53 122
53 124
53 125
53 126
53 127
53 128
53 129
53 130
53 131
53 132
53 133
53 134
53 135
53 157
53 158
53 161
54 55
54 56
54 79
54 80
54 81
54 82
54 83
54 84
54 85
54 86
54 87
54 88
54 89
54 90
54 91
54 92
54 93
54 94
54 95
54 96
54 123
54 124
54 125
54 127
54 128
54 129
54 130
54 131
54 132
54 133
54 134
54 135
54 149
54 156
54 158
54 159
54 160
54 183
55 56
55 78
55 79
55 80
55 82
55 83
55 84
55 85
55 86
55 87
55 88
55 89
55 90
55 91
55 92
55 93
55 94
55 95
55 96
55 97
55 124
55 126
55 127
55 128
55 129
55 130
55 131
55 132
55 133
55 134
55 136
55 155
55 156
55 157
55 158
56 76
56 80
56 81
56 87
56 89
56 90
56 91
56 92
56 93
56 95
56 131
56 133
56 134
56 137
56 236
57 83
57 85
57 97
57 138
58 95
58 232
59 89
60 202
60 231
62 81
76 132
77 85
77 88
77 125
77 128
77 129
77 132
77 158
78 80
78 81
78 83
78 85
78 86
78 87
78 88
78 91
78 92
78 96
78 124
78 126
78 128
78 129
78 131
78 133
78 134
78 156
78 157
79 80
79 81
79 82
79 83
79 84
79 85
79 87
79 88
79 89
79 90
79 92
79 93
79 94
79 95
79 123
79 124
79 125
79 126
79 127
79 131
79 132
79 133
79 155
79 157
79 159
79 228
80 81
80 82
80 83
80 84
80 85
80 86
80 87
80 88
80 89
80 91
80 92
80 94
80 95
80 124
80 125
80 126
80 127
80 128
80 129
80 130
80 131
80 133
80 134
80 155
80 156
80 157
80 158
81 82
81 83
81 84
81 85
81 86
81 87
81 88
81 89
81 90
81 91
81 92
81 93
81 95
81 96
81 124
81 125
81 126
81 127
81 128
81 129
81 130
81 131
81 132
81 133
81 135
81 154
81 156
81 160
81 165
82 83
82 84
82 85
82 86
82 87
82 88
82 89
82 90
82 91
82 92
82 93
82 94
82 95
82 125
82 126
82 127
82 128
82 129
82 130
82 131
82 132
82 133
82 134
82 135
82 156
82 157
82 158
82 165
83 84
83 85
83 86
83 87
83 88
83 89
83 90
83 91
83 92
83 93
83 94
83 95
83 125
83 126
83 127
83 128
83 129
83 130
83 131
83 132
83 133
83 134
83 155
83 156
83 157
83 158
84 85
84 86
84 87
84 88
84 89
84 90
84 91
84 92
84 93
84 94
84 95
84 123
84 125
84 126
84 127
84 128
84 129
84 130
84 131
84 132
84 133
84 134
84 155
84 156
84 157
84 158
84 160
85 86
85 87
85 88
85 89
85 90
85 91
85 92
85 93
85 94
85 95
85 123
85 124
85 125
85 128
85 129
85 130
85 131
85 132
85 133
85 134
85 155
85 156
85 157
85 158
85 160
85 229
85 230
86 87
86 88
86 89
86 90
86 91
86 92
86 93
86 94
86 95
86 124
86 125
86 126
86 127
86 128
86 129
86 130
86 131
86 132
86 133
86 154
86 156
86 157
86 158
86 229
87 88
87 89
87 90
87 91
87 92
87 93
87 94
87 95
87 96
87 126
87 127
87 128
87 129
87 130
87 131
87 132
87 133
87 134
87 135
87 155
87 156
87 157
87 166
88 89
88 90
88 91
88 92
88 93
88 94
88 95
88 96
88 98
88 123
88 125
88 126
88 128
88 129
88 130
88 131
88 132
88 133
88 134
88 154
88 156
88 157
88 159
88 228
89 90
89 91
89 92
89 93
89 94
89 95
89 123
89 124
89 126
89 127
89 128
89 129
89 130
89 131
89 132
89 133
89 134
89 135
89 155
89 157
89 159
89 161
90 91
90 92
90 93
90 94
90 95
90 96
90 98
90 123
90 124
90 125
90 126
90 127
90 128
90 129
90 130
90 131
90 132
90 133
90 134
90 156
90 157
90 158
90 230
91 92
91 93
91 94
91 95
91 96
91 122
91 124
91 126
91 127
91 128
91 129
91 130
91 131
91 132
91 133
91 135
91 155
91 157
91 158
91 159
91 160
91 161
91 165
92 93
92 94
92 95
92 96
92 98
92 124
92 125
92 126
92 127
92 128
92 129
92 130
92 131
92 132
92 133
92 134
92 154
92 155
92 157
92 158
92 166
92 199
92 228
93 94
93 95
93 96
93 99
93 125
93 126
93 127
93 128
93 129
93 130
93 131
93 132
93 133
93 134
93 135
93 155
93 156
93 157
93 158
93 159
93 160
93 221
94 95
94 96
94 123
94 124
94 126
94 127
94 128
94 129
94 130
94 131
94 132
94 133
94 134
94 135
94 154
94 156
94 157
94 158
94 159
94 165
94 213
95 96
95 123
95 124
95 125
95 126
95 127
95 128
95 129
95 130
95 131
95 132
95 133
95 134
95 135
95 136
95 155
95 156
95 157
95 158
95 159
95 160
95 198
95 230
96 127
96 130
96 131
96 132
96 133
96 158
96 161
96 213
96 232
97 130
97 162
98 216
122 127
123 125
123 126
123 130
123 154
123 156
123 158
124 126
124 127
124 128
124 129
124 130
124 131
124 132
124 133
124 134
124 154
124 156
124 157
125 127
125 128
125 129
125 130
125 132
125 157
125 159
126 127
126 128
126 129
126 130
126 131
126 133
126 134
126 155
126 156
126 157
126 159
126 229
127 128
127 129
127 130
127 131
127 132
127 133
127 134
127 156
127 157
127 158
128 129
128 130
128 131
128 132
128 133
128 134
128 156
128 157
128 158
129 130
129 131
129 132
129 133
129 134
129 156
129 157
129 158
129 159
130 131
130 132
130 133
130 156
130 158
130 159
131 132
131 133
131 134
131 155
131 157
131 158
131 159
131 160
132 133
132 153
132 154
132 155
132 156
132 157
132 158
132 159
132 201
133 134
133 154
133 156
133 157
133 158
133 165
134 157
137 192
137 232
138 139
155 158
155 159
157 158
160 217
163 219
