1 118
5 126
6 81
7 116
7 120
7 121
7 161
7 269
8 120
8 123
8 124
8 125
8 162
8 268
9 64
9 85
9 99
9 125
9 206
9 236
10 81
10 120
10 122
10 126
10 175
11 125
11 168
11 221
12 183
15 126
16 141
17 126
21 126
22 88
27 220
35 70
35 77
35 86
35 111
35 119
35 127
35 158
35 210
35 211
35 262
35 265
36 42
36 43
36 68
36 70
36 80
36 81
36 85
36 86
36 100
36 102
36 103
36 104
36 108
36 109
36 120
36 121
36 123
36 125
36 126
36 160
36 169
36 171
36 200
36 203
36 205
36 211
36 212
36 214
36 259
36 260
36 263
37 39
37 42
37 43
37 68
37 69
37 71
37 73
37 74
37 75
37 76
37 77
37 78
37 79
37 82
37 87
37 88
37 103
37 107
37 108
37 112
37 113
37 114
37 117
37 121
37 122
37 124
37 126
37 159
37 161
37 162
37 163
37 165
37 166
37 167
37 169
37 171
37 201
37 202
37 203
37 207
37 212
37 213
37 214
37 215
37 216
37 250
37 251
37 253
37 257
37 260
37 261
37 262
37 263
37 265
37 266
37 269
38 40
38 41
38 42
38 43
38 69
38 71
38 72
38 73
38 74
38 75
38 77
38 79
38 80
38 81
38 82
38 83
38 85
38 86
38 87
38 104
38 105
38 106
38 109
38 110
38 111
38 113
38 115
38 117
38 119
38 124
38 125
38 126
38 127
38 157
38 159
38 161
38 162
38 164
38 166
38 167
38 168
38 169
38 170
38 171
38 173
38 198
38 202
38 203
38 205
38 209
38 210
38 212
38 213
38 215
38 216
38 241
38 252
38 253
38 254
38 255
38 256
38 257
38 258
38 259
38 260
38 261
38 262
38 263
38 265
38 266
38 267
38 268
38 269
39 40
39 41
39 42
39 43
39 69
39 70
39 72
39 73
39 74
39 75
39 76
39 77
39 78
39 79
39 80
39 81
39 83
39 84
39 86
39 87
39 103
39 105
39 107
39 108
39 109
39 110
39 111
39 113
39 114
39 115
39 116
39 120
39 122
39 123
39 124
39 126
39 127
39 128
39 157
39 159
39 162
39 163
39 164
39 165
39 169
39 170
39 172
39 197
39 198
39 199
39 200
39 201
39 202
39 204
39 205
39 206
39 207
39 209
39 211
39 212
39 214
39 215
39 252
39 253
39 255
39 256
39 257
39 258
39 259
39 261
39 262
39 263
39 264
39 267
39 268
40 41
40 42
40 43
40 69
40 70
40 71
40 72
40 74
40 75
40 79
40 80
40 81
40 82
40 83
40 84
40 85
40 86
40 87
40 103
40 104
40 105
40 106
40 107
40 109
40 110
40 111
40 112
40 113
40 114
40 115
40 116
40 117
40 118
40 119
40 122
40 123
40 126
40 127
40 158
40 159
40 161
40 162
40 163
40 164
40 167
40 168
40 170
40 172
40 173
40 174
40 197
40 198
40 201
40 202
40 203
40 205
40 206
40 207
40 208
40 210
40 211
40 212
40 214
40 215
40 253
40 254
40 256
40 257
40 258
40 259
40 260
40 261
40 263
40 264
40 265
40 266
40 267
40 268
41 42
41 43
41 44
41 70
41 72
41 73
41 74
41 75
41 76
41 78
41 79
41 81
41 82
41 83
41 84
41 85
41 86
41 87
41 88
41 89
41 101
41 103
41 104
41 105
41 106
41 107
41 108
41 109
41 110
41 111
41 114
41 115
41 116
41 117
41 118
41 120
41 122
41 123
41 124
41 125
41 126
41 127
41 160
41 162
41 163
41 164
41 165
41 169
41 170
41 171
41 172
41 173
41 198
41 202
41 203
41 204
41 205
41 206
41 207
41 208
41 209
41 211
41 212
41 213
41 214
41 215
41 242
41 251
41 255
41 256
41 257
41 259
41 260
41 261
41 262
41 263
41 264
41 265
41 266
41 268
41 269
42 43
42 71
42 72
42 73
42 74
42 75
42 76
42 77
42 78
42 79
42 80
42 82
42 83
42 84
42 85
42 86
42 87
42 88
42 89
42 100
42 101
42 102
42 103
42 106
42 107
42 108
42 109
42 111
42 112
42 114
42 115
42 116
42 117
42 118
42 119
42 120
42 121
42 122
42 123
42 124
42 125
42 126
42 127
42 159
42 160
42 161
42 162
42 163
42 165
42 166
42 167
42 168
42 169
42 170
42 171
42 172
42 174
42 198
42 199
42 201
42 202
42 203
42 204
42 205
42 206
42 207
42 208
42 210
42 211
42 212
42 213
42 214
42 215
42 216
42 252
42 253
42 254
42 255
42 257
42 258
42 259
42 260
42 261
42 262
42 263
42 266
42 267
42 268
43 44
43 45
43 70
43 72
43 73
43 74
43 75
43 77
43 78
43 79
43 80
43 81
43 82
43 83
43 84
43 85
43 86
43 87
43 88
43 101
43 102
43 106
43 108
43 109
43 110
43 111
43 112
43 113
43 114
43 115
43 116
43 117
43 119
43 120
43 121
43 122
43 123
43 124
43 126
43 127
43 158
43 160
43 161
43 162
43 163
43 165
43 166
43 167
43 168
43 169
43 170
43 171
43 172
43 198
43 200
43 202
43 203
43 204
43 205
43 206
43 207
43 209
43 211
43 212
43 213
43 214
43 253
43 254
43 255
43 256
43 257
43 259
43 260
43 261
43 262
43 263
43 264
43 265
43 266
43 267
43 269
44 71
44 79
44 82
44 83
44 84
44 85
44 86
44 88
44 103
44 107
44 108
44 109
44 112
44 113
44 115
44 116
44 117
44 118
44 119
44 120
44 122
44 123
44 124
44 125
44 126
44 127
44 158
44 164
44 166
44 167
44 169
44 170
44 171
44 173
44 202
44 203
44 206
44 208
44 209
44 210
44 211
44 212
44 241
44 251
44 256
44 257
44 258
44 260
44 261
44 262
44 263
44 264
44 268
45 81
45 84
45 86
45 87
45 109
45 118
45 120
45 121
45 123
45 124
45 125
45 127
45 165
45 171
45 204
45 211
45 214
45 215
45 257
45 264
46 118
46 119
46 122
46 123
46 124
46 125
46 126
46 264
46 267
47 75
47 123
47 124
47 125
47 126
48 127
48 262
49 130
57 169
58 128
58 271
59 126
59 128
60 124
60 127
61 126
65 296
66 79
66 240
67 74
67 80
67 104
67 107
67 112
67 118
67 163
67 171
67 172
67 203
67 209
67 211
67 212
67 216
67 253
67 258
68 69
68 70
68 75
68 78
68 79
68 80
68 82
68 85
68 87
68 88
68 100
68 105
68 106
68 109
68 110
68 113
68 116
68 120
68 123
68 158
68 163
68 168
68 171
68 172
68 199
68 201
68 202
68 203
68 204
68 208
68 212
68 249
68 259
68 261
68 262
69 72
69 76
69 77
69 81
69 82
69 84
69 101
69 102
69 111
69 113
69 118
69 122
69 125
69 127
69 157
69 159
69 164
69 168
69 171
69 173
69 197
69 198
69 200
69 205
69 206
69 208
69 215
69 251
69 256
69 257
69 262
69 265
69 268
70 72
70 73
70 74
70 75
70 77
70 79
70 80
70 83
70 84
70 85
70 86
70 87
70 101
70 102
70 104
70 105
70 107
70 115
70 119
70 122
70 124
70 125
70 164
70 165
70 166
70 167
70 168
70 169
70 171
70 172
70 197
70 198
70 200
70 202
70 203
70 204
70 206
70 207
70 208
70 209
70 210
70 212
70 215
70 216
70 251
70 253
70 256
70 257
70 259
70 260
70 261
70 262
70 263
70 264
70 266
71 72
71 73
71 74
71 75
71 77
71 79
71 80
71 83
71 85
71 86
71 87
71 88
71 100
71 101
71 104
71 105
71 110
71 111
71 112
71 113
71 114
71 117
71 118
71 119
71 120
71 121
71 122
71 124
71 125
71 126
71 155
71 158
71 159
71 160
71 162
71 163
71 166
71 167
71 169
71 170
71 171
71 173
71 198
71 199
71 200
71 202
71 204
71 205
71 206
71 207
71 208
71 210
71 211
71 212
71 213
71 214
71 216
71 251
71 257
71 260
71 261
71 262
71 266
71 267
71 268
71 269
72 74
72 77
72 78
72 83
72 85
72 88
72 89
72 97
72 100
72 102
72 103
72 104
72 105
72 106
72 107
72 108
72 110
72 112
72 114
72 115
72 116
72 117
72 118
72 120
72 121
72 122
72 123
72 124
72 126
72 127
72 137
72 159
72 161
72 162
72 163
72 164
72 166
72 169
72 170
72 171
72 172
72 173
72 199
72 201
72 203
72 205
72 206
72 207
72 208
72 211
72 212
72 213
72 214
72 252
72 254
72 255
72 256
72 257
72 258
72 259
72 260
72 261
72 262
72 263
72 264
72 265
72 266
72 267
72 268
73 74
73 75
73 76
73 78
73 79
73 80
73 81
73 82
73 83
73 85
73 86
73 87
73 102
73 103
73 104
73 105
73 106
73 107
73 108
73 109
73 112
73 113
73 115
73 116
73 117
73 118
73 119
73 120
73 121
73 123
73 124
73 126
73 127
73 157
73 159
73 161
73 162
73 163
73 164
73 166
73 167
73 168
73 169
73 170
73 172
73 173
73 198
73 201
73 202
73 203
73 205
73 206
73 207
73 208
73 209
73 210
73 211
73 212
73 213
73 214
73 215
73 251
73 253
73 255
73 256
73 257
73 258
73 259
73 260
73 261
73 262
73 263
73 264
73 265
73 266
73 267
73 268
74 75
74 76
74 77
74 78
74 79
74 82
74 83
74 85
74 86
74 87
74 88
74 89
74 100
74 101
74 102
74 106
74 107
74 108
74 109
74 111
74 112
74 113
74 114
74 115
74 116
74 118
74 119
74 120
74 121
74 122
74 123
74 124
74 125
74 127
74 138
74 158
74 160
74 162
74 164
74 165
74 166
74 167
74 168
74 169
74 170
74 171
74 173
74 201
74 203
74 204
74 205
74 206
74 207
74 208
74 209
74 210
74 211
74 213
74 214
74 215
74 232
74 252
74 253
74 254
74 255
74 256
74 257
74 258
74 259
74 260
74 261
74 262
74 263
74 264
74 265
74 266
74 267
74 268
75 76
75 77
75 78
75 79
75 80
75 82
75 83
75 84
75 85
75 86
75 87
75 88
75 101
75 103
75 105
75 106
75 108
75 109
75 111
75 112
75 113
75 114
75 115
75 116
75 117
75 118
75 119
75 121
75 122
75 123
75 124
75 125
75 126
75 127
75 128
75 159
75 161
75 163
75 164
75 165
75 167
75 168
75 169
75 171
75 172
75 173
75 199
75 200
75 201
75 202
75 205
75 206
75 207
75 208
75 209
75 210
75 211
75 212
75 213
75 214
75 215
75 216
75 250
75 251
75 253
75 254
75 255
75 256
75 257
75 258
75 259
75 260
75 261
75 262
75 263
75 265
75 266
75 267
75 268
76 77
76 78
76 79
76 80
76 81
76 82
76 83
76 84
76 85
76 86
76 87
76 88
76 102
76 103
76 104
76 105
76 106
76 107
76 108
76 109
76 110
76 111
76 112
76 113
76 114
76 115
76 116
76 117
76 118
76 122
76 123
76 124
76 125
76 126
76 127
76 160
76 162
76 163
76 165
76 166
76 168
76 169
76 170
76 171
76 172
76 173
76 200
76 201
76 204
76 205
76 206
76 207
76 208
76 209
76 210
76 211
76 212
76 214
76 215
76 252
76 255
76 256
76 257
76 258
76 259
76 260
76 261
76 262
76 263
76 264
76 265
76 266
76 267
76 268
76 269
77 78
77 79
77 80
77 81
77 83
77 84
77 85
77 86
77 87
77 88
77 100
77 101
77 102
77 103
77 104
77 105
77 106
77 107
77 108
77 109
77 110
77 111
77 112
77 113
77 114
77 115
77 116
77 117
77 118
77 119
77 120
77 121
77 122
77 123
77 124
77 125
77 126
77 127
77 159
77 160
77 161
77 162
77 163
77 164
77 165
77 166
77 167
77 168
77 169
77 170
77 171
77 172
77 173
77 197
77 198
77 201
77 202
77 203
77 204
77 205
77 206
77 207
77 208
77 209
77 210
77 211
77 212
77 213
77 214
77 215
77 216
77 218
77 242
77 246
77 252
77 254
77 255
77 256
77 257
77 258
77 259
77 260
77 262
77 263
77 264
77 266
77 267
77 268
78 79
78 80
78 81
78 82
78 83
78 84
78 85
78 86
78 87
78 88
78 100
78 102
78 103
78 104
78 105
78 106
78 107
78 108
78 109
78 110
78 111
78 112
78 113
78 114
78 115
78 116
78 117
78 118
78 119
78 120
78 121
78 122
78 123
78 124
78 125
78 126
78 127
78 163
78 164
78 165
78 166
78 167
78 168
78 169
78 170
78 171
78 172
78 173
78 174
78 196
78 197
78 200
78 201
78 202
78 203
78 204
78 205
78 206
78 207
78 208
78 209
78 210
78 211
78 212
78 213
78 214
78 215
78 216
78 250
78 251
78 252
78 254
78 256
78 257
78 258
78 259
78 260
78 261
78 262
78 263
78 264
78 265
78 266
78 267
78 268
79 80
79 81
79 82
79 83
79 84
79 85
79 86
79 87
79 88
79 89
79 97
79 100
79 101
79 102
79 103
79 106
79 107
79 108
79 109
79 110
79 111
79 112
79 113
79 114
79 115
79 116
79 117
79 118
79 119
79 120
79 121
79 122
79 123
79 124
79 127
79 157
79 159
79 162
79 163
79 164
79 165
79 166
79 167
79 169
79 170
79 171
79 172
79 173
79 198
79 200
79 201
79 202
79 203
79 204
79 205
79 206
79 207
79 208
79 209
79 210
79 211
79 212
79 213
79 214
79 215
79 216
79 234
79 250
79 253
79 255
79 256
79 257
79 258
79 259
79 260
79 261
79 262
79 263
79 264
79 265
79 266
79 267
79 268
80 81
80 82
80 83
80 84
80 85
80 86
80 87
80 88
80 89
80 101
80 102
80 105
80 106
80 108
80 109
80 110
80 111
80 112
80 113
80 114
80 115
80 116
80 117
80 118
80 119
80 120
80 121
80 122
80 123
80 124
80 125
80 126
80 127
80 128
80 160
80 161
80 163
80 164
80 165
80 166
80 167
80 168
80 169
80 170
80 171
80 172
80 173
80 197
80 199
80 201
80 202
80 203
80 204
80 205
80 206
80 207
80 208
80 209
80 210
80 211
80 212
80 213
80 214
80 215
80 216
80 234
80 252
80 253
80 254
80 255
80 256
80 257
80 258
80 260
80 261
80 262
80 263
80 264
80 265
80 266
80 267
80 268
80 269
80 270
81 82
81 83
81 84
81 85
81 86
81 87
81 88
81 103
81 105
81 106
81 107
81 108
81 109
81 110
81 111
81 112
81 113
81 114
81 115
81 116
81 117
81 118
81 119
81 120
81 121
81 122
81 123
81 124
81 125
81 126
81 127
81 160
81 162
81 163
81 164
81 165
81 166
81 167
81 168
81 169
81 170
81 172
81 173
81 174
81 197
81 201
81 202
81 203
81 204
81 205
81 206
81 207
81 208
81 209
81 210
81 211
81 212
81 213
81 214
81 215
81 216
81 233
81 252
81 253
81 255
81 257
81 258
81 259
81 260
81 261
81 262
81 263
81 264
81 265
81 266
81 267
81 268
81 269
82 83
82 84
82 85
82 86
82 87
82 88
82 89
82 96
82 98
82 101
82 103
82 105
82 106
82 107
82 108
82 109
82 110
82 111
82 112
82 113
82 114
82 115
82 116
82 117
82 118
82 119
82 120
82 121
82 122
82 123
82 124
82 125
82 126
82 127
82 128
82 156
82 157
82 158
82 159
82 160
82 161
82 162
82 165
82 166
82 167
82 168
82 169
82 170
82 171
82 172
82 173
82 198
82 201
82 203
82 204
82 205
82 206
82 207
82 208
82 209
82 210
82 211
82 212
82 213
82 214
82 215
82 216
82 236
82 254
82 255
82 256
82 257
82 259
82 260
82 261
82 262
82 263
82 264
82 265
82 266
82 267
82 268
82 269
83 84
83 85
83 86
83 87
83 88
83 89
83 101
83 102
83 104
83 105
83 107
83 108
83 109
83 110
83 111
83 112
83 113
83 114
83 115
83 116
83 117
83 118
83 119
83 120
83 121
83 122
83 123
83 124
83 125
83 126
83 127
83 138
83 156
83 158
83 159
83 160
83 161
83 162
83 163
83 164
83 166
83 167
83 168
83 169
83 170
83 171
83 172
83 173
83 197
83 198
83 201
83 202
83 203
83 204
83 205
83 206
83 207
83 208
83 209
83 210
83 211
83 212
83 213
83 214
83 215
83 216
83 217
83 252
83 253
83 255
83 256
83 257
83 258
83 259
83 260
83 261
83 262
83 263
83 264
83 265
83 266
83 267
83 268
83 269
83 270
83 271
84 85
84 86
84 87
84 88
84 91
84 101
84 102
84 103
84 104
84 105
84 106
84 107
84 108
84 109
84 110
84 111
84 112
84 113
84 114
84 115
84 116
84 117
84 118
84 119
84 120
84 121
84 122
84 123
84 124
84 125
84 126
84 127
84 128
84 158
84 160
84 161
84 162
84 163
84 164
84 165
84 166
84 167
84 168
84 169
84 170
84 171
84 172
84 173
84 197
84 199
84 200
84 202
84 204
84 205
84 206
84 207
84 208
84 209
84 210
84 211
84 212
84 213
84 214
84 215
84 216
84 240
84 250
84 254
84 255
84 256
84 258
84 259
84 260
84 261
84 262
84 263
84 264
84 265
84 266
84 267
84 268
84 269
85 86
85 87
85 88
85 89
85 100
85 103
85 105
85 106
85 107
85 108
85 109
85 110
85 111
85 112
85 113
85 114
85 115
85 116
85 117
85 118
85 119
85 120
85 121
85 122
85 123
85 124
85 125
85 126
85 127
85 128
85 159
85 160
85 161
85 162
85 163
85 164
85 165
85 166
85 167
85 168
85 169
85 170
85 171
85 172
85 173
85 200
85 202
85 204
85 205
85 206
85 207
85 208
85 209
85 210
85 211
85 212
85 213
85 214
85 215
85 216
85 253
85 254
85 256
85 258
85 259
85 260
85 261
85 262
85 263
85 264
85 265
85 266
85 267
85 268
85 269
86 87
86 88
86 102
86 103
86 104
86 105
86 106
86 107
86 108
86 109
86 110
86 111
86 112
86 113
86 114
86 115
86 116
86 117
86 118
86 119
86 120
86 121
86 122
86 123
86 124
86 125
86 126
86 127
86 128
86 136
86 160
86 162
86 163
86 165
86 166
86 167
86 168
86 169
86 170
86 171
86 172
86 173
86 197
86 199
86 200
86 202
86 203
86 204
86 205
86 207
86 208
86 209
86 210
86 211
86 212
86 213
86 214
86 215
86 216
86 219
86 220
86 241
86 250
86 254
86 256
86 258
86 259
86 260
86 261
86 262
86 263
86 264
86 265
86 266
86 267
86 268
86 270
87 88
87 97
87 102
87 103
87 104
87 106
87 108
87 109
87 111
87 112
87 113
87 114
87 115
87 116
87 117
87 118
87 119
87 120
87 121
87 122
87 123
87 124
87 125
87 126
87 127
87 157
87 158
87 159
87 160
87 162
87 163
87 164
87 165
87 166
87 168
87 169
87 170
87 171
87 172
87 173
87 174
87 201
87 202
87 203
87 204
87 205
87 206
87 208
87 209
87 210
87 211
87 212
87 213
87 214
87 215
87 216
87 234
87 235
87 241
87 252
87 254
87 256
87 257
87 258
87 259
87 260
87 261
87 262
87 263
87 264
87 265
87 266
87 267
87 268
87 269
87 270
88 89
88 101
88 103
88 104
88 105
88 106
88 107
88 108
88 109
88 110
88 111
88 112
88 113
88 114
88 115
88 116
88 117
88 118
88 119
88 120
88 121
88 122
88 123
88 124
88 125
88 126
88 127
88 129
88 160
88 162
88 164
88 165
88 166
88 167
88 168
88 169
88 170
88 171
88 172
88 173
88 199
88 200
88 202
88 204
88 205
88 207
88 208
88 209
88 211
88 212
88 213
88 214
88 215
88 216
88 221
88 253
88 254
88 255
88 256
88 257
88 258
88 259
88 260
88 261
88 262
88 263
88 264
88 265
88 266
88 267
88 268
88 269
88 270
89 108
89 113
89 116
89 117
89 119
89 120
89 121
89 122
89 123
89 124
89 125
89 126
89 127
89 160
89 163
89 164
89 165
89 166
89 167
89 169
89 170
89 171
89 172
89 182
89 207
89 211
89 213
89 216
89 217
89 252
89 253
89 255
89 258
89 263
89 264
89 268
90 122
90 123
90 124
90 125
90 126
90 127
90 128
90 129
90 181
90 211
90 215
90 216
90 231
91 125
91 126
91 245
91 271
92 127
92 129
95 117
96 123
96 124
96 212
96 215
96 265
97 118
97 119
97 123
97 124
97 127
97 204
97 254
98 122
98 123
98 125
98 126
98 217
98 269
99 100
99 115
99 125
99 166
99 171
99 217
100 102
100 104
100 119
100 124
100 126
100 128
100 157
100 165
100 167
100 168
100 173
100 261
100 265
101 102
101 103
101 109
101 111
101 113
101 115
101 116
101 118
101 119
101 120
101 122
101 125
101 126
101 164
101 168
101 173
101 205
101 207
101 215
101 250
101 253
101 256
101 259
101 261
101 265
101 266
101 270
102 103
102 104
102 108
102 109
102 111
102 112
102 113
102 114
102 115
102 121
102 122
102 123
102 124
102 158
102 160
102 163
102 166
102 167
102 168
102 173
102 197
102 198
102 199
102 200
102 201
102 202
102 203
102 204
102 205
102 206
102 210
102 212
102 213
102 214
102 251
102 252
102 253
102 256
102 262
102 263
102 264
102 267
102 268
102 269
103 105
103 107
103 108
103 109
103 113
103 114
103 115
103 116
103 118
103 119
103 121
103 122
103 123
103 125
103 126
103 157
103 158
103 162
103 164
103 165
103 166
103 167
103 168
103 169
103 171
103 173
103 201
103 203
103 204
103 205
103 206
103 207
103 208
103 209
103 213
103 215
103 216
103 253
103 254
103 255
103 258
103 259
103 260
103 265
103 266
103 267
103 268
104 106
104 108
104 110
104 111
104 112
104 113
104 114
104 117
104 118
104 120
104 122
104 123
104 125
104 127
104 158
104 159
104 161
104 162
104 164
104 165
104 166
104 169
104 171
104 172
104 173
104 197
104 198
104 199
104 200
104 203
104 204
104 205
104 206
104 207
104 213
104 214
104 215
104 216
104 234
104 252
104 253
104 255
104 256
104 257
104 258
104 259
104 260
104 261
104 263
104 264
104 265
104 267
104 268
105 106
105 107
105 109
105 110
105 111
105 112
105 113
105 114
105 115
105 116
105 118
105 120
105 121
105 122
105 123
105 124
105 125
105 126
105 127
105 158
105 163
105 164
105 165
105 166
105 167
105 168
105 169
105 170
105 171
105 172
105 173
105 174
105 175
105 198
105 200
105 202
105 203
105 204
105 206
105 207
105 208
105 209
105 210
105 211
105 212
105 214
105 215
105 251
105 254
105 255
105 256
105 257
105 258
105 259
105 260
105 262
105 263
105 264
105 265
105 266
105 267
105 268
106 107
106 108
106 109
106 110
106 111
106 114
106 115
106 117
106 118
106 119
106 120
106 121
106 122
106 123
106 124
106 125
106 126
106 127
106 157
106 158
106 159
106 160
106 161
106 163
106 164
106 165
106 167
106 168
106 169
106 170
106 171
106 172
106 173
106 198
106 200
106 203
106 205
106 206
106 207
106 208
106 210
106 211
106 213
106 214
106 215
106 251
106 252
106 253
106 256
106 257
106 258
106 259
106 260
106 261
106 262
106 264
106 265
106 266
106 267
106 268
107 108
107 109
107 111
107 112
107 113
107 114
107 115
107 117
107 120
107 121
107 122
107 123
107 124
107 125
107 126
107 127
107 128
107 158
107 162
107 163
107 165
107 166
107 167
107 169
107 170
107 171
107 172
107 174
107 199
107 200
107 201
107 202
107 204
107 205
107 206
107 207
107 208
107 211
107 212
107 213
107 214
107 215
107 217
107 252
107 254
107 255
107 256
107 258
107 259
107 261
107 262
107 263
107 264
107 265
107 266
107 267
107 268
108 109
108 110
108 111
108 112
108 113
108 114
108 115
108 116
108 117
108 118
108 119
108 120
108 121
108 122
108 123
108 124
108 125
108 126
108 127
108 160
108 161
108 164
108 165
108 167
108 170
108 172
108 173
108 199
108 200
108 201
108 202
108 203
108 205
108 206
108 207
108 208
108 209
108 210
108 211
108 212
108 213
108 214
108 215
108 216
108 252
108 253
108 254
108 255
108 256
108 257
108 258
108 260
108 261
108 262
108 263
108 264
108 265
108 266
108 267
108 268
109 110
109 111
109 112
109 114
109 115
109 116
109 117
109 118
109 119
109 120
109 121
109 122
109 123
109 124
109 125
109 126
109 127
109 159
109 161
109 162
109 163
109 164
109 166
109 167
109 168
109 169
109 170
109 171
109 172
109 173
109 199
109 200
109 201
109 203
109 204
109 205
109 206
109 207
109 208
109 209
109 211
109 212
109 213
109 214
109 215
109 216
109 230
109 252
109 253
109 254
109 255
109 256
109 257
109 258
109 259
109 260
109 262
109 263
109 264
109 265
109 266
109 267
109 270
110 111
110 112
110 113
110 114
110 115
110 118
110 119
110 120
110 121
110 122
110 123
110 124
110 125
110 126
110 127
110 128
110 137
110 154
110 159
110 163
110 164
110 165
110 166
110 167
110 168
110 169
110 170
110 171
110 172
110 173
110 198
110 199
110 202
110 203
110 204
110 205
110 206
110 207
110 208
110 209
110 210
110 211
110 212
110 213
110 214
110 215
110 251
110 253
110 257
110 258
110 259
110 260
110 261
110 262
110 263
110 264
110 265
110 266
110 267
110 268
110 269
111 112
111 113
111 114
111 115
111 116
111 117
111 118
111 119
111 120
111 121
111 122
111 123
111 124
111 125
111 126
111 127
111 128
111 158
111 159
111 160
111 163
111 165
111 166
111 167
111 168
111 169
111 170
111 171
111 172
111 173
111 199
111 201
111 202
111 203
111 204
111 205
111 206
111 207
111 208
111 209
111 210
111 211
111 212
111 213
111 214
111 215
111 233
111 252
111 253
111 254
111 255
111 256
111 257
111 258
111 259
111 260
111 261
111 262
111 263
111 264
111 265
111 266
111 268
112 113
112 114
112 115
112 116
112 117
112 118
112 119
112 120
112 121
112 122
112 123
112 124
112 125
112 126
112 127
112 159
112 160
112 161
112 162
112 163
112 165
112 166
112 167
112 168
112 169
112 170
112 171
112 172
112 173
112 199
112 200
112 201
112 203
112 204
112 205
112 206
112 207
112 208
112 209
112 210
112 211
112 212
112 213
112 214
112 215
112 216
112 234
112 242
112 255
112 256
112 257
112 258
112 259
112 260
112 261
112 262
112 263
112 264
112 265
112 266
112 267
112 268
112 269
112 270
113 114
113 115
113 116
113 117
113 118
113 119
113 120
113 121
113 122
113 123
113 124
113 125
113 126
113 127
113 158
113 159
113 160
113 161
113 162
113 163
113 164
113 165
113 166
113 167
113 168
113 169
113 170
113 171
113 172
113 173
113 200
113 202
113 204
113 205
113 206
113 207
113 208
113 209
113 210
113 211
113 212
113 213
113 214
113 215
113 218
113 243
113 252
113 254
113 255
113 256
113 257
113 258
113 259
113 260
113 261
113 262
113 263
113 264
113 265
113 266
113 267
113 268
113 269
114 115
114 116
114 117
114 118
114 119
114 120
114 121
114 122
114 123
114 124
114 125
114 126
114 127
114 128
114 160
114 163
114 164
114 165
114 166
114 167
114 168
114 169
114 170
114 171
114 172
114 173
114 198
114 199
114 200
114 203
114 204
114 205
114 206
114 207
114 208
114 209
114 210
114 211
114 212
114 213
114 214
114 215
114 216
114 217
114 237
114 253
114 254
114 255
114 256
114 258
114 259
114 260
114 261
114 262
114 263
114 264
114 265
114 266
114 267
114 268
115 116
115 117
115 118
115 119
115 120
115 121
115 122
115 123
115 124
115 125
115 126
115 127
115 128
115 136
115 159
115 160
115 161
115 164
115 165
115 166
115 167
115 168
115 169
115 170
115 171
115 172
115 173
115 200
115 201
115 203
115 204
115 205
115 206
115 207
115 208
115 209
115 210
115 211
115 212
115 213
115 214
115 215
115 216
115 244
115 253
115 254
115 255
115 256
115 257
115 259
115 260
115 261
115 262
115 263
115 264
115 265
115 266
115 267
115 268
115 269
116 117
116 118
116 119
116 120
116 121
116 122
116 123
116 124
116 125
116 126
116 127
116 128
116 159
116 161
116 162
116 164
116 165
116 166
116 167
116 168
116 169
116 170
116 171
116 172
116 173
116 174
116 199
116 201
116 202
116 204
116 205
116 206
116 207
116 208
116 209
116 210
116 211
116 212
116 213
116 214
116 215
116 216
116 242
116 244
116 250
116 252
116 254
116 255
116 256
116 258
116 259
116 260
116 261
116 262
116 263
116 264
116 265
116 266
116 267
116 268
116 269
117 118
117 119
117 120
117 121
117 122
117 123
117 124
117 125
117 126
117 127
117 157
117 158
117 159
117 161
117 162
117 163
117 164
117 165
117 166
117 167
117 168
117 169
117 170
117 171
117 172
117 173
117 200
117 201
117 202
117 203
117 205
117 206
117 207
117 208
117 209
117 210
117 211
117 212
117 213
117 214
117 215
117 216
117 217
117 251
117 252
117 253
117 255
117 256
117 257
117 258
117 259
117 260
117 261
117 262
117 263
117 264
117 265
117 266
117 267
117 268
117 269
117 270
118 119
118 120
118 121
118 122
118 123
118 124
118 125
118 126
118 127
118 128
118 138
118 159
118 160
118 161
118 163
118 164
118 165
118 166
118 167
118 168
118 169
118 170
118 171
118 172
118 173
118 197
118 201
118 203
118 204
118 205
118 206
118 207
118 208
118 209
118 210
118 211
118 212
118 213
118 214
118 215
118 216
118 234
118 239
118 251
118 252
118 253
118 255
118 256
118 258
118 259
118 260
118 261
118 262
118 263
118 264
118 265
118 266
118 267
118 268
118 269
119 120
119 121
119 122
119 123
119 124
119 125
119 126
119 127
119 128
119 138
119 160
119 161
119 163
119 165
119 166
119 167
119 168
119 169
119 170
119 171
119 172
119 173
119 197
119 199
119 200
119 201
119 203
119 204
119 205
119 206
119 207
119 208
119 209
119 210
119 211
119 212
119 213
119 214
119 215
119 216
119 219
119 235
119 253
119 254
119 255
119 256
119 257
119 258
119 259
119 260
119 261
119 262
119 263
119 264
119 265
119 266
119 267
119 268
119 270
120 121
120 122
120 123
120 124
120 125
120 126
120 127
120 128
120 138
120 158
120 161
120 162
120 163
120 164
120 165
120 166
120 167
120 168
120 169
120 170
120 171
120 172
120 173
120 174
120 199
120 200
120 201
120 202
120 203
120 204
120 205
120 206
120 207
120 208
120 209
120 210
120 211
120 212
120 213
120 214
120 215
120 216
120 217
120 236
120 242
120 251
120 252
120 253
120 254
120 256
120 257
120 258
120 259
120 260
120 261
120 262
120 263
120 264
120 265
120 266
120 267
120 268
120 269
121 122
121 123
121 124
121 125
121 126
121 127
121 128
121 129
121 160
121 161
121 162
121 163
121 165
121 167
121 168
121 169
121 170
121 171
121 172
121 173
121 174
121 175
121 197
121 200
121 201
121 202
121 203
121 204
121 205
121 206
121 207
121 208
121 209
121 210
121 211
121 212
121 213
121 214
121 215
121 216
121 217
121 222
121 234
121 241
121 251
121 253
121 256
121 257
121 258
121 259
121 260
121 261
121 262
121 263
121 264
121 265
121 266
121 267
121 268
121 269
121 270
122 123
122 124
122 125
122 126
122 127
122 128
122 131
122 156
122 158
122 160
122 161
122 162
122 163
122 164
122 165
122 166
122 167
122 168
122 169
122 170
122 171
122 172
122 173
122 174
122 175
122 176
122 181
122 201
122 202
122 203
122 204
122 205
122 206
122 207
122 208
122 209
122 210
122 211
122 212
122 213
122 214
122 215
122 216
122 217
122 218
122 220
122 221
122 234
122 242
122 243
122 251
122 254
122 255
122 256
122 258
122 259
122 260
122 261
122 262
122 263
122 264
122 265
122 266
122 267
122 268
122 269
122 270
122 294
123 124
123 125
123 126
123 127
123 128
123 129
123 132
123 139
123 155
123 157
123 158
123 160
123 161
123 163
123 164
123 165
123 166
123 167
123 168
123 169
123 170
123 171
123 172
123 173
123 174
123 175
123 200
123 201
123 202
123 203
123 204
123 205
123 206
123 207
123 208
123 209
123 210
123 211
123 212
123 213
123 214
123 215
123 216
123 217
123 218
123 221
123 222
123 237
123 239
123 244
123 245
123 249
123 251
123 252
123 254
123 255
123 256
123 257
123 258
123 259
123 260
123 261
123 262
123 264
123 265
123 266
123 267
123 268
123 269
123 270
124 125
124 126
124 127
124 128
124 139
124 147
124 158
124 160
124 161
124 162
124 164
124 165
124 166
124 167
124 168
124 169
124 170
124 171
124 172
124 173
124 174
124 175
124 176
124 182
124 190
124 200
124 201
124 202
124 203
124 204
124 205
124 206
124 207
124 208
124 209
124 210
124 211
124 212
124 213
124 214
124 215
124 216
124 217
124 219
124 235
124 236
124 237
124 240
124 242
124 243
124 244
124 251
124 252
124 253
124 254
124 255
124 256
124 257
124 258
124 259
124 260
124 261
124 262
124 263
124 264
124 265
124 266
124 267
124 268
124 269
124 270
124 271
125 126
125 127
125 128
125 129
125 139
125 158
125 160
125 161
125 162
125 163
125 164
125 165
125 166
125 167
125 168
125 169
125 170
125 171
125 172
125 173
125 174
125 175
125 198
125 201
125 202
125 203
125 204
125 205
125 206
125 207
125 208
125 209
125 210
125 211
125 212
125 213
125 214
125 215
125 216
125 217
125 218
125 223
125 227
125 230
125 233
125 234
125 236
125 244
125 245
125 246
125 252
125 253
125 254
125 256
125 257
125 258
125 259
125 260
125 261
125 262
125 263
125 264
125 265
125 266
125 267
125 268
125 269
125 270
125 272
125 276
125 289
126 127
126 128
126 129
126 130
126 138
126 139
126 140
126 159
126 160
126 162
126 163
126 164
126 165
126 166
126 167
126 168
126 169
126 170
126 171
126 172
126 173
126 174
126 175
126 176
126 191
126 201
126 202
126 204
126 205
126 206
126 207
126 208
126 209
126 210
126 211
126 212
126 213
126 214
126 215
126 216
126 217
126 234
126 235
126 236
126 237
126 243
126 244
126 245
126 251
126 252
126 253
126 254
126 255
126 256
126 258
126 259
126 260
126 261
126 262
126 263
126 264
126 265
126 266
126 267
126 268
126 269
126 270
126 271
127 128
127 131
127 139
127 145
127 156
127 159
127 160
127 163
127 164
127 165
127 166
127 167
127 168
127 169
127 170
127 171
127 172
127 173
127 174
127 176
127 197
127 199
127 200
127 201
127 202
127 203
127 204
127 205
127 206
127 207
127 208
127 209
127 210
127 211
127 212
127 213
127 214
127 215
127 216
127 217
127 218
127 235
127 243
127 249
127 251
127 252
127 253
127 255
127 257
127 258
127 259
127 260
127 261
127 262
127 263
127 264
127 265
127 266
127 267
127 268
127 269
127 270
127 271
127 272
127 290
128 129
128 132
128 167
128 206
128 207
128 209
128 216
128 218
128 240
128 241
128 259
128 260
128 262
128 264
128 267
128 270
129 168
129 208
129 238
129 270
130 142
133 177
135 214
136 207
137 166
137 205
137 256
137 264
137 265
137 266
137 267
138 208
138 214
138 264
139 268
140 295
146 216
148 247
156 162
156 202
156 214
156 217
156 255
157 167
157 168
157 173
157 200
157 209
157 211
157 213
157 215
157 251
157 253
157 257
157 259
157 260
158 159
158 168
158 169
158 173
158 200
158 201
158 203
158 204
158 206
158 208
158 209
158 215
158 254
158 260
158 261
158 264
158 265
159 161
159 162
159 163
159 164
159 166
159 168
159 169
159 171
159 173
159 200
159 201
159 204
159 205
159 208
159 209
159 213
159 214
159 251
159 253
159 254
159 258
159 260
159 263
159 264
159 265
159 269
160 161
160 162
160 163
160 166
160 169
160 170
160 171
160 172
160 198
160 199
160 200
160 203
160 204
160 205
160 208
160 210
160 211
160 212
160 214
160 215
160 250
160 251
160 254
160 255
160 256
160 260
160 262
160 263
160 264
160 265
160 266
160 267
160 269
161 162
161 165
161 166
161 167
161 168
161 170
161 171
161 198
161 199
161 200
161 201
161 203
161 204
161 207
161 208
161 209
161 210
161 211
161 212
161 213
161 214
161 215
161 253
161 254
161 257
161 258
161 259
161 260
161 261
161 262
161 263
161 264
161 265
161 267
161 268
162 163
162 164
162 167
162 168
162 169
162 170
162 171
162 172
162 173
162 197
162 200
162 201
162 202
162 203
162 204
162 205
162 206
162 208
162 209
162 210
162 211
162 213
162 253
162 254
162 255
162 256
162 257
162 258
162 259
162 260
162 262
162 263
162 264
162 265
162 267
163 164
163 165
163 166
163 167
163 168
163 170
163 171
163 172
163 196
163 198
163 199
163 200
163 201
163 202
163 203
163 204
163 205
163 207
163 208
163 209
163 211
163 212
163 213
163 214
163 215
163 250
163 252
163 253
163 255
163 256
163 257
163 258
163 260
163 261
163 263
163 264
163 265
163 266
163 267
163 268
163 269
164 165
164 166
164 167
164 168
164 169
164 170
164 171
164 172
164 173
164 198
164 199
164 201
164 203
164 204
164 205
164 206
164 207
164 208
164 209
164 210
164 211
164 213
164 214
164 215
164 252
164 254
164 255
164 256
164 257
164 258
164 259
164 260
164 261
164 262
164 264
164 266
164 267
164 268
165 166
165 167
165 168
165 169
165 170
165 171
165 173
165 174
165 197
165 198
165 199
165 200
165 201
165 202
165 203
165 204
165 205
165 206
165 207
165 208
165 209
165 210
165 212
165 213
165 214
165 215
165 242
165 252
165 253
165 255
165 256
165 257
165 258
165 259
165 260
165 261
165 262
165 263
165 264
165 265
165 266
165 267
165 268
165 269
165 271
166 167
166 168
166 169
166 170
166 172
166 200
166 201
166 202
166 203
166 205
166 206
166 207
166 208
166 209
166 210
166 211
166 212
166 213
166 214
166 215
166 216
166 250
166 251
166 255
166 256
166 257
166 258
166 259
166 260
166 261
166 262
166 263
166 264
166 265
166 266
166 267
166 268
166 269
167 168
167 169
167 170
167 171
167 172
167 173
167 202
167 203
167 205
167 206
167 207
167 208
167 209
167 211
167 212
167 213
167 214
167 215
167 232
167 242
167 251
167 255
167 256
167 257
167 258
167 259
167 260
167 261
167 262
167 263
167 264
167 265
167 266
167 267
167 268
167 269
168 169
168 170
168 171
168 172
168 173
168 174
168 196
168 199
168 201
168 202
168 203
168 204
168 205
168 206
168 207
168 208
168 209
168 210
168 211
168 212
168 213
168 214
168 215
168 216
168 251
168 254
168 255
168 256
168 257
168 258
168 259
168 260
168 261
168 262
168 264
168 265
168 266
168 268
168 269
169 170
169 171
169 172
169 173
169 201
169 202
169 203
169 204
169 205
169 206
169 207
169 208
169 209
169 210
169 211
169 212
169 213
169 214
169 215
169 216
169 217
169 236
169 243
169 251
169 253
169 256
169 257
169 258
169 259
169 260
169 261
169 262
169 263
169 264
169 265
169 266
169 267
169 268
169 271
170 171
170 172
170 173
170 174
170 197
170 198
170 200
170 201
170 202
170 203
170 204
170 205
170 206
170 207
170 208
170 209
170 210
170 211
170 212
170 213
170 214
170 215
170 216
170 250
170 251
170 253
170 254
170 255
170 257
170 259
170 260
170 261
170 262
170 263
170 264
170 265
170 266
170 267
170 268
171 172
171 173
171 201
171 202
171 203
171 204
171 205
171 206
171 207
171 208
171 209
171 210
171 211
171 212
171 213
171 214
171 215
171 216
171 234
171 251
171 252
171 253
171 254
171 255
171 256
171 257
171 258
171 260
171 261
171 262
171 263
171 264
171 265
171 266
171 267
172 173
172 174
172 198
172 200
172 203
172 204
172 206
172 207
172 208
172 209
172 210
172 211
172 212
172 213
172 214
172 215
172 216
172 233
172 250
172 251
172 253
172 255
172 256
172 258
172 259
172 260
172 261
172 262
172 263
172 264
172 265
172 266
172 267
172 268
172 269
173 199
173 201
173 202
173 203
173 204
173 205
173 206
173 208
173 209
173 210
173 212
173 213
173 214
173 215
173 250
173 251
173 252
173 253
173 254
173 255
173 256
173 259
173 260
173 261
173 262
173 263
173 264
173 265
173 267
173 268
174 205
174 209
174 213
174 214
174 216
174 259
174 261
174 263
174 264
174 266
174 268
175 238
175 260
175 268
176 271
177 237
196 211
196 267
197 201
197 202
197 211
197 242
197 258
198 200
198 208
198 210
198 211
198 213
198 250
198 258
198 261
198 263
198 264
198 267
199 201
199 205
199 206
199 207
199 208
199 210
199 211
199 212
199 252
199 254
199 255
199 257
199 259
199 262
199 264
199 265
199 266
199 268
200 203
200 204
200 205
200 206
200 210
200 211
200 212
200 213
200 214
200 250
200 251
200 253
200 255
200 256
200 257
200 259
200 260
200 261
200 263
200 265
200 267
200 268
200 270
201 204
201 205
201 206
201 208
201 209
201 211
201 212
201 213
201 214
201 215
201 252
201 253
201 254
201 255
201 258
201 260
201 261
201 262
201 263
201 264
201 265
201 266
201 267
201 268
202 203
202 204
202 205
202 206
202 207
202 208
202 210
202 212
202 213
202 214
202 234
202 251
202 252
202 255
202 256
202 257
202 258
202 259
202 260
202 261
202 262
202 263
202 264
202 268
203 204
203 205
203 206
203 207
203 208
203 209
203 210
203 211
203 212
203 213
203 214
203 216
203 250
203 252
203 253
203 254
203 255
203 256
203 257
203 258
203 259
203 260
203 261
203 262
203 263
203 264
203 265
203 267
203 268
204 205
204 206
204 207
204 208
204 209
204 210
204 211
204 212
204 213
204 214
204 250
204 252
204 253
204 254
204 255
204 256
204 258
204 259
204 260
204 261
204 262
204 263
204 264
204 265
204 266
204 268
204 269
205 206
205 207
205 208
205 209
205 213
205 214
205 215
205 216
205 234
205 249
205 250
205 252
205 254
205 255
205 256
205 257
205 258
205 259
205 260
205 261
205 262
205 263
205 264
205 265
205 266
205 267
205 268
206 207
206 208
206 210
206 211
206 212
206 213
206 215
206 216
206 236
206 249
206 253
206 255
206 257
206 258
206 259
206 260
206 261
206 262
206 264
206 265
206 266
206 267
206 268
206 269
207 208
207 209
207 210
207 211
207 212
207 213
207 214
207 215
207 252
207 253
207 254
207 257
207 258
207 259
207 260
207 261
207 262
207 263
207 264
207 265
207 266
207 267
207 268
207 269
207 270
208 209
208 210
208 211
208 212
208 213
208 214
208 215
208 216
208 233
208 250
208 253
208 256
208 257
208 258
208 259
208 260
208 261
208 262
208 263
208 264
208 265
208 266
208 267
208 268
209 210
209 211
209 212
209 213
209 214
209 216
209 243
209 251
209 252
209 253
209 254
209 255
209 256
209 257
209 258
209 260
209 261
209 262
209 263
209 264
209 265
209 266
209 267
209 268
209 269
210 211
210 212
210 213
210 214
210 215
210 216
210 217
210 243
210 254
210 255
210 256
210 257
210 258
210 259
210 260
210 261
210 262
210 263
210 264
210 265
210 266
210 267
210 268
210 269
211 212
211 213
211 214
211 215
211 216
211 254
211 256
211 258
211 259
211 260
211 261
211 262
211 263
211 264
211 265
211 266
211 267
211 268
211 269
211 270
212 213
212 214
212 215
212 216
212 233
212 252
212 255
212 256
212 257
212 258
212 259
212 260
212 261
212 262
212 263
212 264
212 265
212 266
212 267
212 268
212 269
212 293
213 214
213 215
213 216
213 233
213 241
213 252
213 255
213 256
213 257
213 258
213 259
213 260
213 261
213 262
213 263
213 264
213 265
213 266
213 267
213 268
213 269
214 215
214 216
214 250
214 252
214 253
214 254
214 255
214 256
214 257
214 258
214 259
214 260
214 261
214 262
214 263
214 264
214 265
214 266
214 267
214 268
214 269
215 216
215 253
215 254
215 255
215 256
215 257
215 258
215 259
215 260
215 261
215 262
215 263
215 264
215 265
215 266
215 267
215 268
215 269
216 242
216 254
216 256
216 259
216 260
216 261
216 262
216 263
216 264
216 265
216 266
216 267
217 258
217 261
217 269
218 219
218 269
221 269
233 254
235 256
235 262
235 264
235 265
235 266
236 260
239 272
240 263
243 255
243 266
243 269
249 264
250 252
250 255
250 256
250 261
250 262
250 263
250 264
250 266
250 267
250 268
250 269
251 252
251 255
251 257
251 258
251 259
251 260
251 261
251 262
251 267
251 269
252 253
252 255
252 258
252 260
252 261
252 266
252 267
252 268
253 254
253 255
253 258
253 260
253 261
253 264
253 265
253 269
254 255
254 256
254 257
254 258
254 260
254 261
254 262
254 264
254 266
254 267
255 256
255 257
255 259
255 260
255 261
255 264
255 265
255 266
255 267
255 268
256 257
256 258
256 259
256 260
256 262
256 263
256 264
256 265
256 266
256 267
257 258
257 259
257 260
257 261
257 262
257 263
257 264
257 265
257 266
257 267
257 268
258 259
258 260
258 261
258 262
258 263
258 264
258 265
258 266
258 267
258 268
259 260
259 261
259 262
259 263
259 265
259 266
259 267
259 268
260 261
260 262
260 263
260 264
260 265
260 266
260 267
260 268
261 262
261 263
261 264
261 265
261 266
261 267
261 268
262 263
262 264
262 265
262 266
262 267
262 268
263 264
263 265
263 266
263 267
263 268
263 269
264 265
264 266
264 267
264 268
264 269
265 266
265 267
265 268
265 269
266 267
266 268
266 269
267 268
267 269
268 269
