2 86
18 20
18 21
18 24
18 27
18 29
18 30
18 31
18 33
18 52
18 53
18 54
18 78
18 83
18 84
18 87
18 158
18 165
18 169
18 171
18 279
18 281
19 21
19 22
19 23
19 25
19 30
19 35
19 52
19 53
19 54
19 77
19 78
19 79
19 80
19 81
19 83
19 84
19 85
19 86
19 87
19 88
19 89
19 90
19 153
19 154
19 157
19 158
19 160
19 162
19 163
19 165
19 169
19 172
19 173
19 175
19 177
19 178
19 179
19 180
19 273
19 275
19 277
20 22
20 23
20 24
20 25
20 26
20 28
20 30
20 31
20 32
20 33
20 34
20 35
20 53
20 76
20 77
20 78
20 81
20 82
20 83
20 84
20 85
20 86
20 88
20 89
20 90
20 91
20 92
20 153
20 154
20 156
20 157
20 160
20 161
20 162
20 163
20 165
20 170
20 171
20 175
20 181
20 274
20 278
20 279
20 280
20 281
21 22
21 23
21 24
21 25
21 26
21 27
21 28
21 29
21 30
21 31
21 32
21 33
21 35
21 41
21 51
21 53
21 54
21 77
21 78
21 80
21 81
21 82
21 83
21 84
21 85
21 87
21 89
21 90
21 154
21 156
21 157
21 158
21 159
21 160
21 161
21 162
21 164
21 165
21 169
21 170
21 171
21 173
21 174
21 175
21 177
21 178
21 179
21 180
21 181
21 232
21 276
21 278
21 279
21 280
21 281
22 23
22 24
22 25
22 26
22 27
22 28
22 29
22 30
22 31
22 32
22 33
22 34
22 52
22 53
22 77
22 78
22 79
22 80
22 81
22 82
22 83
22 84
22 85
22 86
22 87
22 88
22 89
22 90
22 91
22 152
22 155
22 156
22 157
22 158
22 159
22 160
22 161
22 162
22 163
22 165
22 166
22 167
22 168
22 170
22 171
22 172
22 173
22 174
22 175
22 176
22 177
22 178
22 179
22 180
22 181
22 273
22 275
22 276
22 277
22 278
22 279
22 280
22 281
22 282
23 24
23 25
23 26
23 27
23 28
23 29
23 30
23 31
23 32
23 33
23 34
23 35
23 52
23 55
23 76
23 77
23 78
23 80
23 81
23 82
23 83
23 84
23 85
23 86
23 87
23 88
23 89
23 90
23 91
23 92
23 152
23 154
23 155
23 156
23 157
23 158
23 159
23 160
23 161
23 163
23 164
23 165
23 170
23 172
23 173
23 174
23 175
23 176
23 177
23 178
23 179
23 180
23 182
23 273
23 274
23 275
23 276
23 277
23 278
23 279
23 280
23 281
24 25
24 26
24 27
24 28
24 29
24 30
24 31
24 32
24 33
24 34
24 35
24 75
24 77
24 79
24 80
24 81
24 82
24 83
24 84
24 85
24 86
24 87
24 88
24 89
24 90
24 91
24 153
24 154
24 155
24 156
24 157
24 158
24 159
24 162
24 163
24 164
24 165
24 169
24 170
24 171
24 172
24 173
24 174
24 175
24 176
24 177
24 178
24 180
24 232
24 273
24 275
24 276
24 277
24 278
24 279
24 280
24 281
24 283
25 26
25 27
25 28
25 29
25 30
25 31
25 32
25 33
25 34
25 35
25 52
25 53
25 54
25 78
25 79
25 80
25 81
25 82
25 83
25 84
25 85
25 86
25 87
25 88
25 89
25 90
25 91
25 152
25 155
25 156
25 157
25 158
25 159
25 161
25 162
25 163
25 164
25 165
25 170
25 171
25 172
25 173
25 174
25 175
25 176
25 177
25 178
25 179
25 180
25 230
25 233
25 273
25 274
25 276
25 277
25 278
25 279
25 280
26 27
26 28
26 29
26 30
26 31
26 32
26 33
26 34
26 35
26 53
26 54
26 55
26 75
26 78
26 79
26 80
26 81
26 82
26 83
26 84
26 85
26 86
26 87
26 88
26 89
26 90
26 91
26 92
26 153
26 154
26 156
26 157
26 158
26 159
26 161
26 162
26 163
26 164
26 165
26 166
26 168
26 170
26 172
26 173
26 174
26 175
26 176
26 177
26 178
26 179
26 181
26 190
26 275
26 276
26 277
26 278
26 279
26 280
26 281
27 28
27 29
27 30
27 31
27 32
27 33
27 34
27 35
27 36
27 52
27 53
27 77
27 78
27 79
27 80
27 81
27 82
27 83
27 84
27 85
27 86
27 87
27 88
27 89
27 90
27 91
27 92
27 93
27 155
27 156
27 157
27 158
27 159
27 160
27 161
27 163
27 164
27 166
27 167
27 170
27 171
27 172
27 173
27 174
27 175
27 176
27 177
27 178
27 179
27 180
27 181
27 234
27 270
27 272
27 274
27 275
27 277
27 278
27 279
27 280
27 281
27 282
27 283
28 29
28 30
28 31
28 32
28 33
28 34
28 35
28 36
28 46
28 51
28 54
28 56
28 76
28 77
28 79
28 80
28 81
28 82
28 83
28 84
28 85
28 86
28 87
28 88
28 89
28 90
28 91
28 154
28 155
28 156
28 157
28 158
28 159
28 160
28 161
28 162
28 163
28 164
28 165
28 166
28 172
28 173
28 174
28 175
28 176
28 177
28 178
28 179
28 180
28 182
28 232
28 233
28 234
28 274
28 275
28 276
28 277
28 278
28 279
28 280
28 281
28 282
28 284
29 30
29 31
29 32
29 33
29 34
29 35
29 36
29 53
29 54
29 55
29 75
29 76
29 77
29 78
29 79
29 80
29 81
29 82
29 83
29 84
29 85
29 86
29 87
29 88
29 89
29 90
29 91
29 92
29 93
29 151
29 154
29 155
29 157
29 158
29 159
29 160
29 161
29 162
29 163
29 164
29 165
29 167
29 171
29 172
29 173
29 174
29 175
29 176
29 177
29 178
29 179
29 180
29 181
29 233
29 274
29 275
29 276
29 277
29 278
29 279
29 280
29 281
30 31
30 32
30 33
30 34
30 35
30 36
30 52
30 53
30 54
30 55
30 56
30 76
30 78
30 79
30 80
30 81
30 82
30 83
30 84
30 85
30 86
30 87
30 88
30 89
30 90
30 91
30 92
30 154
30 155
30 156
30 157
30 158
30 159
30 160
30 161
30 164
30 165
30 166
30 167
30 169
30 170
30 171
30 172
30 173
30 174
30 175
30 176
30 177
30 178
30 179
30 180
30 181
30 233
30 234
30 273
30 274
30 275
30 276
30 277
30 278
30 279
30 280
30 281
30 282
30 283
31 32
31 33
31 34
31 35
31 36
31 38
31 54
31 55
31 74
31 75
31 77
31 78
31 79
31 80
31 81
31 82
31 83
31 84
31 85
31 86
31 87
31 88
31 89
31 90
31 91
31 92
31 93
31 116
31 153
31 154
31 155
31 156
31 157
31 158
31 159
31 160
31 161
31 162
31 164
31 165
31 166
31 167
31 168
31 170
31 171
31 172
31 173
31 174
31 175
31 176
31 177
31 178
31 179
31 180
31 181
31 182
31 188
31 235
31 248
31 274
31 275
31 276
31 277
31 278
31 279
31 280
31 281
31 282
31 283
31 288
32 33
32 34
32 35
32 36
32 41
32 56
32 75
32 76
32 77
32 78
32 79
32 80
32 81
32 82
32 83
32 84
32 85
32 86
32 87
32 88
32 89
32 90
32 91
32 92
32 93
32 105
32 112
32 152
32 153
32 155
32 156
32 157
32 158
32 159
32 160
32 162
32 163
32 164
32 165
32 166
32 167
32 169
32 171
32 173
32 174
32 175
32 176
32 177
32 178
32 179
32 180
32 181
32 182
32 183
32 190
32 231
32 232
32 233
32 235
32 272
32 275
32 276
32 277
32 278
32 279
32 280
32 281
32 282
32 283
33 34
33 35
33 36
33 53
33 54
33 55
33 56
33 57
33 77
33 78
33 79
33 80
33 81
33 82
33 83
33 84
33 85
33 86
33 87
33 88
33 89
33 90
33 91
33 92
33 93
33 94
33 154
33 155
33 156
33 157
33 158
33 159
33 160
33 161
33 162
33 163
33 164
33 165
33 166
33 167
33 170
33 171
33 172
33 173
33 175
33 176
33 177
33 178
33 179
33 180
33 181
33 182
33 200
33 201
33 235
33 242
33 274
33 275
33 276
33 277
33 278
33 279
33 280
33 281
33 282
33 283
34 35
34 36
34 43
34 53
34 56
34 75
34 77
34 78
34 79
34 80
34 81
34 82
34 83
34 84
34 85
34 86
34 87
34 88
34 89
34 90
34 91
34 92
34 93
34 152
34 154
34 155
34 157
34 158
34 159
34 160
34 161
34 162
34 163
34 164
34 165
34 166
34 167
34 168
34 170
34 172
34 173
34 174
34 175
34 176
34 177
34 178
34 179
34 180
34 181
34 182
34 183
34 201
34 233
34 235
34 243
34 254
34 275
34 276
34 277
34 278
34 279
34 280
34 281
34 282
34 283
34 284
35 36
35 53
35 54
35 55
35 78
35 79
35 80
35 81
35 82
35 83
35 84
35 85
35 86
35 87
35 88
35 89
35 90
35 91
35 92
35 93
35 95
35 114
35 152
35 153
35 154
35 156
35 157
35 158
35 159
35 160
35 162
35 163
35 164
35 165
35 166
35 167
35 170
35 171
35 172
35 173
35 174
35 175
35 176
35 177
35 178
35 179
35 180
35 181
35 182
35 183
35 189
35 232
35 235
35 275
35 276
35 277
35 278
35 279
35 280
35 281
35 282
35 283
35 284
36 56
36 57
36 81
36 86
36 87
36 88
36 89
36 90
36 91
36 92
36 93
36 94
36 157
36 161
36 166
36 183
36 191
36 193
36 202
36 236
36 237
36 255
36 279
37 86
37 88
37 90
37 91
37 162
37 181
37 203
37 282
37 284
38 93
38 289
39 161
39 286
40 117
45 158
50 80
50 83
51 53
51 77
51 79
51 83
51 91
51 152
51 153
51 156
51 158
51 272
51 273
51 276
51 277
51 281
52 76
52 78
52 79
52 81
52 82
52 84
52 88
52 91
52 156
52 157
52 159
52 160
52 161
52 162
52 165
52 171
52 174
52 176
52 178
52 188
52 272
52 273
52 274
52 276
52 280
52 281
52 282
53 54
53 55
53 76
53 77
53 78
53 79
53 80
53 82
53 84
53 85
53 86
53 89
53 90
53 156
53 158
53 159
53 161
53 162
53 163
53 164
53 171
53 172
53 173
53 175
53 176
53 177
53 179
53 180
53 181
53 233
53 274
53 275
53 276
53 278
53 279
53 280
53 281
54 76
54 77
54 79
54 83
54 84
54 85
54 86
54 89
54 90
54 91
54 92
54 155
54 157
54 159
54 161
54 164
54 165
54 171
54 173
54 176
54 233
54 276
54 278
54 280
55 80
55 81
55 84
55 86
55 88
55 89
55 90
55 92
55 155
55 158
55 159
55 162
55 166
55 177
55 179
55 275
55 280
55 281
56 87
56 89
56 90
56 91
56 94
56 284
57 84
57 89
57 91
57 180
57 275
58 177
58 230
74 76
74 78
74 79
74 85
74 180
75 80
75 82
75 86
75 91
75 153
75 157
75 158
75 159
75 161
75 166
75 173
75 174
75 177
75 179
75 277
75 278
75 280
75 282
76 78
76 82
76 83
76 84
76 86
76 88
76 91
76 92
76 153
76 156
76 157
76 159
76 160
76 161
76 164
76 165
76 170
76 171
76 173
76 174
76 175
76 178
76 179
76 182
76 232
76 274
76 275
76 277
76 279
76 281
77 79
77 80
77 81
77 82
77 83
77 85
77 87
77 89
77 90
77 91
77 152
77 153
77 154
77 155
77 158
77 160
77 164
77 165
77 169
77 170
77 171
77 172
77 173
77 174
77 176
77 177
77 178
77 179
77 180
77 181
77 272
77 274
77 275
77 276
77 282
78 79
78 80
78 81
78 82
78 84
78 85
78 88
78 89
78 90
78 91
78 92
78 154
78 155
78 156
78 157
78 158
78 160
78 162
78 164
78 165
78 169
78 170
78 171
78 172
78 173
78 174
78 175
78 176
78 178
78 180
78 191
78 233
78 273
78 274
78 275
78 276
78 277
78 280
79 81
79 82
79 83
79 84
79 85
79 87
79 88
79 90
79 152
79 153
79 155
79 156
79 157
79 158
79 159
79 161
79 162
79 163
79 164
79 165
79 170
79 171
79 173
79 174
79 175
79 177
79 179
79 180
79 181
79 273
79 275
79 276
79 278
79 279
79 280
79 281
79 282
80 82
80 83
80 84
80 85
80 86
80 87
80 88
80 89
80 90
80 91
80 155
80 157
80 158
80 159
80 160
80 162
80 163
80 164
80 171
80 172
80 173
80 174
80 175
80 176
80 177
80 179
80 180
80 275
80 276
80 277
80 278
80 279
80 280
80 282
81 82
81 83
81 84
81 85
81 86
81 87
81 88
81 89
81 90
81 91
81 153
81 154
81 155
81 156
81 157
81 158
81 159
81 160
81 162
81 163
81 164
81 165
81 170
81 171
81 173
81 174
81 175
81 176
81 177
81 178
81 179
81 180
81 181
81 182
81 183
81 272
81 275
81 276
81 277
81 278
81 279
81 280
81 281
81 283
82 83
82 84
82 85
82 87
82 88
82 89
82 90
82 91
82 154
82 155
82 156
82 157
82 158
82 159
82 160
82 162
82 164
82 165
82 167
82 171
82 173
82 174
82 175
82 176
82 177
82 178
82 179
82 180
82 181
82 188
82 233
82 256
82 272
82 274
82 275
82 276
82 277
82 278
82 279
82 280
82 282
82 283
83 84
83 85
83 86
83 87
83 88
83 89
83 90
83 91
83 92
83 152
83 153
83 154
83 155
83 156
83 157
83 158
83 159
83 160
83 161
83 162
83 163
83 164
83 165
83 168
83 170
83 173
83 174
83 175
83 176
83 177
83 178
83 179
83 181
83 232
83 233
83 234
83 273
83 274
83 276
83 277
83 278
83 279
83 280
83 281
83 282
84 85
84 86
84 87
84 88
84 89
84 90
84 91
84 92
84 154
84 155
84 157
84 158
84 160
84 162
84 163
84 164
84 165
84 174
84 175
84 176
84 177
84 178
84 179
84 180
84 181
84 182
84 183
84 272
84 274
84 276
84 277
84 278
84 279
84 280
84 281
84 282
85 86
85 87
85 88
85 89
85 90
85 91
85 92
85 111
85 151
85 154
85 155
85 156
85 158
85 159
85 160
85 162
85 163
85 164
85 165
85 166
85 172
85 173
85 174
85 175
85 176
85 177
85 178
85 179
85 180
85 181
85 182
85 232
85 273
85 274
85 275
85 277
85 278
85 279
85 280
85 281
85 284
86 87
86 88
86 89
86 90
86 91
86 92
86 118
86 153
86 154
86 155
86 156
86 157
86 158
86 159
86 160
86 162
86 163
86 164
86 165
86 166
86 167
86 172
86 173
86 174
86 175
86 176
86 177
86 178
86 179
86 180
86 181
86 184
86 231
86 232
86 274
86 275
86 277
86 278
86 279
86 280
86 281
86 282
86 283
87 88
87 89
87 90
87 91
87 92
87 154
87 155
87 156
87 157
87 158
87 159
87 160
87 161
87 162
87 163
87 164
87 165
87 166
87 167
87 170
87 171
87 172
87 173
87 174
87 175
87 176
87 177
87 178
87 179
87 180
87 181
87 182
87 183
87 189
87 192
87 234
87 275
87 276
87 277
87 278
87 279
87 280
87 281
87 282
87 283
88 89
88 90
88 91
88 92
88 98
88 155
88 156
88 157
88 158
88 159
88 161
88 162
88 163
88 164
88 165
88 166
88 169
88 170
88 172
88 173
88 174
88 176
88 177
88 178
88 179
88 180
88 181
88 231
88 234
88 235
88 274
88 276
88 277
88 278
88 279
88 280
88 281
88 282
88 283
89 90
89 91
89 92
89 153
89 154
89 156
89 157
89 158
89 159
89 160
89 163
89 164
89 165
89 167
89 168
89 171
89 172
89 173
89 174
89 175
89 176
89 177
89 178
89 179
89 180
89 181
89 182
89 234
89 235
89 274
89 276
89 277
89 278
89 279
89 280
89 281
89 282
90 91
90 92
90 111
90 112
90 153
90 154
90 155
90 156
90 157
90 158
90 159
90 160
90 161
90 163
90 164
90 165
90 166
90 167
90 168
90 170
90 171
90 173
90 174
90 175
90 176
90 177
90 178
90 179
90 180
90 182
90 184
90 192
90 201
90 232
90 245
90 255
90 272
90 273
90 274
90 275
90 276
90 277
90 278
90 279
90 280
90 281
90 282
90 283
91 92
91 93
91 153
91 154
91 155
91 156
91 157
91 158
91 159
91 160
91 161
91 162
91 164
91 165
91 166
91 168
91 169
91 171
91 172
91 174
91 175
91 176
91 177
91 178
91 179
91 180
91 181
91 184
91 190
91 236
91 263
91 272
91 273
91 274
91 275
91 276
91 277
91 278
91 279
91 280
91 281
91 282
91 283
92 157
92 158
92 159
92 160
92 165
92 167
92 175
92 177
92 179
92 180
92 182
92 231
92 234
92 236
92 238
92 275
92 277
92 280
92 284
93 106
93 156
93 168
93 175
93 182
93 236
93 280
94 163
94 181
94 280
95 96
95 285
111 175
112 169
113 232
115 280
117 159
118 193
119 192
119 237
152 154
152 156
152 160
152 163
152 168
152 173
152 178
153 154
153 158
153 160
153 169
153 170
153 175
153 178
153 185
153 231
153 274
153 276
153 281
154 155
154 156
154 157
154 158
154 159
154 160
154 161
154 163
154 164
154 165
154 169
154 170
154 173
154 174
154 178
154 273
154 275
154 277
154 278
154 279
154 281
155 156
155 157
155 158
155 159
155 163
155 164
155 168
155 170
155 172
155 173
155 175
155 176
155 178
155 179
155 180
155 181
155 272
155 273
155 274
155 275
155 276
155 277
155 278
155 279
155 281
156 157
156 158
156 159
156 160
156 161
156 162
156 163
156 164
156 165
156 166
156 169
156 170
156 172
156 173
156 174
156 175
156 176
156 177
156 178
156 179
156 181
156 182
156 273
156 274
156 275
156 276
156 277
156 278
156 279
156 280
156 281
156 282
157 158
157 159
157 160
157 161
157 162
157 163
157 164
157 165
157 166
157 169
157 171
157 172
157 174
157 175
157 176
157 177
157 179
157 180
157 181
157 233
157 234
157 236
157 274
157 275
157 276
157 278
157 279
157 280
157 281
158 161
158 164
158 165
158 171
158 172
158 173
158 174
158 175
158 176
158 177
158 178
158 179
158 180
158 181
158 182
158 274
158 275
158 276
158 277
158 278
158 279
158 280
158 281
158 282
158 283
159 161
159 163
159 164
159 165
159 166
159 170
159 172
159 173
159 174
159 175
159 176
159 177
159 178
159 179
159 180
159 232
159 233
159 272
159 274
159 277
159 278
159 279
159 280
159 281
159 282
160 161
160 162
160 164
160 168
160 169
160 172
160 173
160 174
160 175
160 176
160 177
160 179
160 180
160 181
160 189
160 272
160 274
160 277
160 278
160 279
160 280
160 281
160 282
161 162
161 163
161 164
161 165
161 168
161 169
161 170
161 171
161 173
161 174
161 176
161 177
161 179
161 180
161 231
161 274
161 275
161 276
161 277
161 278
161 279
161 280
162 163
162 164
162 165
162 168
162 169
162 171
162 172
162 173
162 174
162 176
162 177
162 178
162 179
162 180
162 181
162 274
162 275
162 276
162 278
162 279
162 280
162 281
162 284
163 164
163 165
163 171
163 173
163 174
163 175
163 176
163 177
163 178
163 179
163 180
163 181
163 190
163 272
163 273
163 276
163 277
163 278
163 279
163 280
163 282
164 165
164 168
164 169
164 170
164 171
164 172
164 173
164 174
164 176
164 177
164 178
164 180
164 275
164 276
164 277
164 279
164 280
164 283
165 170
165 172
165 173
165 174
165 175
165 176
165 177
165 178
165 179
165 180
165 181
165 275
165 277
165 279
165 280
165 281
165 282
165 283
166 170
166 171
166 174
166 176
166 177
166 178
166 179
166 277
166 279
166 280
166 281
167 171
167 174
167 178
167 180
168 172
168 173
168 178
168 181
168 273
168 276
169 172
169 175
169 177
169 178
169 232
169 274
169 275
169 278
169 281
169 282
170 171
170 172
170 173
170 174
170 175
170 178
170 179
170 234
170 273
170 274
170 276
170 279
170 280
170 282
171 172
171 173
171 175
171 176
171 177
171 179
171 180
171 181
171 272
171 274
171 276
171 277
171 278
171 279
171 280
171 281
171 282
172 174
172 175
172 176
172 177
172 178
172 179
172 180
172 182
172 273
172 274
172 275
172 276
172 277
172 278
172 280
172 281
172 282
173 174
173 175
173 176
173 177
173 178
173 180
173 181
173 189
173 273
173 274
173 275
173 276
173 277
173 278
173 279
173 280
174 175
174 176
174 177
174 178
174 179
174 180
174 181
174 273
174 274
174 275
174 276
174 277
174 278
174 279
174 280
174 281
175 176
175 177
175 178
175 179
175 180
175 182
175 189
175 274
175 275
175 277
175 278
175 279
175 280
175 281
175 282
176 177
176 178
176 179
176 180
176 183
176 274
176 275
176 277
176 278
176 279
176 280
176 281
176 282
177 178
177 179
177 180
177 234
177 273
177 274
177 276
177 277
177 279
177 280
177 281
178 179
178 180
178 181
178 183
178 191
178 272
178 274
178 275
178 276
178 277
178 278
178 279
178 280
178 281
179 180
179 232
179 273
179 274
179 276
179 277
179 278
179 279
179 280
179 281
179 282
180 181
180 230
180 273
180 274
180 275
180 276
180 277
180 278
180 279
180 280
180 281
180 282
180 283
181 182
181 192
181 275
181 279
181 280
181 281
182 278
184 239
184 285
185 190
190 259
191 233
202 238
202 277
230 274
231 275
231 285
232 272
232 275
233 274
266 285
273 275
273 277
273 278
273 279
273 281
274 277
274 279
274 281
275 276
275 278
275 279
275 280
275 282
275 283
276 277
276 278
276 279
276 280
276 281
277 278
277 279
277 280
277 281
278 279
278 280
278 281
278 282
278 284
279 280
279 281
279 282
280 281
280 282
281 282
283 284
