1 286
4 120
8 118
11 36
11 117
12 112
12 116
12 117
12 118
12 119
13 44
13 117
14 122
16 214
18 118
21 116
23 26
23 28
23 99
23 102
23 116
23 168
23 201
23 206
23 207
24 25
24 31
24 33
24 34
24 35
24 38
24 40
24 98
24 108
24 111
24 112
24 113
24 117
24 164
24 166
24 170
24 200
24 207
24 210
24 211
25 26
25 27
25 28
25 29
25 30
25 32
25 33
25 34
25 35
25 36
25 37
25 40
25 42
25 100
25 101
25 102
25 106
25 107
25 112
25 113
25 114
25 116
25 120
25 121
25 165
25 168
25 172
25 174
25 198
25 200
25 201
25 203
25 204
25 205
25 211
26 27
26 28
26 29
26 33
26 36
26 37
26 39
26 41
26 99
26 100
26 101
26 102
26 103
26 106
26 107
26 108
26 109
26 110
26 111
26 112
26 114
26 115
26 118
26 119
26 121
26 165
26 166
26 167
26 168
26 169
26 171
26 172
26 173
26 174
26 197
26 198
26 199
26 202
26 203
26 205
26 206
26 208
26 209
26 210
26 211
27 28
27 30
27 31
27 32
27 33
27 34
27 35
27 36
27 38
27 39
27 40
27 41
27 42
27 101
27 102
27 103
27 104
27 105
27 106
27 107
27 108
27 109
27 110
27 112
27 114
27 115
27 116
27 117
27 118
27 120
27 121
27 165
27 166
27 167
27 168
27 169
27 170
27 171
27 172
27 173
27 197
27 198
27 199
27 200
27 201
27 202
27 203
27 204
27 205
27 206
27 208
27 210
27 212
28 29
28 31
28 32
28 33
28 34
28 35
28 36
28 37
28 38
28 39
28 40
28 41
28 99
28 100
28 101
28 102
28 103
28 104
28 105
28 106
28 107
28 108
28 109
28 110
28 111
28 112
28 113
28 114
28 115
28 116
28 117
28 118
28 119
28 120
28 121
28 124
28 165
28 166
28 167
28 168
28 169
28 170
28 171
28 172
28 173
28 174
28 175
28 199
28 200
28 201
28 202
28 203
28 204
28 205
28 207
28 208
28 210
28 211
29 30
29 31
29 32
29 33
29 34
29 35
29 36
29 37
29 38
29 39
29 40
29 41
29 52
29 99
29 100
29 101
29 102
29 103
29 104
29 105
29 106
29 108
29 109
29 110
29 111
29 112
29 113
29 114
29 115
29 116
29 117
29 118
29 119
29 120
29 121
29 164
29 165
29 166
29 167
29 168
29 170
29 171
29 172
29 173
29 174
29 197
29 198
29 199
29 200
29 201
29 202
29 203
29 204
29 205
29 206
29 207
29 208
29 210
29 211
29 272
30 31
30 32
30 34
30 35
30 36
30 37
30 38
30 39
30 40
30 41
30 42
30 98
30 101
30 102
30 103
30 104
30 105
30 106
30 107
30 108
30 109
30 110
30 112
30 113
30 114
30 115
30 116
30 117
30 118
30 119
30 120
30 121
30 165
30 167
30 169
30 170
30 171
30 172
30 173
30 174
30 175
30 197
30 199
30 200
30 201
30 202
30 203
30 204
30 205
30 206
30 207
30 208
30 209
30 210
30 211
30 212
31 32
31 33
31 34
31 35
31 36
31 37
31 38
31 39
31 40
31 41
31 43
31 83
31 85
31 98
31 100
31 102
31 103
31 104
31 105
31 106
31 107
31 108
31 109
31 110
31 111
31 112
31 113
31 114
31 115
31 116
31 117
31 118
31 119
31 120
31 121
31 165
31 166
31 167
31 168
31 169
31 170
31 171
31 172
31 173
31 174
31 175
31 197
31 198
31 199
31 201
31 202
31 203
31 204
31 205
31 206
31 207
31 208
31 209
31 210
31 211
32 33
32 34
32 35
32 36
32 37
32 38
32 39
32 40
32 41
32 42
32 80
32 98
32 99
32 100
32 102
32 103
32 104
32 105
32 106
32 107
32 108
32 109
32 110
32 111
32 112
32 113
32 114
32 115
32 116
32 117
32 118
32 119
32 120
32 121
32 128
32 165
32 167
32 168
32 169
32 170
32 171
32 172
32 173
32 174
32 175
32 197
32 198
32 199
32 201
32 202
32 203
32 204
32 205
32 206
32 207
32 208
32 209
32 210
32 211
32 212
32 271
33 34
33 35
33 36
33 37
33 38
33 39
33 40
33 41
33 42
33 43
33 81
33 98
33 99
33 100
33 102
33 103
33 104
33 105
33 106
33 107
33 108
33 109
33 110
33 111
33 112
33 113
33 114
33 115
33 116
33 117
33 118
33 119
33 120
33 121
33 164
33 165
33 166
33 167
33 168
33 169
33 170
33 171
33 172
33 173
33 174
33 175
33 197
33 198
33 199
33 201
33 202
33 203
33 204
33 205
33 206
33 207
33 208
33 209
33 210
33 211
33 212
34 35
34 36
34 37
34 38
34 39
34 40
34 41
34 42
34 82
34 84
34 98
34 99
34 100
34 101
34 102
34 103
34 104
34 105
34 106
34 107
34 108
34 109
34 110
34 111
34 112
34 113
34 114
34 115
34 116
34 117
34 118
34 119
34 120
34 121
34 164
34 165
34 166
34 168
34 169
34 170
34 171
34 172
34 173
34 174
34 175
34 176
34 197
34 200
34 201
34 202
34 203
34 204
34 205
34 206
34 207
34 208
34 209
34 210
34 211
34 212
35 36
35 37
35 38
35 39
35 40
35 41
35 42
35 43
35 54
35 98
35 102
35 103
35 104
35 105
35 106
35 107
35 108
35 109
35 110
35 111
35 112
35 113
35 114
35 115
35 116
35 117
35 118
35 119
35 120
35 121
35 122
35 166
35 168
35 170
35 171
35 172
35 173
35 174
35 175
35 199
35 200
35 201
35 202
35 203
35 204
35 205
35 206
35 207
35 208
35 209
35 210
35 211
36 37
36 38
36 39
36 40
36 41
36 42
36 43
36 81
36 82
36 98
36 100
36 101
36 102
36 103
36 104
36 105
36 106
36 107
36 108
36 109
36 110
36 111
36 112
36 113
36 114
36 115
36 116
36 117
36 118
36 119
36 120
36 121
36 122
36 166
36 167
36 168
36 170
36 171
36 172
36 173
36 174
36 175
36 179
36 199
36 200
36 201
36 202
36 203
36 204
36 205
36 206
36 207
36 208
36 209
36 210
36 211
36 212
37 38
37 39
37 40
37 41
37 42
37 94
37 101
37 102
37 103
37 104
37 105
37 106
37 107
37 108
37 109
37 110
37 111
37 112
37 113
37 114
37 115
37 116
37 117
37 118
37 119
37 120
37 121
37 165
37 167
37 168
37 169
37 171
37 172
37 173
37 174
37 175
37 197
37 198
37 200
37 201
37 202
37 203
37 204
37 205
37 206
37 207
37 208
37 209
37 210
37 211
37 212
37 213
37 273
38 39
38 40
38 41
38 42
38 83
38 84
38 87
38 101
38 102
38 103
38 104
38 105
38 106
38 107
38 108
38 109
38 110
38 111
38 112
38 113
38 114
38 115
38 116
38 117
38 118
38 119
38 120
38 121
38 165
38 167
38 168
38 169
38 170
38 171
38 172
38 174
38 175
38 176
38 198
38 199
38 200
38 201
38 202
38 203
38 204
38 205
38 206
38 207
38 208
38 209
38 210
38 211
38 212
38 214
38 271
39 40
39 41
39 42
39 80
39 82
39 93
39 94
39 98
39 101
39 102
39 103
39 104
39 105
39 106
39 107
39 108
39 109
39 110
39 111
39 112
39 113
39 114
39 115
39 116
39 117
39 118
39 119
39 120
39 122
39 165
39 166
39 167
39 168
39 169
39 170
39 171
39 172
39 173
39 174
39 175
39 176
39 196
39 197
39 199
39 200
39 201
39 202
39 203
39 204
39 205
39 206
39 207
39 208
39 209
39 210
39 211
39 212
39 213
39 272
40 41
40 42
40 53
40 86
40 93
40 99
40 100
40 101
40 102
40 103
40 104
40 105
40 106
40 107
40 108
40 109
40 110
40 111
40 112
40 113
40 114
40 115
40 116
40 117
40 118
40 119
40 120
40 121
40 161
40 165
40 166
40 168
40 169
40 170
40 171
40 172
40 173
40 174
40 175
40 176
40 188
40 196
40 200
40 201
40 202
40 203
40 204
40 205
40 206
40 207
40 208
40 209
40 210
40 211
40 212
40 270
40 273
40 296
41 42
41 43
41 54
41 98
41 99
41 100
41 101
41 102
41 103
41 104
41 105
41 106
41 107
41 108
41 109
41 110
41 111
41 112
41 113
41 114
41 115
41 116
41 117
41 118
41 119
41 120
41 121
41 159
41 162
41 165
41 166
41 167
41 168
41 169
41 170
41 171
41 172
41 173
41 174
41 175
41 199
41 200
41 201
41 202
41 203
41 204
41 205
41 206
41 207
41 208
41 209
41 210
41 211
41 248
41 286
42 82
42 99
42 100
42 101
42 102
42 103
42 104
42 105
42 107
42 108
42 109
42 110
42 111
42 112
42 113
42 114
42 115
42 116
42 117
42 118
42 119
42 120
42 121
42 122
42 165
42 167
42 169
42 170
42 171
42 172
42 173
42 174
42 175
42 197
42 200
42 201
42 202
42 203
42 204
42 205
42 206
42 207
42 208
42 209
42 210
42 211
42 213
43 83
43 85
43 100
43 102
43 108
43 111
43 113
43 114
43 115
43 116
43 117
43 118
43 119
43 120
43 121
43 122
43 175
43 210
43 212
44 46
44 114
44 115
44 116
44 117
44 178
45 118
45 211
45 213
46 119
47 125
51 111
51 115
52 109
52 113
52 114
52 115
52 176
52 204
53 115
53 117
53 118
53 119
53 170
53 175
53 200
54 118
54 119
54 192
55 120
55 276
56 118
58 115
58 116
59 117
59 120
60 88
64 115
64 118
65 115
65 117
65 162
66 116
66 119
67 119
68 119
74 114
74 119
75 203
75 270
76 118
76 174
76 212
77 130
80 111
80 172
81 106
81 108
81 119
81 121
81 171
81 204
82 100
82 108
82 110
82 111
82 113
82 116
82 118
82 119
82 171
82 208
83 104
83 105
83 110
83 113
83 114
83 116
83 118
83 119
83 121
83 199
84 96
84 104
84 111
84 113
84 118
84 119
84 120
84 169
84 170
85 107
85 112
85 114
85 117
85 118
85 119
85 120
86 114
86 115
86 117
86 118
86 119
87 116
87 118
87 120
87 211
88 118
88 121
88 135
89 225
92 107
92 119
92 174
93 94
93 110
93 113
93 118
93 120
93 170
93 172
93 173
93 175
93 205
93 208
93 210
94 113
94 114
94 116
94 117
94 120
94 201
94 212
95 101
95 114
95 115
95 118
95 119
95 120
95 209
96 117
96 118
96 119
97 109
97 114
97 116
97 120
97 167
97 169
97 172
97 174
97 202
97 203
97 204
97 206
97 212
98 100
98 101
98 102
98 103
98 104
98 105
98 108
98 111
98 112
98 114
98 116
98 120
98 123
98 166
98 174
98 199
98 201
98 202
98 204
98 208
98 209
98 210
98 211
99 100
99 103
99 104
99 105
99 109
99 111
99 113
99 114
99 115
99 116
99 118
99 167
99 168
99 169
99 170
99 171
99 172
99 173
99 174
99 199
99 200
99 202
99 206
99 208
99 209
99 211
99 212
100 101
100 102
100 103
100 104
100 105
100 106
100 107
100 109
100 110
100 111
100 112
100 113
100 114
100 115
100 117
100 118
100 119
100 120
100 164
100 166
100 167
100 168
100 169
100 170
100 171
100 174
100 201
100 202
100 203
100 204
100 205
100 206
100 207
100 208
100 209
100 210
100 211
100 268
101 103
101 104
101 105
101 106
101 107
101 108
101 109
101 110
101 111
101 112
101 113
101 114
101 115
101 116
101 118
101 119
101 120
101 121
101 161
101 164
101 165
101 167
101 168
101 169
101 170
101 171
101 174
101 196
101 197
101 198
101 199
101 200
101 201
101 202
101 204
101 205
101 206
101 207
101 208
101 210
101 212
102 103
102 104
102 105
102 106
102 107
102 108
102 109
102 110
102 111
102 112
102 113
102 114
102 115
102 116
102 117
102 118
102 119
102 120
102 121
102 164
102 166
102 168
102 169
102 170
102 171
102 172
102 173
102 174
102 198
102 199
102 200
102 201
102 202
102 203
102 204
102 205
102 206
102 207
102 208
102 209
102 210
102 211
103 104
103 105
103 106
103 107
103 108
103 109
103 110
103 111
103 112
103 113
103 114
103 115
103 116
103 117
103 118
103 119
103 120
103 165
103 169
103 170
103 171
103 172
103 173
103 174
103 197
103 198
103 200
103 201
103 202
103 203
103 204
103 205
103 206
103 207
103 208
103 209
103 210
103 211
103 212
104 105
104 106
104 107
104 108
104 109
104 110
104 111
104 112
104 113
104 114
104 115
104 116
104 117
104 118
104 119
104 120
104 121
104 164
104 165
104 166
104 167
104 169
104 170
104 171
104 172
104 173
104 174
104 198
104 199
104 200
104 201
104 202
104 203
104 204
104 205
104 206
104 207
104 208
104 209
104 210
104 211
104 272
105 106
105 107
105 108
105 109
105 110
105 111
105 112
105 113
105 114
105 115
105 116
105 117
105 118
105 119
105 121
105 122
105 123
105 163
105 164
105 166
105 167
105 168
105 169
105 170
105 171
105 172
105 173
105 174
105 196
105 198
105 199
105 200
105 201
105 202
105 203
105 204
105 205
105 206
105 207
105 208
105 209
105 210
105 211
105 212
105 247
106 107
106 108
106 109
106 110
106 111
106 112
106 113
106 114
106 115
106 116
106 117
106 118
106 119
106 120
106 121
106 163
106 165
106 166
106 167
106 168
106 169
106 170
106 171
106 172
106 173
106 174
106 175
106 197
106 198
106 199
106 200
106 201
106 202
106 203
106 204
106 205
106 206
106 207
106 208
106 209
106 210
106 211
106 212
106 271
107 108
107 109
107 110
107 111
107 112
107 113
107 114
107 115
107 116
107 117
107 118
107 119
107 120
107 121
107 164
107 166
107 167
107 168
107 170
107 171
107 172
107 173
107 174
107 176
107 197
107 198
107 199
107 201
107 202
107 203
107 204
107 205
107 206
107 207
107 208
107 209
107 210
107 211
107 212
107 213
108 109
108 110
108 111
108 112
108 113
108 114
108 115
108 116
108 117
108 118
108 119
108 120
108 121
108 163
108 164
108 166
108 167
108 168
108 169
108 170
108 171
108 172
108 173
108 174
108 175
108 198
108 199
108 200
108 202
108 203
108 204
108 205
108 206
108 207
108 208
108 209
108 210
108 211
108 212
109 110
109 111
109 112
109 113
109 114
109 115
109 116
109 117
109 118
109 119
109 120
109 121
109 166
109 167
109 168
109 169
109 170
109 171
109 172
109 173
109 174
109 176
109 199
109 201
109 202
109 203
109 204
109 205
109 206
109 207
109 208
109 209
109 210
109 211
109 212
109 213
110 111
110 112
110 113
110 114
110 115
110 116
110 117
110 118
110 119
110 120
110 121
110 122
110 164
110 166
110 167
110 168
110 169
110 170
110 171
110 172
110 173
110 174
110 175
110 180
110 198
110 199
110 201
110 202
110 203
110 204
110 205
110 206
110 207
110 208
110 209
110 210
110 211
110 212
110 224
110 251
111 112
111 113
111 114
111 115
111 116
111 117
111 118
111 119
111 120
111 121
111 166
111 167
111 168
111 169
111 170
111 171
111 172
111 173
111 174
111 175
111 200
111 201
111 202
111 203
111 204
111 205
111 206
111 207
111 208
111 209
111 210
111 211
111 212
111 213
112 113
112 114
112 115
112 116
112 117
112 118
112 119
112 120
112 121
112 165
112 166
112 168
112 169
112 170
112 171
112 172
112 173
112 174
112 175
112 176
112 196
112 197
112 198
112 199
112 200
112 201
112 202
112 203
112 204
112 205
112 206
112 207
112 208
112 209
112 210
112 211
112 212
113 114
113 115
113 116
113 117
113 118
113 119
113 120
113 121
113 164
113 166
113 167
113 168
113 169
113 170
113 171
113 172
113 173
113 174
113 175
113 198
113 199
113 200
113 201
113 202
113 203
113 204
113 205
113 206
113 207
113 208
113 209
113 210
113 211
113 212
113 213
113 215
114 115
114 116
114 117
114 118
114 119
114 120
114 121
114 122
114 160
114 163
114 165
114 166
114 167
114 168
114 169
114 170
114 171
114 172
114 173
114 174
114 175
114 178
114 196
114 198
114 199
114 200
114 201
114 202
114 203
114 204
114 205
114 206
114 207
114 208
114 209
114 210
114 211
114 212
114 271
114 272
114 273
115 116
115 117
115 118
115 119
115 120
115 121
115 122
115 123
115 126
115 154
115 155
115 157
115 164
115 165
115 166
115 167
115 168
115 169
115 170
115 171
115 172
115 173
115 174
115 175
115 176
115 177
115 178
115 197
115 198
115 199
115 201
115 202
115 203
115 204
115 205
115 206
115 207
115 208
115 209
115 210
115 211
115 212
115 213
115 273
115 274
115 285
115 286
115 290
116 117
116 118
116 119
116 120
116 121
116 123
116 152
116 160
116 165
116 166
116 168
116 169
116 170
116 171
116 172
116 173
116 174
116 175
116 176
116 177
116 181
116 197
116 198
116 199
116 200
116 201
116 202
116 203
116 204
116 205
116 206
116 207
116 208
116 209
116 210
116 211
116 212
116 238
116 246
116 269
116 270
116 271
116 274
116 292
117 118
117 119
117 120
117 121
117 122
117 125
117 126
117 156
117 157
117 159
117 160
117 162
117 163
117 165
117 167
117 169
117 170
117 171
117 172
117 173
117 174
117 175
117 176
117 177
117 179
117 181
117 187
117 199
117 200
117 201
117 202
117 203
117 204
117 205
117 206
117 207
117 208
117 209
117 210
117 211
117 212
117 213
117 217
117 270
117 272
117 273
117 278
117 284
117 290
118 119
118 120
118 121
118 122
118 124
118 125
118 129
118 133
118 160
118 161
118 164
118 165
118 166
118 167
118 168
118 169
118 170
118 171
118 172
118 173
118 174
118 175
118 176
118 177
118 178
118 180
118 185
118 197
118 199
118 200
118 201
118 202
118 203
118 204
118 205
118 206
118 207
118 208
118 209
118 210
118 211
118 212
118 213
118 214
118 252
118 273
118 274
118 275
119 120
119 121
119 122
119 123
119 124
119 126
119 127
119 134
119 154
119 156
119 160
119 161
119 163
119 165
119 166
119 167
119 168
119 169
119 170
119 171
119 172
119 173
119 174
119 175
119 176
119 177
119 197
119 198
119 199
119 200
119 201
119 202
119 203
119 204
119 205
119 206
119 207
119 208
119 209
119 210
119 211
119 212
119 213
119 215
119 234
119 247
119 248
119 249
119 253
119 271
120 121
120 122
120 127
120 153
120 155
120 159
120 164
120 166
120 167
120 168
120 169
120 170
120 171
120 172
120 173
120 174
120 175
120 176
120 179
120 198
120 199
120 201
120 202
120 203
120 204
120 205
120 206
120 207
120 208
120 209
120 210
120 211
120 212
120 214
120 273
120 275
120 285
120 297
121 123
121 125
121 129
121 164
121 165
121 167
121 170
121 171
121 172
121 173
121 174
121 177
121 199
121 200
121 202
121 203
121 204
121 205
121 206
121 207
121 209
121 210
121 211
121 212
121 213
121 214
121 294
122 123
122 158
122 173
122 203
122 205
122 210
122 295
123 161
123 208
124 275
128 214
153 171
158 211
161 166
161 210
163 167
163 274
164 166
164 171
164 173
164 197
164 198
164 199
164 200
164 202
164 207
165 166
165 167
165 168
165 198
165 200
165 201
165 202
165 206
165 209
165 210
166 167
166 168
166 169
166 171
166 172
166 175
166 198
166 199
166 200
166 202
166 204
166 206
166 208
166 209
166 210
167 168
167 169
167 171
167 172
167 173
167 197
167 198
167 199
167 200
167 201
167 203
167 204
167 205
167 206
167 207
167 208
167 209
167 210
167 211
167 212
167 271
168 169
168 170
168 171
168 172
168 173
168 174
168 200
168 201
168 203
168 204
168 205
168 206
168 207
168 209
168 211
169 171
169 172
169 173
169 174
169 198
169 199
169 200
169 201
169 202
169 203
169 204
169 205
169 206
169 207
169 208
169 210
169 211
169 212
170 171
170 172
170 173
170 174
170 198
170 199
170 200
170 201
170 202
170 203
170 204
170 205
170 206
170 207
170 208
170 209
170 210
170 211
170 212
171 172
171 173
171 174
171 175
171 198
171 199
171 200
171 201
171 202
171 203
171 204
171 205
171 206
171 207
171 208
171 210
171 211
171 212
172 173
172 174
172 175
172 198
172 200
172 201
172 202
172 203
172 204
172 205
172 206
172 207
172 208
172 209
172 210
172 211
173 174
173 176
173 198
173 199
173 200
173 201
173 202
173 203
173 204
173 206
173 207
173 208
173 209
173 210
173 211
173 212
173 214
174 197
174 199
174 200
174 202
174 203
174 204
174 205
174 206
174 207
174 208
174 209
174 210
174 211
174 212
174 272
175 199
175 203
175 207
175 210
175 211
176 207
176 212
177 213
179 287
180 205
180 213
180 236
191 208
196 200
196 205
196 209
197 200
197 201
197 202
197 209
197 270
198 199
198 203
198 205
198 207
198 208
198 210
199 200
199 202
199 203
199 204
199 206
199 207
199 208
199 209
199 210
199 212
200 203
200 204
200 205
200 206
200 207
200 208
200 209
200 210
200 211
201 202
201 203
201 204
201 205
201 206
201 207
201 208
201 209
201 210
201 211
202 203
202 204
202 205
202 206
202 207
202 209
202 210
202 211
202 269
202 293
203 204
203 205
203 206
203 207
203 208
203 209
203 210
203 211
203 212
204 205
204 206
204 207
204 208
204 209
204 210
204 211
204 212
204 216
204 270
205 206
205 207
205 208
205 209
205 210
205 211
205 212
205 213
205 274
206 207
206 208
206 209
206 210
206 211
206 212
206 213
206 272
207 208
207 209
207 210
207 211
207 212
207 270
208 209
208 210
208 211
208 212
208 272
209 210
209 211
209 212
209 213
210 211
210 212
210 247
210 272
211 212
211 247
211 273
269 293
