1 2
1 4
1 5
1 6
1 7
1 8
1 9
1 12
1 13
1 15
1 16
1 17
1 18
1 19
1 20
1 21
1 22
1 23
1 24
1 65
1 66
1 67
1 68
1 69
1 71
1 73
1 121
1 122
1 125
1 127
1 128
1 129
1 130
1 131
1 132
1 133
1 134
1 154
1 157
1 158
1 159
1 162
1 163
1 164
1 165
1 166
1 167
1 168
1 169
1 171
1 172
1 173
1 174
1 175
1 176
1 177
1 178
1 179
1 180
1 181
1 186
1 188
1 190
1 191
1 192
1 193
1 195
1 196
1 197
1 198
1 200
1 201
1 202
1 203
1 204
1 205
1 206
1 207
1 208
1 209
1 210
1 211
1 212
1 214
1 215
1 216
2 3
2 4
2 5
2 7
2 8
2 9
2 10
2 11
2 12
2 13
2 14
2 16
2 17
2 18
2 19
2 20
2 21
2 22
2 23
2 24
2 67
2 68
2 69
2 70
2 71
2 72
2 73
2 120
2 121
2 122
2 123
2 124
2 125
2 126
2 127
2 128
2 129
2 130
2 131
2 132
2 133
2 134
2 155
2 157
2 158
2 159
2 160
2 161
2 163
2 164
2 165
2 166
2 167
2 169
2 170
2 171
2 172
2 173
2 175
2 176
2 178
2 179
2 180
2 181
2 188
2 191
2 192
2 193
2 194
2 195
2 196
2 197
2 198
2 200
2 201
2 202
2 203
2 204
2 205
2 206
2 207
2 208
2 209
2 210
2 211
2 212
2 213
2 214
2 215
2 216
3 4
3 5
3 6
3 7
3 8
3 9
3 10
3 11
3 12
3 13
3 14
3 16
3 17
3 18
3 19
3 20
3 21
3 22
3 23
3 65
3 67
3 68
3 69
3 70
3 71
3 72
3 73
3 74
3 123
3 124
3 125
3 126
3 127
3 129
3 130
3 131
3 132
3 133
3 134
3 135
3 154
3 156
3 157
3 159
3 160
3 161
3 162
3 163
3 164
3 165
3 167
3 168
3 169
3 170
3 171
3 172
3 173
3 174
3 175
3 176
3 178
3 179
3 180
3 187
3 189
3 190
3 191
3 193
3 194
3 195
3 196
3 197
3 198
3 199
3 200
3 201
3 202
3 203
3 204
3 205
3 206
3 207
3 208
3 209
3 210
3 211
3 212
3 213
3 214
3 215
3 216
4 5
4 6
4 7
4 8
4 9
4 10
4 11
4 12
4 14
4 15
4 16
4 17
4 18
4 19
4 20
4 21
4 22
4 23
4 47
4 68
4 69
4 70
4 71
4 72
4 73
4 120
4 124
4 126
4 127
4 128
4 129
4 130
4 131
4 132
4 133
4 134
4 135
4 152
4 154
4 155
4 156
4 158
4 159
4 160
4 161
4 162
4 163
4 164
4 165
4 166
4 167
4 168
4 169
4 170
4 171
4 172
4 173
4 174
4 175
4 176
4 177
4 178
4 179
4 180
4 181
4 187
4 188
4 189
4 191
4 192
4 193
4 194
4 195
4 196
4 197
4 198
4 199
4 200
4 201
4 202
4 203
4 204
4 205
4 206
4 207
4 208
4 210
4 211
4 212
4 213
4 214
4 215
4 216
4 249
5 6
5 7
5 8
5 9
5 10
5 11
5 12
5 13
5 14
5 15
5 16
5 17
5 18
5 19
5 20
5 21
5 22
5 23
5 24
5 65
5 66
5 68
5 69
5 70
5 71
5 72
5 73
5 74
5 120
5 124
5 126
5 127
5 128
5 129
5 130
5 131
5 132
5 133
5 134
5 135
5 153
5 156
5 158
5 160
5 161
5 162
5 163
5 164
5 165
5 166
5 167
5 168
5 169
5 170
5 171
5 172
5 173
5 174
5 176
5 177
5 178
5 179
5 180
5 185
5 189
5 191
5 193
5 194
5 195
5 196
5 197
5 198
5 199
5 200
5 201
5 202
5 203
5 204
5 205
5 206
5 207
5 208
5 209
5 210
5 211
5 212
5 213
5 214
5 216
5 217
6 7
6 8
6 9
6 10
6 11
6 12
6 13
6 14
6 15
6 16
6 17
6 18
6 19
6 20
6 21
6 22
6 23
6 66
6 67
6 68
6 69
6 70
6 71
6 72
6 73
6 123
6 124
6 125
6 126
6 128
6 129
6 130
6 131
6 132
6 133
6 134
6 135
6 156
6 157
6 158
6 159
6 160
6 161
6 162
6 163
6 164
6 165
6 166
6 167
6 168
6 169
6 170
6 171
6 172
6 173
6 174
6 175
6 176
6 177
6 178
6 179
6 180
6 181
6 183
6 187
6 189
6 190
6 191
6 192
6 193
6 194
6 195
6 196
6 197
6 198
6 199
6 200
6 201
6 202
6 203
6 204
6 205
6 206
6 207
6 208
6 209
6 210
6 211
6 212
6 213
6 214
6 215
6 216
7 8
7 9
7 10
7 11
7 12
7 13
7 14
7 15
7 16
7 17
7 18
7 19
7 20
7 21
7 22
7 23
7 64
7 68
7 69
7 70
7 71
7 72
7 73
7 74
7 75
7 123
7 124
7 125
7 126
7 127
7 128
7 129
7 130
7 131
7 132
7 133
7 134
7 135
7 157
7 158
7 159
7 160
7 161
7 162
7 163
7 164
7 165
7 166
7 167
7 168
7 169
7 170
7 171
7 172
7 173
7 174
7 176
7 177
7 178
7 179
7 180
7 185
7 188
7 189
7 190
7 191
7 192
7 193
7 194
7 195
7 197
7 198
7 199
7 200
7 201
7 202
7 203
7 204
7 205
7 206
7 207
7 208
7 209
7 210
7 211
7 212
7 213
7 214
7 215
7 216
8 9
8 10
8 11
8 12
8 13
8 14
8 15
8 16
8 17
8 18
8 19
8 20
8 21
8 22
8 23
8 68
8 69
8 70
8 71
8 72
8 73
8 74
8 125
8 126
8 128
8 129
8 130
8 131
8 132
8 133
8 134
8 135
8 154
8 155
8 156
8 157
8 158
8 160
8 161
8 162
8 163
8 164
8 165
8 166
8 167
8 168
8 169
8 170
8 171
8 172
8 173
8 174
8 175
8 176
8 177
8 178
8 179
8 180
8 181
8 185
8 186
8 188
8 189
8 190
8 191
8 192
8 193
8 194
8 195
8 196
8 197
8 198
8 199
8 200
8 201
8 202
8 203
8 204
8 205
8 206
8 207
8 208
8 209
8 210
8 211
8 212
8 213
8 214
8 215
8 216
9 10
9 11
9 12
9 13
9 14
9 15
9 16
9 17
9 18
9 19
9 20
9 21
9 22
9 23
9 24
9 66
9 67
9 68
9 69
9 70
9 71
9 72
9 73
9 123
9 124
9 125
9 127
9 128
9 130
9 131
9 132
9 133
9 134
9 135
9 153
9 154
9 156
9 157
9 158
9 159
9 160
9 161
9 162
9 163
9 164
9 165
9 166
9 167
9 168
9 169
9 170
9 171
9 172
9 173
9 174
9 175
9 176
9 177
9 178
9 179
9 180
9 186
9 188
9 191
9 192
9 193
9 194
9 195
9 196
9 197
9 198
9 199
9 200
9 201
9 202
9 203
9 204
9 205
9 206
9 207
9 208
9 209
9 210
9 211
9 212
9 213
9 214
9 215
9 216
9 252
10 11
10 12
10 13
10 14
10 15
10 16
10 17
10 18
10 19
10 20
10 21
10 22
10 23
10 66
10 67
10 68
10 69
10 70
10 71
10 73
10 74
10 121
10 124
10 127
10 128
10 129
10 130
10 131
10 132
10 133
10 134
10 135
10 155
10 156
10 158
10 159
10 160
10 162
10 163
10 164
10 165
10 166
10 167
10 168
10 169
10 170
10 171
10 172
10 173
10 174
10 175
10 176
10 177
10 178
10 179
10 180
10 181
10 185
10 186
10 187
10 188
10 189
10 190
10 191
10 192
10 193
10 194
10 195
10 196
10 197
10 199
10 200
10 201
10 202
10 203
10 204
10 205
10 206
10 207
10 208
10 209
10 210
10 211
10 212
10 213
10 214
10 215
10 216
10 217
11 12
11 13
11 14
11 15
11 16
11 17
11 18
11 19
11 20
11 21
11 22
11 23
11 24
11 65
11 66
11 68
11 69
11 70
11 71
11 72
11 73
11 74
11 122
11 125
11 126
11 127
11 128
11 129
11 130
11 131
11 132
11 133
11 134
11 135
11 152
11 154
11 155
11 156
11 157
11 158
11 159
11 160
11 161
11 162
11 163
11 164
11 165
11 166
11 167
11 168
11 169
11 170
11 171
11 172
11 173
11 174
11 175
11 176
11 177
11 178
11 179
11 180
11 181
11 186
11 188
11 191
11 193
11 194
11 195
11 196
11 197
11 198
11 199
11 200
11 201
11 202
11 203
11 204
11 205
11 206
11 207
11 208
11 209
11 210
11 211
11 212
11 213
11 214
11 215
11 216
11 238
12 13
12 14
12 15
12 16
12 17
12 18
12 19
12 20
12 21
12 22
12 23
12 24
12 66
12 67
12 69
12 70
12 71
12 72
12 73
12 74
12 123
12 124
12 125
12 126
12 127
12 128
12 129
12 130
12 131
12 132
12 133
12 134
12 135
12 154
12 156
12 158
12 159
12 160
12 161
12 162
12 163
12 164
12 165
12 166
12 167
12 168
12 169
12 170
12 171
12 172
12 173
12 174
12 175
12 176
12 177
12 178
12 179
12 180
12 181
12 186
12 188
12 189
12 190
12 192
12 193
12 194
12 195
12 196
12 197
12 198
12 199
12 200
12 201
12 202
12 203
12 204
12 205
12 206
12 207
12 208
12 209
12 210
12 211
12 212
12 213
12 214
12 215
12 216
12 217
12 251
13 14
13 15
13 16
13 17
13 18
13 19
13 20
13 21
13 22
13 23
13 24
13 65
13 66
13 67
13 68
13 69
13 70
13 72
13 73
13 74
13 75
13 123
13 125
13 126
13 127
13 128
13 129
13 130
13 131
13 132
13 133
13 134
13 135
13 156
13 157
13 158
13 159
13 160
13 161
13 162
13 163
13 164
13 165
13 166
13 167
13 168
13 169
13 170
13 171
13 172
13 173
13 174
13 175
13 176
13 177
13 178
13 179
13 180
13 184
13 188
13 189
13 190
13 192
13 193
13 194
13 195
13 196
13 197
13 198
13 199
13 200
13 201
13 202
13 203
13 204
13 205
13 206
13 207
13 208
13 209
13 210
13 211
13 212
13 213
13 214
13 215
13 216
13 254
14 15
14 16
14 17
14 18
14 19
14 20
14 21
14 22
14 23
14 24
14 64
14 65
14 66
14 67
14 70
14 71
14 72
14 73
14 74
14 75
14 122
14 124
14 125
14 126
14 127
14 129
14 130
14 131
14 132
14 133
14 134
14 135
14 136
14 155
14 156
14 157
14 158
14 159
14 160
14 161
14 163
14 164
14 165
14 166
14 167
14 168
14 169
14 170
14 171
14 172
14 173
14 174
14 175
14 176
14 177
14 178
14 179
14 180
14 181
14 186
14 188
14 189
14 190
14 193
14 194
14 195
14 196
14 197
14 198
14 199
14 200
14 201
14 202
14 203
14 204
14 205
14 206
14 207
14 208
14 209
14 210
14 211
14 212
14 213
14 214
14 215
14 216
14 217
15 16
15 17
15 18
15 19
15 20
15 21
15 22
15 23
15 24
15 62
15 63
15 66
15 68
15 69
15 70
15 71
15 72
15 73
15 74
15 75
15 100
15 107
15 123
15 124
15 126
15 127
15 128
15 129
15 130
15 131
15 132
15 133
15 134
15 135
15 153
15 154
15 157
15 158
15 159
15 160
15 161
15 162
15 163
15 164
15 165
15 166
15 167
15 168
15 169
15 170
15 171
15 172
15 173
15 174
15 175
15 176
15 177
15 178
15 179
15 180
15 181
15 186
15 188
15 189
15 191
15 192
15 193
15 194
15 195
15 196
15 197
15 198
15 199
15 200
15 201
15 202
15 203
15 204
15 205
15 206
15 207
15 208
15 209
15 210
15 211
15 212
15 213
15 214
15 215
15 216
15 249
15 251
16 17
16 18
16 19
16 20
16 21
16 22
16 23
16 24
16 53
16 63
16 67
16 69
16 70
16 71
16 72
16 73
16 75
16 107
16 123
16 125
16 126
16 127
16 129
16 130
16 131
16 132
16 133
16 134
16 153
16 154
16 156
16 158
16 159
16 161
16 162
16 163
16 164
16 166
16 167
16 168
16 169
16 170
16 171
16 172
16 173
16 174
16 175
16 176
16 177
16 178
16 179
16 180
16 181
16 184
16 187
16 188
16 189
16 190
16 191
16 192
16 193
16 194
16 195
16 196
16 197
16 198
16 199
16 200
16 201
16 202
16 203
16 204
16 205
16 206
16 207
16 208
16 209
16 210
16 211
16 212
16 213
16 214
16 215
16 216
16 217
17 18
17 19
17 20
17 21
17 22
17 23
17 24
17 64
17 65
17 67
17 68
17 69
17 70
17 71
17 72
17 73
17 74
17 75
17 117
17 123
17 125
17 126
17 127
17 128
17 129
17 130
17 131
17 132
17 133
17 134
17 135
17 155
17 157
17 160
17 161
17 162
17 163
17 164
17 165
17 166
17 167
17 168
17 169
17 170
17 171
17 172
17 173
17 174
17 175
17 176
17 177
17 178
17 179
17 180
17 181
17 185
17 187
17 188
17 189
17 191
17 192
17 193
17 194
17 195
17 196
17 197
17 198
17 199
17 200
17 201
17 202
17 203
17 204
17 205
17 206
17 207
17 208
17 209
17 210
17 211
17 212
17 213
17 214
17 215
17 216
17 217
18 19
18 20
18 21
18 22
18 23
18 24
18 66
18 67
18 68
18 69
18 70
18 71
18 72
18 73
18 74
18 121
18 123
18 124
18 125
18 127
18 128
18 129
18 130
18 131
18 132
18 133
18 134
18 135
18 146
18 158
18 159
18 160
18 161
18 162
18 163
18 164
18 165
18 166
18 167
18 168
18 169
18 170
18 171
18 172
18 173
18 174
18 175
18 176
18 177
18 178
18 179
18 180
18 181
18 184
18 185
18 187
18 188
18 190
18 192
18 193
18 195
18 196
18 197
18 198
18 199
18 200
18 201
18 202
18 203
18 204
18 205
18 206
18 207
18 208
18 209
18 210
18 211
18 212
18 213
18 214
18 215
18 216
18 217
19 20
19 21
19 22
19 23
19 24
19 64
19 65
19 66
19 68
19 69
19 70
19 71
19 72
19 73
19 74
19 76
19 121
19 123
19 124
19 125
19 126
19 127
19 128
19 129
19 130
19 131
19 132
19 133
19 134
19 135
19 136
19 155
19 159
19 162
19 163
19 164
19 165
19 166
19 167
19 168
19 169
19 170
19 171
19 172
19 173
19 174
19 175
19 176
19 177
19 178
19 179
19 180
19 181
19 185
19 186
19 187
19 188
19 191
19 192
19 193
19 194
19 195
19 196
19 197
19 198
19 199
19 200
19 201
19 202
19 203
19 204
19 205
19 206
19 207
19 208
19 209
19 210
19 211
19 212
19 213
19 214
19 215
19 216
19 218
20 21
20 22
20 23
20 24
20 25
20 64
20 66
20 67
20 68
20 70
20 71
20 72
20 73
20 74
20 75
20 122
20 124
20 125
20 126
20 128
20 129
20 130
20 131
20 132
20 133
20 134
20 135
20 156
20 158
20 160
20 161
20 162
20 163
20 164
20 165
20 166
20 167
20 168
20 169
20 170
20 171
20 172
20 173
20 174
20 175
20 176
20 177
20 178
20 179
20 180
20 181
20 187
20 189
20 190
20 191
20 192
20 193
20 195
20 196
20 197
20 198
20 199
20 200
20 201
20 202
20 203
20 204
20 205
20 206
20 207
20 208
20 209
20 210
20 211
20 212
20 213
20 214
20 215
20 216
21 22
21 23
21 24
21 66
21 68
21 69
21 70
21 71
21 72
21 73
21 74
21 123
21 124
21 125
21 126
21 127
21 128
21 129
21 130
21 131
21 132
21 133
21 134
21 135
21 156
21 158
21 160
21 161
21 162
21 163
21 164
21 165
21 166
21 167
21 168
21 169
21 170
21 171
21 172
21 173
21 174
21 175
21 176
21 177
21 178
21 179
21 180
21 181
21 183
21 185
21 187
21 188
21 190
21 191
21 192
21 193
21 195
21 196
21 197
21 198
21 199
21 200
21 201
21 202
21 203
21 204
21 205
21 206
21 207
21 208
21 209
21 210
21 211
21 212
21 213
21 214
21 215
21 216
21 217
21 261
22 23
22 24
22 25
22 61
22 63
22 67
22 68
22 69
22 70
22 71
22 72
22 73
22 74
22 75
22 121
22 122
22 123
22 124
22 125
22 126
22 127
22 128
22 129
22 130
22 131
22 132
22 133
22 134
22 135
22 136
22 137
22 153
22 155
22 156
22 157
22 158
22 161
22 162
22 164
22 165
22 166
22 167
22 168
22 169
22 170
22 171
22 172
22 173
22 174
22 175
22 176
22 177
22 178
22 179
22 180
22 181
22 187
22 189
22 190
22 191
22 192
22 193
22 194
22 195
22 197
22 198
22 199
22 200
22 201
22 202
22 203
22 204
22 205
22 206
22 207
22 208
22 209
22 210
22 211
22 212
22 213
22 214
22 215
22 216
22 250
23 24
23 36
23 64
23 67
23 68
23 70
23 71
23 72
23 73
23 74
23 77
23 122
23 123
23 124
23 125
23 127
23 128
23 129
23 130
23 131
23 132
23 133
23 134
23 136
23 154
23 155
23 156
23 157
23 158
23 159
23 160
23 161
23 162
23 163
23 164
23 165
23 166
23 167
23 168
23 169
23 170
23 171
23 172
23 173
23 174
23 175
23 176
23 177
23 178
23 179
23 180
23 181
23 182
23 188
23 189
23 190
23 191
23 192
23 193
23 194
23 195
23 196
23 197
23 198
23 199
23 200
23 201
23 202
23 203
23 204
23 205
23 206
23 207
23 208
23 209
23 210
23 211
23 212
23 213
23 214
23 215
23 216
23 217
23 253
24 71
24 72
24 73
24 92
24 125
24 131
24 132
24 134
24 156
24 161
24 162
24 166
24 167
24 169
24 170
24 171
24 173
24 174
24 175
24 177
24 178
24 180
24 181
24 191
24 192
24 198
24 202
24 205
24 206
24 207
24 208
24 209
24 210
24 211
24 212
24 213
24 214
24 215
24 216
24 234
24 253
25 56
25 178
25 181
25 182
25 193
25 195
25 204
25 211
25 212
25 213
25 214
25 216
25 217
26 155
26 183
26 205
26 215
26 217
27 183
27 216
28 210
40 213
48 164
49 176
49 216
50 139
51 56
55 115
57 182
60 209
61 215
62 184
62 189
62 196
62 215
63 67
63 68
63 71
63 128
63 130
63 133
63 134
63 135
63 153
63 159
63 160
63 188
63 192
63 212
63 213
63 218
64 65
64 67
64 74
64 122
64 127
64 128
64 131
64 157
64 158
64 159
64 161
64 163
64 167
64 169
64 171
64 177
64 178
64 180
64 184
64 188
64 189
64 190
64 193
64 194
64 200
64 202
64 205
64 208
64 210
64 215
65 67
65 68
65 69
65 70
65 71
65 123
65 126
65 131
65 132
65 133
65 134
65 155
65 156
65 157
65 160
65 163
65 166
65 169
65 171
65 173
65 178
65 179
65 185
65 188
65 192
65 193
65 194
65 197
65 200
65 201
65 205
65 206
65 207
65 208
65 209
65 210
65 213
65 214
65 215
66 67
66 70
66 72
66 120
66 122
66 123
66 126
66 127
66 128
66 129
66 131
66 133
66 134
66 153
66 154
66 157
66 158
66 159
66 162
66 163
66 164
66 166
66 167
66 170
66 171
66 172
66 173
66 174
66 175
66 178
66 179
66 180
66 188
66 190
66 191
66 194
66 196
66 197
66 198
66 203
66 204
66 207
66 210
66 211
66 212
66 214
67 68
67 71
67 73
67 123
67 125
67 126
67 127
67 128
67 129
67 130
67 131
67 132
67 134
67 154
67 156
67 157
67 158
67 159
67 161
67 162
67 163
67 164
67 165
67 167
67 168
67 169
67 170
67 172
67 177
67 178
67 179
67 181
67 186
67 187
67 188
67 189
67 190
67 191
67 192
67 193
67 194
67 195
67 196
67 197
67 198
67 199
67 201
67 202
67 204
67 206
67 207
67 210
67 212
67 213
67 214
67 215
67 216
68 69
68 70
68 71
68 72
68 123
68 126
68 127
68 128
68 131
68 132
68 133
68 134
68 136
68 154
68 157
68 158
68 159
68 162
68 163
68 164
68 166
68 167
68 168
68 169
68 170
68 171
68 172
68 174
68 175
68 176
68 178
68 179
68 180
68 184
68 187
68 188
68 189
68 191
68 193
68 194
68 195
68 196
68 197
68 198
68 199
68 200
68 201
68 202
68 204
68 205
68 206
68 207
68 208
68 209
68 210
68 211
68 212
68 213
68 214
68 215
68 216
69 70
69 71
69 72
69 73
69 74
69 121
69 124
69 125
69 126
69 127
69 130
69 132
69 133
69 134
69 155
69 158
69 159
69 160
69 162
69 164
69 165
69 166
69 167
69 168
69 169
69 170
69 171
69 172
69 173
69 174
69 175
69 176
69 177
69 180
69 185
69 188
69 189
69 190
69 192
69 193
69 194
69 195
69 196
69 197
69 198
69 199
69 200
69 201
69 203
69 204
69 205
69 206
69 207
69 208
69 209
69 210
69 211
69 212
69 213
69 214
69 216
70 71
70 72
70 73
70 74
70 122
70 123
70 124
70 125
70 126
70 127
70 128
70 129
70 130
70 131
70 132
70 133
70 134
70 135
70 154
70 155
70 156
70 157
70 158
70 159
70 160
70 161
70 162
70 163
70 164
70 165
70 166
70 167
70 168
70 169
70 170
70 171
70 172
70 173
70 174
70 175
70 176
70 177
70 178
70 179
70 180
70 181
70 187
70 188
70 189
70 190
70 193
70 194
70 195
70 196
70 197
70 198
70 201
70 202
70 203
70 205
70 206
70 207
70 208
70 210
70 211
70 212
70 213
70 214
70 215
70 216
71 72
71 73
71 74
71 122
71 125
71 126
71 127
71 128
71 129
71 130
71 131
71 132
71 133
71 154
71 156
71 157
71 159
71 160
71 161
71 163
71 164
71 165
71 166
71 167
71 168
71 169
71 170
71 171
71 172
71 173
71 174
71 175
71 176
71 177
71 179
71 188
71 189
71 191
71 192
71 193
71 194
71 195
71 196
71 197
71 198
71 199
71 200
71 201
71 202
71 203
71 204
71 205
71 206
71 207
71 208
71 209
71 210
71 211
71 212
71 213
71 214
71 215
71 216
72 73
72 74
72 121
72 122
72 123
72 124
72 126
72 127
72 128
72 129
72 130
72 131
72 132
72 133
72 134
72 154
72 155
72 156
72 157
72 158
72 159
72 160
72 161
72 162
72 163
72 164
72 165
72 166
72 167
72 168
72 169
72 170
72 171
72 172
72 173
72 174
72 175
72 176
72 177
72 178
72 179
72 180
72 185
72 186
72 189
72 190
72 191
72 192
72 193
72 194
72 195
72 196
72 197
72 198
72 199
72 200
72 201
72 202
72 203
72 204
72 206
72 207
72 208
72 209
72 210
72 211
72 212
72 213
72 214
72 215
72 216
72 217
73 74
73 122
73 123
73 124
73 125
73 126
73 127
73 129
73 130
73 131
73 132
73 133
73 134
73 154
73 155
73 156
73 158
73 159
73 160
73 161
73 162
73 163
73 164
73 165
73 167
73 168
73 169
73 170
73 171
73 172
73 173
73 174
73 175
73 176
73 177
73 178
73 179
73 180
73 185
73 186
73 188
73 189
73 190
73 191
73 192
73 193
73 194
73 195
73 196
73 197
73 198
73 199
73 200
73 201
73 202
73 203
73 204
73 205
73 206
73 207
73 208
73 209
73 210
73 211
73 212
73 213
73 214
73 215
73 216
74 122
74 123
74 124
74 126
74 127
74 129
74 130
74 131
74 132
74 133
74 134
74 135
74 152
74 157
74 158
74 159
74 160
74 162
74 163
74 164
74 165
74 166
74 167
74 168
74 169
74 170
74 171
74 172
74 173
74 174
74 175
74 176
74 177
74 178
74 179
74 180
74 186
74 187
74 188
74 191
74 193
74 194
74 195
74 197
74 198
74 199
74 200
74 201
74 202
74 204
74 205
74 206
74 208
74 209
74 210
74 211
74 212
74 213
74 215
74 216
74 218
75 121
75 127
75 129
75 131
75 132
75 135
75 167
75 171
75 177
75 180
75 195
75 196
75 198
75 203
75 211
75 212
75 214
75 215
75 216
76 137
76 173
76 177
76 195
76 207
76 213
76 214
76 215
76 216
77 181
77 182
77 284
78 183
78 218
86 167
88 212
91 212
95 215
99 209
106 214
107 215
108 218
112 215
114 180
114 203
115 174
115 216
116 182
116 215
119 204
120 130
120 156
120 161
120 170
120 171
120 177
120 186
120 187
120 195
120 204
121 125
121 131
121 153
121 154
121 161
121 164
121 169
121 171
121 173
121 174
121 175
121 178
121 187
121 190
121 191
121 197
121 209
121 211
121 212
121 215
121 216
122 123
122 125
122 126
122 128
122 129
122 130
122 131
122 133
122 135
122 137
122 156
122 157
122 159
122 160
122 161
122 162
122 163
122 164
122 165
122 166
122 167
122 170
122 171
122 176
122 178
122 180
122 186
122 187
122 189
122 190
122 191
122 193
122 194
122 196
122 199
122 205
122 206
122 207
122 210
122 214
122 215
122 216
123 125
123 127
123 128
123 129
123 130
123 131
123 134
123 135
123 155
123 156
123 157
123 160
123 161
123 163
123 164
123 167
123 168
123 171
123 174
123 175
123 178
123 179
123 180
123 185
123 188
123 191
123 193
123 194
123 196
123 197
123 198
123 199
123 200
123 203
123 208
123 210
123 213
123 215
124 127
124 128
124 129
124 130
124 131
124 132
124 133
124 153
124 155
124 156
124 157
124 158
124 159
124 162
124 163
124 164
124 166
124 167
124 168
124 169
124 170
124 171
124 173
124 174
124 176
124 179
124 180
124 181
124 187
124 190
124 191
124 192
124 194
124 195
124 196
124 198
124 199
124 200
124 202
124 203
124 204
124 205
124 207
124 209
124 210
124 212
124 213
124 214
124 215
124 216
125 127
125 128
125 129
125 130
125 131
125 132
125 133
125 134
125 136
125 156
125 157
125 158
125 160
125 161
125 162
125 163
125 164
125 165
125 166
125 167
125 168
125 169
125 170
125 171
125 172
125 173
125 174
125 175
125 176
125 177
125 178
125 179
125 191
125 192
125 194
125 195
125 196
125 197
125 199
125 200
125 201
125 202
125 204
125 205
125 207
125 208
125 210
125 211
125 213
125 214
125 216
126 128
126 129
126 131
126 132
126 133
126 134
126 136
126 156
126 157
126 158
126 159
126 160
126 161
126 162
126 163
126 164
126 165
126 166
126 167
126 168
126 169
126 170
126 171
126 172
126 173
126 174
126 175
126 176
126 177
126 179
126 180
126 188
126 189
126 190
126 191
126 193
126 194
126 195
126 196
126 198
126 199
126 201
126 202
126 203
126 204
126 205
126 206
126 207
126 208
126 209
126 211
126 212
126 213
126 214
126 215
126 216
126 251
127 128
127 129
127 130
127 131
127 132
127 133
127 134
127 135
127 153
127 159
127 160
127 161
127 162
127 163
127 164
127 165
127 166
127 167
127 168
127 169
127 171
127 172
127 174
127 176
127 179
127 180
127 185
127 187
127 188
127 190
127 191
127 192
127 193
127 194
127 196
127 197
127 198
127 200
127 201
127 203
127 204
127 207
127 209
127 210
127 211
127 212
127 213
127 214
127 215
127 216
128 129
128 130
128 131
128 132
128 133
128 134
128 136
128 152
128 154
128 155
128 156
128 157
128 158
128 159
128 160
128 163
128 164
128 165
128 166
128 168
128 169
128 170
128 171
128 172
128 174
128 175
128 176
128 177
128 178
128 180
128 185
128 187
128 188
128 190
128 191
128 192
128 195
128 196
128 197
128 198
128 199
128 200
128 201
128 202
128 203
128 204
128 205
128 206
128 207
128 208
128 209
128 210
128 211
128 212
128 213
128 214
128 215
128 216
129 130
129 131
129 132
129 133
129 134
129 135
129 154
129 156
129 157
129 158
129 159
129 160
129 161
129 162
129 164
129 165
129 166
129 167
129 168
129 169
129 170
129 171
129 172
129 173
129 174
129 175
129 176
129 177
129 178
129 179
129 180
129 181
129 186
129 187
129 188
129 189
129 190
129 192
129 193
129 194
129 195
129 196
129 197
129 198
129 199
129 200
129 201
129 202
129 203
129 204
129 205
129 206
129 207
129 208
129 209
129 210
129 211
129 212
129 213
129 214
129 215
129 216
130 131
130 132
130 133
130 154
130 155
130 156
130 158
130 159
130 160
130 161
130 162
130 163
130 164
130 165
130 166
130 167
130 168
130 169
130 170
130 171
130 172
130 173
130 174
130 175
130 176
130 177
130 178
130 179
130 180
130 181
130 187
130 189
130 190
130 191
130 195
130 196
130 197
130 198
130 199
130 200
130 201
130 202
130 203
130 204
130 205
130 206
130 207
130 208
130 209
130 210
130 211
130 212
130 213
130 214
130 215
130 216
131 132
131 133
131 134
131 135
131 136
131 137
131 155
131 156
131 157
131 158
131 159
131 160
131 161
131 163
131 164
131 165
131 166
131 167
131 168
131 169
131 170
131 171
131 172
131 173
131 174
131 176
131 177
131 178
131 179
131 180
131 181
131 185
131 186
131 189
131 190
131 191
131 192
131 193
131 194
131 195
131 196
131 197
131 198
131 199
131 200
131 201
131 202
131 203
131 204
131 205
131 206
131 207
131 209
131 210
131 211
131 212
131 214
131 215
131 216
132 133
132 134
132 153
132 155
132 156
132 158
132 160
132 161
132 162
132 163
132 164
132 165
132 166
132 167
132 168
132 169
132 170
132 171
132 172
132 173
132 174
132 175
132 176
132 177
132 178
132 179
132 180
132 185
132 189
132 190
132 192
132 195
132 196
132 197
132 198
132 199
132 200
132 201
132 203
132 204
132 205
132 206
132 207
132 208
132 209
132 210
132 211
132 212
132 213
132 214
132 215
132 216
133 134
133 135
133 152
133 154
133 155
133 156
133 158
133 159
133 160
133 161
133 162
133 163
133 164
133 165
133 166
133 167
133 168
133 169
133 170
133 171
133 172
133 173
133 174
133 175
133 176
133 177
133 178
133 179
133 180
133 181
133 184
133 189
133 190
133 192
133 193
133 194
133 195
133 196
133 197
133 198
133 199
133 200
133 201
133 202
133 203
133 204
133 205
133 206
133 207
133 208
133 209
133 210
133 211
133 212
133 213
133 214
133 215
133 216
134 135
134 155
134 157
134 158
134 159
134 160
134 161
134 162
134 163
134 164
134 165
134 166
134 167
134 168
134 169
134 170
134 171
134 172
134 173
134 174
134 175
134 176
134 177
134 178
134 179
134 180
134 181
134 187
134 188
134 189
134 190
134 191
134 193
134 194
134 195
134 196
134 197
134 198
134 199
134 200
134 201
134 202
134 203
134 204
134 205
134 206
134 207
134 208
134 209
134 210
134 211
134 212
134 213
134 214
134 215
134 216
135 153
135 154
135 156
135 157
135 158
135 162
135 164
135 165
135 167
135 168
135 170
135 171
135 172
135 173
135 174
135 175
135 176
135 177
135 178
135 179
135 180
135 181
135 186
135 187
135 189
135 191
135 192
135 193
135 194
135 195
135 196
135 197
135 198
135 200
135 201
135 202
135 203
135 204
135 205
135 206
135 207
135 208
135 209
135 210
135 211
135 212
135 213
135 214
135 215
136 168
136 177
136 178
136 179
136 180
136 181
136 190
136 197
136 200
136 203
136 205
136 210
136 211
136 212
136 213
136 214
136 215
137 169
137 178
137 179
137 211
137 213
137 215
137 216
138 156
138 172
138 180
138 215
138 254
139 216
140 219
144 215
151 203
152 163
152 173
152 179
152 190
152 204
152 206
152 211
152 216
153 154
153 157
153 162
153 166
153 168
153 173
153 179
153 183
153 190
153 193
153 196
153 197
153 198
153 203
153 205
153 206
153 207
153 208
153 210
153 212
153 215
153 216
154 157
154 159
154 162
154 166
154 167
154 169
154 170
154 172
154 173
154 174
154 179
154 180
154 185
154 186
154 188
154 189
154 190
154 192
154 193
154 198
154 199
154 204
154 205
154 206
154 210
154 212
154 213
154 215
154 218
155 157
155 161
155 163
155 165
155 166
155 167
155 168
155 169
155 171
155 173
155 176
155 177
155 179
155 180
155 186
155 189
155 190
155 192
155 193
155 194
155 196
155 198
155 199
155 203
155 205
155 206
155 208
155 210
155 212
155 213
155 214
155 215
155 216
156 157
156 159
156 162
156 163
156 164
156 165
156 166
156 168
156 169
156 170
156 172
156 173
156 174
156 175
156 176
156 179
156 189
156 191
156 193
156 195
156 196
156 197
156 199
156 200
156 202
156 203
156 204
156 205
156 206
156 208
156 209
156 210
156 211
156 214
156 215
156 216
157 158
157 160
157 162
157 163
157 166
157 167
157 168
157 170
157 172
157 173
157 174
157 176
157 177
157 178
157 179
157 180
157 181
157 186
157 187
157 188
157 189
157 190
157 191
157 195
157 198
157 199
157 200
157 203
157 204
157 205
157 206
157 208
157 209
157 210
157 211
157 212
157 213
157 216
157 220
158 159
158 160
158 162
158 163
158 165
158 166
158 169
158 170
158 171
158 172
158 173
158 175
158 176
158 177
158 178
158 179
158 181
158 184
158 186
158 189
158 190
158 191
158 192
158 193
158 194
158 195
158 196
158 198
158 199
158 200
158 203
158 204
158 205
158 206
158 207
158 208
158 209
158 210
158 211
158 212
158 213
158 214
158 215
158 216
159 161
159 162
159 164
159 166
159 167
159 168
159 169
159 170
159 171
159 172
159 173
159 174
159 175
159 176
159 177
159 179
159 181
159 186
159 187
159 190
159 191
159 192
159 193
159 194
159 195
159 196
159 197
159 198
159 199
159 200
159 202
159 204
159 205
159 207
159 208
159 209
159 210
159 212
159 214
159 216
159 249
160 161
160 162
160 163
160 164
160 167
160 168
160 169
160 170
160 171
160 172
160 173
160 174
160 176
160 177
160 178
160 180
160 189
160 190
160 191
160 193
160 194
160 195
160 196
160 197
160 198
160 199
160 200
160 201
160 203
160 204
160 205
160 206
160 207
160 208
160 209
160 211
160 213
160 214
160 215
160 216
161 162
161 163
161 164
161 166
161 167
161 168
161 169
161 170
161 172
161 173
161 174
161 175
161 177
161 178
161 179
161 180
161 185
161 186
161 188
161 189
161 190
161 191
161 192
161 193
161 194
161 195
161 196
161 197
161 198
161 199
161 200
161 201
161 202
161 203
161 204
161 205
161 206
161 207
161 208
161 209
161 210
161 211
161 212
161 213
161 215
161 216
161 250
162 163
162 164
162 166
162 167
162 168
162 169
162 170
162 171
162 172
162 173
162 174
162 175
162 176
162 177
162 178
162 179
162 180
162 181
162 185
162 187
162 188
162 190
162 191
162 193
162 194
162 195
162 196
162 197
162 198
162 199
162 200
162 201
162 202
162 203
162 204
162 205
162 206
162 207
162 208
162 209
162 210
162 211
162 212
162 213
162 215
162 216
163 164
163 165
163 166
163 167
163 168
163 169
163 170
163 171
163 172
163 173
163 174
163 175
163 176
163 177
163 178
163 179
163 180
163 181
163 185
163 187
163 188
163 189
163 190
163 193
163 194
163 195
163 197
163 198
163 199
163 200
163 201
163 202
163 203
163 204
163 205
163 206
163 207
163 208
163 209
163 210
163 211
163 212
163 213
163 214
163 215
163 216
164 165
164 166
164 167
164 168
164 169
164 170
164 171
164 172
164 173
164 174
164 175
164 176
164 177
164 178
164 179
164 180
164 181
164 186
164 187
164 188
164 189
164 190
164 191
164 192
164 194
164 195
164 196
164 197
164 198
164 199
164 200
164 201
164 202
164 203
164 204
164 205
164 206
164 207
164 208
164 209
164 210
164 211
164 212
164 213
164 214
164 215
164 216
164 249
165 166
165 167
165 168
165 169
165 170
165 171
165 172
165 173
165 174
165 175
165 176
165 177
165 178
165 179
165 180
165 181
165 184
165 186
165 187
165 188
165 189
165 190
165 191
165 192
165 193
165 194
165 195
165 196
165 197
165 198
165 199
165 200
165 201
165 202
165 203
165 204
165 205
165 206
165 207
165 208
165 209
165 210
165 211
165 212
165 213
165 214
165 215
165 216
166 167
166 168
166 169
166 170
166 171
166 172
166 173
166 174
166 175
166 176
166 177
166 178
166 179
166 180
166 186
166 187
166 189
166 190
166 191
166 192
166 193
166 194
166 195
166 196
166 197
166 198
166 199
166 200
166 201
166 202
166 203
166 204
166 205
166 206
166 207
166 208
166 209
166 210
166 211
166 212
166 213
166 214
166 215
166 216
166 217
166 250
167 168
167 169
167 170
167 171
167 172
167 173
167 174
167 175
167 176
167 177
167 178
167 179
167 180
167 181
167 182
167 186
167 187
167 189
167 190
167 191
167 192
167 193
167 194
167 195
167 196
167 197
167 198
167 199
167 200
167 201
167 202
167 203
167 204
167 205
167 206
167 207
167 208
167 209
167 210
167 211
167 212
167 213
167 214
167 215
167 216
168 169
168 170
168 171
168 172
168 173
168 174
168 175
168 176
168 177
168 178
168 179
168 180
168 187
168 188
168 190
168 191
168 192
168 193
168 194
168 195
168 196
168 197
168 198
168 199
168 200
168 201
168 202
168 203
168 204
168 205
168 206
168 207
168 208
168 209
168 210
168 211
168 212
168 213
168 214
168 215
168 216
169 170
169 171
169 172
169 173
169 174
169 175
169 176
169 177
169 178
169 179
169 180
169 181
169 187
169 188
169 189
169 190
169 191
169 192
169 193
169 194
169 195
169 197
169 198
169 199
169 200
169 201
169 202
169 203
169 204
169 205
169 206
169 207
169 208
169 209
169 210
169 211
169 212
169 213
169 214
169 215
169 216
170 171
170 172
170 173
170 174
170 175
170 176
170 177
170 178
170 179
170 180
170 181
170 186
170 187
170 188
170 190
170 191
170 193
170 194
170 195
170 196
170 197
170 198
170 199
170 200
170 201
170 202
170 203
170 204
170 205
170 206
170 207
170 208
170 209
170 210
170 211
170 212
170 213
170 214
170 215
170 216
171 172
171 173
171 174
171 175
171 176
171 177
171 178
171 179
171 180
171 181
171 185
171 186
171 187
171 188
171 189
171 190
171 191
171 192
171 193
171 194
171 195
171 196
171 197
171 198
171 199
171 200
171 201
171 202
171 203
171 204
171 205
171 206
171 207
171 208
171 209
171 210
171 211
171 212
171 213
171 214
171 215
171 216
172 173
172 174
172 175
172 176
172 177
172 178
172 179
172 180
172 181
172 184
172 185
172 186
172 189
172 190
172 191
172 192
172 193
172 195
172 196
172 197
172 198
172 199
172 200
172 201
172 202
172 203
172 204
172 205
172 206
172 207
172 208
172 209
172 210
172 211
172 212
172 213
172 214
172 215
172 216
172 217
173 174
173 175
173 176
173 177
173 178
173 179
173 180
173 181
173 182
173 186
173 189
173 190
173 193
173 194
173 195
173 196
173 197
173 198
173 199
173 200
173 201
173 202
173 203
173 204
173 205
173 206
173 207
173 208
173 209
173 210
173 211
173 212
173 213
173 214
173 215
173 216
173 217
173 250
173 251
174 175
174 176
174 177
174 178
174 179
174 180
174 181
174 184
174 187
174 188
174 189
174 191
174 192
174 193
174 194
174 195
174 196
174 197
174 198
174 199
174 200
174 201
174 202
174 203
174 204
174 205
174 206
174 207
174 208
174 209
174 210
174 211
174 212
174 213
174 214
174 215
174 216
175 176
175 177
175 178
175 179
175 180
175 181
175 185
175 186
175 187
175 189
175 190
175 191
175 192
175 193
175 194
175 195
175 196
175 197
175 198
175 199
175 200
175 201
175 202
175 203
175 204
175 205
175 206
175 207
175 208
175 209
175 210
175 211
175 212
175 213
175 214
175 215
175 216
175 217
176 177
176 178
176 179
176 180
176 181
176 186
176 190
176 191
176 192
176 193
176 194
176 195
176 196
176 197
176 198
176 199
176 200
176 201
176 202
176 203
176 204
176 205
176 206
176 207
176 208
176 209
176 210
176 211
176 212
176 213
176 214
176 215
176 216
176 217
177 178
177 179
177 180
177 181
177 182
177 187
177 188
177 190
177 191
177 192
177 193
177 194
177 195
177 196
177 197
177 198
177 199
177 200
177 201
177 202
177 203
177 204
177 205
177 206
177 207
177 208
177 209
177 210
177 211
177 212
177 213
177 214
177 215
177 216
178 179
178 180
178 181
178 186
178 189
178 190
178 191
178 192
178 193
178 194
178 195
178 196
178 197
178 198
178 199
178 200
178 201
178 202
178 203
178 204
178 205
178 206
178 207
178 208
178 209
178 210
178 211
178 212
178 213
178 214
178 215
178 216
178 217
179 180
179 181
179 182
179 189
179 190
179 191
179 192
179 193
179 194
179 195
179 196
179 197
179 198
179 199
179 200
179 201
179 202
179 203
179 204
179 205
179 206
179 207
179 208
179 209
179 210
179 211
179 212
179 213
179 214
179 215
179 216
179 217
180 181
180 186
180 187
180 190
180 191
180 192
180 193
180 194
180 195
180 196
180 197
180 198
180 199
180 200
180 201
180 202
180 203
180 204
180 205
180 206
180 207
180 208
180 209
180 210
180 211
180 212
180 213
180 214
180 215
180 216
180 217
181 182
181 188
181 189
181 190
181 191
181 192
181 193
181 197
181 198
181 199
181 200
181 201
181 203
181 204
181 205
181 206
181 207
181 208
181 209
181 210
181 211
181 212
181 213
181 214
181 215
181 216
182 191
182 203
182 207
182 208
182 212
182 213
182 214
182 215
183 227
184 193
184 206
184 213
184 270
185 190
185 192
185 194
185 195
185 198
185 201
185 203
185 204
185 205
185 208
185 209
185 211
185 214
185 215
185 216
186 187
186 188
186 190
186 191
186 193
186 194
186 198
186 199
186 205
186 209
186 210
186 215
187 189
187 190
187 191
187 192
187 194
187 197
187 199
187 200
187 201
187 203
187 204
187 205
187 206
187 207
187 208
187 209
187 211
187 213
187 214
187 215
188 189
188 190
188 191
188 192
188 193
188 194
188 196
188 197
188 198
188 199
188 200
188 201
188 202
188 207
188 208
188 209
188 210
188 212
188 213
188 214
188 215
188 216
189 190
189 192
189 195
189 196
189 197
189 198
189 199
189 200
189 201
189 202
189 203
189 205
189 206
189 207
189 208
189 209
189 210
189 211
189 213
189 214
189 215
189 216
189 217
190 192
190 193
190 194
190 195
190 196
190 200
190 203
190 204
190 205
190 206
190 207
190 209
190 210
190 211
190 212
190 213
190 214
190 215
190 216
191 192
191 193
191 194
191 195
191 196
191 200
191 201
191 202
191 203
191 204
191 205
191 206
191 207
191 208
191 210
191 211
191 212
191 213
191 214
191 215
191 216
191 217
191 218
191 286
192 193
192 194
192 195
192 196
192 197
192 199
192 200
192 201
192 203
192 204
192 205
192 206
192 207
192 208
192 209
192 210
192 211
192 212
192 213
192 214
192 215
192 216
193 195
193 196
193 197
193 198
193 199
193 200
193 202
193 203
193 204
193 205
193 206
193 207
193 208
193 209
193 210
193 211
193 212
193 213
193 214
193 215
193 216
194 195
194 196
194 197
194 198
194 199
194 200
194 201
194 202
194 203
194 204
194 205
194 206
194 207
194 208
194 209
194 210
194 211
194 212
194 213
194 214
194 215
194 216
195 196
195 197
195 198
195 201
195 202
195 203
195 204
195 205
195 206
195 207
195 208
195 209
195 210
195 211
195 212
195 213
195 215
195 216
195 218
196 197
196 198
196 199
196 200
196 201
196 202
196 203
196 204
196 205
196 206
196 208
196 209
196 210
196 211
196 212
196 213
196 214
196 215
196 216
197 198
197 199
197 200
197 201
197 202
197 203
197 204
197 205
197 206
197 207
197 209
197 210
197 211
197 212
197 213
197 214
197 215
197 216
197 217
198 199
198 200
198 201
198 202
198 203
198 204
198 205
198 206
198 207
198 208
198 209
198 210
198 211
198 212
198 213
198 214
198 215
198 216
199 200
199 201
199 202
199 203
199 204
199 205
199 206
199 207
199 208
199 209
199 210
199 211
199 212
199 213
199 214
199 215
199 216
199 217
200 201
200 202
200 203
200 204
200 205
200 206
200 207
200 208
200 209
200 210
200 211
200 212
200 213
200 214
200 215
200 216
201 202
201 203
201 204
201 205
201 206
201 207
201 208
201 209
201 210
201 211
201 212
201 213
201 214
201 215
201 216
201 217
202 203
202 204
202 205
202 206
202 207
202 208
202 209
202 210
202 211
202 212
202 213
202 214
202 215
202 216
202 251
203 204
203 205
203 206
203 207
203 208
203 209
203 210
203 211
203 212
203 213
203 214
203 215
203 216
203 236
204 205
204 206
204 207
204 208
204 209
204 210
204 211
204 212
204 213
204 214
204 215
204 216
204 250
205 206
205 207
205 208
205 209
205 210
205 211
205 212
205 213
205 214
205 215
205 216
206 207
206 208
206 209
206 210
206 211
206 212
206 213
206 214
206 215
206 216
207 208
207 209
207 210
207 211
207 212
207 213
207 214
207 215
207 216
208 209
208 210
208 211
208 212
208 213
208 214
208 215
208 216
208 251
209 210
209 211
209 212
209 213
209 214
209 215
209 216
209 217
210 211
210 212
210 213
210 214
210 215
210 216
210 217
210 250
211 212
211 213
211 214
211 215
211 216
211 217
211 252
212 213
212 214
212 215
212 216
212 217
212 251
212 283
213 214
213 215
213 216
213 217
213 247
213 252
213 255
213 285
214 215
214 216
214 217
214 250
214 252
214 282
214 284
214 298
215 216
215 217
215 218
215 219
215 251
215 252
215 253
215 281
216 217
216 252
216 254
216 265
217 237
217 278
217 283
