4 214
5 66
5 70
5 198
5 216
6 66
6 72
6 74
6 219
7 15
7 64
7 67
7 202
7 248
8 130
8 131
8 244
9 121
11 46
11 76
11 242
11 275
12 60
12 66
12 69
12 75
12 98
12 99
12 102
12 202
12 213
12 217
12 226
12 243
13 63
13 65
13 69
13 102
13 104
13 200
13 210
13 216
13 217
13 219
13 221
13 233
13 240
13 291
14 67
14 69
14 70
14 72
14 73
14 214
14 217
14 218
14 220
15 69
15 70
15 220
15 249
16 118
16 220
17 225
19 76
30 125
31 65
34 70
42 108
42 203
43 44
43 48
43 60
43 61
43 63
43 69
43 74
43 76
43 94
43 95
43 96
43 105
43 107
43 112
43 193
43 199
43 203
43 206
43 216
43 218
43 232
43 247
44 51
44 52
44 67
44 69
44 70
44 71
44 73
44 74
44 99
44 101
44 105
44 107
44 109
44 112
44 115
44 196
44 198
44 200
44 202
44 203
44 207
44 208
44 212
44 213
44 216
44 227
44 229
44 234
44 237
44 238
44 239
44 240
44 243
44 246
44 247
44 277
45 47
45 48
45 49
45 54
45 56
45 57
45 60
45 61
45 62
45 64
45 67
45 68
45 70
45 75
45 96
45 100
45 101
45 103
45 105
45 107
45 108
45 113
45 115
45 116
45 194
45 195
45 197
45 198
45 199
45 200
45 201
45 203
45 204
45 205
45 208
45 209
45 210
45 211
45 212
45 214
45 215
45 217
45 220
45 221
45 225
45 227
45 228
45 229
45 230
45 231
45 232
45 235
45 237
45 239
45 243
45 244
45 246
46 47
46 48
46 50
46 51
46 52
46 53
46 54
46 55
46 56
46 57
46 58
46 59
46 60
46 61
46 62
46 63
46 65
46 66
46 68
46 69
46 70
46 71
46 72
46 73
46 74
46 75
46 97
46 98
46 100
46 101
46 102
46 103
46 105
46 106
46 107
46 108
46 110
46 112
46 113
46 114
46 196
46 197
46 198
46 201
46 202
46 203
46 204
46 205
46 206
46 208
46 209
46 211
46 212
46 213
46 215
46 220
46 221
46 222
46 228
46 229
46 232
46 234
46 235
46 237
46 238
46 239
46 241
46 242
46 243
46 244
46 245
46 247
46 248
47 48
47 50
47 51
47 54
47 56
47 57
47 58
47 59
47 62
47 63
47 64
47 65
47 66
47 67
47 68
47 70
47 71
47 72
47 75
47 76
47 95
47 99
47 100
47 101
47 103
47 105
47 107
47 108
47 109
47 110
47 111
47 112
47 114
47 116
47 196
47 197
47 198
47 200
47 201
47 202
47 203
47 204
47 205
47 206
47 207
47 208
47 209
47 210
47 211
47 212
47 213
47 214
47 216
47 217
47 218
47 220
47 221
47 227
47 230
47 232
47 233
47 234
47 235
47 236
47 237
47 238
47 239
47 240
47 241
47 242
47 243
47 244
47 245
47 246
47 247
47 248
47 249
48 50
48 53
48 56
48 57
48 59
48 60
48 62
48 63
48 64
48 65
48 66
48 67
48 68
48 69
48 70
48 71
48 73
48 74
48 75
48 76
48 77
48 95
48 99
48 100
48 101
48 102
48 104
48 107
48 109
48 110
48 111
48 114
48 194
48 195
48 197
48 198
48 199
48 200
48 201
48 202
48 203
48 204
48 206
48 207
48 208
48 209
48 211
48 212
48 213
48 214
48 215
48 218
48 219
48 221
48 227
48 228
48 229
48 230
48 232
48 235
48 236
48 237
48 239
48 241
48 243
48 245
48 246
48 247
48 248
49 50
49 51
49 52
49 53
49 54
49 56
49 57
49 58
49 59
49 60
49 61
49 62
49 63
49 64
49 65
49 67
49 68
49 69
49 71
49 72
49 73
49 75
49 76
49 95
49 97
49 98
49 99
49 100
49 101
49 104
49 105
49 106
49 107
49 110
49 111
49 112
49 114
49 116
49 195
49 196
49 197
49 198
49 199
49 200
49 202
49 203
49 204
49 205
49 207
49 208
49 209
49 210
49 211
49 212
49 213
49 214
49 215
49 216
49 217
49 219
49 220
49 221
49 227
49 228
49 229
49 230
49 231
49 232
49 233
49 234
49 235
49 236
49 238
49 239
49 241
49 242
49 243
49 244
49 245
49 246
49 247
49 291
50 51
50 53
50 54
50 55
50 56
50 59
50 60
50 61
50 62
50 63
50 64
50 65
50 66
50 67
50 68
50 69
50 70
50 71
50 72
50 73
50 74
50 75
50 76
50 77
50 99
50 100
50 101
50 103
50 104
50 105
50 106
50 107
50 108
50 110
50 111
50 112
50 113
50 114
50 115
50 116
50 192
50 194
50 197
50 199
50 200
50 201
50 202
50 203
50 204
50 205
50 206
50 207
50 209
50 210
50 211
50 212
50 213
50 214
50 216
50 217
50 218
50 219
50 220
50 227
50 230
50 233
50 234
50 235
50 236
50 237
50 238
50 239
50 240
50 241
50 242
50 243
50 245
50 246
50 247
50 248
51 52
51 53
51 54
51 55
51 56
51 57
51 58
51 59
51 60
51 61
51 62
51 63
51 64
51 65
51 66
51 68
51 69
51 70
51 71
51 72
51 73
51 74
51 75
51 76
51 95
51 98
51 99
51 100
51 101
51 102
51 103
51 105
51 106
51 107
51 108
51 109
51 110
51 111
51 112
51 113
51 114
51 115
51 193
51 194
51 195
51 196
51 197
51 198
51 199
51 200
51 201
51 202
51 203
51 204
51 205
51 207
51 208
51 209
51 210
51 211
51 212
51 214
51 215
51 216
51 217
51 218
51 219
51 220
51 221
51 226
51 228
51 229
51 230
51 232
51 233
51 234
51 235
51 236
51 237
51 238
51 240
51 242
51 243
51 244
51 245
51 246
51 247
51 275
52 53
52 54
52 55
52 56
52 57
52 58
52 59
52 60
52 61
52 62
52 63
52 64
52 65
52 66
52 67
52 68
52 69
52 70
52 71
52 72
52 73
52 74
52 75
52 76
52 96
52 98
52 99
52 100
52 101
52 102
52 103
52 104
52 105
52 106
52 107
52 108
52 109
52 110
52 111
52 112
52 114
52 115
52 116
52 193
52 194
52 195
52 196
52 197
52 198
52 199
52 202
52 203
52 204
52 205
52 206
52 207
52 208
52 209
52 210
52 211
52 212
52 213
52 214
52 215
52 216
52 217
52 218
52 220
52 221
52 222
52 226
52 228
52 230
52 231
52 232
52 233
52 234
52 235
52 236
52 237
52 238
52 239
52 240
52 241
52 242
52 243
52 244
52 245
52 246
52 247
52 248
52 291
53 54
53 55
53 56
53 57
53 58
53 59
53 60
53 61
53 62
53 63
53 64
53 65
53 66
53 67
53 68
53 69
53 70
53 71
53 72
53 73
53 74
53 75
53 76
53 94
53 95
53 96
53 98
53 99
53 100
53 101
53 102
53 103
53 104
53 105
53 107
53 108
53 109
53 110
53 111
53 112
53 113
53 114
53 115
53 116
53 118
53 195
53 196
53 197
53 198
53 199
53 200
53 201
53 202
53 203
53 204
53 205
53 206
53 209
53 210
53 211
53 212
53 213
53 214
53 215
53 216
53 217
53 218
53 219
53 220
53 221
53 229
53 230
53 231
53 232
53 233
53 234
53 235
53 236
53 238
53 239
53 240
53 241
53 242
53 243
53 244
53 245
53 246
53 247
53 248
54 55
54 56
54 57
54 59
54 60
54 61
54 62
54 63
54 64
54 65
54 66
54 67
54 68
54 69
54 70
54 72
54 73
54 74
54 75
54 76
54 96
54 97
54 98
54 99
54 100
54 101
54 102
54 103
54 104
54 105
54 106
54 107
54 108
54 109
54 110
54 111
54 112
54 113
54 114
54 115
54 116
54 193
54 194
54 195
54 196
54 197
54 198
54 199
54 201
54 202
54 203
54 204
54 205
54 206
54 207
54 208
54 209
54 210
54 211
54 212
54 215
54 216
54 217
54 218
54 219
54 220
54 221
54 228
54 232
54 233
54 234
54 235
54 236
54 237
54 238
54 239
54 240
54 241
54 242
54 243
54 244
54 245
54 246
54 247
54 248
55 56
55 57
55 58
55 59
55 60
55 61
55 62
55 63
55 64
55 65
55 66
55 67
55 68
55 69
55 70
55 71
55 72
55 73
55 74
55 75
55 76
55 96
55 98
55 99
55 100
55 101
55 102
55 103
55 104
55 105
55 106
55 107
55 108
55 109
55 110
55 111
55 112
55 113
55 114
55 115
55 116
55 117
55 129
55 195
55 196
55 197
55 198
55 199
55 200
55 201
55 202
55 204
55 205
55 206
55 207
55 208
55 209
55 210
55 211
55 212
55 213
55 214
55 215
55 216
55 217
55 218
55 219
55 220
55 221
55 226
55 227
55 228
55 229
55 230
55 232
55 233
55 234
55 235
55 236
55 237
55 238
55 239
55 240
55 241
55 242
55 243
55 244
55 245
55 246
55 247
55 248
55 277
56 57
56 58
56 59
56 60
56 61
56 62
56 63
56 64
56 65
56 66
56 67
56 68
56 69
56 70
56 72
56 73
56 74
56 75
56 76
56 94
56 96
56 98
56 99
56 101
56 102
56 103
56 104
56 105
56 106
56 107
56 108
56 109
56 110
56 111
56 112
56 113
56 114
56 115
56 116
56 197
56 199
56 200
56 201
56 202
56 203
56 204
56 205
56 206
56 207
56 208
56 209
56 210
56 211
56 212
56 213
56 214
56 215
56 216
56 217
56 218
56 219
56 220
56 221
56 226
56 227
56 228
56 229
56 232
56 233
56 234
56 235
56 236
56 237
56 238
56 239
56 240
56 241
56 242
56 243
56 244
56 245
56 246
56 247
56 248
56 277
56 292
57 58
57 59
57 60
57 61
57 62
57 63
57 64
57 65
57 66
57 67
57 68
57 69
57 70
57 71
57 72
57 73
57 74
57 75
57 76
57 77
57 96
57 99
57 100
57 101
57 102
57 103
57 104
57 105
57 106
57 107
57 108
57 109
57 110
57 111
57 112
57 113
57 114
57 115
57 116
57 139
57 194
57 195
57 197
57 198
57 199
57 200
57 201
57 202
57 203
57 204
57 205
57 206
57 207
57 208
57 209
57 210
57 211
57 212
57 213
57 214
57 215
57 216
57 217
57 218
57 219
57 220
57 221
57 225
57 227
57 228
57 230
57 231
57 232
57 233
57 234
57 235
57 236
57 237
57 238
57 239
57 240
57 241
57 242
57 243
57 244
57 245
57 246
57 247
57 248
57 276
57 293
58 59
58 60
58 61
58 62
58 63
58 64
58 65
58 66
58 67
58 68
58 69
58 70
58 71
58 72
58 73
58 74
58 75
58 76
58 77
58 95
58 96
58 97
58 98
58 99
58 100
58 101
58 102
58 103
58 104
58 105
58 106
58 107
58 108
58 109
58 110
58 111
58 112
58 113
58 114
58 115
58 116
58 117
58 193
58 194
58 195
58 196
58 197
58 198
58 200
58 201
58 202
58 203
58 204
58 205
58 206
58 207
58 208
58 209
58 210
58 211
58 212
58 213
58 214
58 215
58 216
58 217
58 218
58 219
58 220
58 221
58 229
58 230
58 231
58 232
58 233
58 234
58 235
58 236
58 237
58 238
58 239
58 240
58 241
58 242
58 243
58 244
58 245
58 246
58 247
58 248
58 249
58 276
59 60
59 61
59 62
59 63
59 64
59 65
59 66
59 67
59 68
59 69
59 70
59 71
59 72
59 73
59 74
59 75
59 76
59 77
59 97
59 99
59 101
59 102
59 103
59 104
59 105
59 106
59 107
59 108
59 109
59 110
59 111
59 112
59 113
59 114
59 115
59 116
59 194
59 196
59 197
59 199
59 200
59 201
59 202
59 203
59 204
59 205
59 206
59 207
59 208
59 209
59 210
59 211
59 212
59 213
59 214
59 215
59 216
59 217
59 218
59 219
59 220
59 221
59 222
59 226
59 227
59 228
59 229
59 230
59 231
59 232
59 233
59 234
59 235
59 236
59 237
59 238
59 239
59 240
59 241
59 242
59 243
59 244
59 245
59 246
59 247
59 248
60 61
60 62
60 63
60 64
60 65
60 66
60 67
60 68
60 69
60 70
60 71
60 72
60 73
60 74
60 75
60 76
60 77
60 95
60 96
60 98
60 99
60 100
60 101
60 102
60 103
60 104
60 106
60 107
60 108
60 109
60 110
60 111
60 112
60 113
60 114
60 115
60 116
60 195
60 196
60 198
60 199
60 200
60 201
60 202
60 203
60 204
60 205
60 206
60 207
60 208
60 209
60 210
60 211
60 212
60 213
60 214
60 215
60 216
60 217
60 218
60 219
60 220
60 221
60 225
60 229
60 230
60 232
60 233
60 234
60 235
60 236
60 237
60 238
60 239
60 240
60 241
60 242
60 243
60 244
60 245
60 246
60 247
60 248
60 276
61 62
61 63
61 64
61 65
61 66
61 67
61 68
61 69
61 70
61 71
61 72
61 73
61 74
61 75
61 76
61 97
61 98
61 99
61 100
61 102
61 103
61 104
61 105
61 106
61 107
61 108
61 109
61 110
61 111
61 112
61 113
61 114
61 115
61 116
61 117
61 139
61 193
61 195
61 197
61 198
61 199
61 200
61 201
61 202
61 203
61 204
61 205
61 206
61 207
61 208
61 209
61 210
61 211
61 212
61 213
61 214
61 215
61 216
61 217
61 218
61 219
61 220
61 221
61 222
61 226
61 230
61 231
61 232
61 233
61 234
61 235
61 236
61 237
61 238
61 239
61 240
61 241
61 242
61 243
61 244
61 245
61 246
61 247
61 248
61 280
61 292
62 63
62 64
62 65
62 66
62 67
62 68
62 69
62 70
62 71
62 72
62 73
62 74
62 75
62 76
62 77
62 83
62 99
62 100
62 101
62 102
62 103
62 104
62 105
62 106
62 107
62 108
62 109
62 110
62 111
62 112
62 113
62 114
62 115
62 116
62 195
62 197
62 198
62 199
62 200
62 201
62 202
62 203
62 204
62 205
62 206
62 207
62 208
62 209
62 210
62 211
62 212
62 213
62 214
62 215
62 216
62 217
62 218
62 219
62 220
62 221
62 222
62 229
62 230
62 231
62 232
62 233
62 234
62 235
62 236
62 237
62 238
62 239
62 240
62 241
62 242
62 243
62 244
62 245
62 246
62 247
62 248
62 276
62 278
63 64
63 65
63 66
63 67
63 68
63 69
63 70
63 71
63 72
63 73
63 74
63 75
63 76
63 77
63 95
63 96
63 98
63 100
63 101
63 102
63 103
63 104
63 105
63 106
63 107
63 108
63 109
63 110
63 111
63 112
63 113
63 114
63 115
63 116
63 195
63 197
63 199
63 200
63 201
63 202
63 203
63 204
63 205
63 206
63 207
63 208
63 209
63 210
63 211
63 212
63 213
63 214
63 215
63 216
63 217
63 218
63 219
63 220
63 221
63 222
63 227
63 228
63 229
63 230
63 231
63 232
63 233
63 234
63 235
63 236
63 237
63 238
63 239
63 240
63 241
63 242
63 243
63 244
63 245
63 246
63 247
63 248
64 65
64 66
64 67
64 68
64 69
64 70
64 71
64 72
64 73
64 74
64 75
64 76
64 77
64 97
64 98
64 99
64 100
64 101
64 102
64 103
64 104
64 105
64 106
64 107
64 108
64 109
64 110
64 111
64 112
64 113
64 114
64 115
64 116
64 195
64 196
64 197
64 199
64 200
64 201
64 202
64 203
64 204
64 205
64 206
64 207
64 208
64 209
64 210
64 211
64 212
64 213
64 214
64 215
64 216
64 217
64 218
64 219
64 220
64 221
64 222
64 227
64 230
64 231
64 232
64 233
64 234
64 235
64 236
64 237
64 238
64 239
64 240
64 241
64 242
64 243
64 244
64 245
64 246
64 247
64 248
64 275
65 66
65 67
65 68
65 69
65 70
65 71
65 72
65 73
65 74
65 75
65 76
65 77
65 96
65 99
65 100
65 101
65 102
65 103
65 104
65 105
65 106
65 107
65 108
65 109
65 110
65 111
65 112
65 113
65 114
65 115
65 116
65 132
65 137
65 138
65 194
65 196
65 197
65 198
65 200
65 201
65 202
65 203
65 204
65 205
65 206
65 207
65 208
65 209
65 210
65 211
65 212
65 213
65 214
65 215
65 216
65 217
65 218
65 219
65 220
65 221
65 222
65 226
65 228
65 230
65 231
65 232
65 233
65 234
65 235
65 236
65 237
65 238
65 239
65 240
65 241
65 242
65 243
65 244
65 245
65 246
65 247
65 248
66 67
66 68
66 69
66 70
66 71
66 72
66 73
66 74
66 75
66 76
66 77
66 78
66 95
66 96
66 99
66 100
66 101
66 102
66 103
66 104
66 105
66 106
66 107
66 108
66 109
66 110
66 111
66 112
66 113
66 114
66 115
66 116
66 137
66 165
66 177
66 195
66 196
66 197
66 198
66 199
66 200
66 201
66 202
66 203
66 204
66 205
66 206
66 207
66 208
66 209
66 211
66 212
66 213
66 214
66 215
66 216
66 217
66 218
66 219
66 220
66 221
66 226
66 227
66 228
66 229
66 230
66 231
66 232
66 233
66 234
66 235
66 236
66 237
66 238
66 239
66 240
66 241
66 242
66 243
66 244
66 245
66 246
66 247
66 248
66 249
66 277
66 282
66 291
67 68
67 69
67 70
67 71
67 72
67 73
67 74
67 75
67 76
67 77
67 78
67 95
67 97
67 98
67 99
67 100
67 101
67 102
67 103
67 104
67 105
67 106
67 107
67 108
67 109
67 110
67 111
67 112
67 113
67 114
67 115
67 116
67 117
67 118
67 196
67 197
67 198
67 199
67 201
67 202
67 203
67 204
67 205
67 206
67 207
67 208
67 209
67 210
67 211
67 212
67 213
67 214
67 215
67 216
67 217
67 218
67 219
67 220
67 221
67 222
67 227
67 229
67 230
67 231
67 232
67 233
67 234
67 235
67 236
67 237
67 238
67 239
67 240
67 241
67 242
67 243
67 244
67 245
67 246
67 247
67 248
67 272
67 283
67 291
67 292
68 69
68 70
68 71
68 72
68 73
68 74
68 75
68 76
68 77
68 96
68 98
68 99
68 100
68 101
68 102
68 103
68 104
68 105
68 106
68 107
68 108
68 109
68 110
68 111
68 112
68 113
68 114
68 115
68 116
68 117
68 118
68 129
68 140
68 193
68 195
68 196
68 197
68 198
68 199
68 200
68 201
68 202
68 203
68 204
68 205
68 206
68 207
68 208
68 209
68 210
68 211
68 212
68 213
68 214
68 215
68 216
68 217
68 218
68 219
68 220
68 221
68 222
68 223
68 228
68 229
68 232
68 233
68 234
68 235
68 236
68 237
68 238
68 239
68 240
68 241
68 242
68 243
68 244
68 245
68 246
68 247
68 248
68 249
68 250
68 275
68 276
68 277
68 278
68 279
68 284
69 70
69 71
69 72
69 73
69 74
69 75
69 76
69 77
69 78
69 93
69 96
69 97
69 98
69 99
69 100
69 101
69 102
69 104
69 105
69 106
69 107
69 108
69 109
69 110
69 111
69 112
69 113
69 114
69 115
69 116
69 117
69 140
69 141
69 180
69 193
69 195
69 198
69 199
69 200
69 201
69 202
69 203
69 204
69 205
69 206
69 207
69 208
69 209
69 210
69 211
69 212
69 213
69 214
69 215
69 216
69 217
69 218
69 219
69 220
69 221
69 222
69 224
69 227
69 228
69 230
69 231
69 232
69 233
69 234
69 235
69 236
69 237
69 238
69 239
69 240
69 241
69 242
69 243
69 244
69 245
69 246
69 247
69 248
69 249
69 250
69 278
69 279
69 290
69 291
70 71
70 72
70 73
70 74
70 75
70 76
70 77
70 78
70 95
70 97
70 98
70 99
70 100
70 101
70 102
70 103
70 104
70 105
70 106
70 107
70 108
70 109
70 110
70 111
70 112
70 113
70 114
70 115
70 116
70 117
70 119
70 165
70 194
70 195
70 196
70 197
70 198
70 199
70 200
70 201
70 202
70 203
70 204
70 206
70 207
70 208
70 209
70 210
70 211
70 212
70 213
70 214
70 215
70 216
70 217
70 218
70 219
70 220
70 221
70 222
70 223
70 226
70 232
70 233
70 234
70 235
70 236
70 237
70 238
70 239
70 240
70 241
70 242
70 243
70 244
70 245
70 246
70 247
70 248
70 249
70 277
70 279
70 283
70 291
71 72
71 73
71 74
71 75
71 76
71 78
71 88
71 98
71 99
71 100
71 101
71 102
71 103
71 104
71 105
71 106
71 107
71 108
71 109
71 110
71 111
71 112
71 113
71 114
71 115
71 116
71 123
71 139
71 140
71 141
71 164
71 165
71 194
71 195
71 197
71 198
71 199
71 200
71 201
71 202
71 203
71 204
71 205
71 206
71 207
71 208
71 209
71 210
71 211
71 212
71 213
71 214
71 215
71 216
71 217
71 218
71 219
71 220
71 221
71 222
71 223
71 227
71 228
71 229
71 232
71 233
71 234
71 235
71 236
71 237
71 238
71 239
71 240
71 241
71 242
71 243
71 244
71 245
71 246
71 247
71 248
71 249
71 250
71 276
71 282
71 292
72 73
72 74
72 75
72 76
72 94
72 97
72 98
72 99
72 100
72 101
72 102
72 103
72 104
72 105
72 106
72 107
72 108
72 109
72 110
72 111
72 112
72 113
72 114
72 115
72 116
72 118
72 122
72 140
72 141
72 164
72 197
72 198
72 199
72 200
72 201
72 202
72 204
72 205
72 206
72 207
72 208
72 209
72 210
72 211
72 212
72 213
72 214
72 215
72 216
72 217
72 218
72 219
72 220
72 221
72 222
72 223
72 225
72 227
72 228
72 229
72 230
72 231
72 232
72 233
72 234
72 236
72 237
72 238
72 239
72 240
72 241
72 242
72 243
72 244
72 245
72 246
72 247
72 248
72 249
72 253
72 277
72 284
73 74
73 75
73 76
73 77
73 94
73 96
73 97
73 98
73 99
73 100
73 101
73 102
73 103
73 104
73 105
73 106
73 107
73 108
73 109
73 110
73 111
73 112
73 113
73 114
73 115
73 116
73 120
73 134
73 138
73 166
73 197
73 199
73 200
73 201
73 202
73 203
73 204
73 205
73 206
73 207
73 208
73 209
73 210
73 211
73 212
73 213
73 214
73 215
73 216
73 217
73 218
73 219
73 220
73 221
73 222
73 227
73 230
73 231
73 233
73 235
73 236
73 237
73 238
73 239
73 240
73 241
73 242
73 243
73 244
73 245
73 246
73 247
73 248
73 249
73 276
73 284
73 292
74 75
74 77
74 84
74 97
74 98
74 99
74 100
74 101
74 102
74 103
74 104
74 105
74 106
74 107
74 108
74 109
74 110
74 111
74 112
74 113
74 114
74 115
74 116
74 118
74 137
74 197
74 199
74 200
74 201
74 202
74 203
74 204
74 205
74 206
74 207
74 208
74 209
74 210
74 211
74 212
74 213
74 214
74 215
74 216
74 217
74 218
74 219
74 220
74 221
74 225
74 228
74 229
74 230
74 231
74 232
74 233
74 234
74 235
74 236
74 237
74 238
74 239
74 240
74 241
74 242
74 243
74 244
74 245
74 246
74 247
74 248
74 272
75 76
75 77
75 78
75 94
75 96
75 97
75 98
75 100
75 101
75 102
75 103
75 104
75 105
75 106
75 107
75 108
75 109
75 110
75 111
75 112
75 113
75 114
75 115
75 116
75 117
75 141
75 165
75 193
75 194
75 195
75 196
75 197
75 198
75 199
75 200
75 201
75 202
75 203
75 204
75 205
75 206
75 207
75 208
75 209
75 210
75 211
75 212
75 213
75 214
75 215
75 216
75 217
75 218
75 219
75 220
75 221
75 229
75 230
75 231
75 232
75 233
75 234
75 235
75 236
75 237
75 238
75 239
75 240
75 241
75 242
75 243
75 244
75 245
75 246
75 247
75 248
75 249
75 275
75 291
76 89
76 94
76 98
76 99
76 100
76 101
76 102
76 103
76 105
76 106
76 107
76 108
76 109
76 111
76 112
76 113
76 114
76 115
76 116
76 129
76 138
76 192
76 194
76 195
76 196
76 197
76 198
76 199
76 201
76 202
76 203
76 204
76 205
76 207
76 209
76 210
76 211
76 212
76 213
76 214
76 215
76 216
76 217
76 218
76 219
76 220
76 221
76 227
76 228
76 229
76 230
76 232
76 233
76 234
76 235
76 236
76 237
76 238
76 240
76 241
76 242
76 243
76 244
76 245
76 246
76 247
76 248
76 276
77 96
77 100
77 103
77 105
77 107
77 108
77 109
77 114
77 117
77 199
77 202
77 203
77 207
77 209
77 210
77 215
77 216
77 217
77 218
77 219
77 221
77 233
77 234
77 235
77 236
77 237
77 238
77 241
77 243
77 244
77 245
77 246
77 247
77 248
78 111
78 139
78 209
78 210
78 213
78 218
78 220
78 234
78 244
78 246
78 247
78 274
78 280
79 89
79 119
79 134
79 213
79 220
79 238
80 129
80 178
80 218
81 294
85 198
85 221
88 101
88 103
88 114
88 240
89 250
90 135
93 194
93 196
93 228
94 107
94 110
94 111
94 116
94 193
94 194
94 198
94 202
94 211
94 213
94 217
94 220
94 227
94 232
94 237
94 244
94 248
94 276
95 97
95 102
95 104
95 105
95 107
95 108
95 109
95 115
95 116
95 193
95 197
95 198
95 200
95 201
95 202
95 203
95 206
95 208
95 209
95 211
95 218
95 220
95 227
95 233
95 240
95 241
95 246
95 279
96 97
96 98
96 101
96 102
96 103
96 107
96 111
96 112
96 113
96 128
96 197
96 200
96 201
96 202
96 205
96 207
96 209
96 211
96 213
96 214
96 216
96 218
96 219
96 228
96 230
96 239
96 242
96 244
96 245
96 248
97 98
97 99
97 102
97 105
97 107
97 108
97 110
97 111
97 116
97 194
97 195
97 196
97 198
97 199
97 200
97 201
97 202
97 203
97 204
97 205
97 206
97 207
97 210
97 211
97 213
97 215
97 216
97 217
97 218
97 219
97 220
97 221
97 229
97 230
97 235
97 236
97 238
97 239
97 241
97 242
97 244
97 245
97 246
97 247
98 100
98 101
98 104
98 105
98 106
98 108
98 109
98 110
98 111
98 112
98 113
98 115
98 116
98 193
98 194
98 195
98 196
98 197
98 198
98 199
98 200
98 205
98 206
98 207
98 209
98 213
98 214
98 215
98 217
98 218
98 219
98 222
98 228
98 230
98 231
98 232
98 233
98 234
98 235
98 236
98 237
98 238
98 240
98 241
98 242
98 244
98 245
98 246
98 248
99 100
99 101
99 103
99 105
99 106
99 107
99 109
99 110
99 111
99 112
99 113
99 114
99 115
99 193
99 194
99 195
99 197
99 198
99 200
99 201
99 203
99 204
99 205
99 208
99 209
99 211
99 212
99 213
99 214
99 215
99 216
99 217
99 218
99 219
99 221
99 225
99 227
99 229
99 230
99 231
99 233
99 234
99 235
99 236
99 237
99 238
99 239
99 240
99 241
99 242
99 243
99 244
99 245
99 246
99 247
99 248
100 101
100 104
100 105
100 106
100 107
100 109
100 110
100 111
100 112
100 113
100 114
100 115
100 116
100 193
100 194
100 196
100 197
100 198
100 199
100 200
100 201
100 203
100 207
100 208
100 209
100 210
100 211
100 212
100 214
100 215
100 216
100 218
100 219
100 220
100 221
100 226
100 229
100 230
100 231
100 232
100 233
100 234
100 235
100 236
100 237
100 238
100 239
100 240
100 241
100 242
100 243
100 244
100 245
100 246
100 247
100 248
100 277
101 102
101 103
101 104
101 105
101 106
101 108
101 109
101 110
101 111
101 112
101 113
101 114
101 115
101 116
101 194
101 195
101 196
101 199
101 200
101 201
101 202
101 203
101 204
101 205
101 206
101 207
101 208
101 209
101 210
101 211
101 212
101 213
101 214
101 215
101 216
101 217
101 218
101 219
101 220
101 221
101 228
101 229
101 230
101 231
101 232
101 233
101 234
101 235
101 236
101 238
101 239
101 240
101 241
101 242
101 243
101 245
101 247
101 248
102 103
102 104
102 105
102 106
102 107
102 108
102 109
102 110
102 111
102 112
102 113
102 114
102 115
102 193
102 194
102 195
102 196
102 198
102 200
102 201
102 202
102 203
102 204
102 205
102 206
102 207
102 208
102 209
102 211
102 212
102 213
102 215
102 216
102 217
102 219
102 220
102 221
102 226
102 228
102 231
102 233
102 234
102 235
102 236
102 237
102 238
102 239
102 240
102 241
102 242
102 243
102 244
102 245
102 246
102 247
102 248
103 104
103 105
103 106
103 107
103 108
103 109
103 110
103 111
103 112
103 113
103 114
103 115
103 116
103 195
103 196
103 198
103 199
103 200
103 201
103 202
103 203
103 204
103 205
103 206
103 207
103 209
103 211
103 212
103 213
103 214
103 215
103 216
103 217
103 218
103 219
103 220
103 221
103 226
103 227
103 228
103 229
103 230
103 231
103 232
103 233
103 235
103 236
103 237
103 238
103 239
103 240
103 241
103 242
103 243
103 244
103 245
103 246
103 247
103 248
104 105
104 106
104 107
104 108
104 109
104 110
104 111
104 112
104 113
104 114
104 115
104 116
104 117
104 139
104 194
104 195
104 196
104 197
104 198
104 199
104 200
104 201
104 202
104 203
104 204
104 205
104 206
104 207
104 208
104 209
104 210
104 211
104 212
104 213
104 214
104 215
104 216
104 217
104 218
104 219
104 220
104 221
104 226
104 230
104 231
104 232
104 233
104 234
104 235
104 236
104 237
104 238
104 239
104 240
104 241
104 242
104 243
104 244
104 245
104 246
104 247
104 248
104 290
105 106
105 107
105 108
105 109
105 110
105 111
105 112
105 114
105 115
105 116
105 138
105 197
105 199
105 200
105 201
105 202
105 203
105 204
105 205
105 207
105 208
105 209
105 210
105 211
105 213
105 214
105 215
105 216
105 217
105 218
105 219
105 220
105 221
105 222
105 226
105 227
105 230
105 231
105 232
105 233
105 234
105 235
105 236
105 237
105 238
105 239
105 240
105 241
105 242
105 243
105 244
105 245
105 246
105 247
105 248
105 277
105 278
106 107
106 108
106 109
106 110
106 111
106 112
106 113
106 114
106 115
106 116
106 198
106 199
106 200
106 201
106 202
106 203
106 205
106 206
106 207
106 208
106 209
106 210
106 211
106 212
106 213
106 214
106 215
106 216
106 217
106 218
106 219
106 220
106 221
106 226
106 227
106 229
106 230
106 231
106 232
106 233
106 234
106 235
106 236
106 237
106 238
106 239
106 240
106 241
106 242
106 243
106 244
106 245
106 246
106 247
106 248
106 276
106 280
107 108
107 109
107 110
107 111
107 112
107 113
107 114
107 115
107 117
107 193
107 195
107 196
107 197
107 198
107 200
107 201
107 202
107 203
107 204
107 205
107 206
107 207
107 208
107 209
107 210
107 211
107 212
107 213
107 214
107 215
107 216
107 217
107 218
107 219
107 220
107 221
107 223
107 226
107 231
107 232
107 233
107 234
107 235
107 236
107 238
107 239
107 240
107 241
107 242
107 243
107 244
107 245
107 246
107 247
107 248
107 276
107 278
108 109
108 110
108 111
108 112
108 113
108 114
108 115
108 195
108 196
108 197
108 198
108 201
108 202
108 203
108 204
108 205
108 206
108 207
108 208
108 209
108 210
108 211
108 212
108 213
108 214
108 215
108 216
108 217
108 218
108 219
108 220
108 221
108 223
108 228
108 229
108 230
108 231
108 232
108 233
108 234
108 235
108 236
108 237
108 238
108 239
108 240
108 241
108 242
108 243
108 244
108 246
108 247
108 248
108 277
109 110
109 111
109 112
109 113
109 114
109 115
109 116
109 117
109 193
109 194
109 196
109 197
109 198
109 199
109 200
109 201
109 202
109 204
109 205
109 206
109 207
109 208
109 209
109 210
109 211
109 212
109 213
109 214
109 215
109 216
109 217
109 218
109 219
109 220
109 221
109 222
109 226
109 229
109 230
109 231
109 232
109 233
109 234
109 235
109 236
109 237
109 238
109 239
109 240
109 241
109 242
109 243
109 244
109 245
109 246
109 247
109 248
109 278
110 111
110 112
110 113
110 114
110 115
110 116
110 195
110 197
110 198
110 200
110 201
110 202
110 203
110 204
110 205
110 206
110 207
110 208
110 209
110 210
110 211
110 212
110 213
110 214
110 215
110 216
110 217
110 218
110 220
110 221
110 227
110 228
110 229
110 230
110 231
110 232
110 234
110 235
110 236
110 237
110 238
110 239
110 240
110 241
110 242
110 243
110 244
110 245
110 246
110 247
110 249
111 112
111 113
111 114
111 115
111 116
111 122
111 138
111 193
111 196
111 197
111 198
111 200
111 202
111 203
111 204
111 205
111 206
111 207
111 208
111 209
111 210
111 211
111 212
111 213
111 214
111 215
111 216
111 217
111 218
111 219
111 220
111 221
111 222
111 226
111 229
111 230
111 231
111 233
111 234
111 235
111 236
111 237
111 238
111 239
111 240
111 241
111 242
111 243
111 244
111 245
111 246
111 247
111 248
111 290
111 292
112 113
112 114
112 115
112 116
112 194
112 196
112 197
112 198
112 199
112 201
112 202
112 203
112 204
112 205
112 206
112 207
112 208
112 209
112 210
112 211
112 212
112 213
112 214
112 215
112 216
112 217
112 218
112 219
112 220
112 221
112 227
112 229
112 230
112 231
112 232
112 233
112 234
112 235
112 236
112 237
112 238
112 239
112 240
112 241
112 242
112 243
112 244
112 245
112 246
112 247
112 248
113 114
113 115
113 116
113 118
113 194
113 195
113 196
113 197
113 198
113 200
113 201
113 202
113 203
113 204
113 205
113 206
113 207
113 208
113 209
113 210
113 211
113 212
113 213
113 214
113 215
113 216
113 217
113 218
113 219
113 220
113 221
113 222
113 228
113 229
113 230
113 231
113 232
113 233
113 234
113 235
113 236
113 237
113 238
113 239
113 240
113 241
113 242
113 243
113 244
113 245
113 246
113 247
113 248
113 275
113 276
113 278
114 115
114 116
114 193
114 194
114 198
114 199
114 200
114 201
114 202
114 203
114 204
114 205
114 206
114 207
114 208
114 209
114 210
114 211
114 212
114 213
114 214
114 215
114 216
114 217
114 218
114 219
114 220
114 221
114 226
114 227
114 229
114 230
114 231
114 232
114 233
114 234
114 235
114 236
114 237
114 238
114 239
114 240
114 241
114 242
114 243
114 244
114 245
114 246
114 247
114 248
114 279
115 116
115 194
115 196
115 198
115 201
115 202
115 203
115 204
115 205
115 206
115 207
115 208
115 209
115 210
115 211
115 212
115 213
115 214
115 215
115 216
115 217
115 218
115 219
115 220
115 221
115 228
115 229
115 230
115 232
115 233
115 235
115 236
115 237
115 238
115 239
115 240
115 241
115 242
115 243
115 244
115 245
115 246
115 247
115 248
115 278
116 117
116 123
116 192
116 195
116 200
116 201
116 202
116 203
116 204
116 205
116 206
116 207
116 208
116 209
116 210
116 212
116 213
116 214
116 215
116 216
116 217
116 218
116 219
116 226
116 229
116 230
116 231
116 232
116 233
116 235
116 236
116 237
116 238
116 239
116 240
116 241
116 242
116 243
116 244
116 245
116 246
116 247
116 248
116 277
116 284
117 198
117 200
117 213
117 214
117 216
117 217
117 218
117 219
117 221
117 233
117 234
117 241
117 246
117 247
117 249
117 278
118 206
118 242
118 279
119 293
120 222
120 246
124 251
129 213
129 216
130 220
130 221
132 248
133 221
137 229
138 213
138 218
138 245
139 196
139 236
139 244
140 207
140 216
140 249
141 279
142 216
142 226
145 166
158 248
164 210
164 213
165 223
169 273
186 224
192 194
192 215
192 241
192 242
192 276
193 197
193 203
193 211
193 215
193 216
193 220
193 221
193 222
193 230
193 241
193 242
193 247
193 248
193 275
194 195
194 197
194 199
194 202
194 206
194 207
194 210
194 213
194 214
194 220
194 227
194 228
194 229
194 231
194 232
194 234
194 238
194 239
194 240
194 243
194 244
194 245
194 246
195 198
195 200
195 201
195 202
195 203
195 205
195 206
195 207
195 208
195 210
195 212
195 213
195 215
195 216
195 219
195 220
195 228
195 231
195 233
195 234
195 235
195 238
195 239
195 241
195 242
195 244
195 245
195 247
195 248
195 277
196 197
196 198
196 199
196 201
196 202
196 203
196 204
196 206
196 207
196 208
196 209
196 211
196 212
196 213
196 214
196 216
196 218
196 219
196 220
196 221
196 225
196 230
196 231
196 232
196 233
196 235
196 237
196 241
196 242
196 243
196 245
196 246
196 248
197 198
197 199
197 200
197 201
197 202
197 204
197 205
197 206
197 207
197 208
197 209
197 210
197 211
197 212
197 213
197 216
197 217
197 218
197 219
197 220
197 221
197 227
197 228
197 230
197 232
197 233
197 234
197 235
197 236
197 238
197 239
197 242
197 243
197 244
197 245
197 246
197 248
198 199
198 200
198 202
198 203
198 204
198 205
198 206
198 207
198 208
198 209
198 210
198 212
198 213
198 214
198 215
198 216
198 218
198 219
198 221
198 230
198 231
198 232
198 234
198 235
198 236
198 237
198 238
198 239
198 241
198 245
198 246
198 247
198 275
198 277
199 200
199 201
199 202
199 203
199 204
199 205
199 206
199 207
199 208
199 209
199 211
199 212
199 213
199 214
199 215
199 216
199 217
199 219
199 221
199 227
199 228
199 229
199 230
199 231
199 232
199 233
199 234
199 235
199 236
199 238
199 239
199 240
199 241
199 242
199 243
199 244
199 245
199 246
199 247
200 201
200 202
200 203
200 204
200 205
200 206
200 207
200 208
200 209
200 210
200 211
200 212
200 214
200 215
200 216
200 217
200 218
200 219
200 220
200 221
200 222
200 227
200 230
200 231
200 232
200 233
200 234
200 235
200 237
200 238
200 240
200 242
200 243
200 244
200 245
200 246
200 247
201 202
201 205
201 206
201 207
201 208
201 209
201 210
201 211
201 212
201 213
201 214
201 215
201 216
201 217
201 218
201 219
201 220
201 221
201 226
201 227
201 231
201 232
201 233
201 234
201 235
201 236
201 238
201 239
201 240
201 241
201 242
201 243
201 244
201 245
201 247
201 248
201 290
202 203
202 204
202 205
202 206
202 207
202 208
202 209
202 210
202 211
202 212
202 213
202 214
202 215
202 217
202 218
202 220
202 221
202 222
202 229
202 231
202 232
202 233
202 234
202 235
202 236
202 237
202 238
202 239
202 240
202 241
202 242
202 243
202 244
202 245
202 246
202 247
202 248
202 274
203 204
203 205
203 206
203 207
203 208
203 209
203 210
203 211
203 212
203 213
203 214
203 215
203 217
203 218
203 219
203 220
203 221
203 222
203 223
203 227
203 229
203 230
203 231
203 232
203 233
203 234
203 235
203 236
203 237
203 239
203 240
203 241
203 242
203 243
203 244
203 245
203 246
203 280
204 205
204 206
204 207
204 208
204 209
204 210
204 211
204 212
204 213
204 214
204 215
204 216
204 217
204 218
204 219
204 220
204 221
204 222
204 228
204 229
204 230
204 231
204 232
204 233
204 234
204 235
204 236
204 237
204 238
204 239
204 240
204 241
204 242
204 243
204 244
204 245
204 246
204 247
205 206
205 207
205 208
205 209
205 210
205 211
205 213
205 214
205 215
205 216
205 217
205 218
205 219
205 221
205 226
205 228
205 232
205 233
205 234
205 235
205 236
205 237
205 238
205 239
205 240
205 241
205 242
205 243
205 244
205 245
205 246
205 247
205 248
205 276
205 279
206 207
206 209
206 210
206 211
206 212
206 213
206 214
206 215
206 216
206 217
206 218
206 219
206 220
206 221
206 222
206 225
206 227
206 229
206 230
206 231
206 234
206 235
206 236
206 237
206 239
206 240
206 241
206 242
206 243
206 244
206 245
206 246
206 247
206 248
206 276
207 208
207 209
207 210
207 211
207 212
207 213
207 214
207 215
207 216
207 217
207 218
207 219
207 220
207 221
207 227
207 228
207 231
207 232
207 233
207 234
207 235
207 236
207 237
207 238
207 239
207 240
207 241
207 242
207 243
207 244
207 245
207 246
207 247
207 248
208 209
208 210
208 211
208 212
208 213
208 214
208 215
208 216
208 217
208 218
208 219
208 220
208 221
208 230
208 231
208 232
208 233
208 234
208 235
208 236
208 237
208 238
208 239
208 240
208 241
208 242
208 243
208 244
208 245
208 246
208 247
208 248
209 210
209 211
209 212
209 213
209 214
209 215
209 216
209 217
209 218
209 219
209 220
209 221
209 222
209 229
209 231
209 232
209 233
209 234
209 235
209 236
209 237
209 238
209 239
209 240
209 241
209 242
209 243
209 244
209 245
209 246
209 247
210 211
210 212
210 213
210 214
210 215
210 216
210 217
210 218
210 219
210 220
210 221
210 222
210 223
210 228
210 229
210 230
210 231
210 232
210 233
210 234
210 235
210 236
210 237
210 238
210 239
210 240
210 241
210 242
210 243
210 244
210 245
210 246
210 247
210 248
210 291
211 212
211 213
211 214
211 215
211 216
211 217
211 218
211 219
211 220
211 221
211 231
211 232
211 233
211 234
211 235
211 236
211 237
211 238
211 239
211 240
211 241
211 242
211 243
211 244
211 245
211 246
211 247
211 248
211 249
212 213
212 214
212 215
212 216
212 217
212 218
212 219
212 220
212 221
212 222
212 226
212 228
212 229
212 230
212 231
212 232
212 233
212 234
212 235
212 236
212 237
212 238
212 239
212 240
212 241
212 242
212 243
212 244
212 245
212 246
212 247
212 248
212 249
212 276
213 214
213 215
213 216
213 217
213 218
213 219
213 220
213 221
213 222
213 223
213 227
213 228
213 229
213 232
213 233
213 234
213 236
213 239
213 240
213 241
213 242
213 243
213 244
213 245
213 246
213 247
213 248
214 215
214 216
214 217
214 218
214 219
214 220
214 221
214 222
214 226
214 229
214 230
214 231
214 232
214 234
214 235
214 236
214 237
214 238
214 239
214 240
214 241
214 242
214 243
214 244
214 245
214 246
214 247
214 248
214 278
215 216
215 217
215 218
215 219
215 220
215 221
215 222
215 224
215 227
215 228
215 229
215 230
215 231
215 232
215 233
215 234
215 235
215 236
215 237
215 238
215 239
215 240
215 241
215 242
215 243
215 244
215 245
215 246
215 247
215 248
215 250
215 276
215 277
216 217
216 218
216 219
216 220
216 221
216 222
216 223
216 227
216 229
216 230
216 231
216 232
216 233
216 234
216 235
216 236
216 237
216 238
216 239
216 240
216 241
216 242
216 243
216 244
216 245
216 246
216 247
216 248
216 249
216 290
216 291
216 293
217 218
217 219
217 220
217 221
217 222
217 224
217 225
217 229
217 231
217 233
217 234
217 235
217 236
217 237
217 238
217 239
217 240
217 241
217 242
217 243
217 244
217 245
217 246
217 247
217 248
217 249
217 277
217 281
218 219
218 220
218 221
218 222
218 228
218 229
218 230
218 231
218 232
218 233
218 234
218 235
218 236
218 237
218 238
218 239
218 240
218 241
218 242
218 243
218 244
218 245
218 246
218 247
218 248
218 249
218 277
218 278
218 293
219 220
219 221
219 223
219 228
219 229
219 230
219 231
219 232
219 233
219 234
219 235
219 236
219 237
219 238
219 239
219 240
219 241
219 242
219 243
219 244
219 245
219 246
219 247
219 248
219 249
219 293
220 221
220 222
220 226
220 230
220 231
220 233
220 234
220 235
220 236
220 237
220 238
220 239
220 240
220 241
220 242
220 243
220 244
220 245
220 246
220 247
220 248
220 276
221 222
221 232
221 233
221 234
221 235
221 236
221 237
221 238
221 239
221 240
221 241
221 242
221 243
221 244
221 245
221 246
221 247
221 248
221 276
222 223
222 228
222 233
222 235
222 236
222 237
222 238
222 239
222 240
222 242
222 244
222 245
222 246
222 248
222 271
223 224
223 232
224 235
224 249
225 229
225 236
226 228
226 235
226 243
226 244
226 245
226 246
227 230
227 234
227 238
227 243
227 245
227 246
228 230
228 231
228 233
228 238
228 239
228 240
228 243
228 245
228 246
228 247
229 231
229 232
229 233
229 234
229 235
229 236
229 237
229 238
229 239
229 240
229 243
229 244
229 245
229 246
229 248
229 277
230 231
230 232
230 236
230 237
230 238
230 241
230 242
230 244
230 245
230 247
230 278
231 235
231 236
231 237
231 238
231 240
231 243
231 244
231 247
231 248
231 249
231 276
232 233
232 234
232 235
232 236
232 237
232 238
232 240
232 241
232 242
232 243
232 244
232 245
232 246
232 247
232 248
232 277
233 234
233 235
233 236
233 237
233 238
233 239
233 240
233 241
233 242
233 243
233 244
233 245
233 246
233 247
233 248
234 235
234 236
234 237
234 238
234 239
234 240
234 241
234 242
234 243
234 244
234 245
234 246
234 247
234 248
234 275
235 236
235 237
235 238
235 239
235 240
235 241
235 242
235 243
235 244
235 245
235 246
235 247
235 248
235 274
236 237
236 238
236 239
236 240
236 241
236 242
236 243
236 244
236 245
236 246
236 247
236 248
237 238
237 239
237 240
237 241
237 242
237 243
237 244
237 245
237 246
237 247
237 248
237 291
238 239
238 240
238 241
238 242
238 243
238 244
238 245
238 246
238 247
238 248
239 240
239 241
239 242
239 243
239 244
239 245
239 246
239 247
239 248
239 275
239 276
239 278
239 291
240 241
240 242
240 243
240 244
240 245
240 246
240 247
240 248
240 249
240 291
241 242
241 243
241 244
241 245
241 246
241 247
241 248
241 275
241 278
241 291
242 243
242 244
242 245
242 246
242 247
242 248
243 244
243 245
243 246
243 247
243 248
244 245
244 246
244 247
244 248
244 279
244 290
245 246
245 247
245 248
245 249
245 279
246 247
246 248
246 277
247 248
247 249
247 275
247 278
248 281
249 280
249 292
250 276
250 281
250 292
251 295
274 293
277 285
