1 2
1 3
1 4
1 6
1 8
1 9
1 10
1 12
1 13
1 14
1 15
1 16
1 17
1 19
1 21
1 22
1 23
1 24
1 25
1 63
1 140
1 141
1 143
1 144
1 146
1 148
1 149
1 151
1 152
1 153
1 154
1 156
1 157
1 158
1 159
1 162
1 164
1 165
1 166
1 167
1 168
1 169
1 171
1 172
1 173
1 174
1 175
1 176
1 177
1 178
1 179
1 190
1 191
2 4
2 5
2 6
2 7
2 8
2 9
2 10
2 11
2 12
2 13
2 15
2 16
2 17
2 18
2 19
2 21
2 23
2 24
2 142
2 143
2 144
2 145
2 146
2 148
2 150
2 151
2 152
2 156
2 158
2 159
2 160
2 162
2 163
2 164
2 165
2 167
2 169
2 170
2 171
2 172
2 174
2 175
2 176
2 177
2 179
2 180
2 190
2 191
2 192
2 285
3 5
3 6
3 9
3 10
3 11
3 12
3 13
3 14
3 15
3 17
3 19
3 20
3 21
3 22
3 24
3 25
3 27
3 141
3 142
3 143
3 144
3 145
3 146
3 147
3 148
3 149
3 150
3 151
3 153
3 154
3 156
3 157
3 158
3 159
3 160
3 161
3 162
3 163
3 164
3 165
3 166
3 167
3 168
3 169
3 170
3 171
3 172
3 174
3 175
3 177
3 178
3 179
3 189
3 230
4 5
4 6
4 7
4 8
4 9
4 10
4 11
4 12
4 13
4 14
4 15
4 16
4 17
4 19
4 20
4 21
4 22
4 23
4 24
4 26
4 141
4 142
4 143
4 144
4 145
4 149
4 150
4 151
4 152
4 153
4 155
4 156
4 157
4 158
4 160
4 161
4 162
4 163
4 164
4 165
4 166
4 168
4 170
4 171
4 172
4 173
4 175
4 176
4 178
4 179
4 188
4 192
5 6
5 7
5 8
5 9
5 10
5 11
5 12
5 14
5 15
5 16
5 17
5 18
5 19
5 20
5 21
5 22
5 23
5 24
5 25
5 139
5 141
5 142
5 143
5 144
5 145
5 146
5 147
5 148
5 149
5 150
5 151
5 152
5 153
5 154
5 155
5 156
5 157
5 158
5 160
5 161
5 162
5 163
5 164
5 165
5 166
5 167
5 168
5 169
5 170
5 171
5 172
5 173
5 174
5 175
5 176
5 177
5 178
5 179
5 184
5 189
5 190
5 192
6 7
6 8
6 9
6 10
6 11
6 12
6 13
6 14
6 15
6 16
6 17
6 19
6 20
6 21
6 22
6 23
6 24
6 25
6 26
6 141
6 142
6 143
6 144
6 145
6 146
6 148
6 149
6 150
6 151
6 152
6 153
6 154
6 155
6 156
6 157
6 158
6 159
6 160
6 162
6 163
6 164
6 165
6 166
6 167
6 168
6 169
6 170
6 171
6 172
6 173
6 174
6 175
6 176
6 177
6 178
6 179
6 180
6 188
6 190
6 193
6 205
7 8
7 9
7 10
7 11
7 12
7 13
7 14
7 15
7 16
7 17
7 18
7 19
7 20
7 21
7 22
7 23
7 24
7 25
7 26
7 141
7 142
7 143
7 145
7 146
7 147
7 148
7 149
7 151
7 152
7 153
7 154
7 155
7 157
7 158
7 159
7 160
7 161
7 162
7 163
7 164
7 165
7 166
7 167
7 168
7 169
7 170
7 171
7 172
7 173
7 174
7 175
7 176
7 177
7 178
7 179
7 190
7 191
7 194
7 227
8 9
8 10
8 11
8 12
8 13
8 14
8 15
8 16
8 17
8 18
8 19
8 20
8 21
8 22
8 23
8 24
8 25
8 26
8 83
8 141
8 142
8 143
8 144
8 145
8 146
8 147
8 148
8 149
8 150
8 151
8 152
8 153
8 155
8 156
8 157
8 158
8 159
8 160
8 161
8 162
8 163
8 164
8 165
8 166
8 167
8 168
8 169
8 170
8 171
8 172
8 173
8 174
8 175
8 176
8 177
8 178
8 179
8 180
8 189
8 191
8 232
9 10
9 11
9 12
9 13
9 14
9 15
9 16
9 17
9 18
9 19
9 20
9 21
9 22
9 23
9 24
9 25
9 26
9 115
9 140
9 142
9 143
9 144
9 145
9 146
9 147
9 148
9 149
9 150
9 151
9 152
9 153
9 154
9 155
9 156
9 157
9 158
9 159
9 160
9 161
9 162
9 163
9 164
9 165
9 166
9 167
9 168
9 169
9 170
9 171
9 172
9 173
9 174
9 175
9 176
9 177
9 178
9 179
9 192
9 231
10 11
10 12
10 13
10 14
10 15
10 16
10 17
10 18
10 19
10 20
10 21
10 22
10 23
10 24
10 25
10 72
10 106
10 142
10 143
10 145
10 146
10 147
10 148
10 149
10 150
10 151
10 152
10 153
10 154
10 155
10 156
10 157
10 158
10 159
10 160
10 161
10 162
10 164
10 165
10 166
10 167
10 168
10 169
10 170
10 171
10 172
10 173
10 174
10 175
10 176
10 177
10 178
10 179
10 180
10 190
10 191
11 12
11 13
11 14
11 15
11 16
11 17
11 18
11 19
11 20
11 21
11 22
11 23
11 24
11 25
11 26
11 27
11 85
11 141
11 142
11 143
11 144
11 145
11 146
11 147
11 148
11 149
11 150
11 151
11 152
11 153
11 155
11 157
11 158
11 159
11 160
11 161
11 162
11 163
11 164
11 165
11 166
11 167
11 168
11 169
11 170
11 171
11 172
11 173
11 174
11 175
11 176
11 177
11 178
11 179
11 190
11 191
11 193
12 13
12 14
12 15
12 16
12 17
12 18
12 19
12 20
12 21
12 22
12 23
12 24
12 25
12 26
12 28
12 139
12 141
12 143
12 144
12 145
12 146
12 147
12 148
12 149
12 150
12 151
12 153
12 154
12 155
12 156
12 157
12 158
12 159
12 160
12 161
12 162
12 163
12 164
12 165
12 166
12 167
12 168
12 169
12 170
12 171
12 172
12 173
12 174
12 175
12 176
12 177
12 178
12 179
12 189
12 190
12 191
12 192
13 14
13 15
13 16
13 17
13 18
13 19
13 20
13 21
13 22
13 23
13 24
13 25
13 26
13 83
13 107
13 142
13 143
13 144
13 145
13 146
13 147
13 148
13 149
13 150
13 151
13 152
13 154
13 155
13 156
13 157
13 158
13 159
13 160
13 161
13 162
13 163
13 164
13 165
13 166
13 167
13 168
13 169
13 170
13 171
13 172
13 173
13 174
13 175
13 176
13 177
13 178
13 179
13 189
13 191
14 15
14 16
14 17
14 18
14 19
14 20
14 21
14 22
14 23
14 24
14 25
14 26
14 107
14 139
14 140
14 141
14 142
14 143
14 144
14 145
14 146
14 147
14 148
14 149
14 150
14 151
14 152
14 154
14 155
14 156
14 157
14 158
14 159
14 160
14 161
14 162
14 163
14 164
14 165
14 166
14 167
14 168
14 169
14 170
14 171
14 172
14 173
14 174
14 175
14 176
14 177
14 178
14 179
14 180
14 188
14 189
14 190
14 191
14 194
15 16
15 17
15 18
15 19
15 20
15 21
15 22
15 23
15 24
15 25
15 26
15 27
15 142
15 143
15 144
15 145
15 146
15 147
15 148
15 149
15 150
15 151
15 152
15 154
15 155
15 156
15 157
15 158
15 159
15 160
15 161
15 162
15 163
15 164
15 165
15 166
15 167
15 168
15 169
15 170
15 171
15 172
15 173
15 174
15 175
15 176
15 177
15 178
15 179
15 180
15 181
15 191
15 192
15 206
15 215
16 17
16 18
16 19
16 20
16 21
16 22
16 23
16 24
16 25
16 26
16 102
16 139
16 140
16 141
16 143
16 144
16 145
16 146
16 147
16 148
16 149
16 150
16 151
16 152
16 153
16 154
16 155
16 157
16 158
16 159
16 160
16 161
16 162
16 163
16 164
16 165
16 166
16 167
16 168
16 169
16 170
16 171
16 172
16 173
16 174
16 175
16 176
16 177
16 178
16 179
16 180
16 188
16 189
16 190
16 194
17 18
17 19
17 20
17 21
17 22
17 23
17 24
17 25
17 26
17 27
17 108
17 114
17 140
17 141
17 142
17 144
17 145
17 146
17 147
17 148
17 149
17 150
17 151
17 152
17 153
17 154
17 155
17 156
17 157
17 158
17 159
17 160
17 161
17 162
17 163
17 164
17 165
17 166
17 167
17 168
17 169
17 170
17 171
17 172
17 173
17 174
17 175
17 176
17 177
17 178
17 179
17 180
17 184
17 189
17 190
17 193
18 19
18 20
18 21
18 22
18 23
18 24
18 25
18 26
18 27
18 54
18 142
18 143
18 144
18 145
18 146
18 147
18 148
18 149
18 150
18 151
18 152
18 153
18 154
18 155
18 156
18 157
18 158
18 159
18 160
18 161
18 162
18 163
18 164
18 165
18 166
18 167
18 168
18 169
18 170
18 171
18 172
18 173
18 174
18 175
18 176
18 177
18 178
18 179
18 180
18 189
18 193
18 195
18 233
19 20
19 21
19 22
19 23
19 24
19 25
19 26
19 54
19 59
19 83
19 102
19 107
19 108
19 141
19 142
19 143
19 145
19 146
19 147
19 148
19 149
19 150
19 151
19 152
19 153
19 154
19 155
19 156
19 157
19 158
19 159
19 160
19 161
19 162
19 163
19 164
19 165
19 166
19 167
19 168
19 169
19 170
19 171
19 172
19 173
19 174
19 175
19 176
19 177
19 178
19 179
19 180
19 189
19 192
19 195
19 230
19 231
20 21
20 22
20 23
20 24
20 25
20 26
20 27
20 28
20 38
20 116
20 139
20 142
20 143
20 144
20 146
20 147
20 148
20 149
20 150
20 151
20 152
20 153
20 154
20 155
20 156
20 157
20 158
20 159
20 160
20 161
20 162
20 163
20 164
20 165
20 166
20 167
20 168
20 169
20 170
20 171
20 172
20 173
20 174
20 175
20 176
20 177
20 178
20 179
20 180
20 181
20 189
20 190
20 191
20 192
20 195
20 207
20 208
20 210
21 22
21 23
21 24
21 25
21 26
21 27
21 28
21 49
21 65
21 72
21 92
21 99
21 100
21 109
21 115
21 140
21 142
21 143
21 144
21 145
21 146
21 147
21 148
21 149
21 150
21 151
21 152
21 153
21 154
21 155
21 156
21 157
21 158
21 159
21 160
21 161
21 162
21 163
21 164
21 165
21 166
21 167
21 168
21 169
21 170
21 171
21 172
21 173
21 174
21 175
21 176
21 177
21 178
21 179
21 180
21 182
21 191
21 192
21 193
21 194
21 195
22 23
22 24
22 25
22 26
22 27
22 28
22 53
22 55
22 61
22 72
22 73
22 101
22 128
22 140
22 141
22 142
22 143
22 144
22 145
22 146
22 147
22 148
22 149
22 150
22 151
22 152
22 153
22 154
22 155
22 156
22 157
22 158
22 159
22 160
22 161
22 162
22 163
22 164
22 165
22 166
22 167
22 168
22 169
22 170
22 171
22 172
22 173
22 174
22 175
22 176
22 177
22 178
22 179
22 180
22 181
22 191
22 193
22 195
22 229
22 230
22 295
23 24
23 25
23 26
23 27
23 47
23 93
23 98
23 108
23 115
23 140
23 141
23 142
23 143
23 144
23 145
23 146
23 147
23 148
23 149
23 150
23 151
23 152
23 153
23 154
23 155
23 156
23 157
23 158
23 159
23 160
23 161
23 162
23 163
23 164
23 165
23 166
23 167
23 168
23 169
23 170
23 171
23 172
23 173
23 174
23 175
23 176
23 177
23 178
23 179
23 180
23 182
23 185
23 191
23 192
23 193
23 214
23 220
23 225
23 230
23 231
23 233
24 25
24 26
24 27
24 28
24 29
24 73
24 101
24 103
24 117
24 141
24 142
24 143
24 144
24 146
24 147
24 148
24 149
24 150
24 151
24 152
24 153
24 154
24 155
24 156
24 157
24 158
24 159
24 160
24 161
24 162
24 163
24 164
24 165
24 166
24 167
24 168
24 169
24 170
24 171
24 172
24 173
24 174
24 175
24 176
24 177
24 178
24 179
24 180
24 181
24 183
24 189
24 192
24 226
25 26
25 53
25 54
25 84
25 106
25 109
25 140
25 142
25 143
25 144
25 145
25 146
25 147
25 148
25 149
25 150
25 151
25 152
25 153
25 154
25 155
25 156
25 157
25 158
25 159
25 160
25 161
25 162
25 163
25 164
25 165
25 166
25 167
25 168
25 169
25 170
25 171
25 172
25 173
25 174
25 175
25 176
25 177
25 178
25 179
25 180
25 182
25 190
25 192
25 194
25 232
25 255
26 63
26 140
26 141
26 142
26 146
26 147
26 148
26 149
26 150
26 151
26 152
26 153
26 155
26 157
26 158
26 159
26 160
26 161
26 162
26 163
26 164
26 165
26 166
26 167
26 168
26 169
26 170
26 171
26 172
26 173
26 174
26 175
26 176
26 177
26 178
26 179
26 181
26 192
26 193
26 231
26 276
27 61
27 149
27 155
27 156
27 171
27 172
27 174
27 175
27 176
27 177
27 178
27 179
28 147
28 166
28 172
28 178
28 180
29 110
29 177
29 178
29 207
29 232
30 55
30 59
30 209
31 117
35 153
37 177
39 154
46 179
48 216
49 170
52 145
52 157
53 160
53 169
53 175
53 177
54 169
55 178
58 174
59 178
60 116
60 175
62 74
62 178
64 171
69 177
70 179
73 177
74 144
75 171
84 151
84 166
84 175
86 106
100 176
102 176
103 175
104 169
105 151
105 154
106 141
106 148
106 152
106 161
107 165
107 166
107 172
107 174
107 176
107 177
108 163
108 176
108 178
109 116
109 150
114 170
115 148
115 174
115 178
115 189
116 175
118 169
124 168
129 226
138 152
139 140
139 142
139 143
139 147
139 150
139 156
139 165
139 169
139 173
139 174
139 191
140 141
140 142
140 143
140 144
140 145
140 146
140 147
140 148
140 152
140 154
140 155
140 157
140 158
140 159
140 161
140 163
140 164
140 165
140 168
140 169
140 170
140 172
140 174
140 175
140 179
140 191
141 143
141 144
141 147
141 148
141 149
141 150
141 151
141 152
141 157
141 158
141 159
141 160
141 161
141 163
141 164
141 165
141 166
141 167
141 168
141 169
141 170
141 171
141 172
141 173
141 175
141 176
141 177
141 178
141 179
141 189
141 193
142 143
142 144
142 145
142 147
142 149
142 151
142 152
142 153
142 155
142 158
142 159
142 160
142 161
142 163
142 164
142 166
142 167
142 168
142 170
142 171
142 173
142 174
142 176
142 177
142 179
142 189
142 192
143 144
143 145
143 148
143 149
143 151
143 154
143 155
143 157
143 160
143 161
143 162
143 165
143 166
143 167
143 168
143 170
143 171
143 172
143 173
143 174
143 176
143 177
143 178
143 179
143 228
144 145
144 146
144 147
144 148
144 149
144 150
144 151
144 152
144 154
144 155
144 156
144 157
144 158
144 159
144 161
144 162
144 163
144 164
144 165
144 166
144 167
144 168
144 169
144 170
144 172
144 173
144 174
144 175
144 176
144 177
144 178
144 179
144 180
144 188
144 189
144 191
144 229
145 146
145 147
145 148
145 149
145 150
145 151
145 152
145 153
145 154
145 155
145 156
145 157
145 158
145 159
145 161
145 162
145 163
145 164
145 165
145 166
145 168
145 169
145 170
145 171
145 172
145 173
145 175
145 176
145 177
145 178
145 179
145 188
145 191
146 147
146 148
146 149
146 150
146 151
146 152
146 154
146 155
146 156
146 157
146 158
146 159
146 160
146 161
146 162
146 163
146 164
146 165
146 166
146 167
146 168
146 169
146 170
146 171
146 172
146 173
146 174
146 175
146 176
146 177
146 178
146 179
146 190
146 191
146 193
146 195
147 148
147 149
147 150
147 151
147 152
147 153
147 155
147 156
147 157
147 158
147 159
147 160
147 161
147 162
147 163
147 164
147 165
147 166
147 167
147 168
147 169
147 170
147 171
147 172
147 173
147 174
147 175
147 176
147 177
147 178
147 179
147 180
147 188
147 189
147 190
147 191
147 192
147 193
148 149
148 150
148 151
148 152
148 153
148 154
148 155
148 157
148 158
148 159
148 160
148 161
148 162
148 163
148 164
148 165
148 166
148 167
148 168
148 169
148 170
148 171
148 172
148 173
148 174
148 175
148 176
148 177
148 178
148 179
148 189
148 190
148 192
148 195
149 150
149 151
149 152
149 154
149 155
149 156
149 157
149 158
149 159
149 160
149 161
149 162
149 163
149 164
149 165
149 167
149 168
149 169
149 170
149 171
149 172
149 173
149 174
149 175
149 176
149 177
149 178
149 179
149 191
149 192
149 193
149 230
150 151
150 152
150 153
150 154
150 155
150 156
150 157
150 158
150 159
150 160
150 161
150 162
150 163
150 164
150 165
150 166
150 167
150 168
150 169
150 170
150 171
150 172
150 173
150 174
150 175
150 176
150 177
150 178
150 179
150 180
150 188
150 189
150 193
150 234
151 152
151 153
151 154
151 155
151 156
151 157
151 158
151 159
151 160
151 161
151 162
151 163
151 164
151 165
151 166
151 167
151 168
151 169
151 170
151 171
151 172
151 173
151 174
151 175
151 176
151 177
151 178
151 179
151 180
151 189
151 190
151 191
151 229
151 231
151 232
152 153
152 154
152 155
152 156
152 158
152 160
152 161
152 162
152 163
152 164
152 165
152 167
152 168
152 169
152 170
152 171
152 172
152 173
152 174
152 175
152 176
152 177
152 178
152 179
152 180
152 190
152 191
152 192
152 230
153 154
153 156
153 157
153 158
153 159
153 160
153 161
153 164
153 165
153 166
153 167
153 168
153 169
153 170
153 171
153 172
153 173
153 174
153 175
153 176
153 177
153 178
153 179
153 190
153 194
153 229
154 155
154 157
154 158
154 159
154 160
154 161
154 162
154 163
154 164
154 165
154 167
154 168
154 170
154 172
154 173
154 174
154 175
154 176
154 177
154 179
154 180
154 191
154 192
154 230
154 296
155 156
155 157
155 158
155 159
155 160
155 161
155 162
155 163
155 164
155 165
155 166
155 167
155 168
155 169
155 170
155 172
155 173
155 174
155 176
155 177
155 178
155 179
155 189
155 192
155 193
155 230
156 157
156 158
156 159
156 160
156 161
156 162
156 163
156 164
156 165
156 166
156 167
156 168
156 169
156 170
156 171
156 172
156 173
156 174
156 175
156 176
156 177
156 178
156 179
156 189
156 190
156 192
156 194
157 158
157 161
157 162
157 163
157 165
157 166
157 167
157 168
157 169
157 170
157 171
157 172
157 173
157 174
157 175
157 176
157 178
157 179
157 180
157 188
157 189
157 190
157 192
157 194
158 159
158 160
158 161
158 162
158 163
158 164
158 165
158 166
158 167
158 168
158 170
158 171
158 172
158 173
158 174
158 175
158 176
158 177
158 178
158 179
158 180
158 181
158 189
158 229
158 230
159 160
159 161
159 162
159 163
159 164
159 165
159 166
159 167
159 168
159 169
159 170
159 171
159 172
159 173
159 174
159 175
159 176
159 177
159 178
159 179
159 180
159 181
159 183
159 188
159 190
159 191
159 192
159 193
160 161
160 162
160 163
160 164
160 165
160 166
160 167
160 168
160 169
160 170
160 171
160 172
160 173
160 174
160 175
160 176
160 177
160 179
160 180
160 190
160 191
160 192
160 206
161 162
161 163
161 164
161 165
161 166
161 167
161 168
161 169
161 170
161 171
161 172
161 173
161 174
161 175
161 176
161 177
161 178
161 179
161 180
161 188
161 189
161 229
161 230
162 163
162 164
162 165
162 166
162 167
162 168
162 169
162 170
162 171
162 172
162 173
162 174
162 175
162 176
162 177
162 178
162 179
162 180
162 189
162 190
162 193
162 194
163 164
163 165
163 166
163 167
163 168
163 169
163 170
163 171
163 172
163 173
163 174
163 175
163 176
163 177
163 178
163 179
163 180
163 192
163 206
164 165
164 166
164 167
164 168
164 169
164 170
164 171
164 172
164 173
164 174
164 175
164 176
164 177
164 178
164 179
164 180
164 181
164 189
164 190
164 191
164 192
165 166
165 167
165 168
165 169
165 170
165 171
165 172
165 173
165 174
165 175
165 176
165 177
165 178
165 179
165 180
165 189
165 190
165 192
166 167
166 168
166 169
166 170
166 171
166 172
166 173
166 174
166 175
166 176
166 177
166 178
166 179
166 180
166 181
166 190
167 168
167 169
167 170
167 171
167 172
167 173
167 174
167 175
167 176
167 177
167 178
167 179
167 190
167 193
167 207
168 169
168 170
168 171
168 172
168 173
168 174
168 175
168 176
168 177
168 178
168 179
168 180
168 191
168 193
168 215
169 170
169 171
169 172
169 173
169 174
169 175
169 176
169 177
169 178
169 179
169 189
169 190
169 192
170 171
170 172
170 173
170 174
170 175
170 176
170 177
170 178
170 179
170 189
170 190
170 191
171 172
171 173
171 174
171 175
171 176
171 177
171 178
171 179
171 180
171 190
171 191
171 193
172 173
172 174
172 175
172 176
172 177
172 178
172 179
172 180
172 189
172 190
172 191
172 192
172 254
173 174
173 175
173 176
173 177
173 178
173 179
173 180
173 181
173 191
173 192
173 193
173 223
174 175
174 176
174 177
174 178
174 179
174 180
174 181
174 182
174 190
174 191
174 193
174 194
174 228
175 176
175 177
175 178
175 179
175 180
175 191
175 192
175 206
176 177
176 178
176 179
176 180
176 181
176 190
176 191
176 192
176 193
176 232
176 241
177 178
177 179
177 180
177 189
177 190
177 191
177 192
177 193
177 194
177 215
177 229
177 230
177 231
177 232
177 254
178 179
178 180
178 181
178 191
178 192
178 193
178 195
178 196
178 293
179 180
179 181
179 189
179 190
179 192
179 193
179 196
179 230
179 231
180 181
180 194
180 196
181 193
182 192
182 208
182 281
183 282
189 191
190 191
190 192
193 287
194 197
194 231
196 232
233 280
