1 2
1 3
1 4
1 5
1 6
1 7
1 8
1 9
1 10
1 11
1 12
1 13
1 14
1 15
1 16
1 17
1 18
1 19
1 20
1 21
1 22
1 23
1 24
1 25
1 26
1 27
1 28
1 29
1 30
1 31
1 32
1 33
1 34
1 35
1 36
1 37
1 38
1 39
1 40
1 41
1 42
1 43
1 44
1 45
1 46
1 47
1 48
1 49
1 50
1 51
1 52
1 53
1 54
1 55
1 56
1 57
1 58
1 59
1 60
1 61
1 62
1 63
1 64
1 65
1 66
1 67
1 68
1 69
1 70
1 71
1 72
1 73
1 74
1 75
1 76
1 77
1 78
1 96
1 204
1 207
1 208
1 209
1 210
1 211
1 212
1 213
1 214
1 215
1 216
1 217
1 218
1 219
1 220
1 221
1 235
1 236
1 237
1 238
1 240
1 241
1 242
2 3
2 4
2 5
2 6
2 7
2 8
2 9
2 10
2 11
2 12
2 13
2 14
2 15
2 16
2 17
2 18
2 19
2 20
2 21
2 22
2 23
2 24
2 25
2 26
2 27
2 28
2 29
2 30
2 31
2 32
2 33
2 34
2 35
2 36
2 37
2 38
2 39
2 40
2 41
2 42
2 43
2 44
2 45
2 46
2 47
2 48
2 49
2 50
2 51
2 52
2 53
2 54
2 55
2 56
2 57
2 58
2 59
2 60
2 61
2 62
2 63
2 64
2 65
2 66
2 67
2 68
2 69
2 70
2 71
2 72
2 73
2 74
2 75
2 76
2 77
2 78
2 142
2 204
2 205
2 206
2 207
2 208
2 209
2 210
2 211
2 212
2 213
2 214
2 215
2 216
2 217
2 218
2 219
2 220
2 221
2 222
2 225
2 235
2 236
2 237
2 238
2 239
3 4
3 5
3 6
3 7
3 8
3 9
3 10
3 11
3 12
3 13
3 14
3 15
3 16
3 17
3 18
3 19
3 20
3 21
3 22
3 23
3 24
3 25
3 26
3 27
3 28
3 29
3 30
3 31
3 32
3 33
3 34
3 35
3 36
3 37
3 38
3 39
3 40
3 41
3 42
3 43
3 44
3 45
3 46
3 47
3 48
3 49
3 50
3 51
3 52
3 53
3 54
3 55
3 56
3 57
3 58
3 59
3 60
3 61
3 62
3 63
3 64
3 65
3 66
3 67
3 68
3 69
3 70
3 71
3 72
3 73
3 74
3 75
3 76
3 77
3 78
3 146
3 206
3 207
3 209
3 210
3 211
3 213
3 214
3 215
3 216
3 217
3 218
3 219
3 220
3 221
3 222
3 224
3 234
3 237
3 238
3 239
3 240
3 241
3 242
3 263
4 5
4 6
4 7
4 8
4 9
4 10
4 11
4 12
4 13
4 14
4 15
4 16
4 17
4 18
4 19
4 20
4 21
4 22
4 23
4 24
4 25
4 26
4 27
4 28
4 29
4 30
4 31
4 32
4 33
4 34
4 35
4 36
4 37
4 38
4 39
4 40
4 41
4 42
4 43
4 44
4 45
4 46
4 47
4 48
4 49
4 50
4 51
4 52
4 53
4 54
4 55
4 56
4 57
4 58
4 59
4 60
4 61
4 62
4 63
4 64
4 65
4 66
4 67
4 68
4 69
4 70
4 71
4 72
4 73
4 74
4 75
4 76
4 77
4 110
4 205
4 206
4 209
4 210
4 211
4 213
4 214
4 215
4 216
4 217
4 218
4 219
4 220
4 221
4 234
4 238
4 239
4 240
4 241
4 242
5 6
5 7
5 8
5 9
5 10
5 11
5 12
5 13
5 14
5 15
5 16
5 17
5 18
5 19
5 20
5 21
5 22
5 23
5 24
5 25
5 26
5 27
5 28
5 29
5 30
5 31
5 32
5 33
5 34
5 35
5 36
5 37
5 38
5 39
5 40
5 41
5 42
5 43
5 44
5 45
5 46
5 47
5 48
5 49
5 50
5 51
5 52
5 53
5 54
5 55
5 56
5 57
5 58
5 59
5 60
5 61
5 62
5 63
5 64
5 65
5 66
5 67
5 68
5 69
5 70
5 71
5 72
5 73
5 74
5 75
5 76
5 77
5 78
5 86
5 203
5 205
5 206
5 207
5 208
5 209
5 210
5 211
5 213
5 214
5 215
5 216
5 217
5 218
5 219
5 220
5 221
5 222
5 223
5 224
5 234
5 237
5 238
5 239
5 240
6 7
6 8
6 9
6 10
6 11
6 12
6 13
6 14
6 15
6 16
6 17
6 18
6 19
6 20
6 21
6 22
6 23
6 24
6 25
6 26
6 27
6 28
6 29
6 30
6 31
6 32
6 33
6 34
6 35
6 36
6 37
6 38
6 39
6 40
6 41
6 42
6 43
6 44
6 45
6 46
6 47
6 48
6 49
6 50
6 51
6 52
6 53
6 54
6 55
6 56
6 57
6 58
6 59
6 60
6 61
6 62
6 63
6 64
6 65
6 66
6 67
6 68
6 69
6 70
6 71
6 72
6 73
6 74
6 75
6 76
6 77
6 78
6 203
6 204
6 206
6 207
6 208
6 209
6 210
6 211
6 212
6 213
6 214
6 215
6 216
6 217
6 218
6 219
6 220
6 221
6 223
6 224
6 225
6 234
6 235
6 238
6 239
6 241
7 8
7 9
7 10
7 11
7 12
7 13
7 14
7 15
7 16
7 17
7 18
7 19
7 20
7 21
7 22
7 23
7 24
7 25
7 26
7 27
7 28
7 29
7 30
7 31
7 32
7 33
7 34
7 35
7 36
7 37
7 38
7 39
7 40
7 41
7 42
7 43
7 44
7 45
7 46
7 47
7 48
7 49
7 50
7 51
7 52
7 53
7 54
7 55
7 56
7 57
7 58
7 59
7 60
7 61
7 62
7 63
7 64
7 65
7 66
7 67
7 68
7 69
7 70
7 71
7 72
7 73
7 74
7 75
7 76
7 77
7 78
7 79
7 204
7 206
7 207
7 208
7 209
7 210
7 212
7 213
7 214
7 215
7 216
7 217
7 218
7 219
7 220
7 221
7 222
7 223
7 235
7 237
7 238
7 239
7 240
7 241
7 244
7 263
8 9
8 10
8 11
8 12
8 13
8 14
8 15
8 16
8 17
8 18
8 19
8 20
8 21
8 22
8 23
8 24
8 25
8 26
8 27
8 28
8 29
8 30
8 31
8 32
8 33
8 34
8 35
8 36
8 37
8 38
8 39
8 40
8 41
8 42
8 43
8 44
8 45
8 46
8 47
8 48
8 49
8 50
8 51
8 52
8 53
8 54
8 55
8 56
8 57
8 58
8 59
8 60
8 61
8 62
8 63
8 64
8 65
8 66
8 67
8 68
8 69
8 70
8 71
8 72
8 73
8 74
8 75
8 76
8 77
8 78
8 203
8 204
8 206
8 207
8 208
8 209
8 210
8 211
8 212
8 213
8 214
8 215
8 216
8 217
8 218
8 219
8 220
8 221
8 222
8 230
8 233
8 234
8 235
8 238
8 239
8 240
9 10
9 11
9 12
9 13
9 14
9 15
9 16
9 17
9 18
9 19
9 20
9 21
9 22
9 23
9 24
9 25
9 26
9 27
9 28
9 29
9 30
9 31
9 32
9 33
9 34
9 35
9 36
9 37
9 38
9 39
9 40
9 41
9 42
9 43
9 44
9 45
9 46
9 47
9 48
9 49
9 50
9 51
9 52
9 53
9 54
9 55
9 56
9 57
9 58
9 59
9 60
9 61
9 62
9 63
9 64
9 65
9 66
9 67
9 68
9 69
9 70
9 71
9 72
9 73
9 74
9 75
9 76
9 77
9 120
9 203
9 204
9 205
9 206
9 210
9 211
9 212
9 213
9 214
9 215
9 216
9 217
9 218
9 219
9 220
9 221
9 222
9 224
9 227
9 232
9 235
9 236
9 238
9 239
9 240
9 241
10 11
10 12
10 13
10 14
10 15
10 16
10 17
10 18
10 19
10 20
10 21
10 22
10 23
10 24
10 25
10 26
10 27
10 28
10 29
10 30
10 31
10 32
10 33
10 34
10 35
10 36
10 37
10 38
10 39
10 40
10 41
10 42
10 43
10 44
10 45
10 46
10 47
10 48
10 49
10 50
10 51
10 52
10 53
10 54
10 55
10 56
10 57
10 58
10 59
10 60
10 61
10 62
10 63
10 64
10 65
10 66
10 67
10 68
10 69
10 70
10 71
10 72
10 73
10 74
10 75
10 76
10 77
10 78
10 123
10 206
10 207
10 208
10 209
10 210
10 211
10 212
10 213
10 214
10 215
10 216
10 217
10 218
10 219
10 220
10 221
10 222
10 223
10 225
10 237
10 238
10 240
11 12
11 13
11 14
11 15
11 16
11 17
11 18
11 19
11 20
11 21
11 22
11 23
11 24
11 25
11 26
11 27
11 28
11 29
11 30
11 31
11 32
11 33
11 34
11 35
11 36
11 37
11 38
11 39
11 40
11 41
11 42
11 43
11 44
11 45
11 46
11 47
11 48
11 49
11 50
11 51
11 52
11 53
11 54
11 55
11 56
11 57
11 58
11 59
11 60
11 61
11 62
11 63
11 64
11 65
11 66
11 67
11 68
11 69
11 70
11 71
11 72
11 73
11 74
11 75
11 76
11 77
11 78
11 110
11 114
11 206
11 208
11 210
11 211
11 212
11 213
11 214
11 215
11 216
11 217
11 218
11 219
11 220
11 221
11 222
11 223
11 236
11 237
11 238
11 239
11 240
11 243
12 13
12 14
12 15
12 16
12 17
12 18
12 19
12 20
12 21
12 22
12 23
12 24
12 25
12 26
12 27
12 28
12 29
12 30
12 31
12 32
12 33
12 34
12 35
12 36
12 37
12 38
12 39
12 40
12 41
12 42
12 43
12 44
12 45
12 46
12 47
12 48
12 49
12 50
12 51
12 52
12 53
12 54
12 55
12 56
12 57
12 58
12 59
12 60
12 61
12 62
12 63
12 64
12 65
12 66
12 67
12 68
12 69
12 70
12 71
12 72
12 73
12 74
12 75
12 76
12 77
12 78
12 79
12 96
12 202
12 203
12 204
12 205
12 207
12 208
12 209
12 210
12 212
12 213
12 214
12 215
12 216
12 217
12 218
12 219
12 220
12 221
12 222
12 238
12 239
12 242
13 14
13 15
13 16
13 17
13 18
13 19
13 20
13 21
13 22
13 23
13 24
13 25
13 26
13 27
13 28
13 29
13 30
13 31
13 32
13 33
13 34
13 35
13 36
13 37
13 38
13 39
13 40
13 41
13 42
13 43
13 44
13 45
13 46
13 47
13 48
13 49
13 50
13 51
13 52
13 53
13 54
13 55
13 56
13 57
13 58
13 59
13 60
13 61
13 62
13 63
13 64
13 65
13 66
13 67
13 68
13 69
13 70
13 71
13 72
13 73
13 74
13 75
13 76
13 77
13 78
13 119
13 202
13 203
13 204
13 205
13 206
13 207
13 208
13 209
13 210
13 212
13 213
13 214
13 215
13 216
13 217
13 218
13 219
13 220
13 221
13 222
13 224
13 235
13 236
13 237
13 238
13 239
13 240
14 15
14 16
14 17
14 18
14 19
14 20
14 21
14 23
14 24
14 25
14 26
14 27
14 28
14 29
14 30
14 31
14 32
14 34
14 35
14 36
14 37
14 38
14 39
14 40
14 41
14 42
14 43
14 44
14 45
14 46
14 47
14 48
14 49
14 50
14 51
14 52
14 53
14 54
14 55
14 56
14 57
14 58
14 59
14 60
14 61
14 62
14 63
14 64
14 65
14 66
14 67
14 68
14 69
14 70
14 71
14 72
14 73
14 74
14 75
14 76
14 77
14 78
14 204
14 205
14 208
14 209
14 210
14 212
14 213
14 214
14 215
14 216
14 218
14 219
14 220
14 221
14 222
14 234
14 235
14 238
14 240
15 16
15 17
15 18
15 19
15 20
15 21
15 22
15 23
15 24
15 25
15 26
15 27
15 28
15 29
15 30
15 31
15 32
15 33
15 34
15 35
15 36
15 37
15 38
15 39
15 40
15 41
15 42
15 43
15 44
15 45
15 46
15 47
15 48
15 49
15 50
15 51
15 52
15 53
15 54
15 55
15 56
15 57
15 58
15 59
15 60
15 61
15 62
15 63
15 64
15 65
15 66
15 67
15 68
15 69
15 70
15 71
15 72
15 73
15 74
15 75
15 76
15 77
15 78
15 79
15 204
15 205
15 207
15 208
15 209
15 210
15 211
15 213
15 214
15 215
15 216
15 217
15 218
15 219
15 220
15 221
15 222
15 235
15 238
15 240
15 241
16 17
16 18
16 19
16 20
16 21
16 22
16 23
16 24
16 25
16 26
16 27
16 28
16 29
16 30
16 31
16 32
16 33
16 34
16 35
16 36
16 37
16 38
16 39
16 40
16 41
16 42
16 43
16 44
16 45
16 46
16 47
16 48
16 49
16 50
16 51
16 52
16 53
16 54
16 55
16 56
16 57
16 58
16 59
16 60
16 61
16 62
16 63
16 64
16 65
16 66
16 67
16 68
16 69
16 70
16 71
16 72
16 73
16 74
16 75
16 76
16 77
16 80
16 205
16 207
16 208
16 209
16 210
16 211
16 212
16 213
16 214
16 215
16 216
16 217
16 218
16 219
16 220
16 221
16 223
16 234
16 238
16 239
16 240
16 241
17 18
17 19
17 20
17 21
17 22
17 23
17 24
17 26
17 27
17 28
17 29
17 30
17 31
17 32
17 33
17 34
17 35
17 36
17 37
17 38
17 39
17 40
17 41
17 42
17 43
17 44
17 45
17 46
17 47
17 48
17 49
17 50
17 51
17 52
17 53
17 54
17 55
17 56
17 57
17 58
17 59
17 60
17 61
17 62
17 63
17 64
17 65
17 66
17 67
17 68
17 69
17 70
17 71
17 72
17 73
17 74
17 75
17 76
17 77
17 78
17 141
17 207
17 210
17 212
17 213
17 214
17 215
17 216
17 217
17 218
17 219
17 220
17 221
17 222
17 223
17 226
17 233
17 234
17 237
17 238
17 239
17 242
18 19
18 20
18 22
18 23
18 24
18 26
18 27
18 28
18 29
18 30
18 31
18 32
18 33
18 34
18 35
18 36
18 37
18 38
18 39
18 40
18 41
18 42
18 43
18 44
18 45
18 46
18 47
18 48
18 49
18 50
18 51
18 52
18 53
18 54
18 55
18 56
18 57
18 58
18 59
18 60
18 61
18 62
18 63
18 64
18 65
18 66
18 67
18 68
18 69
18 70
18 71
18 72
18 73
18 74
18 75
18 76
18 77
18 78
18 81
18 205
18 206
18 207
18 208
18 210
18 211
18 212
18 213
18 214
18 215
18 216
18 217
18 218
18 219
18 220
18 221
18 222
18 237
18 238
18 239
18 240
19 20
19 21
19 22
19 23
19 24
19 25
19 26
19 27
19 28
19 29
19 30
19 31
19 32
19 33
19 34
19 35
19 36
19 37
19 38
19 39
19 40
19 41
19 42
19 43
19 44
19 45
19 46
19 47
19 48
19 49
19 50
19 51
19 52
19 53
19 54
19 55
19 56
19 57
19 58
19 59
19 60
19 61
19 62
19 63
19 64
19 65
19 66
19 67
19 68
19 69
19 70
19 71
19 73
19 74
19 75
19 76
19 77
19 204
19 205
19 206
19 207
19 208
19 210
19 211
19 212
19 213
19 214
19 215
19 216
19 217
19 218
19 219
19 220
19 221
19 223
19 224
19 236
19 237
19 238
19 239
19 240
19 241
20 21
20 22
20 23
20 24
20 25
20 26
20 27
20 28
20 29
20 30
20 31
20 32
20 33
20 34
20 35
20 36
20 37
20 38
20 39
20 40
20 41
20 42
20 43
20 44
20 45
20 46
20 47
20 48
20 49
20 50
20 51
20 52
20 53
20 54
20 55
20 56
20 57
20 58
20 59
20 60
20 61
20 62
20 63
20 64
20 65
20 66
20 67
20 68
20 69
20 70
20 71
20 72
20 73
20 74
20 75
20 76
20 77
20 78
20 203
20 204
20 206
20 207
20 208
20 209
20 210
20 211
20 212
20 213
20 214
20 215
20 216
20 217
20 218
20 219
20 220
20 221
20 223
20 231
20 234
20 238
20 239
20 240
21 22
21 23
21 24
21 25
21 26
21 27
21 28
21 29
21 30
21 31
21 32
21 33
21 34
21 35
21 36
21 37
21 38
21 39
21 40
21 41
21 42
21 43
21 44
21 45
21 46
21 47
21 48
21 49
21 50
21 51
21 52
21 53
21 54
21 55
21 56
21 57
21 58
21 59
21 60
21 61
21 62
21 63
21 64
21 65
21 66
21 67
21 68
21 69
21 70
21 71
21 72
21 73
21 74
21 75
21 76
21 77
21 119
21 204
21 205
21 208
21 210
21 211
21 212
21 213
21 214
21 215
21 216
21 217
21 218
21 219
21 220
21 221
21 222
21 223
21 234
21 237
21 238
21 239
21 240
21 241
22 23
22 24
22 25
22 26
22 27
22 28
22 29
22 30
22 31
22 32
22 33
22 34
22 35
22 36
22 37
22 38
22 39
22 40
22 41
22 42
22 43
22 44
22 45
22 46
22 47
22 48
22 49
22 50
22 51
22 52
22 53
22 54
22 55
22 56
22 57
22 58
22 59
22 60
22 61
22 62
22 63
22 64
22 65
22 66
22 67
22 68
22 69
22 70
22 71
22 72
22 73
22 74
22 75
22 76
22 77
22 204
22 205
22 208
22 209
22 210
22 211
22 212
22 213
22 214
22 215
22 217
22 218
22 219
22 220
22 221
22 222
22 224
22 234
22 235
22 237
23 24
23 25
23 26
23 27
23 29
23 30
23 31
23 32
23 33
23 34
23 35
23 36
23 37
23 38
23 39
23 40
23 41
23 42
23 43
23 44
23 45
23 46
23 47
23 48
23 49
23 50
23 51
23 52
23 53
23 54
23 55
23 56
23 57
23 58
23 59
23 60
23 61
23 62
23 63
23 64
23 65
23 66
23 67
23 68
23 69
23 70
23 71
23 72
23 73
23 74
23 75
23 76
23 77
23 206
23 207
23 209
23 211
23 212
23 213
23 214
23 215
23 216
23 217
23 218
23 219
23 220
23 221
23 222
23 224
23 235
23 237
23 238
23 239
23 240
23 241
24 25
24 26
24 27
24 28
24 29
24 30
24 31
24 32
24 33
24 34
24 35
24 36
24 37
24 38
24 39
24 40
24 41
24 42
24 43
24 44
24 45
24 46
24 47
24 48
24 49
24 50
24 51
24 52
24 53
24 54
24 55
24 56
24 57
24 58
24 59
24 60
24 61
24 62
24 63
24 64
24 65
24 66
24 67
24 68
24 69
24 70
24 71
24 72
24 73
24 74
24 75
24 76
24 77
24 120
24 206
24 207
24 208
24 209
24 210
24 211
24 213
24 214
24 215
24 216
24 217
24 218
24 219
24 220
24 221
24 223
24 224
24 230
24 237
24 238
24 239
24 240
25 26
25 27
25 28
25 29
25 30
25 31
25 32
25 33
25 34
25 35
25 36
25 37
25 38
25 39
25 40
25 41
25 42
25 43
25 44
25 45
25 46
25 47
25 48
25 49
25 50
25 51
25 52
25 53
25 54
25 55
25 56
25 57
25 58
25 59
25 60
25 61
25 62
25 63
25 64
25 65
25 66
25 67
25 68
25 69
25 70
25 71
25 72
25 73
25 74
25 75
25 76
25 77
25 78
25 202
25 205
25 206
25 207
25 208
25 209
25 210
25 211
25 212
25 213
25 214
25 215
25 216
25 217
25 218
25 219
25 220
25 221
25 222
25 235
25 236
25 238
25 239
25 240
25 241
26 27
26 28
26 29
26 30
26 31
26 32
26 34
26 35
26 36
26 37
26 38
26 39
26 40
26 41
26 42
26 43
26 44
26 45
26 46
26 47
26 48
26 49
26 50
26 51
26 52
26 53
26 54
26 55
26 56
26 57
26 58
26 59
26 60
26 61
26 62
26 63
26 64
26 65
26 66
26 67
26 68
26 69
26 70
26 71
26 72
26 73
26 74
26 75
26 76
26 77
26 78
26 202
26 204
26 205
26 207
26 208
26 209
26 210
26 211
26 212
26 213
26 214
26 215
26 216
26 217
26 218
26 219
26 220
26 221
26 222
26 223
26 234
26 236
26 237
26 239
26 240
27 28
27 29
27 30
27 31
27 32
27 33
27 34
27 35
27 36
27 37
27 38
27 39
27 40
27 41
27 42
27 43
27 44
27 45
27 46
27 47
27 48
27 49
27 50
27 51
27 52
27 53
27 54
27 55
27 56
27 57
27 58
27 59
27 61
27 62
27 63
27 64
27 65
27 66
27 67
27 68
27 69
27 70
27 71
27 72
27 73
27 74
27 75
27 76
27 77
27 79
27 85
27 205
27 206
27 207
27 209
27 210
27 212
27 213
27 214
27 215
27 216
27 217
27 218
27 219
27 220
27 221
27 233
27 235
27 237
27 238
27 239
27 241
27 247
28 29
28 30
28 31
28 32
28 33
28 34
28 35
28 36
28 37
28 38
28 39
28 40
28 41
28 42
28 43
28 44
28 45
28 46
28 47
28 48
28 49
28 50
28 51
28 52
28 53
28 54
28 55
28 56
28 57
28 58
28 59
28 60
28 61
28 62
28 63
28 64
28 65
28 66
28 67
28 68
28 69
28 70
28 71
28 72
28 73
28 74
28 75
28 76
28 77
28 79
28 112
28 205
28 206
28 207
28 211
28 212
28 213
28 214
28 215
28 216
28 217
28 218
28 219
28 220
28 221
28 223
28 235
28 236
28 237
28 239
28 240
28 241
29 30
29 31
29 32
29 33
29 34
29 35
29 36
29 37
29 38
29 39
29 40
29 41
29 42
29 43
29 44
29 45
29 46
29 47
29 48
29 49
29 50
29 51
29 52
29 53
29 54
29 55
29 56
29 57
29 58
29 59
29 60
29 61
29 62
29 63
29 64
29 65
29 66
29 67
29 68
29 69
29 70
29 71
29 72
29 73
29 74
29 75
29 76
29 77
29 78
29 94
29 205
29 206
29 207
29 208
29 209
29 210
29 211
29 212
29 213
29 214
29 215
29 216
29 217
29 218
29 219
29 220
29 221
29 222
29 234
29 236
29 237
29 238
29 240
29 241
29 244
30 31
30 32
30 33
30 34
30 35
30 36
30 37
30 38
30 39
30 40
30 41
30 42
30 43
30 44
30 45
30 46
30 47
30 48
30 49
30 50
30 51
30 52
30 53
30 54
30 55
30 56
30 57
30 58
30 59
30 60
30 61
30 62
30 63
30 64
30 65
30 66
30 67
30 68
30 69
30 70
30 71
30 72
30 73
30 74
30 75
30 76
30 77
30 78
30 205
30 206
30 207
30 209
30 210
30 211
30 212
30 213
30 214
30 215
30 216
30 217
30 218
30 219
30 220
30 221
30 222
30 231
30 234
30 235
30 238
30 239
30 240
30 241
31 32
31 33
31 34
31 35
31 36
31 37
31 38
31 39
31 40
31 41
31 42
31 43
31 44
31 45
31 46
31 47
31 48
31 49
31 50
31 51
31 52
31 53
31 54
31 55
31 56
31 57
31 58
31 59
31 60
31 61
31 62
31 63
31 64
31 65
31 66
31 67
31 69
31 70
31 71
31 72
31 73
31 74
31 75
31 76
31 77
31 78
31 79
31 204
31 205
31 206
31 208
31 210
31 211
31 212
31 213
31 215
31 216
31 217
31 218
31 219
31 220
31 221
31 233
31 235
31 236
31 237
31 239
31 240
31 241
31 268
32 33
32 34
32 35
32 36
32 37
32 38
32 39
32 40
32 41
32 42
32 43
32 44
32 45
32 46
32 47
32 48
32 49
32 50
32 51
32 52
32 53
32 54
32 55
32 56
32 57
32 58
32 59
32 60
32 61
32 62
32 63
32 64
32 65
32 66
32 67
32 68
32 69
32 70
32 71
32 72
32 73
32 74
32 75
32 76
32 77
32 203
32 204
32 205
32 207
32 208
32 209
32 210
32 211
32 213
32 214
32 215
32 216
32 217
32 218
32 219
32 220
32 221
32 222
32 223
32 224
32 225
32 235
32 237
32 238
32 239
32 242
32 245
33 34
33 35
33 36
33 37
33 38
33 39
33 40
33 41
33 42
33 43
33 44
33 45
33 46
33 47
33 48
33 49
33 50
33 51
33 52
33 53
33 54
33 55
33 56
33 57
33 58
33 59
33 60
33 61
33 62
33 63
33 64
33 65
33 66
33 67
33 68
33 69
33 70
33 71
33 72
33 73
33 74
33 75
33 76
33 77
33 203
33 204
33 205
33 206
33 207
33 208
33 209
33 210
33 211
33 212
33 213
33 214
33 215
33 216
33 217
33 218
33 219
33 220
33 221
33 222
33 235
33 236
33 238
33 239
33 240
34 35
34 36
34 37
34 38
34 39
34 40
34 41
34 42
34 43
34 44
34 45
34 46
34 47
34 48
34 49
34 50
34 51
34 52
34 53
34 54
34 55
34 56
34 57
34 58
34 59
34 60
34 61
34 62
34 63
34 64
34 65
34 66
34 67
34 68
34 69
34 70
34 71
34 72
34 73
34 74
34 75
34 76
34 77
34 207
34 208
34 209
34 211
34 212
34 213
34 214
34 215
34 216
34 217
34 218
34 219
34 220
34 221
34 225
34 234
34 235
34 238
34 240
34 241
34 242
35 36
35 37
35 38
35 39
35 40
35 41
35 42
35 43
35 44
35 45
35 46
35 47
35 48
35 49
35 50
35 51
35 52
35 53
35 54
35 55
35 56
35 57
35 58
35 59
35 60
35 61
35 62
35 63
35 64
35 65
35 66
35 67
35 68
35 69
35 70
35 71
35 72
35 73
35 74
35 75
35 76
35 77
35 78
35 137
35 203
35 205
35 206
35 207
35 209
35 210
35 212
35 213
35 214
35 215
35 216
35 217
35 218
35 219
35 220
35 221
35 222
35 223
35 234
35 236
35 237
35 239
35 240
35 241
35 262
36 37
36 38
36 39
36 40
36 41
36 42
36 43
36 44
36 45
36 46
36 47
36 48
36 49
36 50
36 51
36 52
36 53
36 54
36 55
36 56
36 57
36 58
36 59
36 60
36 61
36 62
36 63
36 64
36 65
36 66
36 67
36 68
36 69
36 70
36 71
36 72
36 73
36 74
36 75
36 76
36 77
36 78
36 149
36 204
36 205
36 206
36 207
36 208
36 209
36 210
36 211
36 212
36 213
36 214
36 215
36 216
36 217
36 218
36 219
36 220
36 221
36 222
36 223
36 235
36 237
36 240
36 241
36 242
37 38
37 39
37 40
37 41
37 42
37 43
37 44
37 45
37 46
37 47
37 48
37 49
37 50
37 51
37 52
37 53
37 54
37 55
37 56
37 57
37 58
37 59
37 60
37 61
37 62
37 63
37 64
37 65
37 66
37 67
37 68
37 69
37 70
37 71
37 72
37 73
37 74
37 75
37 76
37 77
37 78
37 79
37 203
37 206
37 208
37 209
37 210
37 211
37 212
37 213
37 215
37 216
37 217
37 218
37 219
37 220
37 221
37 222
37 236
37 237
37 238
37 239
38 39
38 40
38 41
38 42
38 43
38 44
38 45
38 46
38 47
38 48
38 49
38 50
38 51
38 52
38 53
38 54
38 55
38 56
38 57
38 58
38 59
38 60
38 61
38 62
38 63
38 64
38 65
38 66
38 67
38 68
38 69
38 70
38 71
38 72
38 73
38 74
38 75
38 76
38 77
38 78
38 204
38 205
38 206
38 209
38 210
38 211
38 212
38 213
38 214
38 215
38 216
38 217
38 218
38 219
38 220
38 221
38 224
38 225
38 234
38 235
38 236
39 40
39 41
39 42
39 43
39 44
39 45
39 46
39 47
39 48
39 49
39 50
39 51
39 52
39 53
39 54
39 55
39 56
39 57
39 58
39 59
39 60
39 61
39 62
39 63
39 64
39 65
39 66
39 67
39 68
39 69
39 70
39 71
39 72
39 73
39 74
39 75
39 76
39 77
39 118
39 204
39 205
39 208
39 209
39 210
39 211
39 212
39 213
39 214
39 215
39 216
39 217
39 218
39 219
39 220
39 221
39 222
39 223
39 236
39 237
39 238
39 239
39 240
39 241
40 41
40 42
40 43
40 44
40 45
40 46
40 47
40 48
40 49
40 50
40 51
40 52
40 53
40 54
40 55
40 56
40 57
40 58
40 59
40 60
40 61
40 62
40 63
40 64
40 65
40 66
40 67
40 68
40 69
40 70
40 71
40 72
40 73
40 74
40 75
40 76
40 77
40 204
40 205
40 209
40 210
40 211
40 212
40 213
40 214
40 215
40 216
40 217
40 218
40 219
40 220
40 221
40 222
40 238
40 240
40 241
41 42
41 43
41 44
41 45
41 46
41 47
41 48
41 49
41 50
41 51
41 52
41 53
41 54
41 55
41 56
41 57
41 58
41 59
41 60
41 61
41 62
41 63
41 64
41 65
41 66
41 67
41 68
41 69
41 70
41 71
41 72
41 73
41 74
41 75
41 76
41 77
41 78
41 79
41 137
41 202
41 204
41 205
41 208
41 209
41 210
41 211
41 212
41 213
41 214
41 215
41 216
41 217
41 218
41 219
41 220
41 221
41 222
41 224
41 236
41 239
41 240
41 243
42 43
42 44
42 45
42 46
42 47
42 48
42 49
42 50
42 51
42 52
42 53
42 54
42 55
42 56
42 57
42 58
42 59
42 60
42 61
42 62
42 63
42 64
42 65
42 66
42 67
42 68
42 69
42 70
42 71
42 72
42 73
42 74
42 75
42 76
42 77
42 78
42 203
42 204
42 205
42 207
42 208
42 209
42 210
42 211
42 212
42 213
42 214
42 215
42 216
42 217
42 218
42 219
42 220
42 221
42 222
42 231
42 236
42 238
42 239
43 44
43 45
43 46
43 47
43 48
43 49
43 50
43 51
43 52
43 53
43 54
43 55
43 56
43 57
43 58
43 59
43 60
43 61
43 62
43 63
43 64
43 65
43 66
43 67
43 68
43 69
43 70
43 71
43 72
43 73
43 74
43 75
43 76
43 77
43 206
43 207
43 208
43 210
43 213
43 214
43 215
43 216
43 217
43 218
43 219
43 220
43 221
43 233
43 235
43 237
43 238
43 239
43 240
43 241
44 45
44 46
44 47
44 48
44 49
44 50
44 51
44 52
44 53
44 54
44 55
44 56
44 57
44 58
44 59
44 60
44 61
44 62
44 63
44 64
44 65
44 66
44 67
44 68
44 69
44 70
44 71
44 72
44 73
44 74
44 75
44 76
44 77
44 78
44 194
44 206
44 208
44 209
44 210
44 211
44 212
44 213
44 214
44 215
44 216
44 217
44 218
44 219
44 220
44 221
44 222
44 223
44 235
44 238
44 239
44 242
45 46
45 47
45 48
45 49
45 50
45 51
45 52
45 53
45 54
45 55
45 56
45 57
45 58
45 59
45 60
45 61
45 62
45 63
45 64
45 65
45 66
45 67
45 68
45 69
45 70
45 71
45 72
45 73
45 74
45 75
45 76
45 77
45 78
45 97
45 203
45 204
45 206
45 208
45 209
45 210
45 211
45 212
45 214
45 215
45 216
45 217
45 218
45 219
45 220
45 221
45 223
45 225
45 236
45 237
45 238
45 239
45 240
45 249
46 47
46 48
46 49
46 50
46 51
46 52
46 53
46 54
46 55
46 56
46 57
46 58
46 59
46 60
46 61
46 62
46 63
46 64
46 65
46 66
46 67
46 68
46 69
46 70
46 71
46 72
46 73
46 74
46 75
46 76
46 77
46 78
46 204
46 205
46 206
46 207
46 209
46 210
46 211
46 212
46 213
46 214
46 215
46 216
46 217
46 218
46 219
46 220
46 221
46 226
46 235
46 236
46 238
46 239
46 240
46 241
46 243
47 48
47 49
47 50
47 51
47 52
47 53
47 54
47 55
47 56
47 57
47 58
47 59
47 60
47 61
47 62
47 63
47 64
47 65
47 66
47 67
47 68
47 69
47 70
47 71
47 72
47 73
47 74
47 75
47 76
47 77
47 89
47 203
47 205
47 206
47 207
47 208
47 209
47 210
47 211
47 212
47 213
47 214
47 215
47 216
47 217
47 218
47 219
47 220
47 221
47 222
47 235
47 238
47 239
47 240
47 241
47 242
48 49
48 50
48 51
48 52
48 53
48 54
48 55
48 56
48 57
48 58
48 59
48 60
48 61
48 62
48 63
48 64
48 65
48 66
48 67
48 68
48 69
48 70
48 71
48 72
48 73
48 74
48 75
48 76
48 77
48 78
48 79
48 87
48 138
48 203
48 207
48 208
48 209
48 210
48 211
48 212
48 213
48 214
48 215
48 216
48 217
48 218
48 219
48 220
48 221
48 222
48 223
48 225
48 236
48 237
48 238
48 239
48 244
49 50
49 51
49 52
49 53
49 54
49 55
49 56
49 57
49 58
49 59
49 60
49 61
49 62
49 63
49 64
49 65
49 66
49 67
49 68
49 69
49 70
49 71
49 72
49 73
49 74
49 75
49 76
49 77
49 78
49 202
49 206
49 209
49 210
49 211
49 212
49 213
49 214
49 215
49 216
49 217
49 218
49 219
49 220
49 221
49 222
49 223
49 236
49 237
49 238
49 239
49 240
49 241
50 51
50 52
50 53
50 54
50 55
50 56
50 57
50 58
50 59
50 60
50 61
50 62
50 63
50 64
50 65
50 66
50 67
50 68
50 69
50 70
50 71
50 72
50 73
50 74
50 75
50 76
50 77
50 78
50 79
50 86
50 109
50 121
50 205
50 207
50 209
50 210
50 211
50 212
50 213
50 214
50 215
50 216
50 217
50 218
50 219
50 220
50 221
50 222
50 223
50 235
50 236
50 237
50 238
50 239
50 240
50 241
50 242
50 244
51 52
51 53
51 54
51 55
51 56
51 57
51 58
51 59
51 60
51 61
51 62
51 63
51 64
51 65
51 66
51 67
51 68
51 69
51 70
51 71
51 72
51 73
51 74
51 75
51 76
51 77
51 78
51 81
51 92
51 97
51 108
51 112
51 141
51 205
51 206
51 208
51 209
51 211
51 212
51 213
51 214
51 215
51 216
51 217
51 218
51 219
51 220
51 221
51 222
51 223
51 226
51 233
51 235
51 237
51 238
51 239
51 240
51 243
51 287
52 53
52 54
52 55
52 56
52 57
52 58
52 59
52 60
52 61
52 62
52 63
52 64
52 65
52 66
52 67
52 68
52 69
52 70
52 71
52 72
52 73
52 74
52 75
52 76
52 77
52 78
52 79
52 140
52 204
52 205
52 206
52 207
52 210
52 212
52 214
52 216
52 217
52 218
52 219
52 220
52 221
52 222
52 224
52 225
52 226
52 227
52 235
52 237
52 238
52 239
52 240
52 241
52 243
52 244
53 54
53 55
53 56
53 57
53 58
53 59
53 60
53 61
53 62
53 63
53 64
53 65
53 66
53 67
53 68
53 69
53 70
53 71
53 72
53 73
53 74
53 75
53 76
53 77
53 78
53 92
53 93
53 98
53 119
53 121
53 143
53 204
53 205
53 206
53 208
53 209
53 211
53 212
53 213
53 214
53 215
53 216
53 217
53 218
53 219
53 220
53 221
53 222
53 223
53 224
53 225
53 235
53 238
53 239
53 240
53 242
53 264
54 55
54 56
54 57
54 58
54 59
54 60
54 61
54 62
54 63
54 64
54 65
54 66
54 67
54 68
54 69
54 70
54 71
54 72
54 73
54 74
54 75
54 76
54 77
54 78
54 79
54 80
54 111
54 119
54 120
54 121
54 134
54 158
54 161
54 205
54 206
54 207
54 208
54 209
54 211
54 213
54 214
54 215
54 216
54 217
54 218
54 220
54 221
54 222
54 223
54 224
54 225
54 226
54 227
54 231
54 234
54 236
54 237
54 238
54 239
54 240
54 241
54 243
54 250
54 264
54 288
54 290
54 291
55 56
55 57
55 58
55 59
55 60
55 61
55 62
55 63
55 64
55 65
55 66
55 67
55 68
55 69
55 70
55 71
55 72
55 73
55 74
55 75
55 76
55 77
55 78
55 79
55 80
55 84
55 99
55 111
55 131
55 135
55 150
55 160
55 162
55 199
55 203
55 204
55 205
55 206
55 207
55 209
55 210
55 211
55 212
55 213
55 214
55 215
55 216
55 217
55 218
55 219
55 220
55 221
55 222
55 223
55 224
55 227
55 228
55 230
55 232
55 233
55 234
55 235
55 236
55 237
55 238
55 240
55 241
55 243
55 246
55 251
55 292
56 57
56 58
56 59
56 60
56 61
56 62
56 63
56 64
56 65
56 66
56 67
56 68
56 69
56 70
56 71
56 72
56 73
56 74
56 75
56 76
56 77
56 78
56 79
56 80
56 87
56 92
56 98
56 112
56 115
56 119
56 122
56 150
56 151
56 159
56 170
56 203
56 204
56 206
56 208
56 209
56 210
56 211
56 212
56 213
56 214
56 215
56 216
56 217
56 218
56 219
56 220
56 221
56 222
56 223
56 224
56 225
56 236
56 237
56 238
56 239
56 241
56 243
56 264
57 58
57 59
57 60
57 61
57 62
57 63
57 64
57 65
57 66
57 67
57 68
57 69
57 70
57 71
57 72
57 73
57 74
57 75
57 76
57 77
57 78
57 79
57 88
57 112
57 122
57 130
57 134
57 161
57 177
57 206
57 207
57 208
57 210
57 211
57 212
57 213
57 215
57 216
57 217
57 218
57 219
57 220
57 221
57 222
57 224
57 227
57 228
57 229
57 230
57 235
57 237
57 238
57 239
57 240
57 250
57 272
58 59
58 60
58 61
58 62
58 63
58 64
58 65
58 66
58 67
58 68
58 69
58 70
58 71
58 72
58 73
58 74
58 75
58 76
58 77
58 78
58 80
58 136
58 142
58 159
58 204
58 206
58 208
58 209
58 210
58 211
58 212
58 213
58 214
58 215
58 216
58 217
58 218
58 219
58 220
58 221
58 222
58 224
58 234
58 236
58 237
58 238
58 239
58 242
58 293
59 60
59 61
59 62
59 63
59 64
59 65
59 66
59 67
59 68
59 69
59 70
59 71
59 72
59 73
59 74
59 75
59 76
59 77
59 123
59 194
59 204
59 205
59 206
59 208
59 209
59 210
59 211
59 212
59 213
59 214
59 215
59 216
59 218
59 219
59 220
59 221
59 222
59 235
59 236
59 237
59 238
59 239
59 240
60 61
60 62
60 63
60 64
60 65
60 66
60 67
60 68
60 69
60 70
60 71
60 72
60 73
60 74
60 75
60 76
60 77
60 78
60 113
60 207
60 208
60 210
60 211
60 212
60 213
60 214
60 215
60 216
60 217
60 218
60 219
60 220
60 221
60 222
60 225
60 231
60 235
60 236
60 239
60 241
60 265
61 62
61 63
61 64
61 65
61 66
61 67
61 68
61 69
61 70
61 71
61 72
61 73
61 74
61 75
61 76
61 77
61 81
61 86
61 208
61 209
61 210
61 211
61 212
61 213
61 214
61 215
61 216
61 217
61 218
61 219
61 220
61 221
61 222
61 237
61 240
62 63
62 64
62 65
62 66
62 67
62 68
62 69
62 70
62 71
62 72
62 73
62 74
62 75
62 76
62 77
62 78
62 204
62 207
62 208
62 209
62 210
62 211
62 212
62 213
62 214
62 216
62 217
62 218
62 219
62 220
62 221
62 222
62 224
62 236
62 237
62 238
62 239
62 240
63 64
63 65
63 66
63 67
63 68
63 69
63 70
63 71
63 72
63 73
63 74
63 75
63 76
63 77
63 78
63 204
63 205
63 206
63 207
63 208
63 209
63 210
63 211
63 212
63 213
63 214
63 215
63 216
63 217
63 218
63 219
63 220
63 221
63 222
63 223
63 234
63 236
63 238
63 239
63 240
63 241
64 65
64 66
64 67
64 68
64 69
64 70
64 71
64 72
64 73
64 74
64 75
64 76
64 77
64 204
64 205
64 206
64 207
64 208
64 209
64 210
64 212
64 213
64 214
64 215
64 216
64 217
64 218
64 219
64 220
64 221
64 222
64 223
64 236
64 237
64 239
64 240
64 242
65 66
65 67
65 68
65 69
65 70
65 71
65 72
65 73
65 74
65 75
65 76
65 77
65 78
65 79
65 203
65 205
65 206
65 207
65 208
65 209
65 210
65 211
65 212
65 213
65 214
65 215
65 216
65 217
65 218
65 219
65 220
65 221
65 222
65 223
65 236
65 237
65 238
65 239
65 240
65 242
66 67
66 68
66 69
66 70
66 71
66 72
66 73
66 74
66 75
66 76
66 77
66 203
66 204
66 207
66 208
66 210
66 211
66 212
66 213
66 214
66 215
66 216
66 217
66 218
66 219
66 220
66 221
66 222
66 223
66 237
66 238
66 239
66 240
66 241
67 68
67 69
67 70
67 71
67 72
67 73
67 74
67 75
67 76
67 77
67 78
67 206
67 207
67 208
67 209
67 210
67 211
67 212
67 213
67 214
67 215
67 216
67 217
67 218
67 219
67 220
67 221
67 222
67 223
67 224
67 235
67 236
67 237
67 238
67 239
67 240
68 69
68 70
68 71
68 72
68 73
68 74
68 75
68 76
68 77
68 78
68 113
68 204
68 205
68 207
68 209
68 210
68 211
68 212
68 213
68 214
68 215
68 216
68 217
68 218
68 219
68 220
68 221
68 224
68 236
68 238
68 239
68 240
69 70
69 71
69 72
69 73
69 74
69 75
69 76
69 77
69 78
69 142
69 204
69 206
69 207
69 209
69 211
69 212
69 213
69 214
69 215
69 216
69 217
69 218
69 219
69 220
69 221
69 222
69 223
69 224
69 233
69 237
69 238
69 239
69 240
69 262
70 71
70 72
70 73
70 74
70 75
70 76
70 77
70 78
70 143
70 203
70 204
70 206
70 207
70 208
70 209
70 210
70 212
70 213
70 214
70 215
70 216
70 217
70 218
70 219
70 220
70 221
70 222
70 223
70 225
70 235
70 236
70 239
70 240
70 242
70 263
71 72
71 73
71 74
71 75
71 76
71 77
71 139
71 204
71 206
71 208
71 209
71 210
71 211
71 212
71 213
71 214
71 215
71 216
71 217
71 218
71 219
71 220
71 221
71 222
71 236
71 237
71 238
71 239
71 240
71 242
72 73
72 74
72 75
72 76
72 77
72 205
72 206
72 207
72 208
72 210
72 211
72 212
72 213
72 214
72 215
72 216
72 217
72 218
72 219
72 220
72 221
72 222
72 223
72 235
72 238
72 239
72 248
73 74
73 75
73 76
73 77
73 78
73 206
73 208
73 209
73 210
73 211
73 212
73 213
73 214
73 215
73 216
73 217
73 218
73 219
73 220
73 221
73 222
73 235
73 236
73 237
73 239
73 240
73 241
73 242
73 243
74 75
74 76
74 77
74 78
74 204
74 205
74 206
74 207
74 208
74 209
74 210
74 211
74 212
74 213
74 215
74 216
74 217
74 218
74 219
74 220
74 221
74 222
74 223
74 236
74 238
74 240
75 76
75 77
75 78
75 107
75 158
75 203
75 208
75 209
75 210
75 211
75 212
75 213
75 214
75 215
75 216
75 217
75 218
75 219
75 220
75 221
75 222
75 223
75 235
75 236
75 239
75 240
75 241
76 77
76 78
76 120
76 205
76 206
76 209
76 210
76 211
76 212
76 213
76 214
76 215
76 216
76 217
76 218
76 219
76 220
76 221
76 222
76 234
76 236
76 237
76 238
76 239
76 240
76 241
76 248
77 78
77 203
77 204
77 205
77 206
77 207
77 208
77 209
77 210
77 211
77 212
77 213
77 214
77 215
77 216
77 217
77 218
77 219
77 220
77 221
77 222
77 234
77 236
77 238
77 239
77 241
78 118
78 203
78 209
78 210
78 224
78 239
79 221
82 288
85 89
85 209
106 213
109 209
119 213
120 221
124 152
138 220
202 204
202 205
202 210
202 223
203 208
203 210
203 212
203 216
203 219
203 220
203 235
203 237
203 241
204 205
204 206
204 208
204 210
204 211
204 212
204 213
204 215
204 221
204 223
204 238
204 240
205 206
205 208
205 210
205 211
205 212
205 214
205 215
205 218
205 219
205 220
205 221
205 222
205 234
205 236
205 239
205 240
206 207
206 208
206 210
206 211
206 212
206 215
206 216
206 217
206 220
206 224
206 234
206 235
206 236
206 237
206 238
206 239
206 240
207 208
207 209
207 210
207 211
207 214
207 215
207 216
207 218
207 219
207 221
207 236
207 238
207 239
207 240
208 211
208 212
208 213
208 214
208 215
208 217
208 218
208 219
208 221
208 224
208 236
208 238
209 210
209 212
209 213
209 214
209 215
209 216
209 217
209 218
209 219
209 221
209 236
209 237
209 238
209 239
210 212
210 213
210 214
210 215
210 216
210 217
210 218
210 219
210 220
210 221
210 224
210 235
210 237
210 238
210 239
210 240
211 212
211 213
211 214
211 215
211 216
211 217
211 218
211 219
211 220
211 221
211 222
211 237
211 239
211 240
212 213
212 214
212 215
212 216
212 217
212 218
212 219
212 220
212 221
212 222
212 236
212 238
212 239
212 240
212 241
213 214
213 215
213 216
213 217
213 218
213 219
213 220
213 221
213 234
213 235
213 236
213 237
213 238
213 239
213 240
214 216
214 217
214 218
214 219
214 220
214 221
214 222
214 234
214 236
214 237
214 238
214 239
214 240
214 241
215 216
215 217
215 218
215 219
215 220
215 221
215 223
215 235
215 236
215 237
215 238
215 239
215 240
216 217
216 218
216 219
216 220
216 221
216 222
216 223
216 230
216 235
216 237
216 238
216 239
216 240
216 241
217 218
217 219
217 221
217 223
217 234
217 238
217 239
217 240
217 241
218 219
218 220
218 221
218 222
218 235
218 238
218 239
218 240
219 220
219 221
219 222
219 224
219 237
219 238
219 239
219 240
219 242
220 221
220 223
220 237
220 239
220 240
220 241
221 222
221 223
221 235
221 236
221 239
221 242
222 235
222 236
222 237
222 239
223 237
223 238
223 239
223 249
224 240
225 239
226 234
232 237
233 239
233 240
234 235
234 238
235 236
235 238
235 239
236 239
236 240
236 241
237 238
237 239
237 240
238 239
238 240
238 241
239 240
240 241
