1 2
1 3
1 6
1 7
1 8
1 9
1 10
1 11
1 12
1 14
1 15
1 16
1 17
1 18
1 19
1 20
1 21
1 22
1 23
1 24
1 25
1 26
1 28
2 3
2 7
2 8
2 10
2 11
2 13
2 17
2 18
2 19
2 20
2 21
2 22
2 23
2 24
2 25
2 26
3 4
3 12
3 19
3 20
3 21
3 22
3 23
3 24
3 25
3 26
3 27
4 15
4 19
4 21
4 22
4 24
4 26
4 27
5 22
6 19
6 20
6 22
6 23
7 11
7 17
7 18
7 19
7 20
7 21
7 22
7 23
7 24
8 18
8 19
8 20
8 21
8 22
8 23
8 24
8 25
9 13
9 20
9 21
9 22
9 24
9 27
10 19
10 20
10 21
10 22
10 23
11 21
11 22
11 23
11 24
11 27
12 17
12 20
12 23
12 28
13 23
13 25
14 21
14 25
14 26
15 21
16 22
16 23
17 19
17 20
17 21
17 22
17 23
18 19
18 20
18 21
18 22
18 23
18 24
18 25
19 20
19 21
19 22
19 23
19 24
19 25
19 26
20 21
20 22
20 23
20 24
20 25
20 26
21 22
21 23
21 24
21 25
21 26
22 23
22 24
22 25
22 26
23 24
23 25
23 27
24 25
24 26
25 26
