2 140
2 253
3 255
4 219
7 10
7 104
7 135
7 150
7 154
7 238
7 244
8 65
8 107
8 113
8 121
8 122
8 125
8 130
8 139
8 140
8 141
8 146
8 152
8 226
8 232
8 233
8 236
8 241
8 244
8 246
8 249
8 302
8 306
8 316
9 10
9 63
9 66
9 67
9 68
9 69
9 70
9 71
9 94
9 95
9 97
9 100
9 101
9 102
9 103
9 109
9 111
9 114
9 115
9 116
9 119
9 122
9 124
9 125
9 128
9 132
9 133
9 136
9 144
9 147
9 148
9 151
9 153
9 154
9 211
9 213
9 214
9 228
9 232
9 235
9 237
9 239
9 241
9 243
9 245
9 251
9 253
9 303
9 304
9 305
9 308
9 312
9 314
9 317
10 62
10 63
10 64
10 66
10 69
10 96
10 98
10 99
10 100
10 107
10 108
10 109
10 111
10 113
10 114
10 116
10 118
10 124
10 125
10 126
10 133
10 135
10 136
10 137
10 143
10 145
10 146
10 147
10 148
10 149
10 152
10 155
10 209
10 212
10 213
10 227
10 232
10 234
10 236
10 239
10 251
10 256
10 302
10 305
10 307
10 309
10 312
10 316
10 317
11 63
11 64
11 65
11 66
11 67
11 70
11 71
11 94
11 100
11 103
11 105
11 108
11 112
11 115
11 117
11 120
11 122
11 125
11 126
11 128
11 132
11 134
11 135
11 141
11 144
11 145
11 149
11 150
11 154
11 155
11 213
11 230
11 232
11 234
11 238
11 239
11 240
11 244
11 249
11 250
11 252
11 255
11 307
11 308
11 310
11 311
11 314
11 315
11 317
12 64
12 65
12 93
12 97
12 102
12 105
12 109
12 115
12 118
12 120
12 122
12 125
12 127
12 128
12 129
12 132
12 133
12 135
12 140
12 144
12 146
12 149
12 152
12 226
12 231
12 232
12 237
12 239
12 243
12 252
12 312
12 314
12 317
13 64
13 111
13 121
13 123
13 124
13 131
13 231
13 239
13 243
13 246
13 249
13 250
13 251
13 254
13 255
13 257
14 119
14 123
14 158
14 253
14 254
14 255
15 256
15 258
15 312
16 76
16 251
17 124
17 228
17 254
18 113
18 122
18 255
18 256
19 104
19 143
19 152
19 245
19 252
19 254
20 124
20 245
20 249
20 254
20 256
21 77
21 247
22 257
24 126
25 258
30 314
38 249
38 255
39 72
39 255
40 255
40 256
41 74
51 125
53 134
53 242
53 246
53 313
53 317
54 113
54 114
54 247
54 249
54 251
54 252
55 248
55 254
55 255
55 318
56 124
56 256
57 125
59 115
59 232
60 124
60 210
60 247
60 250
60 251
61 93
61 94
61 107
61 115
61 146
61 214
61 230
61 239
61 245
61 254
61 255
61 307
61 308
61 312
62 65
62 66
62 69
62 71
62 98
62 101
62 102
62 108
62 115
62 116
62 131
62 137
62 138
62 140
62 147
62 154
62 214
62 226
62 229
62 230
62 232
62 244
62 246
62 256
62 308
62 309
62 310
62 314
62 318
63 66
63 94
63 95
63 97
63 98
63 102
63 105
63 106
63 107
63 108
63 111
63 115
63 119
63 127
63 128
63 129
63 131
63 139
63 141
63 143
63 144
63 145
63 146
63 148
63 210
63 212
63 228
63 230
63 235
63 237
63 240
63 244
63 245
63 248
63 256
63 302
63 305
63 306
63 308
63 312
63 314
63 318
64 66
64 70
64 71
64 96
64 98
64 99
64 100
64 101
64 103
64 104
64 107
64 109
64 111
64 114
64 116
64 117
64 119
64 120
64 122
64 124
64 125
64 126
64 129
64 130
64 132
64 133
64 134
64 137
64 140
64 146
64 147
64 148
64 149
64 152
64 154
64 210
64 213
64 214
64 228
64 229
64 230
64 231
64 232
64 234
64 238
64 242
64 243
64 248
64 249
64 251
64 252
64 253
64 254
64 256
64 303
64 304
64 306
64 307
64 308
64 309
64 310
64 311
64 312
64 315
64 316
64 318
65 66
65 70
65 71
65 94
65 96
65 98
65 99
65 100
65 102
65 103
65 105
65 109
65 110
65 112
65 113
65 115
65 116
65 120
65 122
65 123
65 126
65 129
65 132
65 134
65 135
65 137
65 140
65 142
65 143
65 144
65 145
65 147
65 148
65 149
65 153
65 227
65 229
65 230
65 232
65 233
65 234
65 235
65 236
65 237
65 238
65 239
65 240
65 241
65 243
65 244
65 246
65 249
65 252
65 253
65 255
65 256
65 257
65 301
65 303
65 304
65 305
65 306
65 307
65 308
65 309
65 310
65 311
65 312
65 315
65 316
66 69
66 71
66 97
66 100
66 101
66 102
66 103
66 104
66 108
66 109
66 110
66 112
66 113
66 114
66 115
66 116
66 117
66 118
66 121
66 125
66 126
66 129
66 130
66 131
66 132
66 136
66 137
66 138
66 139
66 140
66 143
66 144
66 145
66 146
66 149
66 150
66 151
66 152
66 154
66 211
66 212
66 213
66 226
66 230
66 231
66 232
66 235
66 236
66 237
66 239
66 240
66 241
66 242
66 243
66 244
66 246
66 248
66 249
66 250
66 252
66 255
66 256
66 305
66 309
66 311
66 313
66 314
66 315
66 317
67 68
67 69
67 100
67 101
67 102
67 103
67 105
67 106
67 107
67 108
67 109
67 110
67 111
67 112
67 113
67 114
67 115
67 119
67 122
67 126
67 127
67 128
67 129
67 130
67 132
67 133
67 134
67 138
67 139
67 140
67 141
67 142
67 143
67 144
67 145
67 147
67 148
67 150
67 152
67 155
67 210
67 212
67 213
67 228
67 230
67 231
67 232
67 235
67 236
67 237
67 239
67 240
67 241
67 242
67 243
67 244
67 245
67 246
67 247
67 249
67 251
67 252
67 253
67 254
67 255
67 256
67 257
67 302
67 304
67 306
67 307
67 308
67 309
67 310
67 311
67 312
67 316
68 69
68 70
68 71
68 72
68 97
68 99
68 100
68 101
68 102
68 103
68 104
68 105
68 106
68 107
68 108
68 109
68 110
68 111
68 112
68 113
68 115
68 116
68 117
68 118
68 119
68 120
68 121
68 122
68 123
68 124
68 126
68 127
68 128
68 129
68 130
68 131
68 132
68 133
68 134
68 138
68 141
68 142
68 143
68 146
68 148
68 149
68 150
68 152
68 154
68 209
68 213
68 214
68 230
68 231
68 233
68 234
68 235
68 236
68 238
68 239
68 240
68 241
68 242
68 243
68 244
68 245
68 246
68 247
68 248
68 249
68 250
68 251
68 252
68 253
68 254
68 255
68 256
68 303
68 305
68 306
68 308
68 309
68 310
68 311
68 312
68 314
68 315
68 316
68 317
69 70
69 71
69 72
69 93
69 95
69 96
69 97
69 99
69 100
69 101
69 102
69 103
69 104
69 105
69 106
69 107
69 108
69 110
69 111
69 112
69 113
69 115
69 117
69 119
69 120
69 122
69 123
69 124
69 125
69 128
69 129
69 130
69 132
69 133
69 134
69 136
69 138
69 139
69 140
69 141
69 142
69 144
69 145
69 146
69 147
69 148
69 149
69 150
69 151
69 153
69 154
69 210
69 212
69 214
69 227
69 228
69 230
69 231
69 232
69 233
69 234
69 235
69 236
69 238
69 240
69 241
69 242
69 243
69 244
69 245
69 246
69 247
69 248
69 249
69 250
69 251
69 252
69 253
69 255
69 257
69 304
69 305
69 306
69 307
69 308
69 309
69 310
69 311
69 314
69 315
69 316
69 317
69 318
69 319
70 71
70 96
70 99
70 100
70 101
70 102
70 103
70 105
70 106
70 109
70 110
70 111
70 112
70 113
70 114
70 115
70 116
70 117
70 119
70 120
70 121
70 123
70 124
70 125
70 126
70 127
70 128
70 129
70 130
70 131
70 132
70 133
70 134
70 136
70 137
70 138
70 139
70 140
70 142
70 144
70 145
70 146
70 147
70 148
70 149
70 151
70 152
70 153
70 154
70 211
70 212
70 226
70 227
70 228
70 229
70 230
70 231
70 232
70 233
70 234
70 236
70 237
70 238
70 239
70 240
70 241
70 242
70 243
70 244
70 245
70 246
70 247
70 248
70 249
70 250
70 251
70 252
70 253
70 255
70 256
70 305
70 307
70 308
70 310
70 311
70 314
71 95
71 96
71 100
71 103
71 105
71 106
71 107
71 109
71 110
71 112
71 113
71 116
71 117
71 118
71 119
71 120
71 124
71 125
71 126
71 128
71 129
71 131
71 133
71 134
71 138
71 140
71 144
71 145
71 146
71 149
71 152
71 153
71 154
71 155
71 210
71 211
71 213
71 226
71 228
71 229
71 230
71 231
71 232
71 233
71 235
71 236
71 237
71 238
71 239
71 240
71 241
71 242
71 243
71 245
71 246
71 247
71 248
71 249
71 250
71 251
71 252
71 253
71 254
71 255
71 256
71 257
71 302
71 308
71 309
71 310
71 311
71 312
71 313
71 314
71 315
71 317
72 97
72 100
72 103
72 109
72 110
72 112
72 116
72 122
72 123
72 125
72 127
72 128
72 132
72 134
72 139
72 144
72 147
72 152
72 214
72 231
72 232
72 235
72 240
72 243
72 246
72 248
72 251
72 252
72 254
72 255
72 256
72 305
72 308
72 313
72 317
73 74
73 96
73 100
73 121
73 122
73 134
73 240
73 245
73 246
73 247
73 248
73 252
73 253
73 254
73 255
73 258
73 310
73 312
74 75
74 117
74 121
74 164
74 253
74 254
75 245
75 253
75 282
76 252
82 227
82 241
83 150
83 253
84 118
91 249
93 118
93 125
93 139
93 152
93 236
93 307
94 101
94 104
94 106
94 113
94 115
94 125
94 126
94 127
94 136
94 137
94 138
94 139
94 141
94 143
94 148
94 153
94 212
94 213
94 214
94 229
94 232
94 235
94 237
94 238
94 254
94 256
94 310
94 318
95 97
95 100
95 105
95 109
95 111
95 113
95 114
95 116
95 118
95 119
95 123
95 125
95 128
95 129
95 130
95 132
95 137
95 139
95 140
95 141
95 142
95 143
95 147
95 149
95 152
95 153
95 155
95 210
95 211
95 212
95 213
95 215
95 229
95 230
95 232
95 234
95 240
95 242
95 245
95 246
95 248
95 251
95 254
95 302
95 304
95 307
95 311
95 312
95 313
95 315
96 97
96 98
96 101
96 102
96 103
96 105
96 106
96 108
96 111
96 112
96 114
96 120
96 121
96 122
96 123
96 124
96 126
96 130
96 133
96 137
96 138
96 140
96 141
96 143
96 144
96 152
96 153
96 154
96 210
96 212
96 225
96 230
96 232
96 234
96 238
96 242
96 243
96 246
96 248
96 249
96 250
96 253
96 255
96 256
96 304
96 305
96 307
96 312
96 313
96 315
96 317
96 318
97 98
97 99
97 100
97 101
97 102
97 103
97 105
97 109
97 110
97 111
97 114
97 116
97 117
97 122
97 124
97 125
97 126
97 127
97 129
97 130
97 131
97 133
97 135
97 137
97 138
97 143
97 146
97 147
97 148
97 149
97 150
97 151
97 153
97 155
97 209
97 212
97 213
97 227
97 229
97 232
97 233
97 234
97 235
97 236
97 239
97 240
97 245
97 246
97 247
97 248
97 249
97 250
97 251
97 253
97 255
97 306
97 309
97 310
97 312
97 313
97 314
97 315
97 317
98 100
98 103
98 104
98 105
98 106
98 108
98 109
98 110
98 111
98 112
98 113
98 115
98 116
98 117
98 119
98 120
98 121
98 122
98 123
98 124
98 125
98 126
98 133
98 134
98 136
98 139
98 141
98 142
98 143
98 144
98 148
98 149
98 151
98 152
98 153
98 154
98 155
98 211
98 212
98 213
98 226
98 227
98 228
98 229
98 232
98 233
98 234
98 235
98 237
98 238
98 240
98 241
98 243
98 244
98 245
98 246
98 248
98 249
98 251
98 252
98 253
98 254
98 255
98 256
98 304
98 305
98 306
98 307
98 310
98 311
98 312
98 314
98 315
98 316
98 317
99 100
99 103
99 104
99 105
99 106
99 108
99 110
99 111
99 113
99 114
99 115
99 116
99 117
99 118
99 119
99 120
99 121
99 122
99 124
99 125
99 127
99 129
99 131
99 132
99 133
99 134
99 137
99 138
99 140
99 141
99 142
99 143
99 144
99 146
99 147
99 148
99 149
99 150
99 151
99 152
99 155
99 209
99 212
99 213
99 214
99 225
99 226
99 227
99 229
99 230
99 231
99 232
99 233
99 234
99 235
99 236
99 237
99 238
99 239
99 240
99 241
99 242
99 243
99 244
99 245
99 246
99 247
99 248
99 249
99 250
99 251
99 252
99 253
99 254
99 255
99 256
99 303
99 305
99 306
99 311
99 312
99 313
99 314
99 316
99 317
99 318
100 101
100 102
100 103
100 105
100 106
100 107
100 108
100 109
100 110
100 111
100 115
100 116
100 117
100 118
100 119
100 120
100 121
100 122
100 123
100 125
100 126
100 127
100 128
100 130
100 131
100 133
100 134
100 135
100 137
100 138
100 139
100 141
100 142
100 143
100 144
100 145
100 147
100 148
100 149
100 151
100 152
100 153
100 154
100 155
100 209
100 210
100 213
100 214
100 226
100 227
100 228
100 229
100 230
100 231
100 232
100 233
100 234
100 235
100 236
100 239
100 241
100 242
100 243
100 244
100 245
100 246
100 247
100 248
100 249
100 250
100 251
100 252
100 253
100 254
100 255
100 256
100 257
100 303
100 304
100 305
100 307
100 308
100 309
100 310
100 311
100 312
100 313
100 314
100 315
100 317
100 324
101 102
101 103
101 104
101 105
101 107
101 108
101 109
101 111
101 112
101 113
101 114
101 115
101 116
101 117
101 118
101 119
101 120
101 122
101 123
101 124
101 125
101 126
101 128
101 129
101 130
101 134
101 135
101 138
101 139
101 140
101 141
101 142
101 144
101 145
101 146
101 147
101 148
101 149
101 150
101 151
101 152
101 153
101 154
101 155
101 211
101 212
101 214
101 226
101 231
101 232
101 233
101 234
101 235
101 236
101 238
101 239
101 240
101 241
101 243
101 244
101 245
101 246
101 248
101 249
101 250
101 251
101 252
101 253
101 254
101 255
101 256
101 303
101 305
101 306
101 307
101 308
101 309
101 310
101 311
101 312
101 314
101 315
101 316
101 317
101 318
102 103
102 104
102 105
102 106
102 107
102 108
102 109
102 110
102 111
102 112
102 113
102 114
102 115
102 117
102 118
102 120
102 121
102 122
102 123
102 124
102 125
102 126
102 127
102 128
102 129
102 130
102 131
102 132
102 133
102 134
102 137
102 138
102 139
102 140
102 141
102 142
102 143
102 144
102 145
102 146
102 147
102 148
102 149
102 150
102 151
102 152
102 153
102 154
102 210
102 212
102 213
102 227
102 229
102 230
102 231
102 232
102 233
102 234
102 235
102 236
102 237
102 238
102 239
102 240
102 241
102 242
102 243
102 244
102 245
102 246
102 247
102 248
102 249
102 250
102 251
102 252
102 254
102 255
102 256
102 301
102 304
102 306
102 307
102 308
102 309
102 310
102 311
102 312
102 313
102 314
102 315
102 316
102 317
102 318
103 104
103 105
103 106
103 107
103 108
103 109
103 110
103 111
103 112
103 113
103 114
103 115
103 117
103 119
103 120
103 121
103 122
103 123
103 124
103 125
103 126
103 127
103 128
103 129
103 130
103 131
103 132
103 133
103 134
103 135
103 136
103 138
103 139
103 140
103 141
103 142
103 143
103 144
103 145
103 146
103 147
103 148
103 149
103 150
103 151
103 152
103 153
103 154
103 155
103 211
103 212
103 213
103 214
103 227
103 228
103 229
103 231
103 232
103 233
103 234
103 235
103 236
103 237
103 238
103 239
103 240
103 241
103 242
103 243
103 245
103 246
103 247
103 248
103 250
103 251
103 252
103 253
103 254
103 255
103 256
103 301
103 305
103 306
103 307
103 308
103 309
103 310
103 311
103 312
103 313
103 314
103 315
103 316
103 317
104 105
104 106
104 107
104 108
104 109
104 110
104 111
104 112
104 113
104 114
104 115
104 116
104 117
104 118
104 119
104 120
104 121
104 122
104 123
104 124
104 125
104 126
104 127
104 128
104 130
104 131
104 132
104 133
104 134
104 135
104 136
104 137
104 138
104 139
104 140
104 141
104 142
104 143
104 144
104 145
104 146
104 147
104 148
104 149
104 150
104 151
104 152
104 153
104 154
104 155
104 156
104 210
104 212
104 213
104 214
104 228
104 230
104 231
104 234
104 235
104 236
104 237
104 238
104 239
104 240
104 241
104 242
104 243
104 244
104 245
104 246
104 247
104 248
104 249
104 250
104 251
104 252
104 253
104 254
104 255
104 256
104 305
104 307
104 308
104 309
104 310
104 311
104 312
104 314
104 315
104 316
104 317
104 318
105 106
105 107
105 108
105 109
105 111
105 112
105 113
105 114
105 115
105 116
105 117
105 118
105 119
105 120
105 121
105 122
105 123
105 124
105 125
105 126
105 127
105 128
105 129
105 130
105 131
105 132
105 133
105 134
105 135
105 137
105 139
105 140
105 141
105 142
105 143
105 144
105 145
105 146
105 147
105 148
105 149
105 150
105 151
105 153
105 154
105 155
105 227
105 228
105 229
105 231
105 232
105 233
105 234
105 235
105 236
105 237
105 238
105 239
105 240
105 241
105 242
105 243
105 244
105 245
105 246
105 248
105 249
105 251
105 252
105 254
105 255
105 256
105 257
105 304
105 305
105 306
105 307
105 309
105 310
105 313
105 314
105 315
105 316
105 317
105 318
106 107
106 108
106 109
106 110
106 111
106 112
106 113
106 114
106 115
106 116
106 117
106 118
106 119
106 120
106 121
106 122
106 123
106 124
106 125
106 126
106 127
106 128
106 129
106 130
106 131
106 132
106 133
106 134
106 135
106 136
106 137
106 138
106 139
106 140
106 141
106 142
106 143
106 144
106 145
106 146
106 147
106 148
106 149
106 150
106 151
106 152
106 153
106 154
106 155
106 211
106 212
106 213
106 226
106 230
106 231
106 233
106 234
106 235
106 236
106 237
106 238
106 239
106 240
106 241
106 242
106 243
106 244
106 245
106 246
106 247
106 248
106 249
106 250
106 251
106 252
106 253
106 254
106 255
106 256
106 304
106 305
106 306
106 307
106 308
106 309
106 310
106 311
106 312
106 313
106 314
106 315
106 316
107 108
107 109
107 110
107 111
107 112
107 113
107 114
107 115
107 116
107 117
107 118
107 119
107 120
107 121
107 122
107 123
107 124
107 125
107 126
107 127
107 128
107 129
107 130
107 131
107 132
107 133
107 134
107 135
107 138
107 139
107 140
107 141
107 142
107 143
107 144
107 145
107 146
107 147
107 148
107 149
107 150
107 151
107 152
107 153
107 154
107 155
107 176
107 212
107 213
107 226
107 229
107 231
107 232
107 233
107 234
107 235
107 237
107 238
107 239
107 240
107 241
107 242
107 243
107 244
107 245
107 246
107 247
107 248
107 249
107 250
107 251
107 252
107 253
107 255
107 257
107 305
107 306
107 307
107 308
107 309
107 310
107 312
107 313
107 314
107 315
107 316
107 317
107 318
107 319
108 109
108 110
108 111
108 112
108 113
108 114
108 115
108 116
108 117
108 118
108 119
108 120
108 121
108 122
108 123
108 124
108 125
108 126
108 127
108 128
108 129
108 130
108 131
108 132
108 133
108 134
108 135
108 136
108 138
108 139
108 140
108 141
108 142
108 143
108 144
108 145
108 146
108 147
108 148
108 149
108 150
108 151
108 152
108 153
108 154
108 155
108 212
108 213
108 215
108 225
108 227
108 231
108 232
108 233
108 234
108 235
108 236
108 237
108 238
108 239
108 240
108 241
108 242
108 243
108 244
108 245
108 246
108 247
108 248
108 249
108 250
108 251
108 252
108 253
108 254
108 255
108 256
108 257
108 303
108 306
108 307
108 309
108 310
108 311
108 312
108 313
108 314
108 315
108 316
108 317
109 110
109 111
109 112
109 113
109 114
109 115
109 116
109 117
109 118
109 119
109 120
109 121
109 122
109 123
109 124
109 125
109 126
109 127
109 128
109 129
109 130
109 131
109 132
109 133
109 134
109 135
109 136
109 137
109 138
109 139
109 140
109 141
109 142
109 143
109 144
109 145
109 146
109 147
109 148
109 149
109 150
109 151
109 152
109 153
109 154
109 155
109 211
109 212
109 213
109 215
109 225
109 228
109 230
109 231
109 232
109 233
109 234
109 235
109 236
109 237
109 238
109 239
109 240
109 241
109 242
109 243
109 244
109 245
109 246
109 247
109 248
109 249
109 250
109 251
109 252
109 253
109 254
109 255
109 256
109 257
109 303
109 306
109 307
109 308
109 309
109 310
109 311
109 312
109 313
109 314
109 315
109 316
109 317
109 318
110 111
110 112
110 113
110 114
110 115
110 116
110 117
110 118
110 119
110 120
110 121
110 122
110 123
110 124
110 125
110 126
110 127
110 128
110 129
110 130
110 131
110 132
110 133
110 134
110 135
110 136
110 137
110 138
110 139
110 141
110 142
110 143
110 144
110 145
110 146
110 147
110 148
110 149
110 150
110 151
110 152
110 153
110 154
110 155
110 212
110 213
110 214
110 228
110 231
110 232
110 233
110 234
110 235
110 236
110 237
110 238
110 239
110 240
110 241
110 242
110 243
110 244
110 245
110 246
110 247
110 248
110 249
110 250
110 251
110 252
110 253
110 254
110 255
110 256
110 257
110 303
110 304
110 305
110 306
110 308
110 309
110 310
110 312
110 313
110 314
110 315
110 316
110 317
110 318
111 112
111 113
111 114
111 115
111 116
111 117
111 118
111 119
111 120
111 121
111 122
111 123
111 124
111 125
111 126
111 127
111 128
111 129
111 130
111 131
111 132
111 133
111 134
111 135
111 136
111 137
111 138
111 139
111 140
111 141
111 142
111 143
111 144
111 145
111 147
111 148
111 149
111 150
111 151
111 152
111 153
111 154
111 155
111 209
111 229
111 231
111 232
111 233
111 234
111 235
111 236
111 237
111 238
111 239
111 240
111 241
111 242
111 243
111 244
111 245
111 246
111 247
111 248
111 249
111 250
111 251
111 252
111 253
111 254
111 255
111 256
111 257
111 304
111 305
111 306
111 308
111 309
111 310
111 311
111 312
111 313
111 314
111 315
111 316
111 317
111 318
112 113
112 114
112 115
112 116
112 117
112 118
112 119
112 120
112 121
112 122
112 123
112 124
112 125
112 126
112 127
112 128
112 129
112 130
112 131
112 132
112 133
112 134
112 135
112 136
112 138
112 139
112 140
112 141
112 142
112 143
112 144
112 145
112 146
112 147
112 148
112 149
112 150
112 151
112 152
112 153
112 154
112 170
112 211
112 212
112 225
112 229
112 231
112 232
112 233
112 234
112 235
112 237
112 238
112 239
112 240
112 241
112 242
112 243
112 244
112 245
112 246
112 247
112 248
112 249
112 250
112 251
112 252
112 253
112 254
112 255
112 256
112 257
112 304
112 305
112 306
112 307
112 308
112 309
112 310
112 311
112 313
112 314
112 315
112 316
112 317
113 114
113 115
113 116
113 117
113 118
113 119
113 120
113 121
113 122
113 123
113 124
113 125
113 126
113 127
113 128
113 129
113 130
113 131
113 132
113 133
113 134
113 135
113 136
113 137
113 138
113 139
113 140
113 142
113 143
113 144
113 146
113 147
113 148
113 149
113 150
113 151
113 152
113 153
113 154
113 155
113 156
113 173
113 211
113 215
113 228
113 229
113 230
113 231
113 232
113 233
113 234
113 235
113 236
113 237
113 238
113 239
113 240
113 241
113 242
113 243
113 244
113 245
113 246
113 247
113 248
113 249
113 250
113 251
113 252
113 253
113 254
113 255
113 256
113 257
113 301
113 302
113 305
113 306
113 307
113 309
113 311
113 312
113 313
113 314
113 315
113 316
113 317
113 318
114 115
114 116
114 117
114 118
114 119
114 120
114 121
114 122
114 123
114 124
114 125
114 126
114 127
114 128
114 129
114 130
114 131
114 132
114 133
114 134
114 135
114 136
114 137
114 138
114 139
114 140
114 141
114 142
114 143
114 144
114 145
114 146
114 147
114 148
114 149
114 150
114 151
114 152
114 153
114 154
114 155
114 156
114 157
114 211
114 213
114 215
114 228
114 229
114 230
114 231
114 232
114 234
114 235
114 236
114 237
114 238
114 239
114 240
114 241
114 242
114 243
114 244
114 245
114 246
114 247
114 248
114 249
114 250
114 251
114 252
114 253
114 254
114 255
114 256
114 257
114 304
114 305
114 307
114 309
114 310
114 312
114 313
114 314
114 315
114 316
114 317
115 116
115 117
115 118
115 119
115 120
115 121
115 122
115 123
115 124
115 125
115 126
115 127
115 128
115 129
115 130
115 131
115 132
115 133
115 134
115 135
115 136
115 137
115 138
115 139
115 140
115 141
115 142
115 143
115 144
115 145
115 146
115 147
115 148
115 149
115 150
115 151
115 152
115 153
115 154
115 155
115 174
115 211
115 212
115 213
115 226
115 228
115 230
115 231
115 232
115 233
115 234
115 235
115 236
115 237
115 238
115 239
115 240
115 241
115 242
115 243
115 244
115 245
115 246
115 247
115 248
115 249
115 250
115 251
115 252
115 253
115 254
115 255
115 256
115 257
115 259
115 302
115 303
115 306
115 307
115 308
115 311
115 312
115 313
115 314
115 315
115 316
115 317
115 318
115 319
116 117
116 118
116 119
116 120
116 121
116 122
116 123
116 124
116 125
116 126
116 127
116 128
116 129
116 130
116 131
116 132
116 133
116 134
116 135
116 136
116 137
116 138
116 139
116 140
116 141
116 142
116 143
116 144
116 145
116 146
116 147
116 148
116 149
116 150
116 151
116 152
116 153
116 154
116 155
116 169
116 214
116 226
116 228
116 231
116 232
116 233
116 235
116 236
116 237
116 238
116 239
116 240
116 241
116 242
116 243
116 244
116 245
116 246
116 247
116 248
116 249
116 250
116 251
116 252
116 253
116 254
116 255
116 256
116 257
116 306
116 307
116 309
116 310
116 311
116 312
116 313
116 314
116 315
116 316
116 317
116 318
117 118
117 119
117 120
117 121
117 122
117 123
117 124
117 125
117 126
117 127
117 128
117 129
117 130
117 131
117 132
117 133
117 134
117 135
117 136
117 138
117 139
117 140
117 141
117 142
117 143
117 144
117 145
117 146
117 147
117 148
117 149
117 150
117 151
117 152
117 153
117 154
117 155
117 211
117 214
117 216
117 227
117 230
117 232
117 233
117 234
117 235
117 236
117 237
117 238
117 239
117 240
117 241
117 242
117 243
117 244
117 245
117 246
117 247
117 248
117 249
117 250
117 251
117 252
117 253
117 254
117 255
117 256
117 257
117 306
117 308
117 309
117 310
117 311
117 312
117 313
117 314
117 315
117 316
117 317
117 318
117 319
118 119
118 120
118 121
118 122
118 123
118 124
118 125
118 126
118 127
118 128
118 129
118 130
118 131
118 132
118 133
118 134
118 135
118 136
118 137
118 138
118 139
118 140
118 141
118 142
118 143
118 144
118 145
118 146
118 147
118 148
118 149
118 150
118 151
118 152
118 153
118 154
118 155
118 156
118 212
118 213
118 214
118 215
118 226
118 229
118 231
118 232
118 233
118 234
118 235
118 236
118 237
118 238
118 239
118 240
118 241
118 242
118 243
118 244
118 245
118 246
118 247
118 248
118 249
118 250
118 251
118 252
118 253
118 254
118 255
118 256
118 257
118 306
118 308
118 309
118 310
118 311
118 312
118 313
118 314
118 315
118 316
118 317
119 120
119 121
119 122
119 123
119 124
119 125
119 126
119 127
119 128
119 129
119 130
119 131
119 132
119 133
119 134
119 135
119 136
119 137
119 139
119 140
119 141
119 142
119 143
119 144
119 145
119 146
119 147
119 148
119 149
119 150
119 151
119 152
119 153
119 154
119 155
119 156
119 211
119 212
119 213
119 215
119 227
119 229
119 230
119 231
119 232
119 233
119 234
119 235
119 236
119 237
119 238
119 239
119 240
119 241
119 242
119 243
119 244
119 245
119 246
119 247
119 248
119 249
119 250
119 251
119 252
119 253
119 254
119 255
119 256
119 257
119 302
119 305
119 306
119 307
119 308
119 309
119 310
119 311
119 312
119 313
119 314
119 315
119 316
119 317
119 318
119 340
120 121
120 122
120 123
120 124
120 125
120 126
120 127
120 128
120 129
120 130
120 131
120 132
120 133
120 134
120 135
120 136
120 137
120 138
120 139
120 140
120 141
120 142
120 143
120 144
120 145
120 146
120 147
120 148
120 149
120 150
120 151
120 152
120 153
120 154
120 155
120 156
120 211
120 215
120 225
120 227
120 228
120 230
120 231
120 233
120 234
120 236
120 237
120 238
120 239
120 240
120 241
120 242
120 243
120 244
120 245
120 246
120 247
120 248
120 249
120 250
120 251
120 252
120 253
120 254
120 255
120 256
120 257
120 307
120 309
120 310
120 312
120 313
120 314
120 315
120 316
120 317
120 318
120 319
120 320
121 122
121 123
121 124
121 125
121 126
121 127
121 128
121 129
121 130
121 131
121 132
121 133
121 134
121 135
121 136
121 137
121 138
121 140
121 141
121 142
121 143
121 144
121 145
121 146
121 147
121 148
121 149
121 150
121 151
121 152
121 153
121 154
121 155
121 156
121 157
121 158
121 210
121 211
121 216
121 231
121 232
121 233
121 234
121 235
121 236
121 237
121 238
121 240
121 241
121 242
121 243
121 244
121 245
121 246
121 247
121 248
121 249
121 250
121 251
121 252
121 253
121 254
121 255
121 256
121 257
121 258
121 304
121 306
121 308
121 311
121 313
121 314
121 315
121 316
121 317
121 318
121 319
122 123
122 124
122 125
122 126
122 127
122 128
122 129
122 130
122 131
122 132
122 133
122 134
122 135
122 136
122 137
122 138
122 139
122 140
122 141
122 142
122 143
122 144
122 145
122 146
122 147
122 148
122 149
122 150
122 151
122 152
122 153
122 154
122 155
122 156
122 157
122 171
122 174
122 209
122 212
122 213
122 215
122 218
122 225
122 226
122 227
122 228
122 229
122 230
122 231
122 232
122 234
122 235
122 236
122 237
122 238
122 239
122 240
122 241
122 242
122 243
122 244
122 245
122 246
122 247
122 248
122 249
122 250
122 251
122 252
122 253
122 254
122 255
122 256
122 257
122 303
122 305
122 306
122 307
122 309
122 310
122 312
122 313
122 314
122 315
122 316
122 317
122 318
122 319
123 124
123 125
123 126
123 127
123 128
123 129
123 130
123 131
123 132
123 133
123 134
123 135
123 136
123 137
123 138
123 139
123 140
123 141
123 142
123 143
123 144
123 145
123 146
123 147
123 148
123 149
123 150
123 151
123 152
123 153
123 154
123 155
123 157
123 172
123 212
123 213
123 215
123 216
123 227
123 228
123 229
123 230
123 231
123 232
123 233
123 234
123 235
123 236
123 237
123 238
123 239
123 240
123 241
123 242
123 243
123 244
123 245
123 246
123 247
123 248
123 249
123 250
123 251
123 252
123 253
123 254
123 255
123 256
123 257
123 258
123 304
123 305
123 306
123 307
123 308
123 309
123 310
123 312
123 313
123 314
123 315
123 316
123 317
123 318
123 319
123 341
124 125
124 126
124 127
124 128
124 129
124 130
124 131
124 132
124 133
124 134
124 135
124 136
124 137
124 139
124 140
124 141
124 142
124 143
124 144
124 145
124 146
124 147
124 148
124 149
124 150
124 151
124 152
124 153
124 154
124 155
124 156
124 177
124 201
124 212
124 213
124 215
124 216
124 225
124 227
124 228
124 230
124 231
124 232
124 233
124 234
124 235
124 236
124 237
124 238
124 239
124 240
124 241
124 242
124 243
124 244
124 245
124 246
124 247
124 248
124 249
124 250
124 251
124 252
124 253
124 254
124 255
124 256
124 257
124 258
124 306
124 308
124 309
124 310
124 311
124 312
124 313
124 314
124 315
124 316
124 317
124 318
124 320
125 126
125 127
125 128
125 129
125 130
125 131
125 132
125 133
125 134
125 135
125 136
125 138
125 139
125 140
125 141
125 142
125 143
125 144
125 145
125 146
125 147
125 148
125 149
125 150
125 151
125 152
125 153
125 154
125 155
125 183
125 210
125 211
125 212
125 215
125 227
125 229
125 230
125 231
125 232
125 233
125 234
125 235
125 236
125 237
125 238
125 239
125 240
125 241
125 242
125 243
125 244
125 245
125 246
125 247
125 248
125 249
125 250
125 251
125 252
125 253
125 254
125 255
125 256
125 257
125 259
125 303
125 306
125 308
125 309
125 310
125 311
125 312
125 314
125 315
125 316
125 317
125 318
125 322
126 127
126 128
126 129
126 130
126 131
126 132
126 133
126 134
126 135
126 137
126 139
126 141
126 142
126 143
126 144
126 145
126 146
126 147
126 148
126 149
126 150
126 151
126 152
126 153
126 154
126 155
126 158
126 211
126 215
126 228
126 230
126 231
126 232
126 233
126 234
126 235
126 236
126 237
126 238
126 239
126 240
126 241
126 242
126 243
126 244
126 245
126 246
126 247
126 248
126 249
126 250
126 251
126 252
126 253
126 254
126 256
126 257
126 282
126 306
126 307
126 308
126 309
126 310
126 311
126 312
126 313
126 314
126 315
126 316
126 317
126 339
126 341
127 128
127 129
127 130
127 131
127 132
127 133
127 134
127 135
127 136
127 137
127 138
127 139
127 140
127 141
127 142
127 143
127 144
127 145
127 146
127 147
127 148
127 149
127 150
127 151
127 152
127 153
127 154
127 155
127 211
127 214
127 228
127 229
127 230
127 231
127 232
127 233
127 234
127 235
127 236
127 237
127 238
127 239
127 240
127 241
127 242
127 243
127 244
127 245
127 246
127 247
127 248
127 249
127 250
127 251
127 252
127 253
127 254
127 255
127 256
127 259
127 302
127 305
127 306
127 307
127 308
127 309
127 310
127 311
127 312
127 313
127 314
127 315
127 316
127 317
127 318
128 129
128 130
128 131
128 132
128 133
128 134
128 135
128 136
128 137
128 139
128 141
128 142
128 143
128 144
128 145
128 146
128 147
128 148
128 149
128 150
128 151
128 152
128 153
128 154
128 155
128 170
128 212
128 215
128 229
128 230
128 231
128 232
128 233
128 234
128 235
128 236
128 237
128 238
128 240
128 241
128 242
128 243
128 244
128 245
128 246
128 247
128 248
128 249
128 250
128 251
128 252
128 253
128 254
128 255
128 256
128 257
128 303
128 305
128 307
128 308
128 309
128 310
128 311
128 312
128 313
128 314
128 315
128 316
128 317
128 318
129 130
129 131
129 132
129 133
129 134
129 135
129 136
129 139
129 140
129 141
129 142
129 143
129 144
129 145
129 146
129 147
129 148
129 149
129 150
129 151
129 152
129 153
129 154
129 155
129 157
129 212
129 225
129 229
129 230
129 231
129 233
129 234
129 235
129 236
129 237
129 238
129 239
129 240
129 241
129 242
129 243
129 244
129 245
129 246
129 247
129 248
129 249
129 250
129 251
129 252
129 253
129 254
129 255
129 256
129 257
129 303
129 307
129 308
129 309
129 310
129 311
129 312
129 313
129 314
129 315
129 316
129 317
129 318
130 131
130 132
130 133
130 134
130 135
130 136
130 138
130 139
130 141
130 142
130 143
130 144
130 145
130 146
130 147
130 148
130 149
130 150
130 151
130 152
130 153
130 154
130 155
130 212
130 213
130 214
130 228
130 229
130 230
130 231
130 232
130 233
130 234
130 236
130 237
130 238
130 239
130 240
130 241
130 242
130 243
130 244
130 245
130 246
130 247
130 248
130 249
130 250
130 251
130 252
130 253
130 254
130 255
130 256
130 257
130 303
130 305
130 308
130 309
130 310
130 312
130 313
130 314
130 315
130 316
130 317
130 318
131 132
131 133
131 134
131 135
131 136
131 137
131 139
131 140
131 141
131 142
131 143
131 144
131 145
131 146
131 147
131 148
131 149
131 150
131 151
131 152
131 153
131 154
131 155
131 156
131 210
131 213
131 227
131 229
131 230
131 233
131 234
131 235
131 236
131 237
131 238
131 239
131 240
131 241
131 242
131 243
131 244
131 245
131 246
131 247
131 248
131 249
131 250
131 251
131 252
131 253
131 254
131 255
131 256
131 257
131 306
131 308
131 309
131 310
131 311
131 312
131 313
131 314
131 315
131 316
131 317
131 318
132 133
132 134
132 135
132 137
132 138
132 140
132 142
132 143
132 144
132 145
132 146
132 147
132 148
132 149
132 150
132 151
132 152
132 153
132 154
132 155
132 159
132 209
132 210
132 212
132 214
132 225
132 228
132 230
132 231
132 232
132 233
132 234
132 235
132 236
132 237
132 238
132 239
132 240
132 241
132 242
132 243
132 244
132 245
132 246
132 247
132 248
132 249
132 250
132 251
132 252
132 253
132 254
132 255
132 256
132 257
132 305
132 306
132 308
132 310
132 311
132 312
132 313
132 314
132 315
132 316
132 317
132 318
133 134
133 135
133 136
133 137
133 138
133 139
133 141
133 142
133 143
133 144
133 145
133 146
133 147
133 148
133 149
133 150
133 151
133 152
133 153
133 154
133 155
133 209
133 212
133 216
133 225
133 226
133 229
133 230
133 231
133 232
133 234
133 235
133 236
133 237
133 238
133 239
133 240
133 241
133 242
133 243
133 244
133 245
133 246
133 247
133 248
133 249
133 250
133 251
133 252
133 253
133 254
133 255
133 256
133 257
133 307
133 308
133 310
133 311
133 312
133 313
133 314
133 315
133 316
133 317
133 318
134 135
134 136
134 138
134 139
134 140
134 141
134 142
134 143
134 144
134 145
134 146
134 147
134 148
134 149
134 150
134 151
134 152
134 153
134 154
134 155
134 156
134 157
134 209
134 212
134 213
134 226
134 227
134 229
134 230
134 231
134 232
134 233
134 234
134 235
134 236
134 237
134 238
134 239
134 240
134 241
134 242
134 243
134 244
134 245
134 246
134 247
134 248
134 249
134 250
134 251
134 252
134 253
134 254
134 255
134 256
134 257
134 304
134 305
134 306
134 307
134 308
134 309
134 310
134 312
134 313
134 314
134 315
134 316
134 317
135 137
135 138
135 139
135 140
135 141
135 142
135 143
135 144
135 145
135 146
135 147
135 148
135 149
135 150
135 151
135 152
135 153
135 154
135 155
135 160
135 170
135 211
135 212
135 214
135 227
135 228
135 229
135 231
135 232
135 233
135 234
135 235
135 236
135 237
135 238
135 239
135 240
135 241
135 242
135 243
135 244
135 245
135 246
135 247
135 248
135 249
135 250
135 251
135 252
135 253
135 254
135 255
135 256
135 257
135 258
135 304
135 308
135 309
135 310
135 311
135 312
135 314
135 315
135 316
135 317
135 318
135 319
136 137
136 138
136 139
136 140
136 142
136 143
136 144
136 147
136 148
136 150
136 151
136 152
136 153
136 154
136 156
136 171
136 209
136 212
136 213
136 226
136 229
136 230
136 231
136 232
136 234
136 235
136 236
136 237
136 238
136 239
136 240
136 241
136 242
136 243
136 244
136 245
136 246
136 247
136 248
136 249
136 250
136 251
136 252
136 253
136 254
136 255
136 256
136 304
136 305
136 306
136 307
136 308
136 309
136 310
136 313
136 314
136 316
136 317
136 318
136 320
137 141
137 143
137 144
137 145
137 146
137 147
137 148
137 151
137 152
137 153
137 154
137 155
137 211
137 212
137 227
137 228
137 232
137 233
137 234
137 236
137 238
137 239
137 241
137 244
137 245
137 246
137 247
137 248
137 249
137 251
137 252
137 253
137 254
137 255
137 257
137 302
137 303
137 304
137 305
137 306
137 307
137 308
137 309
137 310
137 311
137 312
137 313
137 314
137 316
137 317
138 139
138 142
138 143
138 144
138 145
138 146
138 147
138 148
138 149
138 150
138 151
138 152
138 153
138 154
138 155
138 211
138 213
138 214
138 225
138 228
138 229
138 230
138 231
138 232
138 233
138 234
138 235
138 236
138 237
138 238
138 239
138 240
138 241
138 242
138 243
138 245
138 246
138 247
138 248
138 249
138 252
138 253
138 254
138 256
138 257
138 304
138 305
138 306
138 307
138 308
138 309
138 310
138 313
138 314
138 315
138 317
139 140
139 141
139 142
139 143
139 144
139 145
139 146
139 147
139 148
139 149
139 150
139 151
139 152
139 154
139 156
139 169
139 211
139 227
139 228
139 229
139 230
139 231
139 232
139 233
139 234
139 235
139 236
139 237
139 238
139 239
139 240
139 241
139 242
139 243
139 244
139 245
139 246
139 247
139 248
139 250
139 251
139 253
139 254
139 255
139 256
139 260
139 306
139 308
139 309
139 310
139 312
139 313
139 314
139 315
139 316
139 317
140 141
140 142
140 143
140 144
140 146
140 147
140 148
140 149
140 150
140 151
140 152
140 153
140 154
140 155
140 211
140 212
140 213
140 224
140 228
140 229
140 230
140 231
140 232
140 233
140 234
140 235
140 236
140 237
140 238
140 239
140 240
140 241
140 242
140 243
140 244
140 245
140 246
140 247
140 248
140 249
140 250
140 251
140 252
140 253
140 254
140 255
140 256
140 257
140 306
140 307
140 308
140 309
140 310
140 312
140 313
140 314
140 315
140 316
140 317
140 318
141 142
141 144
141 145
141 146
141 148
141 149
141 150
141 151
141 152
141 153
141 154
141 155
141 213
141 214
141 228
141 229
141 230
141 231
141 232
141 233
141 234
141 236
141 237
141 238
141 239
141 240
141 241
141 242
141 243
141 244
141 245
141 246
141 247
141 248
141 249
141 250
141 251
141 252
141 253
141 254
141 255
141 256
141 257
141 304
141 306
141 307
141 309
141 310
141 312
141 313
141 314
141 315
141 316
141 317
141 318
142 143
142 144
142 145
142 146
142 147
142 148
142 149
142 150
142 151
142 152
142 153
142 154
142 155
142 210
142 211
142 213
142 215
142 225
142 226
142 227
142 228
142 229
142 230
142 232
142 233
142 234
142 235
142 236
142 237
142 238
142 239
142 240
142 242
142 243
142 244
142 245
142 246
142 247
142 248
142 249
142 250
142 251
142 252
142 253
142 254
142 255
142 256
142 257
142 305
142 306
142 308
142 309
142 311
142 312
142 313
142 314
142 315
142 316
142 317
142 318
143 144
143 145
143 146
143 147
143 148
143 149
143 150
143 151
143 152
143 153
143 154
143 210
143 211
143 212
143 213
143 225
143 227
143 229
143 230
143 231
143 232
143 233
143 234
143 235
143 236
143 237
143 238
143 239
143 240
143 241
143 242
143 243
143 244
143 245
143 246
143 247
143 248
143 250
143 251
143 252
143 253
143 254
143 255
143 256
143 257
143 304
143 307
143 308
143 309
143 310
143 311
143 312
143 313
143 314
143 315
143 316
143 317
144 145
144 146
144 147
144 148
144 149
144 150
144 151
144 152
144 153
144 154
144 159
144 214
144 230
144 232
144 233
144 234
144 235
144 236
144 237
144 238
144 239
144 240
144 241
144 242
144 243
144 244
144 245
144 246
144 247
144 248
144 249
144 250
144 251
144 252
144 253
144 254
144 255
144 256
144 257
144 303
144 304
144 306
144 307
144 308
144 309
144 310
144 311
144 312
144 313
144 315
144 317
145 146
145 147
145 148
145 149
145 150
145 151
145 152
145 153
145 154
145 155
145 212
145 213
145 226
145 228
145 229
145 230
145 231
145 232
145 233
145 234
145 235
145 236
145 237
145 238
145 239
145 240
145 241
145 242
145 243
145 244
145 245
145 246
145 247
145 248
145 249
145 250
145 251
145 252
145 253
145 254
145 255
145 256
145 257
145 306
145 307
145 308
145 309
145 310
145 311
145 312
145 313
145 314
145 315
145 316
145 317
145 318
146 147
146 148
146 150
146 151
146 152
146 153
146 154
146 155
146 213
146 214
146 225
146 228
146 231
146 232
146 233
146 234
146 235
146 236
146 237
146 238
146 239
146 240
146 241
146 242
146 243
146 244
146 245
146 246
146 247
146 248
146 249
146 250
146 251
146 252
146 253
146 254
146 255
146 256
146 257
146 301
146 304
146 308
146 310
146 311
146 312
146 313
146 314
146 315
146 316
146 317
146 318
147 148
147 149
147 150
147 151
147 152
147 153
147 154
147 155
147 211
147 213
147 214
147 215
147 226
147 228
147 230
147 231
147 232
147 233
147 234
147 235
147 236
147 237
147 238
147 239
147 240
147 241
147 242
147 243
147 244
147 245
147 246
147 247
147 248
147 249
147 250
147 251
147 252
147 253
147 254
147 255
147 256
147 257
147 304
147 305
147 308
147 309
147 310
147 311
147 312
147 314
147 315
147 316
147 317
148 149
148 150
148 151
148 152
148 153
148 154
148 155
148 211
148 212
148 213
148 214
148 216
148 226
148 227
148 229
148 231
148 232
148 233
148 234
148 235
148 236
148 237
148 238
148 239
148 240
148 241
148 242
148 243
148 244
148 245
148 246
148 247
148 248
148 249
148 250
148 251
148 252
148 253
148 254
148 255
148 256
148 257
148 304
148 305
148 306
148 307
148 308
148 309
148 310
148 311
148 312
148 313
148 314
148 315
148 316
148 317
149 150
149 151
149 152
149 153
149 154
149 155
149 212
149 213
149 214
149 225
149 228
149 229
149 230
149 231
149 233
149 234
149 235
149 236
149 237
149 238
149 239
149 240
149 241
149 242
149 243
149 244
149 245
149 246
149 247
149 248
149 249
149 250
149 251
149 252
149 253
149 254
149 255
149 256
149 257
149 302
149 307
149 308
149 309
149 310
149 311
149 312
149 313
149 314
149 315
149 316
149 317
149 318
150 151
150 152
150 153
150 154
150 155
150 211
150 212
150 213
150 215
150 230
150 231
150 232
150 233
150 234
150 235
150 236
150 237
150 238
150 239
150 240
150 241
150 242
150 243
150 244
150 245
150 246
150 247
150 248
150 249
150 250
150 251
150 252
150 253
150 254
150 255
150 256
150 257
150 305
150 306
150 307
150 308
150 309
150 311
150 312
150 313
150 314
150 315
150 316
150 317
150 318
151 152
151 153
151 154
151 155
151 171
151 208
151 211
151 228
151 230
151 231
151 232
151 233
151 234
151 235
151 236
151 237
151 238
151 239
151 240
151 241
151 242
151 243
151 244
151 245
151 246
151 247
151 248
151 249
151 250
151 251
151 252
151 253
151 254
151 255
151 256
151 257
151 302
151 305
151 306
151 308
151 309
151 310
151 311
151 312
151 313
151 314
151 315
151 316
151 317
151 318
152 153
152 154
152 155
152 211
152 212
152 226
152 227
152 228
152 230
152 231
152 232
152 233
152 234
152 235
152 236
152 237
152 238
152 239
152 240
152 241
152 242
152 243
152 244
152 245
152 246
152 247
152 248
152 249
152 250
152 251
152 252
152 253
152 254
152 255
152 256
152 257
152 304
152 308
152 309
152 310
152 311
152 312
152 313
152 314
152 315
152 316
152 317
152 318
152 319
153 154
153 155
153 210
153 212
153 225
153 227
153 228
153 229
153 230
153 233
153 234
153 235
153 236
153 237
153 238
153 239
153 240
153 241
153 242
153 243
153 244
153 245
153 246
153 247
153 248
153 249
153 250
153 251
153 252
153 253
153 254
153 255
153 256
153 257
153 258
153 305
153 307
153 308
153 310
153 311
153 312
153 313
153 314
153 315
153 316
153 317
153 318
153 319
154 155
154 211
154 213
154 215
154 225
154 229
154 231
154 232
154 233
154 234
154 235
154 236
154 237
154 238
154 239
154 240
154 241
154 242
154 243
154 244
154 245
154 246
154 247
154 248
154 249
154 250
154 251
154 252
154 253
154 254
154 255
154 256
154 257
154 258
154 306
154 307
154 308
154 309
154 310
154 311
154 312
154 313
154 314
154 315
154 316
154 317
154 318
154 319
155 179
155 211
155 213
155 214
155 226
155 227
155 229
155 230
155 231
155 232
155 233
155 236
155 237
155 238
155 239
155 240
155 241
155 242
155 243
155 244
155 245
155 246
155 247
155 248
155 249
155 250
155 251
155 252
155 253
155 254
155 255
155 256
155 257
155 259
155 305
155 307
155 308
155 310
155 311
155 312
155 313
155 314
155 315
155 316
155 317
156 171
156 174
156 211
156 232
156 234
156 239
156 243
156 248
156 250
156 251
156 252
156 253
156 254
156 255
156 256
157 237
157 251
157 252
157 253
157 254
158 253
158 254
158 256
159 306
170 241
171 254
171 256
172 246
172 250
172 254
172 256
173 254
173 256
174 253
175 177
176 252
176 256
177 255
178 232
180 253
181 255
182 255
186 259
194 252
195 255
202 255
209 226
209 243
209 256
209 303
210 225
210 231
210 234
210 235
210 237
210 238
210 239
210 242
210 244
210 250
210 252
210 255
210 256
210 303
210 304
210 305
210 306
211 212
211 229
211 233
211 237
211 239
211 243
211 244
211 245
211 250
211 251
211 253
211 254
211 256
211 304
211 312
211 314
211 316
212 225
212 226
212 228
212 231
212 233
212 239
212 242
212 243
212 245
212 246
212 248
212 250
212 251
212 252
212 253
212 255
212 256
212 302
212 306
212 308
212 312
212 313
212 314
212 315
212 316
212 317
213 225
213 226
213 230
213 231
213 232
213 233
213 234
213 235
213 239
213 240
213 241
213 242
213 244
213 245
213 246
213 247
213 249
213 250
213 251
213 256
213 303
213 306
213 308
213 309
213 310
213 311
213 313
213 315
213 316
213 317
213 318
214 215
214 228
214 230
214 232
214 235
214 236
214 240
214 243
214 246
214 247
214 254
214 255
214 256
214 257
214 306
214 311
214 312
214 315
214 316
214 317
215 243
215 251
215 253
215 306
215 307
215 318
216 250
216 252
216 253
216 254
216 256
217 251
217 252
217 253
217 254
217 255
217 256
218 252
218 257
224 236
224 245
224 307
225 229
225 245
225 248
225 256
226 228
226 229
226 230
226 234
226 235
226 242
226 246
226 248
226 249
226 254
226 256
226 303
226 306
226 309
226 314
226 316
227 228
227 230
227 232
227 233
227 235
227 236
227 237
227 241
227 242
227 244
227 245
227 247
227 248
227 250
227 251
227 253
227 255
227 256
227 259
227 303
227 305
227 307
227 309
227 310
227 311
227 313
227 315
227 316
227 317
228 229
228 233
228 235
228 238
228 239
228 241
228 242
228 243
228 248
228 249
228 254
228 256
228 304
228 305
228 307
228 308
228 309
228 311
228 312
228 316
229 230
229 231
229 233
229 234
229 237
229 238
229 240
229 242
229 244
229 246
229 247
229 249
229 252
229 253
229 254
229 303
229 304
229 306
229 307
229 309
229 311
229 312
229 313
229 314
229 315
229 316
229 317
230 231
230 233
230 235
230 240
230 241
230 242
230 245
230 246
230 247
230 248
230 250
230 251
230 253
230 254
230 255
230 256
230 305
230 307
230 308
230 310
230 312
230 313
230 314
230 315
230 316
230 317
231 232
231 234
231 235
231 236
231 237
231 238
231 240
231 241
231 242
231 243
231 244
231 245
231 246
231 247
231 248
231 249
231 250
231 251
231 252
231 253
231 254
231 255
231 256
231 257
231 302
231 305
231 306
231 308
231 309
231 311
231 313
231 314
231 315
231 316
231 317
231 318
232 233
232 235
232 237
232 238
232 239
232 240
232 241
232 243
232 244
232 245
232 248
232 249
232 251
232 252
232 253
232 254
232 255
232 256
232 257
232 306
232 307
232 308
232 309
232 310
232 311
232 312
232 313
232 314
232 315
232 316
232 318
233 234
233 235
233 238
233 240
233 242
233 243
233 244
233 245
233 246
233 247
233 248
233 249
233 250
233 251
233 252
233 253
233 254
233 255
233 256
233 257
233 258
233 302
233 305
233 306
233 309
233 310
233 312
233 313
233 314
233 315
233 316
233 317
233 340
234 235
234 236
234 237
234 238
234 239
234 240
234 241
234 242
234 243
234 244
234 245
234 246
234 247
234 248
234 249
234 250
234 251
234 252
234 253
234 254
234 255
234 256
234 257
234 305
234 306
234 307
234 308
234 309
234 310
234 311
234 314
234 315
234 316
234 317
234 318
235 236
235 237
235 238
235 239
235 240
235 241
235 243
235 244
235 245
235 246
235 247
235 248
235 249
235 250
235 251
235 252
235 253
235 254
235 255
235 256
235 302
235 304
235 306
235 307
235 309
235 310
235 311
235 312
235 313
235 314
235 315
235 316
235 317
235 318
236 237
236 238
236 239
236 240
236 241
236 242
236 243
236 244
236 245
236 246
236 247
236 248
236 249
236 250
236 251
236 252
236 253
236 254
236 255
236 256
236 257
236 301
236 302
236 304
236 308
236 309
236 310
236 311
236 312
236 313
236 314
236 315
236 316
236 317
237 238
237 239
237 240
237 241
237 242
237 243
237 244
237 245
237 246
237 247
237 248
237 249
237 250
237 251
237 252
237 253
237 254
237 255
237 256
237 257
237 303
237 305
237 306
237 308
237 309
237 310
237 311
237 312
237 313
237 314
237 315
237 316
237 317
238 239
238 240
238 241
238 242
238 243
238 244
238 245
238 246
238 247
238 248
238 249
238 250
238 251
238 252
238 253
238 254
238 255
238 256
238 257
238 304
238 306
238 307
238 308
238 309
238 310
238 311
238 312
238 313
238 314
238 315
238 316
238 317
238 318
239 240
239 241
239 242
239 243
239 244
239 245
239 246
239 247
239 248
239 249
239 250
239 251
239 252
239 253
239 254
239 255
239 256
239 257
239 303
239 304
239 305
239 310
239 311
239 312
239 313
239 314
239 315
239 316
239 317
239 318
240 241
240 242
240 243
240 244
240 245
240 246
240 247
240 248
240 249
240 250
240 251
240 252
240 253
240 254
240 255
240 256
240 257
240 306
240 307
240 309
240 310
240 311
240 312
240 314
240 315
240 316
240 317
240 318
241 242
241 243
241 244
241 245
241 246
241 247
241 248
241 249
241 250
241 251
241 252
241 253
241 254
241 255
241 256
241 257
241 306
241 307
241 308
241 309
241 311
241 312
241 313
241 314
241 315
241 316
241 317
242 243
242 244
242 245
242 246
242 247
242 248
242 249
242 250
242 251
242 252
242 253
242 254
242 255
242 256
242 257
242 306
242 307
242 308
242 309
242 310
242 311
242 312
242 313
242 314
242 315
242 316
242 317
242 318
242 319
242 340
243 244
243 245
243 246
243 247
243 248
243 249
243 250
243 251
243 252
243 253
243 254
243 255
243 256
243 257
243 304
243 306
243 307
243 308
243 309
243 310
243 311
243 312
243 313
243 314
243 315
243 316
243 317
243 318
244 245
244 246
244 247
244 248
244 249
244 250
244 251
244 252
244 253
244 254
244 255
244 256
244 257
244 304
244 306
244 308
244 310
244 311
244 312
244 313
244 314
244 315
244 316
244 317
245 246
245 247
245 248
245 249
245 250
245 251
245 252
245 253
245 254
245 255
245 256
245 257
245 302
245 305
245 308
245 309
245 310
245 311
245 312
245 313
245 314
245 315
245 316
245 317
245 318
246 247
246 248
246 249
246 250
246 251
246 252
246 253
246 254
246 255
246 256
246 257
246 304
246 305
246 307
246 308
246 309
246 310
246 311
246 312
246 313
246 314
246 315
246 316
246 317
246 318
246 319
247 248
247 249
247 250
247 251
247 252
247 253
247 254
247 255
247 256
247 257
247 302
247 306
247 308
247 309
247 310
247 311
247 312
247 313
247 314
247 315
247 316
247 317
247 318
248 249
248 250
248 251
248 252
248 253
248 254
248 255
248 256
248 257
248 258
248 304
248 307
248 309
248 310
248 311
248 312
248 313
248 314
248 315
248 316
248 317
248 318
249 250
249 251
249 252
249 253
249 254
249 255
249 256
249 257
249 302
249 303
249 305
249 306
249 307
249 308
249 309
249 310
249 311
249 312
249 313
249 314
249 315
249 316
249 317
249 318
249 319
250 251
250 252
250 253
250 254
250 255
250 256
250 257
250 304
250 305
250 306
250 307
250 308
250 309
250 310
250 311
250 312
250 313
250 314
250 315
250 316
250 317
250 318
250 320
251 252
251 253
251 254
251 255
251 256
251 257
251 258
251 303
251 304
251 305
251 306
251 307
251 308
251 309
251 310
251 311
251 312
251 313
251 314
251 315
251 316
251 317
251 318
251 320
252 253
252 254
252 255
252 256
252 257
252 258
252 282
252 304
252 305
252 306
252 308
252 309
252 310
252 312
252 313
252 314
252 315
252 316
252 317
252 319
252 322
252 334
253 254
253 255
253 256
253 257
253 258
253 301
253 306
253 308
253 309
253 310
253 311
253 312
253 313
253 314
253 315
253 316
253 317
253 318
253 319
253 320
253 321
253 322
254 255
254 256
254 257
254 258
254 281
254 298
254 303
254 305
254 306
254 308
254 309
254 310
254 311
254 312
254 313
254 314
254 315
254 316
254 317
254 318
254 319
254 320
254 323
255 256
255 257
255 258
255 306
255 307
255 310
255 311
255 312
255 313
255 314
255 315
255 316
255 317
255 318
255 320
255 321
256 257
256 258
256 302
256 305
256 308
256 309
256 310
256 311
256 312
256 313
256 314
256 315
256 316
256 317
256 318
256 319
257 258
257 302
257 304
257 305
257 306
257 310
257 311
257 312
257 313
257 315
257 316
257 340
258 260
258 321
258 322
268 284
283 313
293 316
302 312
302 317
303 305
303 306
303 309
303 311
303 313
303 315
304 308
304 315
304 317
305 309
305 315
305 316
305 317
306 307
306 308
306 310
306 311
306 313
306 314
306 315
306 316
306 317
307 308
307 309
307 310
307 311
307 312
307 313
307 314
307 316
307 317
307 318
308 309
308 311
308 312
308 313
308 314
308 315
308 317
309 311
309 312
309 313
309 315
309 316
310 311
310 312
310 313
310 314
310 316
310 317
311 312
311 313
311 314
311 315
311 316
311 317
312 313
312 314
312 315
312 316
312 317
313 314
313 315
313 316
313 317
314 315
314 316
314 317
314 318
315 316
315 317
315 320
316 317
316 318
317 318
318 319
