1 2
1 4
1 5
1 6
1 7
1 8
1 11
1 12
1 13
1 14
1 15
1 17
1 20
1 21
1 22
1 23
1 24
1 25
1 26
1 27
1 29
1 126
1 127
1 129
1 130
1 132
1 134
1 136
1 139
1 140
1 141
1 142
1 144
1 146
1 147
1 148
1 150
1 151
1 152
1 153
1 154
1 163
1 164
1 165
1 166
1 167
1 168
1 169
1 170
1 171
1 172
1 173
1 174
1 259
1 261
1 289
1 290
1 292
1 293
1 298
1 299
1 300
1 301
1 302
1 303
1 304
1 305
1 307
1 324
1 325
1 329
1 332
1 333
1 334
1 337
1 338
1 339
1 341
1 344
2 3
2 4
2 5
2 6
2 7
2 8
2 11
2 14
2 15
2 16
2 17
2 19
2 23
2 24
2 25
2 26
2 28
2 29
2 127
2 128
2 129
2 130
2 131
2 132
2 133
2 134
2 135
2 138
2 139
2 141
2 143
2 144
2 146
2 147
2 150
2 151
2 152
2 153
2 154
2 155
2 159
2 161
2 162
2 163
2 164
2 165
2 170
2 171
2 172
2 174
2 258
2 259
2 261
2 290
2 291
2 293
2 295
2 296
2 298
2 299
2 300
2 301
2 302
2 303
2 304
2 308
2 321
2 322
2 323
2 324
2 326
2 331
2 332
2 333
2 334
2 336
2 338
2 340
2 342
2 343
2 344
3 4
3 5
3 6
3 7
3 8
3 9
3 12
3 13
3 14
3 15
3 16
3 17
3 19
3 21
3 23
3 24
3 26
3 27
3 28
3 29
3 129
3 131
3 132
3 133
3 134
3 135
3 137
3 138
3 139
3 141
3 142
3 143
3 144
3 145
3 146
3 147
3 148
3 149
3 151
3 152
3 154
3 163
3 164
3 166
3 167
3 168
3 171
3 172
3 173
3 174
3 218
3 259
3 260
3 262
3 289
3 292
3 293
3 294
3 295
3 296
3 297
3 299
3 301
3 302
3 304
3 305
3 306
3 307
3 308
3 320
3 321
3 322
3 323
3 324
3 325
3 327
3 328
3 329
3 330
3 331
3 332
3 333
3 334
3 335
3 337
3 338
3 339
3 340
3 342
3 343
3 344
4 5
4 6
4 7
4 8
4 9
4 10
4 11
4 12
4 13
4 14
4 15
4 18
4 19
4 20
4 22
4 24
4 27
4 29
4 31
4 128
4 130
4 131
4 132
4 133
4 134
4 135
4 136
4 138
4 141
4 142
4 143
4 145
4 146
4 148
4 149
4 150
4 152
4 153
4 154
4 165
4 167
4 168
4 169
4 170
4 171
4 172
4 261
4 263
4 288
4 290
4 292
4 294
4 295
4 296
4 297
4 298
4 299
4 300
4 301
4 303
4 306
4 307
4 320
4 323
4 324
4 325
4 326
4 328
4 329
4 330
4 331
4 332
4 333
4 334
4 335
4 336
4 337
4 338
4 339
4 340
4 341
4 342
4 343
4 344
5 6
5 7
5 8
5 9
5 10
5 11
5 12
5 13
5 15
5 16
5 17
5 18
5 20
5 21
5 22
5 23
5 24
5 25
5 26
5 27
5 28
5 29
5 127
5 128
5 129
5 131
5 132
5 133
5 134
5 135
5 136
5 138
5 139
5 141
5 142
5 143
5 144
5 145
5 146
5 147
5 148
5 149
5 150
5 152
5 153
5 154
5 161
5 163
5 164
5 166
5 167
5 169
5 170
5 171
5 172
5 173
5 258
5 259
5 260
5 261
5 262
5 264
5 283
5 291
5 292
5 293
5 294
5 295
5 296
5 297
5 298
5 299
5 300
5 301
5 302
5 303
5 304
5 305
5 306
5 307
5 309
5 320
5 321
5 322
5 323
5 324
5 325
5 326
5 328
5 329
5 330
5 331
5 333
5 334
5 335
5 336
5 337
5 338
5 340
5 341
5 343
5 345
6 7
6 8
6 9
6 10
6 11
6 12
6 13
6 14
6 15
6 16
6 17
6 18
6 19
6 20
6 21
6 22
6 23
6 24
6 25
6 26
6 27
6 28
6 29
6 30
6 126
6 129
6 130
6 131
6 133
6 134
6 135
6 136
6 139
6 140
6 141
6 142
6 143
6 144
6 145
6 146
6 147
6 148
6 149
6 150
6 151
6 153
6 154
6 155
6 162
6 163
6 164
6 167
6 168
6 169
6 170
6 171
6 172
6 173
6 174
6 262
6 289
6 291
6 294
6 295
6 296
6 297
6 298
6 299
6 300
6 301
6 302
6 303
6 304
6 305
6 306
6 307
6 308
6 317
6 318
6 319
6 321
6 322
6 323
6 324
6 325
6 326
6 327
6 328
6 329
6 331
6 332
6 333
6 334
6 335
6 336
6 337
6 338
6 339
6 340
6 341
6 342
6 343
6 344
6 345
7 8
7 9
7 10
7 11
7 12
7 13
7 14
7 15
7 16
7 17
7 18
7 19
7 20
7 21
7 22
7 23
7 24
7 25
7 26
7 27
7 28
7 29
7 126
7 129
7 130
7 131
7 133
7 134
7 135
7 136
7 138
7 140
7 141
7 142
7 143
7 144
7 145
7 146
7 147
7 148
7 149
7 150
7 151
7 152
7 153
7 154
7 162
7 163
7 164
7 165
7 167
7 168
7 169
7 170
7 171
7 172
7 174
7 259
7 288
7 289
7 290
7 291
7 293
7 294
7 295
7 296
7 297
7 298
7 299
7 300
7 301
7 302
7 303
7 304
7 305
7 306
7 307
7 308
7 309
7 317
7 318
7 320
7 321
7 322
7 323
7 324
7 326
7 327
7 329
7 330
7 332
7 333
7 334
7 335
7 336
7 337
7 338
7 339
7 340
7 341
7 343
7 344
7 345
8 9
8 10
8 11
8 12
8 13
8 15
8 16
8 17
8 18
8 19
8 20
8 21
8 23
8 24
8 25
8 26
8 27
8 28
8 29
8 125
8 129
8 130
8 131
8 132
8 133
8 134
8 135
8 136
8 137
8 139
8 140
8 142
8 143
8 144
8 145
8 146
8 147
8 148
8 149
8 150
8 151
8 152
8 153
8 154
8 155
8 163
8 165
8 166
8 167
8 168
8 169
8 170
8 171
8 172
8 173
8 174
8 176
8 177
8 242
8 259
8 260
8 261
8 282
8 289
8 290
8 293
8 294
8 296
8 297
8 298
8 299
8 300
8 301
8 302
8 303
8 304
8 305
8 306
8 307
8 308
8 320
8 321
8 323
8 324
8 325
8 326
8 327
8 328
8 329
8 330
8 332
8 333
8 334
8 335
8 336
8 337
8 338
8 339
8 340
8 341
8 342
8 343
8 344
8 345
9 10
9 11
9 12
9 13
9 14
9 15
9 16
9 17
9 18
9 19
9 20
9 21
9 22
9 23
9 24
9 25
9 26
9 27
9 28
9 29
9 30
9 32
9 127
9 128
9 129
9 130
9 131
9 132
9 134
9 135
9 137
9 138
9 139
9 140
9 141
9 142
9 143
9 144
9 145
9 146
9 147
9 148
9 149
9 150
9 151
9 152
9 153
9 154
9 161
9 162
9 163
9 166
9 167
9 168
9 170
9 171
9 172
9 173
9 174
9 180
9 191
9 260
9 261
9 289
9 290
9 291
9 292
9 293
9 294
9 295
9 296
9 297
9 298
9 299
9 300
9 301
9 302
9 303
9 305
9 306
9 307
9 308
9 309
9 316
9 317
9 320
9 322
9 324
9 325
9 326
9 327
9 328
9 329
9 330
9 331
9 333
9 334
9 335
9 336
9 337
9 338
9 339
9 340
9 341
9 342
9 344
9 345
10 11
10 12
10 13
10 14
10 15
10 16
10 17
10 18
10 19
10 20
10 21
10 22
10 23
10 24
10 25
10 26
10 27
10 28
10 29
10 125
10 127
10 128
10 131
10 132
10 134
10 135
10 136
10 138
10 139
10 140
10 141
10 142
10 143
10 144
10 145
10 146
10 147
10 148
10 149
10 150
10 151
10 152
10 153
10 154
10 160
10 161
10 164
10 165
10 166
10 167
10 168
10 169
10 171
10 172
10 173
10 174
10 259
10 260
10 261
10 262
10 287
10 292
10 293
10 294
10 295
10 296
10 297
10 298
10 299
10 300
10 301
10 302
10 303
10 304
10 305
10 306
10 307
10 308
10 320
10 321
10 322
10 323
10 324
10 325
10 326
10 327
10 328
10 329
10 330
10 331
10 332
10 333
10 334
10 335
10 336
10 337
10 338
10 339
10 340
10 341
10 342
10 343
10 344
11 12
11 13
11 14
11 15
11 16
11 17
11 18
11 19
11 20
11 21
11 22
11 23
11 24
11 25
11 26
11 27
11 28
11 29
11 31
11 125
11 126
11 128
11 130
11 131
11 132
11 133
11 134
11 135
11 136
11 137
11 138
11 141
11 142
11 143
11 144
11 145
11 146
11 147
11 148
11 149
11 150
11 151
11 152
11 153
11 154
11 162
11 164
11 165
11 167
11 168
11 169
11 170
11 171
11 172
11 173
11 258
11 260
11 261
11 262
11 289
11 293
11 295
11 296
11 297
11 298
11 299
11 300
11 301
11 302
11 304
11 305
11 306
11 307
11 308
11 309
11 316
11 319
11 321
11 323
11 324
11 325
11 326
11 327
11 328
11 329
11 330
11 331
11 332
11 333
11 334
11 335
11 336
11 337
11 338
11 339
11 340
11 341
11 342
11 343
11 344
11 345
12 13
12 14
12 15
12 16
12 17
12 18
12 19
12 20
12 21
12 22
12 23
12 24
12 25
12 26
12 27
12 28
12 29
12 30
12 126
12 127
12 129
12 130
12 131
12 133
12 134
12 135
12 137
12 139
12 140
12 141
12 144
12 145
12 146
12 147
12 148
12 149
12 150
12 151
12 152
12 153
12 154
12 155
12 163
12 165
12 166
12 167
12 168
12 169
12 170
12 171
12 172
12 173
12 174
12 281
12 287
12 289
12 291
12 292
12 293
12 294
12 295
12 296
12 297
12 298
12 299
12 300
12 301
12 302
12 303
12 304
12 305
12 306
12 307
12 308
12 319
12 322
12 324
12 325
12 326
12 327
12 328
12 329
12 330
12 331
12 332
12 333
12 334
12 335
12 336
12 337
12 338
12 339
12 340
12 341
12 342
12 343
12 344
12 345
13 14
13 15
13 16
13 17
13 18
13 19
13 20
13 21
13 22
13 23
13 24
13 25
13 26
13 27
13 28
13 29
13 31
13 126
13 128
13 129
13 130
13 131
13 132
13 133
13 134
13 135
13 136
13 138
13 139
13 140
13 141
13 143
13 144
13 145
13 146
13 147
13 148
13 149
13 150
13 151
13 152
13 153
13 154
13 161
13 162
13 163
13 164
13 166
13 167
13 168
13 169
13 170
13 171
13 172
13 173
13 261
13 262
13 290
13 292
13 293
13 295
13 296
13 298
13 299
13 300
13 301
13 302
13 303
13 304
13 305
13 306
13 307
13 308
13 318
13 319
13 320
13 321
13 323
13 324
13 325
13 326
13 327
13 329
13 330
13 331
13 332
13 333
13 334
13 335
13 336
13 337
13 338
13 339
13 340
13 341
13 342
13 343
13 344
14 15
14 16
14 17
14 18
14 19
14 20
14 21
14 22
14 23
14 24
14 25
14 26
14 27
14 28
14 29
14 127
14 128
14 129
14 130
14 131
14 132
14 133
14 134
14 135
14 136
14 137
14 138
14 139
14 140
14 141
14 142
14 144
14 147
14 148
14 149
14 150
14 151
14 152
14 153
14 154
14 160
14 161
14 162
14 164
14 165
14 166
14 167
14 168
14 169
14 170
14 171
14 172
14 173
14 174
14 261
14 289
14 290
14 292
14 293
14 294
14 295
14 298
14 299
14 300
14 301
14 302
14 303
14 304
14 305
14 306
14 307
14 308
14 317
14 318
14 319
14 322
14 323
14 324
14 325
14 326
14 327
14 328
14 329
14 330
14 331
14 332
14 333
14 334
14 335
14 336
14 337
14 338
14 339
14 340
14 341
14 342
14 343
14 344
15 16
15 17
15 18
15 19
15 20
15 21
15 22
15 23
15 24
15 25
15 26
15 27
15 28
15 29
15 30
15 127
15 128
15 130
15 132
15 133
15 134
15 135
15 136
15 138
15 139
15 141
15 142
15 143
15 144
15 145
15 146
15 148
15 149
15 150
15 151
15 152
15 153
15 154
15 160
15 162
15 163
15 164
15 165
15 166
15 167
15 168
15 169
15 170
15 171
15 172
15 173
15 174
15 257
15 260
15 261
15 262
15 289
15 290
15 291
15 292
15 293
15 294
15 295
15 296
15 297
15 298
15 299
15 300
15 301
15 302
15 303
15 304
15 305
15 306
15 307
15 319
15 320
15 321
15 323
15 324
15 325
15 326
15 327
15 328
15 329
15 330
15 331
15 332
15 333
15 334
15 335
15 336
15 337
15 338
15 339
15 340
15 341
15 342
15 343
15 344
15 345
16 17
16 18
16 19
16 20
16 21
16 22
16 23
16 24
16 25
16 26
16 27
16 28
16 29
16 129
16 130
16 132
16 133
16 134
16 135
16 136
16 137
16 138
16 139
16 141
16 142
16 143
16 144
16 145
16 146
16 147
16 148
16 149
16 150
16 151
16 152
16 153
16 154
16 161
16 163
16 164
16 166
16 167
16 168
16 170
16 171
16 172
16 173
16 174
16 175
16 189
16 258
16 259
16 260
16 262
16 291
16 292
16 293
16 294
16 295
16 297
16 298
16 299
16 300
16 301
16 302
16 303
16 304
16 305
16 306
16 307
16 308
16 316
16 318
16 320
16 321
16 322
16 323
16 324
16 325
16 326
16 327
16 328
16 329
16 330
16 331
16 332
16 333
16 334
16 335
16 336
16 337
16 338
16 339
16 340
16 341
16 342
16 343
16 344
16 345
17 18
17 19
17 20
17 21
17 22
17 23
17 24
17 25
17 26
17 27
17 28
17 100
17 128
17 130
17 132
17 133
17 134
17 135
17 137
17 139
17 140
17 141
17 142
17 143
17 144
17 145
17 146
17 147
17 148
17 149
17 150
17 151
17 152
17 153
17 154
17 155
17 161
17 164
17 165
17 166
17 167
17 168
17 169
17 170
17 171
17 172
17 173
17 261
17 289
17 290
17 291
17 292
17 293
17 294
17 296
17 297
17 298
17 299
17 300
17 301
17 302
17 303
17 304
17 305
17 306
17 307
17 309
17 319
17 320
17 321
17 322
17 323
17 324
17 325
17 326
17 327
17 328
17 329
17 331
17 332
17 333
17 334
17 335
17 336
17 337
17 338
17 339
17 340
17 341
17 342
17 343
17 344
17 345
18 19
18 20
18 21
18 22
18 23
18 24
18 25
18 26
18 27
18 28
18 29
18 30
18 126
18 127
18 128
18 131
18 132
18 133
18 134
18 135
18 136
18 137
18 138
18 139
18 140
18 143
18 144
18 145
18 146
18 147
18 148
18 149
18 150
18 151
18 152
18 153
18 154
18 163
18 165
18 166
18 167
18 168
18 169
18 170
18 171
18 172
18 173
18 174
18 177
18 260
18 261
18 263
18 264
18 282
18 285
18 288
18 290
18 291
18 293
18 294
18 295
18 296
18 297
18 298
18 299
18 300
18 301
18 302
18 303
18 304
18 305
18 306
18 307
18 308
18 318
18 319
18 320
18 321
18 322
18 324
18 325
18 326
18 328
18 329
18 330
18 331
18 332
18 333
18 334
18 335
18 336
18 337
18 338
18 339
18 340
18 341
18 342
18 343
18 344
18 345
19 20
19 21
19 22
19 23
19 24
19 25
19 26
19 27
19 28
19 29
19 30
19 31
19 77
19 80
19 125
19 127
19 128
19 130
19 132
19 133
19 134
19 135
19 136
19 137
19 138
19 139
19 140
19 141
19 142
19 144
19 145
19 146
19 147
19 148
19 149
19 150
19 151
19 152
19 153
19 154
19 155
19 160
19 164
19 165
19 166
19 168
19 169
19 170
19 171
19 172
19 173
19 257
19 259
19 261
19 262
19 264
19 282
19 283
19 288
19 292
19 294
19 295
19 296
19 297
19 298
19 299
19 300
19 301
19 302
19 303
19 304
19 305
19 306
19 307
19 308
19 318
19 319
19 320
19 322
19 325
19 326
19 327
19 328
19 329
19 330
19 331
19 332
19 333
19 334
19 335
19 336
19 337
19 338
19 339
19 340
19 341
19 342
19 343
19 344
19 345
19 347
20 21
20 22
20 23
20 24
20 25
20 26
20 27
20 28
20 29
20 108
20 124
20 127
20 128
20 129
20 130
20 132
20 133
20 134
20 135
20 136
20 138
20 139
20 141
20 142
20 143
20 144
20 145
20 146
20 147
20 148
20 149
20 150
20 151
20 152
20 153
20 154
20 155
20 161
20 163
20 165
20 167
20 168
20 169
20 170
20 171
20 172
20 173
20 177
20 259
20 261
20 263
20 291
20 294
20 295
20 297
20 298
20 299
20 300
20 301
20 302
20 303
20 304
20 305
20 306
20 307
20 308
20 309
20 320
20 322
20 323
20 324
20 325
20 326
20 328
20 329
20 330
20 331
20 332
20 333
20 334
20 335
20 336
20 337
20 338
20 339
20 340
20 341
20 342
20 343
20 344
20 345
20 346
21 22
21 23
21 24
21 25
21 26
21 27
21 28
21 29
21 30
21 46
21 55
21 76
21 109
21 129
21 130
21 131
21 132
21 134
21 135
21 138
21 141
21 142
21 143
21 144
21 145
21 146
21 147
21 148
21 149
21 150
21 151
21 152
21 153
21 154
21 155
21 156
21 160
21 162
21 163
21 164
21 165
21 167
21 168
21 169
21 170
21 171
21 172
21 173
21 174
21 175
21 226
21 258
21 259
21 261
21 276
21 283
21 288
21 289
21 290
21 292
21 293
21 294
21 295
21 296
21 297
21 298
21 299
21 300
21 301
21 302
21 303
21 304
21 305
21 306
21 307
21 308
21 320
21 321
21 322
21 324
21 325
21 326
21 327
21 328
21 329
21 330
21 331
21 332
21 333
21 334
21 335
21 336
21 337
21 338
21 339
21 340
21 341
21 342
21 343
21 344
21 345
21 346
22 23
22 24
22 25
22 26
22 27
22 28
22 29
22 30
22 31
22 82
22 94
22 99
22 101
22 108
22 126
22 129
22 130
22 131
22 132
22 134
22 135
22 136
22 137
22 138
22 139
22 141
22 142
22 143
22 144
22 145
22 146
22 147
22 148
22 149
22 150
22 151
22 152
22 153
22 154
22 155
22 159
22 165
22 166
22 167
22 169
22 170
22 171
22 172
22 173
22 174
22 175
22 260
22 262
22 284
22 287
22 289
22 290
22 291
22 292
22 293
22 294
22 295
22 296
22 297
22 298
22 299
22 300
22 301
22 302
22 303
22 304
22 305
22 306
22 307
22 308
22 309
22 317
22 318
22 319
22 320
22 321
22 322
22 323
22 324
22 325
22 326
22 327
22 328
22 329
22 330
22 331
22 332
22 333
22 334
22 335
22 336
22 337
22 338
22 339
22 340
22 341
22 342
22 343
22 344
22 345
23 24
23 25
23 26
23 27
23 28
23 29
23 30
23 31
23 126
23 127
23 128
23 129
23 130
23 131
23 132
23 133
23 134
23 135
23 136
23 137
23 138
23 139
23 140
23 141
23 142
23 143
23 144
23 145
23 146
23 147
23 148
23 149
23 150
23 151
23 152
23 153
23 154
23 155
23 156
23 163
23 165
23 168
23 169
23 170
23 172
23 173
23 174
23 175
23 179
23 217
23 218
23 261
23 262
23 263
23 264
23 280
23 281
23 290
23 292
23 293
23 294
23 295
23 296
23 297
23 298
23 300
23 301
23 302
23 303
23 304
23 305
23 306
23 307
23 308
23 309
23 310
23 311
23 319
23 320
23 321
23 322
23 323
23 324
23 325
23 326
23 327
23 328
23 329
23 330
23 331
23 332
23 333
23 334
23 335
23 336
23 337
23 338
23 339
23 340
23 341
23 342
23 343
23 344
23 345
23 346
23 347
24 25
24 26
24 27
24 28
24 29
24 30
24 31
24 127
24 128
24 129
24 130
24 131
24 132
24 134
24 135
24 136
24 137
24 138
24 139
24 140
24 141
24 142
24 143
24 144
24 146
24 147
24 148
24 149
24 150
24 151
24 152
24 153
24 154
24 155
24 156
24 162
24 164
24 165
24 166
24 167
24 168
24 169
24 170
24 171
24 172
24 173
24 174
24 175
24 258
24 260
24 261
24 262
24 263
24 264
24 265
24 283
24 284
24 290
24 292
24 293
24 294
24 295
24 296
24 297
24 298
24 299
24 300
24 301
24 302
24 303
24 304
24 305
24 306
24 307
24 308
24 309
24 310
24 319
24 321
24 322
24 324
24 325
24 326
24 327
24 328
24 329
24 330
24 331
24 332
24 333
24 334
24 335
24 336
24 337
24 338
24 339
24 340
24 341
24 342
24 343
24 344
24 345
24 346
24 347
25 26
25 27
25 28
25 29
25 30
25 31
25 32
25 46
25 83
25 109
25 114
25 126
25 127
25 128
25 129
25 130
25 131
25 132
25 133
25 134
25 135
25 136
25 137
25 138
25 139
25 140
25 141
25 142
25 143
25 144
25 145
25 146
25 147
25 148
25 149
25 150
25 151
25 152
25 153
25 154
25 155
25 156
25 157
25 161
25 162
25 165
25 166
25 168
25 169
25 170
25 171
25 172
25 173
25 174
25 175
25 176
25 178
25 259
25 263
25 283
25 285
25 289
25 293
25 295
25 296
25 297
25 298
25 299
25 300
25 301
25 302
25 303
25 304
25 305
25 306
25 307
25 308
25 309
25 320
25 324
25 325
25 326
25 327
25 328
25 329
25 330
25 331
25 332
25 333
25 334
25 335
25 336
25 337
25 338
25 339
25 340
25 341
25 342
25 343
25 344
25 345
25 346
25 348
26 27
26 28
26 29
26 30
26 31
26 32
26 77
26 100
26 125
26 127
26 128
26 129
26 130
26 131
26 132
26 133
26 134
26 135
26 136
26 137
26 138
26 139
26 140
26 142
26 143
26 144
26 145
26 146
26 147
26 148
26 149
26 150
26 151
26 152
26 153
26 154
26 155
26 156
26 161
26 165
26 166
26 168
26 170
26 171
26 172
26 173
26 174
26 176
26 226
26 261
26 263
26 264
26 265
26 267
26 275
26 278
26 279
26 281
26 284
26 291
26 293
26 295
26 296
26 297
26 298
26 299
26 300
26 301
26 302
26 303
26 304
26 305
26 306
26 307
26 308
26 309
26 310
26 311
26 319
26 320
26 321
26 322
26 323
26 325
26 326
26 327
26 328
26 329
26 330
26 331
26 332
26 333
26 334
26 335
26 336
26 337
26 338
26 339
26 340
26 341
26 342
26 343
26 344
26 345
26 346
26 347
27 28
27 29
27 30
27 32
27 70
27 71
27 78
27 84
27 104
27 128
27 129
27 130
27 131
27 133
27 134
27 135
27 136
27 137
27 138
27 139
27 140
27 142
27 143
27 144
27 145
27 146
27 147
27 148
27 149
27 150
27 151
27 152
27 153
27 154
27 155
27 156
27 157
27 164
27 166
27 168
27 171
27 172
27 173
27 174
27 175
27 179
27 201
27 259
27 261
27 263
27 287
27 288
27 291
27 293
27 295
27 296
27 297
27 298
27 299
27 300
27 301
27 302
27 303
27 304
27 305
27 306
27 307
27 308
27 309
27 310
27 316
27 317
27 318
27 319
27 320
27 321
27 322
27 323
27 324
27 325
27 326
27 327
27 328
27 329
27 330
27 331
27 332
27 333
27 334
27 335
27 336
27 337
27 338
27 339
27 340
27 341
27 342
27 343
27 344
27 345
27 346
28 29
28 30
28 31
28 34
28 47
28 78
28 126
28 131
28 132
28 133
28 134
28 135
28 137
28 138
28 139
28 140
28 141
28 142
28 143
28 144
28 145
28 146
28 147
28 148
28 149
28 150
28 151
28 152
28 153
28 154
28 159
28 160
28 164
28 166
28 167
28 168
28 169
28 170
28 171
28 172
28 173
28 174
28 175
28 190
28 217
28 227
28 260
28 261
28 264
28 282
28 288
28 292
28 293
28 294
28 295
28 296
28 297
28 298
28 299
28 301
28 302
28 303
28 304
28 305
28 306
28 307
28 319
28 320
28 321
28 323
28 324
28 325
28 326
28 327
28 328
28 329
28 330
28 331
28 332
28 333
28 334
28 335
28 336
28 337
28 338
28 339
28 340
28 341
28 342
28 343
28 344
28 345
29 40
29 81
29 127
29 129
29 132
29 133
29 134
29 135
29 138
29 140
29 141
29 142
29 143
29 145
29 146
29 147
29 148
29 149
29 150
29 151
29 153
29 154
29 155
29 156
29 162
29 164
29 165
29 167
29 169
29 170
29 171
29 172
29 173
29 259
29 260
29 282
29 291
29 292
29 293
29 294
29 295
29 296
29 297
29 298
29 299
29 300
29 301
29 302
29 303
29 304
29 305
29 306
29 307
29 310
29 318
29 319
29 321
29 322
29 324
29 325
29 326
29 327
29 328
29 329
29 330
29 331
29 334
29 335
29 336
29 337
29 338
29 339
29 340
29 342
29 343
29 344
29 346
30 110
30 134
30 136
30 140
30 142
30 145
30 147
30 149
30 150
30 151
30 153
30 154
30 167
30 168
30 169
30 171
30 243
30 293
30 299
30 300
30 301
30 302
30 306
30 321
30 327
30 328
30 329
30 332
30 333
30 334
30 336
30 338
30 339
31 135
31 147
31 150
31 153
31 176
31 333
31 345
32 35
32 155
32 342
33 71
33 344
66 340
72 342
76 332
77 295
78 324
78 341
79 176
79 255
80 141
95 218
96 219
101 158
105 286
108 344
115 155
118 178
124 142
124 148
124 293
124 300
124 303
124 304
124 335
124 343
125 129
125 134
125 135
125 139
125 143
125 145
125 148
125 151
125 166
125 167
125 169
125 170
125 288
125 289
125 296
125 297
125 300
125 306
125 307
125 308
125 318
125 319
125 332
125 337
125 338
125 339
126 127
126 128
126 129
126 132
126 134
126 136
126 138
126 140
126 142
126 145
126 146
126 150
126 153
126 159
126 162
126 163
126 166
126 167
126 169
126 174
126 261
126 290
126 293
126 297
126 300
126 303
126 320
126 321
126 322
126 326
126 329
126 330
126 331
126 332
126 333
127 129
127 131
127 135
127 139
127 141
127 142
127 146
127 148
127 151
127 153
127 154
127 159
127 160
127 162
127 163
127 165
127 167
127 170
127 258
127 260
127 261
127 289
127 290
127 291
127 292
127 293
127 294
127 297
127 298
127 303
127 304
127 305
127 318
127 323
127 324
127 328
127 329
127 330
127 332
127 333
127 334
127 335
127 339
127 340
127 342
127 343
128 130
128 131
128 132
128 135
128 137
128 138
128 139
128 140
128 141
128 142
128 143
128 146
128 147
128 148
128 149
128 150
128 151
128 152
128 154
128 159
128 164
128 165
128 166
128 167
128 171
128 174
128 262
128 288
128 291
128 292
128 294
128 295
128 297
128 299
128 300
128 303
128 304
128 305
128 307
128 308
128 320
128 321
128 322
128 323
128 324
128 325
128 326
128 327
128 328
128 329
128 331
128 334
128 335
128 338
128 340
128 341
129 130
129 133
129 135
129 136
129 137
129 138
129 140
129 142
129 144
129 145
129 147
129 148
129 149
129 150
129 152
129 154
129 160
129 162
129 164
129 165
129 166
129 170
129 171
129 172
129 173
129 289
129 290
129 293
129 294
129 295
129 298
129 299
129 301
129 302
129 303
129 304
129 306
129 308
129 319
129 324
129 325
129 326
129 328
129 329
129 330
129 331
129 335
129 336
129 337
129 338
129 341
129 342
129 343
130 132
130 133
130 134
130 135
130 136
130 137
130 138
130 139
130 140
130 142
130 143
130 146
130 147
130 150
130 151
130 154
130 160
130 161
130 162
130 164
130 165
130 167
130 168
130 169
130 170
130 171
130 172
130 173
130 174
130 254
130 258
130 261
130 288
130 289
130 290
130 291
130 292
130 293
130 294
130 297
130 301
130 302
130 303
130 304
130 305
130 306
130 307
130 317
130 320
130 321
130 322
130 323
130 325
130 326
130 327
130 328
130 329
130 330
130 331
130 332
130 333
130 334
130 337
130 338
130 339
130 340
130 341
130 342
130 343
130 344
130 345
131 132
131 133
131 134
131 135
131 136
131 137
131 138
131 139
131 144
131 145
131 146
131 147
131 148
131 149
131 150
131 152
131 153
131 154
131 155
131 160
131 162
131 163
131 166
131 167
131 168
131 169
131 170
131 172
131 174
131 258
131 260
131 261
131 263
131 287
131 289
131 292
131 293
131 294
131 295
131 296
131 297
131 298
131 299
131 302
131 303
131 304
131 305
131 306
131 307
131 308
131 319
131 321
131 322
131 323
131 324
131 325
131 326
131 327
131 330
131 331
131 332
131 333
131 334
131 335
131 336
131 337
131 338
131 339
131 340
131 341
131 343
131 344
131 345
132 133
132 134
132 136
132 140
132 141
132 142
132 143
132 144
132 145
132 146
132 147
132 148
132 149
132 150
132 151
132 152
132 153
132 160
132 162
132 163
132 164
132 165
132 166
132 167
132 168
132 169
132 170
132 172
132 173
132 259
132 260
132 261
132 289
132 292
132 293
132 294
132 295
132 296
132 297
132 298
132 299
132 301
132 302
132 303
132 304
132 305
132 306
132 307
132 308
132 318
132 319
132 321
132 322
132 323
132 324
132 325
132 326
132 327
132 328
132 329
132 330
132 331
132 333
132 334
132 335
132 336
132 337
132 338
132 339
132 340
132 341
132 342
132 343
132 344
132 345
133 134
133 135
133 136
133 138
133 139
133 140
133 141
133 142
133 144
133 145
133 146
133 147
133 148
133 149
133 150
133 151
133 152
133 153
133 154
133 155
133 159
133 165
133 169
133 170
133 171
133 172
133 173
133 174
133 259
133 260
133 290
133 291
133 292
133 293
133 294
133 295
133 296
133 298
133 300
133 301
133 302
133 305
133 306
133 307
133 308
133 317
133 320
133 321
133 322
133 323
133 324
133 325
133 326
133 327
133 328
133 329
133 330
133 331
133 332
133 333
133 334
133 335
133 336
133 337
133 338
133 339
133 340
133 341
133 342
133 343
133 344
134 135
134 137
134 138
134 139
134 140
134 141
134 142
134 143
134 144
134 146
134 147
134 148
134 149
134 150
134 151
134 152
134 153
134 154
134 160
134 161
134 163
134 164
134 165
134 166
134 167
134 168
134 171
134 172
134 173
134 261
134 289
134 290
134 291
134 292
134 293
134 294
134 296
134 297
134 298
134 299
134 300
134 301
134 302
134 303
134 304
134 305
134 306
134 308
134 309
134 316
134 318
134 319
134 320
134 321
134 322
134 323
134 324
134 325
134 326
134 327
134 328
134 329
134 331
134 332
134 333
134 334
134 335
134 336
134 338
134 339
134 340
134 342
134 343
135 136
135 137
135 138
135 139
135 140
135 141
135 142
135 143
135 144
135 145
135 146
135 147
135 148
135 149
135 150
135 151
135 152
135 153
135 154
135 159
135 161
135 163
135 165
135 166
135 167
135 169
135 170
135 171
135 172
135 173
135 174
135 261
135 262
135 288
135 289
135 293
135 294
135 295
135 296
135 297
135 298
135 299
135 300
135 301
135 302
135 303
135 304
135 305
135 306
135 307
135 308
135 317
135 319
135 321
135 322
135 323
135 324
135 327
135 328
135 329
135 330
135 331
135 332
135 333
135 334
135 335
135 336
135 338
135 339
135 340
135 341
135 342
135 343
135 344
135 345
136 137
136 138
136 139
136 140
136 141
136 142
136 143
136 144
136 145
136 147
136 148
136 149
136 150
136 151
136 152
136 153
136 154
136 155
136 160
136 163
136 164
136 165
136 166
136 168
136 169
136 171
136 172
136 173
136 259
136 261
136 292
136 293
136 294
136 295
136 296
136 297
136 298
136 299
136 300
136 301
136 302
136 303
136 304
136 305
136 307
136 308
136 309
136 317
136 320
136 321
136 323
136 324
136 325
136 326
136 327
136 329
136 330
136 331
136 332
136 333
136 334
136 335
136 336
136 337
136 338
136 339
136 340
136 341
136 342
136 343
136 344
137 138
137 139
137 140
137 141
137 142
137 143
137 144
137 145
137 146
137 147
137 148
137 149
137 150
137 153
137 154
137 163
137 164
137 166
137 167
137 168
137 170
137 171
137 173
137 174
137 177
137 258
137 260
137 261
137 263
137 290
137 291
137 292
137 293
137 294
137 297
137 298
137 299
137 301
137 302
137 304
137 305
137 306
137 307
137 308
137 320
137 321
137 322
137 323
137 324
137 327
137 328
137 329
137 330
137 331
137 332
137 333
137 334
137 335
137 336
137 337
137 338
137 339
137 340
137 341
137 342
137 343
137 344
138 140
138 141
138 142
138 143
138 144
138 146
138 147
138 148
138 150
138 151
138 152
138 153
138 161
138 163
138 165
138 166
138 167
138 169
138 171
138 172
138 173
138 176
138 190
138 262
138 263
138 288
138 289
138 290
138 291
138 292
138 293
138 294
138 296
138 299
138 300
138 301
138 303
138 304
138 305
138 306
138 307
138 308
138 309
138 316
138 317
138 318
138 319
138 320
138 321
138 322
138 323
138 326
138 328
138 329
138 330
138 331
138 332
138 333
138 334
138 335
138 336
138 337
138 338
138 339
138 340
138 341
138 342
138 343
138 344
138 345
139 140
139 141
139 142
139 143
139 144
139 145
139 147
139 149
139 150
139 151
139 159
139 161
139 162
139 163
139 165
139 166
139 170
139 171
139 172
139 173
139 174
139 260
139 261
139 262
139 291
139 293
139 295
139 296
139 297
139 298
139 300
139 301
139 302
139 305
139 306
139 307
139 308
139 319
139 320
139 321
139 323
139 325
139 326
139 328
139 331
139 332
139 333
139 335
139 336
139 337
139 339
139 341
139 343
139 344
140 141
140 143
140 145
140 146
140 148
140 149
140 150
140 151
140 153
140 154
140 155
140 159
140 163
140 167
140 168
140 169
140 171
140 173
140 174
140 259
140 260
140 291
140 292
140 294
140 297
140 298
140 299
140 301
140 302
140 303
140 304
140 305
140 306
140 307
140 308
140 315
140 318
140 319
140 323
140 324
140 325
140 326
140 329
140 331
140 332
140 333
140 334
140 336
140 337
140 338
140 339
140 340
140 341
140 342
140 343
141 142
141 143
141 144
141 145
141 146
141 147
141 148
141 149
141 150
141 152
141 153
141 154
141 155
141 160
141 162
141 163
141 164
141 165
141 166
141 168
141 169
141 170
141 173
141 174
141 260
141 261
141 289
141 290
141 291
141 292
141 293
141 294
141 295
141 296
141 297
141 298
141 300
141 301
141 302
141 303
141 304
141 305
141 306
141 307
141 309
141 317
141 321
141 322
141 323
141 324
141 325
141 327
141 328
141 329
141 330
141 331
141 332
141 333
141 334
141 335
141 337
141 338
141 339
141 340
141 341
141 342
141 343
141 344
142 143
142 144
142 145
142 146
142 147
142 148
142 149
142 150
142 151
142 152
142 153
142 154
142 162
142 165
142 166
142 167
142 168
142 169
142 170
142 171
142 172
142 260
142 261
142 264
142 290
142 291
142 293
142 294
142 295
142 296
142 297
142 298
142 299
142 300
142 301
142 302
142 303
142 304
142 305
142 306
142 307
142 308
142 318
142 321
142 322
142 325
142 327
142 328
142 329
142 330
142 331
142 332
142 333
142 335
142 336
142 337
142 338
142 339
142 340
142 341
142 342
142 343
142 344
142 345
143 144
143 145
143 146
143 147
143 148
143 149
143 150
143 151
143 152
143 153
143 154
143 161
143 162
143 163
143 164
143 165
143 166
143 167
143 168
143 169
143 170
143 171
143 172
143 173
143 258
143 260
143 261
143 262
143 289
143 290
143 292
143 294
143 296
143 297
143 298
143 299
143 300
143 303
143 304
143 305
143 306
143 307
143 308
143 317
143 318
143 320
143 322
143 324
143 325
143 326
143 327
143 328
143 329
143 330
143 331
143 332
143 333
143 334
143 335
143 336
143 337
143 338
143 339
143 340
143 341
143 342
143 343
143 344
144 145
144 146
144 147
144 148
144 149
144 151
144 152
144 153
144 154
144 162
144 163
144 164
144 166
144 167
144 168
144 169
144 170
144 171
144 172
144 173
144 259
144 260
144 261
144 287
144 291
144 292
144 294
144 296
144 297
144 298
144 300
144 301
144 303
144 304
144 305
144 306
144 307
144 308
144 309
144 318
144 320
144 321
144 322
144 323
144 324
144 325
144 326
144 327
144 328
144 329
144 330
144 331
144 332
144 333
144 334
144 335
144 336
144 337
144 338
144 339
144 340
144 341
144 342
144 343
144 344
145 146
145 147
145 148
145 149
145 150
145 151
145 152
145 153
145 154
145 162
145 163
145 164
145 165
145 166
145 167
145 168
145 169
145 170
145 171
145 172
145 173
145 259
145 287
145 289
145 290
145 292
145 293
145 295
145 296
145 297
145 298
145 299
145 300
145 301
145 302
145 303
145 304
145 305
145 306
145 307
145 309
145 320
145 321
145 322
145 323
145 324
145 325
145 326
145 327
145 328
145 329
145 330
145 331
145 332
145 333
145 334
145 335
145 336
145 337
145 338
145 339
145 340
145 341
145 342
145 343
145 344
145 345
146 147
146 148
146 149
146 150
146 151
146 152
146 153
146 154
146 156
146 161
146 162
146 163
146 165
146 166
146 167
146 168
146 169
146 170
146 171
146 172
146 173
146 259
146 261
146 262
146 291
146 293
146 294
146 295
146 296
146 298
146 299
146 300
146 301
146 302
146 303
146 304
146 305
146 306
146 307
146 308
146 317
146 319
146 320
146 321
146 322
146 323
146 324
146 325
146 326
146 327
146 328
146 329
146 330
146 331
146 332
146 333
146 334
146 335
146 336
146 337
146 338
146 339
146 340
146 341
146 342
146 343
146 344
147 148
147 149
147 151
147 152
147 153
147 154
147 155
147 160
147 162
147 163
147 164
147 165
147 167
147 168
147 170
147 171
147 172
147 173
147 259
147 260
147 261
147 291
147 292
147 293
147 295
147 296
147 297
147 298
147 299
147 300
147 301
147 302
147 303
147 304
147 305
147 306
147 307
147 308
147 319
147 320
147 321
147 322
147 324
147 325
147 326
147 327
147 329
147 330
147 331
147 332
147 333
147 334
147 335
147 336
147 337
147 338
147 339
147 340
147 341
147 342
147 343
147 344
147 346
148 149
148 150
148 151
148 152
148 153
148 154
148 155
148 159
148 161
148 163
148 164
148 165
148 166
148 167
148 168
148 169
148 170
148 171
148 172
148 173
148 174
148 261
148 263
148 288
148 291
148 292
148 293
148 294
148 295
148 296
148 297
148 298
148 299
148 300
148 301
148 302
148 303
148 304
148 305
148 306
148 307
148 308
148 319
148 320
148 321
148 322
148 323
148 324
148 325
148 326
148 327
148 328
148 329
148 330
148 331
148 332
148 333
148 334
148 335
148 336
148 337
148 338
148 339
148 340
148 341
148 342
148 343
148 344
148 345
149 150
149 151
149 152
149 153
149 154
149 160
149 161
149 162
149 163
149 164
149 165
149 166
149 167
149 168
149 169
149 170
149 171
149 172
149 173
149 174
149 261
149 288
149 289
149 290
149 291
149 292
149 293
149 294
149 295
149 296
149 297
149 298
149 300
149 301
149 302
149 303
149 304
149 305
149 306
149 307
149 308
149 317
149 319
149 320
149 322
149 323
149 324
149 325
149 326
149 327
149 328
149 329
149 330
149 331
149 332
149 333
149 334
149 335
149 336
149 337
149 338
149 339
149 340
149 341
149 342
149 343
149 344
150 151
150 152
150 153
150 154
150 155
150 161
150 162
150 163
150 164
150 165
150 166
150 167
150 168
150 169
150 170
150 171
150 172
150 173
150 174
150 260
150 261
150 262
150 288
150 290
150 292
150 293
150 294
150 295
150 296
150 297
150 298
150 299
150 300
150 301
150 302
150 303
150 304
150 305
150 306
150 307
150 308
150 319
150 320
150 321
150 322
150 323
150 324
150 325
150 326
150 327
150 328
150 329
150 330
150 331
150 332
150 333
150 334
150 335
150 336
150 337
150 338
150 339
150 340
150 341
150 342
150 343
150 344
151 152
151 153
151 154
151 155
151 160
151 161
151 162
151 163
151 164
151 167
151 168
151 169
151 170
151 171
151 172
151 173
151 174
151 258
151 261
151 262
151 289
151 290
151 291
151 292
151 293
151 294
151 295
151 296
151 297
151 298
151 299
151 300
151 301
151 302
151 303
151 304
151 305
151 306
151 307
151 320
151 321
151 322
151 323
151 325
151 326
151 327
151 328
151 329
151 330
151 331
151 332
151 333
151 334
151 335
151 336
151 337
151 338
151 339
151 340
151 341
151 342
151 343
151 344
151 345
152 153
152 154
152 155
152 161
152 163
152 164
152 165
152 166
152 167
152 168
152 169
152 170
152 171
152 172
152 173
152 174
152 216
152 260
152 261
152 264
152 282
152 283
152 292
152 293
152 294
152 295
152 296
152 298
152 299
152 300
152 301
152 302
152 303
152 304
152 305
152 306
152 307
152 308
152 309
152 321
152 323
152 324
152 325
152 326
152 327
152 328
152 329
152 330
152 331
152 332
152 333
152 334
152 335
152 336
152 337
152 338
152 339
152 340
152 341
152 342
152 343
152 344
152 345
153 154
153 155
153 163
153 164
153 165
153 166
153 167
153 168
153 169
153 170
153 171
153 172
153 173
153 174
153 261
153 290
153 291
153 292
153 294
153 295
153 296
153 298
153 299
153 300
153 301
153 302
153 303
153 304
153 305
153 306
153 307
153 308
153 309
153 318
153 319
153 320
153 322
153 323
153 324
153 327
153 329
153 330
153 331
153 332
153 333
153 334
153 335
153 336
153 337
153 338
153 339
153 340
153 341
153 342
153 343
153 344
153 345
154 160
154 161
154 165
154 166
154 167
154 169
154 170
154 171
154 172
154 173
154 175
154 289
154 290
154 292
154 293
154 295
154 296
154 297
154 298
154 299
154 300
154 301
154 302
154 303
154 304
154 305
154 306
154 307
154 308
154 310
154 318
154 320
154 321
154 322
154 323
154 324
154 325
154 326
154 327
154 328
154 329
154 330
154 331
154 332
154 333
154 334
154 335
154 336
154 337
154 338
154 339
154 340
154 341
154 342
154 343
154 344
154 345
154 346
155 162
155 168
155 169
155 171
155 263
155 293
155 294
155 299
155 300
155 305
155 306
155 308
155 318
155 321
155 323
155 324
155 326
155 327
155 328
155 329
155 330
155 331
155 332
155 334
155 335
155 336
155 337
155 339
155 341
155 342
155 343
156 168
156 170
156 178
156 328
156 334
156 338
156 340
156 342
156 345
157 177
157 267
157 344
158 292
158 304
158 343
159 160
159 162
159 163
159 173
159 260
159 293
159 322
159 331
159 337
159 342
159 343
160 165
160 167
160 168
160 260
160 261
160 291
160 292
160 294
160 296
160 300
160 303
160 305
160 306
160 316
160 323
160 325
160 326
160 328
160 339
161 162
161 163
161 164
161 165
161 168
161 169
161 170
161 174
161 262
161 288
161 292
161 295
161 296
161 297
161 305
161 307
161 317
161 322
161 325
161 326
161 328
161 329
161 330
161 337
161 341
161 344
162 166
162 167
162 168
162 169
162 170
162 171
162 259
162 261
162 262
162 295
162 301
162 302
162 304
162 305
162 306
162 308
162 316
162 319
162 322
162 324
162 325
162 326
162 329
162 332
162 335
162 336
162 338
162 339
162 341
162 342
162 343
163 164
163 165
163 166
163 168
163 169
163 170
163 171
163 260
163 288
163 292
163 293
163 294
163 297
163 298
163 302
163 304
163 305
163 309
163 319
163 320
163 321
163 322
163 324
163 325
163 327
163 328
163 329
163 333
163 338
163 339
163 340
163 341
164 167
164 168
164 169
164 170
164 171
164 173
164 289
164 291
164 293
164 294
164 296
164 297
164 299
164 300
164 301
164 303
164 304
164 305
164 306
164 308
164 317
164 318
164 320
164 321
164 322
164 324
164 325
164 328
164 330
164 331
164 333
164 337
164 338
164 340
164 342
164 343
165 166
165 167
165 168
165 170
165 171
165 172
165 173
165 174
165 175
165 259
165 262
165 288
165 290
165 291
165 292
165 293
165 294
165 295
165 296
165 299
165 300
165 301
165 302
165 303
165 304
165 307
165 308
165 317
165 320
165 321
165 323
165 324
165 325
165 327
165 328
165 329
165 331
165 333
165 334
165 335
165 336
165 337
165 338
165 339
165 340
165 342
165 343
165 344
166 167
166 168
166 169
166 171
166 172
166 173
166 259
166 260
166 261
166 290
166 292
166 293
166 294
166 295
166 296
166 297
166 298
166 299
166 300
166 301
166 302
166 303
166 304
166 305
166 306
166 307
166 308
166 318
166 320
166 322
166 323
166 324
166 327
166 328
166 330
166 331
166 332
166 333
166 334
166 335
166 336
166 337
166 338
166 339
166 340
166 341
166 343
166 344
166 345
167 169
167 171
167 172
167 173
167 174
167 260
167 261
167 288
167 290
167 295
167 296
167 297
167 298
167 299
167 300
167 301
167 303
167 304
167 305
167 306
167 307
167 308
167 318
167 320
167 322
167 323
167 325
167 326
167 329
167 330
167 331
167 332
167 333
167 334
167 336
167 337
167 338
167 340
167 341
167 342
167 343
167 345
167 346
168 169
168 170
168 171
168 172
168 173
168 258
168 289
168 290
168 291
168 292
168 293
168 294
168 295
168 297
168 298
168 299
168 300
168 301
168 302
168 303
168 304
168 305
168 306
168 308
168 317
168 318
168 320
168 321
168 322
168 323
168 324
168 325
168 327
168 328
168 329
168 330
168 331
168 332
168 333
168 334
168 335
168 336
168 337
168 338
168 340
168 343
168 344
168 345
169 170
169 171
169 172
169 173
169 174
169 257
169 261
169 287
169 291
169 293
169 294
169 296
169 297
169 298
169 299
169 300
169 301
169 302
169 303
169 304
169 305
169 306
169 307
169 308
169 317
169 318
169 321
169 323
169 324
169 325
169 326
169 327
169 328
169 329
169 330
169 331
169 332
169 333
169 334
169 335
169 336
169 337
169 338
169 339
169 340
169 341
169 342
169 343
169 344
169 345
170 171
170 172
170 173
170 260
170 290
170 291
170 293
170 295
170 296
170 297
170 298
170 299
170 301
170 302
170 303
170 304
170 305
170 306
170 307
170 318
170 321
170 322
170 324
170 325
170 326
170 327
170 328
170 329
170 330
170 331
170 332
170 333
170 334
170 335
170 336
170 337
170 338
170 339
170 340
170 341
170 342
170 343
170 344
171 172
171 173
171 259
171 260
171 264
171 290
171 291
171 292
171 293
171 294
171 295
171 296
171 297
171 299
171 300
171 301
171 303
171 304
171 305
171 306
171 307
171 309
171 317
171 319
171 321
171 324
171 325
171 327
171 328
171 329
171 330
171 331
171 332
171 333
171 334
171 335
171 336
171 337
171 338
171 339
171 340
171 341
171 342
171 343
171 344
172 173
172 174
172 258
172 260
172 282
172 284
172 288
172 289
172 291
172 293
172 294
172 295
172 296
172 297
172 298
172 299
172 300
172 301
172 302
172 303
172 304
172 305
172 306
172 307
172 308
172 316
172 319
172 320
172 321
172 322
172 323
172 324
172 326
172 327
172 328
172 329
172 330
172 331
172 332
172 333
172 334
172 335
172 336
172 337
172 338
172 339
172 340
172 341
172 342
172 343
172 344
172 345
173 259
173 260
173 261
173 290
173 291
173 293
173 294
173 295
173 296
173 297
173 298
173 299
173 300
173 301
173 302
173 303
173 304
173 305
173 306
173 307
173 308
173 309
173 319
173 320
173 322
173 323
173 324
173 325
173 326
173 327
173 328
173 330
173 331
173 332
173 333
173 334
173 335
173 336
173 337
173 338
173 339
173 340
173 341
173 342
173 343
173 344
174 265
174 266
174 292
174 293
174 295
174 298
174 300
174 304
174 305
174 306
174 307
174 317
174 318
174 325
174 326
174 328
174 329
174 330
174 331
174 334
174 336
174 337
174 338
174 339
174 340
174 341
174 343
174 344
174 345
175 265
175 266
175 328
175 333
175 334
175 338
175 339
175 340
175 342
175 343
176 340
176 342
177 342
177 344
179 343
185 342
189 344
190 338
191 335
192 259
192 341
215 307
215 323
216 298
216 339
242 333
249 332
251 333
257 304
257 307
258 263
258 305
258 331
258 334
258 335
258 336
258 338
258 340
258 341
259 288
259 289
259 291
259 298
259 300
259 307
259 316
259 318
259 322
259 323
259 335
259 338
259 341
259 342
259 343
259 345
260 262
260 289
260 292
260 298
260 299
260 300
260 301
260 303
260 306
260 307
260 308
260 320
260 323
260 324
260 327
260 329
260 331
260 333
260 335
260 339
260 340
260 342
261 288
261 289
261 290
261 291
261 292
261 296
261 297
261 298
261 299
261 301
261 306
261 320
261 321
261 322
261 324
261 325
261 326
261 327
261 329
261 332
261 333
261 334
261 335
261 337
261 339
261 340
261 341
261 342
261 343
261 344
261 345
262 292
262 307
262 308
262 317
262 320
262 325
262 326
262 328
262 332
262 333
262 336
262 338
262 339
262 340
262 341
263 291
263 322
263 333
263 334
263 336
263 339
264 332
264 334
264 341
265 285
265 325
265 329
265 343
266 310
266 311
266 343
268 281
277 333
277 343
280 302
281 333
282 340
283 345
284 334
284 341
285 339
286 340
287 317
287 334
287 340
288 295
288 296
288 307
288 308
288 316
288 318
288 319
288 331
288 332
288 333
288 343
289 295
289 298
289 299
289 302
289 303
289 305
289 318
289 325
289 327
289 328
289 329
289 330
289 340
289 341
290 291
290 292
290 293
290 294
290 295
290 297
290 298
290 303
290 304
290 306
290 307
290 320
290 322
290 325
290 330
290 333
290 335
290 336
290 338
290 339
290 340
290 342
290 343
291 292
291 293
291 296
291 297
291 299
291 300
291 302
291 303
291 305
291 307
291 312
291 318
291 319
291 320
291 323
291 325
291 327
291 331
291 333
291 334
291 335
291 336
291 337
291 338
291 339
291 340
291 342
291 344
291 345
292 293
292 295
292 296
292 298
292 299
292 300
292 302
292 304
292 305
292 306
292 307
292 317
292 320
292 323
292 324
292 327
292 328
292 330
292 331
292 332
292 333
292 336
292 337
292 338
292 339
292 340
292 342
292 343
292 344
292 345
293 294
293 295
293 296
293 297
293 299
293 303
293 304
293 306
293 307
293 308
293 318
293 320
293 322
293 323
293 324
293 325
293 326
293 327
293 328
293 329
293 330
293 331
293 333
293 334
293 335
293 336
293 337
293 338
293 339
293 340
293 343
293 344
294 296
294 297
294 298
294 299
294 300
294 301
294 302
294 304
294 305
294 306
294 307
294 317
294 319
294 321
294 322
294 324
294 325
294 326
294 327
294 328
294 329
294 330
294 331
294 332
294 333
294 334
294 335
294 337
294 338
294 339
294 340
294 341
294 342
294 343
294 344
294 346
295 296
295 297
295 298
295 299
295 300
295 301
295 302
295 303
295 305
295 306
295 307
295 308
295 309
295 321
295 322
295 323
295 324
295 325
295 326
295 327
295 329
295 330
295 331
295 332
295 333
295 334
295 335
295 336
295 337
295 338
295 339
295 340
295 341
295 342
295 343
295 344
295 345
296 297
296 298
296 299
296 300
296 301
296 302
296 303
296 304
296 305
296 306
296 309
296 317
296 319
296 320
296 322
296 323
296 324
296 325
296 326
296 327
296 328
296 329
296 331
296 332
296 333
296 334
296 335
296 336
296 337
296 338
296 339
296 340
296 341
296 342
296 343
296 344
297 298
297 300
297 301
297 303
297 304
297 305
297 306
297 307
297 308
297 316
297 318
297 320
297 322
297 323
297 324
297 325
297 326
297 327
297 328
297 329
297 330
297 331
297 332
297 333
297 335
297 336
297 337
297 338
297 339
297 340
297 341
297 342
297 343
297 344
298 299
298 300
298 301
298 302
298 303
298 304
298 305
298 306
298 307
298 308
298 309
298 316
298 318
298 319
298 321
298 322
298 323
298 324
298 325
298 326
298 327
298 328
298 329
298 330
298 331
298 332
298 333
298 334
298 335
298 336
298 337
298 338
298 339
298 340
298 341
298 342
298 343
298 344
299 300
299 301
299 302
299 303
299 304
299 305
299 306
299 307
299 308
299 317
299 319
299 320
299 325
299 326
299 327
299 329
299 330
299 331
299 332
299 333
299 334
299 335
299 336
299 337
299 338
299 339
299 340
299 341
299 342
299 343
299 344
299 345
300 301
300 302
300 303
300 304
300 305
300 306
300 307
300 308
300 318
300 320
300 321
300 322
300 323
300 324
300 325
300 326
300 327
300 328
300 329
300 331
300 332
300 333
300 334
300 335
300 336
300 337
300 338
300 339
300 340
300 341
300 342
300 343
300 344
301 302
301 303
301 304
301 305
301 306
301 307
301 317
301 318
301 319
301 320
301 322
301 323
301 324
301 325
301 326
301 327
301 328
301 329
301 330
301 331
301 332
301 333
301 334
301 335
301 336
301 337
301 338
301 339
301 340
301 341
301 342
301 343
301 344
302 303
302 304
302 305
302 306
302 307
302 316
302 318
302 319
302 322
302 323
302 324
302 325
302 326
302 327
302 328
302 329
302 330
302 331
302 332
302 333
302 334
302 335
302 336
302 337
302 338
302 339
302 340
302 341
302 342
302 343
302 344
302 345
303 304
303 305
303 306
303 307
303 308
303 310
303 319
303 321
303 322
303 323
303 324
303 326
303 327
303 328
303 329
303 330
303 331
303 332
303 333
303 334
303 335
303 336
303 337
303 338
303 339
303 340
303 341
303 342
303 343
303 344
304 305
304 306
304 307
304 308
304 319
304 320
304 321
304 323
304 324
304 325
304 326
304 327
304 328
304 329
304 330
304 331
304 333
304 334
304 335
304 336
304 337
304 338
304 339
304 340
304 341
304 342
304 343
304 344
305 306
305 307
305 308
305 319
305 320
305 321
305 322
305 323
305 324
305 325
305 326
305 327
305 328
305 329
305 330
305 331
305 332
305 333
305 334
305 335
305 336
305 337
305 338
305 339
305 340
305 341
305 342
305 343
305 344
306 307
306 309
306 318
306 321
306 322
306 323
306 324
306 326
306 327
306 328
306 329
306 330
306 331
306 332
306 333
306 334
306 335
306 336
306 337
306 338
306 339
306 340
306 341
306 342
306 343
306 344
306 346
307 308
307 320
307 321
307 323
307 324
307 325
307 326
307 327
307 328
307 329
307 330
307 331
307 332
307 333
307 334
307 335
307 336
307 337
307 338
307 339
307 340
307 341
307 342
307 343
307 344
307 345
307 347
308 310
308 320
308 321
308 322
308 323
308 324
308 325
308 326
308 327
308 328
308 329
308 330
308 331
308 332
308 333
308 334
308 335
308 336
308 337
308 338
308 339
308 340
308 341
308 342
308 343
308 344
309 325
309 326
309 331
309 337
309 338
309 340
309 343
309 346
310 324
310 325
310 338
310 342
311 338
311 345
312 346
316 321
316 340
316 341
316 344
317 318
317 325
317 326
317 330
317 334
317 336
317 343
318 319
318 322
318 323
318 324
318 326
318 329
318 334
318 339
318 341
319 320
319 321
319 322
319 323
319 326
319 327
319 329
319 330
319 333
319 337
319 338
319 339
319 340
319 343
319 344
320 321
320 322
320 323
320 324
320 325
320 328
320 329
320 330
320 331
320 334
320 335
320 337
320 339
320 340
320 342
320 343
320 344
321 322
321 324
321 325
321 326
321 327
321 330
321 332
321 334
321 336
321 337
321 338
321 339
321 341
321 342
321 343
321 344
321 345
322 324
322 325
322 326
322 327
322 328
322 329
322 331
322 332
322 333
322 335
322 336
322 338
322 339
322 340
322 341
322 346
323 325
323 326
323 328
323 329
323 330
323 331
323 332
323 333
323 334
323 335
323 337
323 338
323 339
323 340
323 341
323 342
323 343
323 344
324 325
324 327
324 328
324 329
324 330
324 331
324 332
324 333
324 334
324 335
324 336
324 337
324 339
324 340
324 341
324 342
324 343
324 344
325 326
325 327
325 328
325 329
325 330
325 331
325 332
325 333
325 334
325 335
325 336
325 337
325 338
325 339
325 340
325 341
325 342
325 343
325 344
326 327
326 328
326 329
326 331
326 332
326 333
326 334
326 335
326 336
326 337
326 338
326 339
326 340
326 342
326 343
326 344
327 328
327 329
327 330
327 331
327 332
327 333
327 334
327 335
327 336
327 337
327 338
327 340
327 341
327 342
327 343
327 344
327 345
328 329
328 330
328 331
328 332
328 333
328 334
328 335
328 336
328 337
328 338
328 339
328 340
328 341
328 342
328 343
328 344
329 330
329 331
329 332
329 333
329 334
329 335
329 336
329 337
329 338
329 339
329 340
329 341
329 342
329 343
329 344
329 345
330 331
330 332
330 333
330 334
330 335
330 336
330 337
330 338
330 339
330 340
330 341
330 342
330 343
330 344
330 345
331 332
331 333
331 334
331 335
331 336
331 337
331 338
331 339
331 340
331 341
331 342
331 343
331 344
332 333
332 334
332 335
332 336
332 337
332 338
332 339
332 340
332 341
332 342
332 343
332 344
332 345
333 334
333 335
333 336
333 337
333 338
333 339
333 340
333 341
333 342
333 343
333 344
333 345
334 335
334 336
334 337
334 338
334 339
334 340
334 341
334 342
334 343
334 344
335 336
335 337
335 338
335 339
335 340
335 341
335 342
335 343
335 344
335 345
336 337
336 338
336 339
336 340
336 341
336 342
336 343
336 344
336 345
336 346
337 338
337 339
337 340
337 341
337 342
337 343
337 344
337 345
338 339
338 340
338 341
338 342
338 343
338 344
338 345
339 340
339 341
339 342
339 343
339 344
339 345
340 341
340 342
340 343
340 344
340 345
341 342
341 343
341 344
341 345
341 346
342 343
342 344
342 345
343 344
343 345
344 345
347 348
