1 2
1 3
1 4
1 5
1 6
1 7
1 8
1 9
1 10
1 11
1 12
1 13
1 14
1 15
1 16
1 17
1 18
1 19
1 20
1 21
1 22
1 23
1 24
1 25
1 26
1 27
1 28
1 29
1 33
1 34
1 67
1 85
1 87
1 174
1 175
1 176
1 178
1 179
1 182
1 190
1 192
1 193
1 236
1 237
1 238
1 302
1 303
1 304
1 305
1 306
1 307
1 308
1 309
1 310
1 311
1 312
1 313
1 314
1 315
1 316
1 317
1 318
1 319
1 320
1 321
1 322
1 323
1 324
1 325
1 326
1 327
1 328
1 329
1 330
1 331
1 332
1 333
2 3
2 4
2 5
2 6
2 7
2 8
2 9
2 10
2 11
2 12
2 13
2 14
2 15
2 16
2 17
2 18
2 19
2 20
2 21
2 22
2 23
2 24
2 25
2 26
2 27
2 28
2 29
2 30
2 33
2 86
2 88
2 119
2 174
2 175
2 176
2 178
2 183
2 191
2 192
2 235
2 237
2 240
2 303
2 304
2 306
2 307
2 308
2 309
2 310
2 311
2 312
2 313
2 314
2 315
2 316
2 317
2 318
2 319
2 320
2 321
2 322
2 323
2 324
2 325
2 326
2 327
2 328
2 329
2 330
2 331
2 332
2 333
2 334
2 335
3 4
3 5
3 6
3 7
3 8
3 9
3 10
3 11
3 12
3 13
3 14
3 15
3 16
3 17
3 18
3 19
3 20
3 21
3 22
3 23
3 24
3 25
3 26
3 27
3 28
3 29
3 30
3 31
3 33
3 34
3 87
3 120
3 173
3 174
3 175
3 176
3 181
3 189
3 192
3 193
3 194
3 257
3 275
3 304
3 305
3 306
3 307
3 308
3 309
3 310
3 311
3 312
3 313
3 314
3 315
3 316
3 317
3 318
3 319
3 320
3 321
3 322
3 323
3 324
3 325
3 326
3 327
3 328
3 329
3 330
3 331
3 332
3 333
3 334
4 5
4 6
4 7
4 8
4 9
4 10
4 11
4 12
4 13
4 14
4 15
4 16
4 17
4 18
4 19
4 20
4 21
4 22
4 23
4 24
4 25
4 26
4 27
4 28
4 29
4 30
4 86
4 87
4 174
4 175
4 176
4 190
4 192
4 194
4 238
4 302
4 303
4 304
4 305
4 306
4 307
4 308
4 309
4 310
4 311
4 312
4 313
4 314
4 315
4 316
4 317
4 318
4 319
4 320
4 321
4 322
4 323
4 324
4 325
4 326
4 327
4 328
4 329
4 330
4 331
4 332
4 333
5 6
5 7
5 8
5 9
5 10
5 11
5 12
5 13
5 14
5 15
5 16
5 17
5 18
5 19
5 20
5 21
5 22
5 23
5 24
5 25
5 26
5 27
5 28
5 29
5 30
5 36
5 84
5 87
5 119
5 120
5 175
5 176
5 177
5 178
5 190
5 191
5 192
5 193
5 219
5 236
5 238
5 300
5 301
5 302
5 303
5 304
5 305
5 307
5 308
5 309
5 310
5 311
5 312
5 313
5 314
5 315
5 316
5 317
5 318
5 319
5 320
5 321
5 322
5 323
5 324
5 325
5 326
5 327
5 328
5 329
5 330
5 331
5 332
5 333
6 7
6 8
6 9
6 10
6 11
6 12
6 13
6 14
6 15
6 16
6 17
6 19
6 20
6 21
6 22
6 23
6 24
6 25
6 26
6 27
6 28
6 29
6 30
6 67
6 85
6 88
6 117
6 119
6 172
6 175
6 177
6 178
6 180
6 181
6 191
6 195
6 237
6 238
6 256
6 290
6 299
6 301
6 303
6 304
6 307
6 308
6 309
6 310
6 311
6 312
6 313
6 314
6 315
6 316
6 317
6 318
6 319
6 320
6 321
6 322
6 323
6 324
6 325
6 326
6 327
6 328
6 329
6 330
6 331
6 332
6 333
6 334
7 8
7 9
7 10
7 11
7 12
7 13
7 14
7 15
7 16
7 17
7 18
7 19
7 20
7 21
7 22
7 23
7 24
7 25
7 26
7 27
7 28
7 29
7 30
7 68
7 84
7 86
7 87
7 89
7 152
7 173
7 174
7 175
7 179
7 191
7 192
7 200
7 225
7 235
7 236
7 237
7 239
7 240
7 302
7 303
7 304
7 305
7 306
7 307
7 309
7 310
7 311
7 312
7 313
7 314
7 315
7 316
7 317
7 318
7 319
7 320
7 321
7 322
7 323
7 324
7 325
7 326
7 327
7 328
7 329
7 330
7 331
7 332
7 333
7 334
8 9
8 10
8 11
8 12
8 13
8 14
8 15
8 16
8 17
8 18
8 19
8 20
8 21
8 22
8 23
8 24
8 25
8 26
8 27
8 28
8 29
8 30
8 31
8 34
8 86
8 87
8 174
8 175
8 176
8 178
8 180
8 182
8 230
8 235
8 237
8 239
8 240
8 241
8 244
8 254
8 294
8 296
8 300
8 302
8 305
8 306
8 307
8 308
8 309
8 310
8 311
8 312
8 313
8 314
8 315
8 316
8 317
8 318
8 319
8 320
8 321
8 322
8 323
8 324
8 325
8 326
8 327
8 328
8 329
8 330
8 331
8 332
8 333
8 334
9 10
9 11
9 12
9 13
9 14
9 15
9 16
9 17
9 18
9 19
9 20
9 21
9 22
9 23
9 24
9 25
9 26
9 27
9 28
9 29
9 30
9 32
9 42
9 86
9 89
9 90
9 118
9 119
9 120
9 123
9 125
9 157
9 169
9 173
9 174
9 175
9 176
9 177
9 180
9 184
9 191
9 192
9 193
9 236
9 237
9 239
9 249
9 303
9 304
9 305
9 306
9 307
9 308
9 309
9 310
9 311
9 312
9 313
9 314
9 315
9 316
9 317
9 318
9 319
9 320
9 321
9 322
9 323
9 324
9 325
9 326
9 327
9 328
9 329
9 330
9 331
9 332
9 333
9 334
10 11
10 12
10 13
10 14
10 15
10 16
10 17
10 18
10 19
10 20
10 21
10 22
10 23
10 24
10 25
10 26
10 27
10 28
10 29
10 30
10 32
10 77
10 88
10 89
10 118
10 121
10 167
10 174
10 175
10 176
10 177
10 182
10 192
10 193
10 238
10 239
10 240
10 245
10 272
10 274
10 279
10 302
10 303
10 304
10 305
10 306
10 307
10 308
10 309
10 310
10 311
10 312
10 313
10 314
10 315
10 316
10 317
10 318
10 319
10 320
10 321
10 322
10 323
10 324
10 325
10 326
10 327
10 328
10 329
10 330
10 331
10 332
10 333
11 12
11 13
11 14
11 15
11 16
11 17
11 18
11 19
11 20
11 21
11 22
11 23
11 24
11 25
11 26
11 27
11 28
11 29
11 30
11 31
11 34
11 77
11 86
11 89
11 90
11 107
11 119
11 121
11 134
11 172
11 173
11 174
11 175
11 176
11 181
11 183
11 195
11 236
11 240
11 278
11 291
11 300
11 303
11 305
11 306
11 307
11 308
11 309
11 310
11 311
11 312
11 313
11 314
11 315
11 316
11 317
11 318
11 319
11 320
11 321
11 322
11 323
11 324
11 325
11 326
11 327
11 328
11 329
11 330
11 331
11 332
11 333
11 334
12 13
12 14
12 15
12 16
12 17
12 18
12 19
12 20
12 21
12 22
12 23
12 24
12 25
12 26
12 27
12 28
12 29
12 30
12 31
12 35
12 37
12 43
12 58
12 68
12 70
12 73
12 77
12 84
12 88
12 89
12 121
12 122
12 173
12 174
12 176
12 177
12 179
12 186
12 190
12 192
12 193
12 195
12 197
12 234
12 237
12 240
12 242
12 245
12 254
12 255
12 257
12 261
12 300
12 302
12 303
12 305
12 306
12 307
12 308
12 309
12 310
12 311
12 312
12 313
12 314
12 315
12 316
12 317
12 318
12 319
12 320
12 321
12 322
12 323
12 324
12 325
12 326
12 327
12 328
12 329
12 330
12 331
12 332
12 333
12 334
13 14
13 15
13 16
13 17
13 18
13 19
13 20
13 21
13 22
13 23
13 24
13 25
13 26
13 27
13 28
13 29
13 30
13 31
13 35
13 36
13 64
13 86
13 87
13 89
13 90
13 116
13 120
13 121
13 122
13 124
13 177
13 178
13 179
13 180
13 181
13 185
13 190
13 191
13 195
13 210
13 234
13 235
13 236
13 237
13 240
13 241
13 297
13 298
13 300
13 301
13 302
13 304
13 305
13 306
13 307
13 308
13 309
13 310
13 311
13 312
13 313
13 314
13 315
13 316
13 317
13 318
13 319
13 320
13 321
13 322
13 323
13 324
13 325
13 326
13 327
13 328
13 329
13 330
13 331
13 332
13 333
13 334
13 335
13 338
13 339
14 15
14 16
14 17
14 18
14 19
14 20
14 21
14 22
14 23
14 24
14 25
14 26
14 27
14 28
14 29
14 30
14 31
14 32
14 64
14 69
14 86
14 119
14 120
14 123
14 172
14 173
14 174
14 175
14 176
14 177
14 179
14 187
14 191
14 194
14 196
14 231
14 235
14 236
14 237
14 241
14 244
14 248
14 256
14 257
14 282
14 293
14 301
14 305
14 306
14 307
14 308
14 309
14 310
14 311
14 312
14 313
14 314
14 315
14 316
14 317
14 318
14 319
14 320
14 321
14 322
14 323
14 324
14 325
14 326
14 327
14 328
14 329
14 330
14 331
14 332
14 333
14 334
14 335
14 342
14 346
15 16
15 17
15 18
15 20
15 21
15 22
15 23
15 24
15 25
15 26
15 27
15 28
15 29
15 30
15 32
15 34
15 36
15 71
15 85
15 87
15 88
15 117
15 118
15 119
15 120
15 121
15 153
15 174
15 175
15 176
15 184
15 190
15 192
15 193
15 194
15 235
15 238
15 257
15 258
15 270
15 273
15 284
15 302
15 303
15 305
15 306
15 307
15 308
15 309
15 310
15 311
15 312
15 313
15 314
15 315
15 316
15 317
15 318
15 319
15 320
15 321
15 322
15 323
15 324
15 325
15 326
15 327
15 328
15 329
15 330
15 331
15 332
15 333
15 335
15 336
16 17
16 18
16 19
16 20
16 21
16 22
16 23
16 24
16 25
16 26
16 27
16 28
16 29
16 31
16 32
16 35
16 68
16 85
16 88
16 119
16 173
16 174
16 176
16 183
16 191
16 192
16 235
16 237
16 239
16 301
16 302
16 303
16 304
16 306
16 307
16 308
16 310
16 311
16 314
16 315
16 316
16 317
16 318
16 319
16 320
16 321
16 322
16 323
16 324
16 325
16 326
16 327
16 328
16 329
16 330
16 331
16 332
16 333
16 334
17 19
17 22
17 23
17 24
17 25
17 26
17 27
17 28
17 29
17 37
17 75
17 175
17 176
17 196
17 234
17 235
17 236
17 238
17 258
17 302
17 303
17 305
17 306
17 307
17 308
17 309
17 310
17 312
17 313
17 315
17 316
17 317
17 318
17 319
17 320
17 321
17 322
17 324
17 325
17 326
17 327
17 328
17 329
17 330
17 331
17 332
17 333
18 19
18 20
18 21
18 22
18 23
18 24
18 25
18 26
18 27
18 28
18 29
18 73
18 117
18 118
18 174
18 176
18 177
18 189
18 191
18 194
18 235
18 236
18 246
18 254
18 258
18 304
18 305
18 306
18 308
18 309
18 310
18 311
18 312
18 313
18 314
18 315
18 316
18 317
18 318
18 320
18 321
18 322
18 323
18 324
18 325
18 326
18 327
18 328
18 329
18 330
18 331
18 332
18 333
18 334
19 20
19 21
19 22
19 23
19 24
19 25
19 26
19 27
19 28
19 29
19 30
19 85
19 170
19 175
19 176
19 191
19 192
19 238
19 302
19 304
19 305
19 306
19 307
19 308
19 309
19 310
19 311
19 312
19 313
19 314
19 315
19 316
19 317
19 318
19 319
19 320
19 321
19 322
19 323
19 324
19 325
19 326
19 327
19 328
19 329
19 330
19 331
19 332
19 333
20 21
20 22
20 23
20 24
20 25
20 26
20 27
20 28
20 29
20 89
20 116
20 174
20 175
20 176
20 177
20 190
20 191
20 193
20 235
20 236
20 237
20 238
20 301
20 302
20 304
20 305
20 306
20 307
20 308
20 309
20 310
20 311
20 312
20 313
20 314
20 315
20 316
20 317
20 318
20 319
20 320
20 321
20 322
20 323
20 324
20 325
20 326
20 327
20 328
20 329
20 330
20 331
20 332
20 333
21 22
21 23
21 24
21 25
21 26
21 27
21 28
21 29
21 86
21 119
21 120
21 173
21 174
21 175
21 176
21 191
21 192
21 235
21 236
21 237
21 238
21 239
21 302
21 303
21 304
21 305
21 306
21 307
21 308
21 309
21 310
21 311
21 312
21 313
21 314
21 315
21 316
21 317
21 318
21 319
21 320
21 321
21 322
21 323
21 324
21 325
21 326
21 327
21 328
21 329
21 330
21 331
21 332
21 334
22 23
22 24
22 25
22 26
22 27
22 28
22 29
22 59
22 86
22 118
22 119
22 120
22 174
22 175
22 176
22 177
22 178
22 191
22 193
22 237
22 301
22 302
22 303
22 304
22 305
22 307
22 308
22 309
22 310
22 311
22 312
22 313
22 314
22 315
22 316
22 317
22 318
22 319
22 320
22 321
22 322
22 323
22 324
22 325
22 326
22 327
22 328
22 329
22 330
22 331
22 332
22 333
22 334
23 24
23 25
23 26
23 27
23 28
23 29
23 30
23 84
23 85
23 118
23 119
23 173
23 174
23 175
23 176
23 177
23 191
23 192
23 236
23 237
23 238
23 239
23 300
23 304
23 305
23 306
23 307
23 308
23 309
23 310
23 311
23 312
23 313
23 314
23 315
23 316
23 317
23 318
23 319
23 320
23 321
23 322
23 323
23 324
23 325
23 326
23 327
23 328
23 329
23 330
23 331
23 332
23 333
24 25
24 26
24 27
24 28
24 29
24 33
24 85
24 86
24 118
24 120
24 172
24 175
24 176
24 177
24 190
24 191
24 195
24 234
24 235
24 240
24 300
24 302
24 303
24 304
24 305
24 306
24 307
24 308
24 309
24 310
24 312
24 313
24 314
24 315
24 316
24 317
24 318
24 319
24 320
24 321
24 322
24 323
24 324
24 325
24 326
24 327
24 328
24 329
24 330
24 331
24 332
24 333
24 334
25 26
25 27
25 28
25 29
25 33
25 85
25 86
25 87
25 118
25 121
25 174
25 177
25 191
25 194
25 236
25 237
25 302
25 305
25 306
25 307
25 308
25 310
25 311
25 312
25 313
25 314
25 315
25 316
25 317
25 318
25 319
25 320
25 321
25 322
25 323
25 324
25 325
25 326
25 327
25 328
25 329
25 330
25 331
25 332
25 333
26 27
26 28
26 29
26 30
26 86
26 87
26 117
26 118
26 119
26 120
26 174
26 175
26 191
26 238
26 303
26 304
26 305
26 306
26 307
26 308
26 309
26 310
26 311
26 312
26 313
26 314
26 315
26 316
26 317
26 318
26 319
26 320
26 321
26 322
26 323
26 324
26 325
26 326
26 327
26 328
26 329
26 330
26 331
26 332
27 28
27 29
27 34
27 85
27 87
27 117
27 119
27 175
27 176
27 177
27 178
27 180
27 190
27 192
27 239
27 302
27 303
27 304
27 305
27 306
27 307
27 308
27 309
27 310
27 311
27 312
27 313
27 314
27 315
27 316
27 317
27 318
27 319
27 320
27 321
27 322
27 323
27 324
27 325
27 326
27 327
27 328
27 329
27 330
27 331
27 332
27 333
27 335
28 29
28 30
28 86
28 88
28 118
28 173
28 174
28 177
28 190
28 191
28 192
28 235
28 255
28 299
28 303
28 304
28 306
28 307
28 308
28 309
28 310
28 311
28 312
28 313
28 314
28 315
28 316
28 317
28 318
28 319
28 320
28 321
28 322
28 323
28 324
28 325
28 326
28 327
28 328
28 329
28 330
28 331
28 332
28 333
29 30
29 35
29 86
29 119
29 150
29 173
29 174
29 176
29 177
29 178
29 191
29 192
29 194
29 195
29 236
29 238
29 239
29 255
29 302
29 304
29 305
29 306
29 307
29 308
29 309
29 310
29 311
29 312
29 313
29 314
29 315
29 316
29 317
29 318
29 319
29 320
29 321
29 322
29 323
29 324
29 325
29 326
29 327
29 328
29 329
29 330
29 331
29 332
29 333
30 174
30 176
30 235
30 239
30 309
30 310
30 315
30 316
30 317
30 318
30 319
30 320
30 321
30 322
30 323
30 324
30 325
30 326
30 327
30 329
30 330
30 331
30 332
30 338
31 236
31 306
31 314
31 319
31 324
31 326
31 329
31 331
31 332
32 139
32 325
32 329
32 330
32 331
33 192
33 237
33 304
33 317
33 320
33 322
33 332
34 309
34 319
34 323
34 325
34 326
34 331
35 308
35 315
35 316
35 321
35 330
36 294
37 335
38 198
51 328
52 291
53 94
60 328
61 331
65 330
65 332
66 332
67 311
67 324
67 334
68 314
68 326
68 327
69 122
69 238
69 332
69 333
70 111
70 312
72 89
73 317
74 201
76 197
76 318
76 321
76 332
78 324
84 117
84 175
84 177
84 253
84 319
84 325
85 117
85 118
85 176
85 190
85 235
85 237
85 304
85 307
85 313
85 316
85 328
85 329
85 331
86 87
86 117
86 176
86 306
86 309
86 311
86 312
86 314
86 321
86 322
86 324
86 325
86 327
86 331
87 176
87 306
87 307
87 313
87 314
87 315
87 321
87 325
87 327
87 329
87 330
87 332
88 319
88 321
88 322
88 325
88 327
88 328
88 329
88 331
88 332
88 333
89 237
89 311
89 319
89 321
90 255
90 323
91 201
91 306
108 335
116 299
116 324
116 329
117 172
117 237
117 307
117 311
117 312
117 315
117 320
117 325
117 332
117 333
118 173
118 177
118 179
118 192
118 237
118 301
118 303
118 306
118 307
118 308
118 310
118 314
118 319
118 320
118 322
118 323
118 330
118 331
119 236
119 302
119 303
119 308
119 313
119 314
119 319
119 325
119 326
119 327
119 329
119 331
119 332
120 237
120 305
120 309
120 311
120 318
120 319
120 327
120 328
120 330
120 331
121 318
121 322
121 326
121 329
122 232
122 325
123 259
124 324
126 331
135 271
149 187
169 329
172 175
172 307
172 318
172 324
172 327
172 329
172 332
172 333
173 175
173 236
173 237
173 302
173 304
173 306
173 307
173 310
173 311
173 316
173 322
173 323
173 324
173 325
173 326
173 328
173 329
173 332
173 333
174 175
174 176
174 190
174 191
174 235
174 301
174 302
174 305
174 306
174 307
174 309
174 310
174 311
174 312
174 314
174 315
174 316
174 322
174 324
174 327
174 329
174 332
175 176
175 190
175 192
175 234
175 235
175 236
175 256
175 290
175 304
175 306
175 307
175 308
175 309
175 310
175 311
175 312
175 313
175 314
175 315
175 317
175 319
175 320
175 322
175 323
175 324
175 325
175 328
175 329
175 330
175 331
175 333
175 334
176 178
176 190
176 191
176 192
176 193
176 234
176 235
176 300
176 303
176 304
176 305
176 306
176 307
176 308
176 309
176 310
176 311
176 314
176 315
176 316
176 317
176 318
176 319
176 321
176 322
176 323
176 324
176 326
176 327
176 329
176 330
176 332
176 333
176 334
177 184
177 305
177 307
177 308
177 311
177 313
177 316
177 317
177 318
177 319
177 320
177 321
177 322
177 323
177 324
177 325
177 326
177 327
177 328
177 330
177 331
177 332
178 192
178 310
178 319
178 320
178 321
178 324
178 326
178 330
178 331
179 301
179 310
179 311
179 312
179 313
179 324
179 326
179 327
179 328
179 329
180 242
180 304
180 309
180 317
180 318
180 324
180 329
181 321
181 326
182 330
182 331
183 241
183 315
183 317
184 321
184 332
185 326
185 329
186 319
186 333
189 300
189 331
189 333
190 236
190 303
190 304
190 305
190 306
190 307
190 315
190 317
190 320
190 326
190 327
190 332
190 333
191 194
191 235
191 237
191 255
191 300
191 301
191 304
191 305
191 306
191 307
191 309
191 310
191 311
191 313
191 314
191 315
191 316
191 318
191 320
191 324
191 325
191 326
191 327
191 328
191 329
191 330
191 331
191 333
192 236
192 301
192 303
192 304
192 306
192 309
192 311
192 312
192 313
192 314
192 319
192 322
192 324
192 326
192 328
192 329
192 330
192 331
192 332
193 301
193 307
193 308
193 309
193 312
193 313
193 315
193 319
193 320
193 321
193 325
193 327
193 328
193 329
193 330
193 331
193 333
194 307
194 310
194 315
194 317
194 320
194 329
194 330
194 331
194 332
195 238
195 315
195 324
195 331
196 320
196 327
196 330
196 331
197 239
203 245
204 334
211 333
225 319
226 331
231 301
234 235
234 238
234 304
234 306
234 307
234 310
234 315
234 325
234 332
235 300
235 311
235 313
235 314
235 317
235 323
235 324
235 325
235 331
236 270
236 301
236 304
236 306
236 308
236 309
236 311
236 314
236 316
236 319
236 320
236 321
236 322
236 323
236 324
236 325
236 326
236 327
236 329
236 331
236 332
237 301
237 302
237 304
237 306
237 308
237 310
237 313
237 317
237 319
237 321
237 322
237 324
237 325
237 326
237 328
237 331
237 332
237 333
238 302
238 305
238 312
238 315
238 316
238 321
238 323
238 325
238 327
238 330
238 332
238 334
239 310
239 311
239 326
239 327
239 331
239 333
240 310
240 320
241 325
241 329
243 321
244 325
253 306
254 322
254 332
255 322
256 309
256 323
256 325
256 330
257 313
262 337
264 292
269 317
270 331
280 334
291 323
293 327
293 332
295 331
296 323
297 329
298 336
299 332
300 303
300 308
300 314
300 316
300 319
300 320
300 322
300 325
300 329
300 331
301 302
301 304
301 308
301 309
301 310
301 313
301 314
301 315
301 316
301 319
301 321
301 322
301 323
301 324
301 326
301 327
301 330
301 331
301 332
301 333
302 303
302 305
302 306
302 307
302 309
302 310
302 311
302 312
302 313
302 314
302 315
302 316
302 317
302 319
302 320
302 321
302 323
302 327
302 328
302 329
302 331
303 305
303 306
303 310
303 311
303 312
303 313
303 314
303 315
303 316
303 318
303 319
303 320
303 321
303 322
303 323
303 327
303 330
303 331
303 332
303 333
304 305
304 306
304 307
304 308
304 309
304 310
304 311
304 312
304 313
304 315
304 316
304 317
304 318
304 319
304 320
304 321
304 322
304 323
304 324
304 325
304 327
304 328
304 329
304 330
304 332
305 306
305 307
305 308
305 309
305 310
305 312
305 313
305 314
305 315
305 316
305 317
305 319
305 320
305 321
305 323
305 325
305 326
305 327
305 328
305 329
305 330
305 332
305 333
306 307
306 308
306 309
306 310
306 311
306 312
306 313
306 314
306 315
306 316
306 317
306 318
306 319
306 320
306 321
306 322
306 323
306 324
306 325
306 326
306 327
306 328
306 329
306 330
306 331
306 332
306 333
307 308
307 309
307 310
307 311
307 312
307 313
307 314
307 315
307 316
307 317
307 318
307 319
307 320
307 321
307 322
307 323
307 324
307 325
307 326
307 327
307 328
307 329
307 330
307 331
307 332
307 333
308 309
308 310
308 311
308 312
308 313
308 314
308 315
308 316
308 317
308 318
308 319
308 320
308 321
308 322
308 323
308 324
308 325
308 326
308 327
308 328
308 329
308 330
308 331
308 332
308 333
309 310
309 311
309 312
309 313
309 314
309 315
309 316
309 317
309 318
309 319
309 320
309 321
309 322
309 323
309 324
309 325
309 326
309 327
309 328
309 329
309 330
309 331
309 332
309 333
310 311
310 312
310 313
310 314
310 315
310 316
310 317
310 318
310 319
310 320
310 321
310 322
310 323
310 324
310 325
310 326
310 327
310 328
310 329
310 330
310 331
310 332
310 333
310 334
311 312
311 313
311 314
311 315
311 316
311 317
311 318
311 319
311 320
311 321
311 322
311 323
311 324
311 325
311 326
311 327
311 328
311 329
311 330
311 331
311 332
311 333
312 313
312 314
312 315
312 316
312 317
312 318
312 319
312 320
312 321
312 322
312 323
312 324
312 325
312 326
312 327
312 328
312 329
312 330
312 331
312 332
312 333
312 334
313 314
313 315
313 316
313 317
313 318
313 319
313 320
313 321
313 322
313 323
313 324
313 325
313 326
313 327
313 328
313 329
313 330
313 331
313 332
313 333
314 315
314 316
314 317
314 318
314 319
314 320
314 321
314 322
314 323
314 324
314 325
314 326
314 327
314 328
314 329
314 330
314 331
314 332
314 333
314 334
315 316
315 317
315 318
315 319
315 320
315 321
315 322
315 323
315 324
315 325
315 326
315 327
315 328
315 329
315 330
315 331
315 332
315 333
315 334
316 317
316 318
316 319
316 320
316 321
316 322
316 323
316 324
316 325
316 326
316 327
316 328
316 329
316 330
316 331
316 332
316 333
316 334
317 318
317 319
317 320
317 321
317 322
317 323
317 324
317 325
317 326
317 327
317 328
317 329
317 330
317 331
317 332
317 333
317 334
318 319
318 320
318 321
318 322
318 323
318 324
318 325
318 326
318 327
318 328
318 329
318 330
318 331
318 332
318 333
319 320
319 321
319 322
319 323
319 324
319 325
319 326
319 327
319 328
319 329
319 330
319 331
319 332
319 333
319 334
320 321
320 322
320 323
320 324
320 325
320 326
320 327
320 328
320 329
320 330
320 331
320 332
320 333
321 322
321 323
321 324
321 325
321 326
321 327
321 328
321 329
321 330
321 331
321 332
321 333
321 335
322 323
322 324
322 325
322 326
322 327
322 328
322 329
322 330
322 331
322 332
322 335
323 324
323 325
323 326
323 327
323 328
323 329
323 330
323 331
323 332
323 333
324 325
324 326
324 327
324 328
324 329
324 330
324 331
324 332
324 333
325 326
325 327
325 328
325 329
325 330
325 331
325 332
325 333
325 337
326 327
326 328
326 329
326 330
326 331
326 332
326 333
327 328
327 329
327 330
327 331
327 332
327 333
327 334
328 329
328 330
328 331
328 332
328 333
328 334
328 336
329 330
329 331
329 332
329 333
329 335
330 331
330 332
330 333
330 334
331 332
331 333
331 334
331 335
332 333
332 336
333 335
