3 73
4 198
5 71
5 203
6 200
6 227
7 203
10 128
11 199
11 200
12 75
12 203
13 125
15 196
19 71
24 204
27 152
32 220
32 315
33 288
37 113
37 189
38 70
38 203
39 76
44 111
45 72
45 203
46 202
46 207
47 202
56 106
56 110
56 117
56 202
56 215
57 63
57 64
57 68
57 69
57 70
57 71
57 72
57 110
57 112
57 113
57 119
57 128
57 185
57 191
57 197
57 202
57 204
57 222
57 300
57 301
57 306
57 307
57 310
58 59
58 60
58 61
58 62
58 64
58 69
58 71
58 72
58 73
58 105
58 106
58 108
58 110
58 113
58 114
58 115
58 118
58 119
58 120
58 122
58 123
58 125
58 128
58 183
58 185
58 188
58 189
58 190
58 191
58 194
58 197
58 198
58 199
58 200
58 201
58 202
58 299
58 301
58 302
58 304
58 308
58 309
58 310
58 313
59 60
59 61
59 62
59 63
59 66
59 67
59 68
59 69
59 70
59 71
59 72
59 105
59 106
59 109
59 110
59 112
59 116
59 118
59 120
59 121
59 122
59 123
59 124
59 125
59 126
59 127
59 128
59 130
59 186
59 187
59 188
59 189
59 190
59 191
59 192
59 194
59 195
59 196
59 198
59 200
59 201
59 204
59 305
59 306
59 307
59 309
59 310
59 312
59 313
60 62
60 63
60 64
60 65
60 66
60 67
60 68
60 70
60 71
60 73
60 106
60 107
60 108
60 109
60 110
60 113
60 114
60 115
60 116
60 117
60 120
60 122
60 124
60 125
60 127
60 128
60 129
60 185
60 186
60 187
60 188
60 189
60 190
60 191
60 192
60 193
60 194
60 195
60 196
60 197
60 199
60 200
60 201
60 202
60 203
60 216
60 300
60 301
60 302
60 303
60 305
60 306
60 307
60 308
60 309
60 310
60 311
60 312
60 313
60 314
61 62
61 63
61 64
61 65
61 66
61 67
61 68
61 69
61 70
61 71
61 72
61 73
61 105
61 106
61 107
61 108
61 109
61 110
61 111
61 112
61 113
61 114
61 115
61 117
61 118
61 119
61 120
61 121
61 122
61 123
61 124
61 125
61 126
61 127
61 128
61 183
61 185
61 186
61 187
61 188
61 189
61 191
61 193
61 194
61 196
61 197
61 198
61 199
61 200
61 201
61 203
61 301
61 302
61 303
61 304
61 305
61 306
61 307
61 308
61 309
61 310
61 311
61 313
61 314
62 63
62 64
62 65
62 66
62 67
62 68
62 69
62 70
62 71
62 72
62 105
62 107
62 109
62 110
62 111
62 112
62 113
62 114
62 115
62 118
62 119
62 120
62 121
62 123
62 124
62 125
62 126
62 127
62 128
62 129
62 184
62 188
62 189
62 190
62 191
62 192
62 193
62 194
62 196
62 197
62 198
62 199
62 200
62 201
62 202
62 203
62 300
62 301
62 302
62 303
62 304
62 305
62 306
62 307
62 308
62 309
62 310
62 311
62 312
62 313
62 314
63 64
63 65
63 66
63 67
63 68
63 69
63 71
63 72
63 73
63 108
63 109
63 110
63 111
63 112
63 113
63 115
63 117
63 119
63 120
63 121
63 122
63 123
63 124
63 125
63 127
63 128
63 129
63 182
63 183
63 185
63 186
63 187
63 188
63 189
63 190
63 191
63 192
63 193
63 194
63 195
63 196
63 197
63 198
63 199
63 200
63 201
63 202
63 203
63 206
63 217
63 301
63 302
63 303
63 304
63 305
63 306
63 307
63 308
63 309
63 310
63 311
63 312
63 313
63 314
63 336
64 65
64 66
64 68
64 69
64 70
64 71
64 72
64 73
64 76
64 106
64 107
64 108
64 109
64 110
64 111
64 112
64 113
64 114
64 115
64 116
64 117
64 118
64 119
64 120
64 121
64 123
64 124
64 125
64 126
64 127
64 128
64 129
64 181
64 184
64 186
64 187
64 188
64 189
64 190
64 191
64 192
64 193
64 194
64 195
64 196
64 197
64 198
64 199
64 200
64 201
64 202
64 203
64 204
64 301
64 302
64 303
64 304
64 305
64 306
64 307
64 308
64 309
64 310
64 311
64 312
64 313
64 314
65 66
65 67
65 68
65 69
65 70
65 71
65 72
65 73
65 107
65 108
65 109
65 110
65 111
65 112
65 113
65 114
65 115
65 116
65 118
65 119
65 120
65 121
65 122
65 123
65 124
65 125
65 126
65 127
65 128
65 129
65 130
65 182
65 184
65 185
65 186
65 187
65 188
65 189
65 190
65 191
65 192
65 193
65 194
65 195
65 196
65 197
65 198
65 199
65 200
65 201
65 202
65 203
65 204
65 215
65 224
65 299
65 301
65 302
65 303
65 304
65 305
65 306
65 307
65 308
65 309
65 310
65 311
65 312
65 313
65 314
66 67
66 68
66 69
66 70
66 71
66 72
66 73
66 105
66 106
66 108
66 110
66 111
66 112
66 113
66 114
66 115
66 117
66 118
66 120
66 121
66 122
66 123
66 124
66 125
66 126
66 127
66 128
66 129
66 130
66 182
66 184
66 186
66 187
66 189
66 190
66 191
66 192
66 193
66 194
66 195
66 196
66 197
66 198
66 199
66 200
66 201
66 202
66 203
66 204
66 217
66 223
66 301
66 302
66 303
66 304
66 305
66 306
66 307
66 308
66 309
66 310
66 311
66 312
66 313
66 314
67 68
67 69
67 70
67 71
67 72
67 73
67 107
67 109
67 110
67 111
67 113
67 114
67 115
67 116
67 117
67 118
67 119
67 120
67 121
67 122
67 123
67 124
67 125
67 126
67 127
67 128
67 129
67 183
67 184
67 185
67 186
67 187
67 188
67 189
67 190
67 191
67 192
67 193
67 194
67 195
67 196
67 197
67 198
67 199
67 200
67 201
67 202
67 203
67 216
67 217
67 222
67 299
67 301
67 302
67 303
67 304
67 305
67 306
67 307
67 308
67 309
67 310
67 311
67 312
67 313
67 314
67 315
68 69
68 70
68 71
68 72
68 73
68 74
68 106
68 109
68 110
68 111
68 112
68 113
68 114
68 115
68 117
68 119
68 121
68 122
68 123
68 124
68 125
68 126
68 127
68 128
68 129
68 182
68 183
68 185
68 186
68 187
68 188
68 189
68 190
68 191
68 192
68 193
68 194
68 195
68 196
68 197
68 198
68 199
68 200
68 201
68 202
68 203
68 217
68 300
68 301
68 302
68 303
68 304
68 305
68 306
68 307
68 308
68 309
68 310
68 311
68 312
68 313
68 314
69 70
69 71
69 72
69 73
69 74
69 104
69 105
69 106
69 107
69 108
69 109
69 112
69 113
69 114
69 115
69 116
69 117
69 119
69 120
69 121
69 122
69 123
69 124
69 125
69 126
69 127
69 128
69 183
69 184
69 185
69 186
69 187
69 188
69 189
69 190
69 191
69 192
69 193
69 194
69 195
69 196
69 197
69 198
69 199
69 200
69 201
69 202
69 203
69 204
69 218
69 223
69 300
69 302
69 303
69 304
69 305
69 306
69 307
69 308
69 309
69 310
69 311
69 312
69 313
69 314
69 315
70 71
70 72
70 73
70 74
70 107
70 108
70 109
70 110
70 111
70 112
70 113
70 114
70 115
70 117
70 118
70 119
70 120
70 121
70 122
70 123
70 124
70 125
70 126
70 127
70 128
70 129
70 130
70 181
70 184
70 185
70 186
70 187
70 188
70 189
70 190
70 191
70 192
70 193
70 194
70 195
70 196
70 197
70 198
70 199
70 200
70 201
70 202
70 203
70 204
70 216
70 218
70 299
70 301
70 302
70 303
70 304
70 305
70 306
70 307
70 308
70 309
70 310
70 311
70 312
70 313
70 314
70 315
71 72
71 73
71 108
71 109
71 110
71 111
71 112
71 113
71 114
71 115
71 116
71 117
71 118
71 119
71 120
71 121
71 122
71 123
71 124
71 125
71 126
71 127
71 128
71 129
71 130
71 181
71 182
71 184
71 185
71 186
71 187
71 188
71 189
71 190
71 191
71 192
71 193
71 194
71 195
71 196
71 197
71 198
71 199
71 200
71 201
71 202
71 203
71 204
71 205
71 218
71 298
71 299
71 303
71 304
71 305
71 306
71 307
71 308
71 309
71 310
71 311
71 312
71 313
71 314
71 315
71 316
72 73
72 74
72 106
72 107
72 108
72 109
72 110
72 112
72 113
72 114
72 115
72 116
72 117
72 118
72 120
72 122
72 123
72 124
72 125
72 126
72 127
72 128
72 129
72 130
72 181
72 183
72 184
72 185
72 186
72 188
72 189
72 190
72 191
72 192
72 193
72 194
72 195
72 196
72 197
72 198
72 199
72 200
72 201
72 202
72 203
72 204
72 205
72 217
72 223
72 302
72 303
72 305
72 306
72 307
72 308
72 309
72 310
72 311
72 312
72 313
72 314
72 315
73 74
73 105
73 107
73 108
73 110
73 111
73 112
73 114
73 115
73 116
73 117
73 118
73 119
73 120
73 121
73 122
73 123
73 124
73 125
73 126
73 127
73 128
73 129
73 131
73 181
73 184
73 185
73 186
73 187
73 188
73 189
73 190
73 191
73 192
73 193
73 194
73 195
73 196
73 197
73 198
73 199
73 200
73 201
73 202
73 203
73 218
73 300
73 301
73 302
73 303
73 304
73 305
73 306
73 307
73 308
73 309
73 310
73 311
73 312
73 313
73 314
73 315
74 76
74 112
74 113
74 116
74 118
74 120
74 124
74 125
74 126
74 127
74 129
74 130
74 187
74 188
74 191
74 192
74 193
74 194
74 195
74 196
74 197
74 198
74 199
74 200
74 201
74 202
74 203
74 204
74 219
74 300
74 301
74 303
74 305
74 307
74 308
74 309
74 311
74 312
74 313
74 314
74 316
74 334
74 335
75 197
75 200
75 201
75 202
75 203
75 204
75 205
75 206
75 313
75 314
75 315
75 316
76 318
77 228
80 131
95 204
98 199
99 201
101 199
102 201
102 202
102 302
103 202
103 203
103 317
104 185
104 187
104 188
104 191
104 192
104 194
104 202
104 205
105 106
105 107
105 108
105 111
105 113
105 118
105 120
105 122
105 123
105 125
105 128
105 194
105 199
105 303
105 304
105 305
105 308
106 107
106 110
106 111
106 114
106 115
106 116
106 119
106 120
106 123
106 124
106 128
106 182
106 183
106 184
106 186
106 187
106 190
106 191
106 192
106 194
106 197
106 198
106 200
106 201
106 299
106 300
106 301
106 302
106 303
106 305
106 306
106 308
106 309
106 310
106 311
106 312
106 314
107 109
107 112
107 113
107 115
107 116
107 118
107 119
107 121
107 122
107 124
107 125
107 127
107 128
107 185
107 186
107 188
107 189
107 190
107 192
107 194
107 195
107 197
107 199
107 200
107 201
107 202
107 203
107 204
107 299
107 300
107 301
107 302
107 304
107 305
107 306
107 307
107 309
107 312
107 313
107 314
108 109
108 110
108 111
108 112
108 114
108 115
108 116
108 118
108 119
108 120
108 121
108 122
108 123
108 125
108 126
108 128
108 129
108 183
108 185
108 186
108 187
108 189
108 190
108 191
108 192
108 193
108 194
108 195
108 196
108 198
108 199
108 200
108 201
108 202
108 300
108 302
108 303
108 305
108 306
108 307
108 308
108 309
108 310
108 311
108 313
108 314
109 110
109 111
109 112
109 113
109 114
109 115
109 116
109 118
109 119
109 122
109 123
109 124
109 125
109 126
109 128
109 129
109 183
109 184
109 185
109 186
109 187
109 188
109 189
109 190
109 191
109 192
109 193
109 194
109 195
109 196
109 197
109 198
109 201
109 204
109 223
109 301
109 302
109 303
109 304
109 305
109 306
109 307
109 308
109 310
109 311
109 312
110 111
110 112
110 113
110 114
110 115
110 116
110 117
110 118
110 119
110 120
110 121
110 122
110 123
110 124
110 125
110 126
110 127
110 128
110 129
110 182
110 183
110 184
110 185
110 186
110 188
110 189
110 190
110 192
110 193
110 194
110 195
110 196
110 197
110 198
110 199
110 200
110 201
110 202
110 203
110 300
110 301
110 303
110 304
110 305
110 306
110 307
110 308
110 309
110 310
110 311
110 312
110 313
110 314
111 112
111 113
111 114
111 115
111 116
111 117
111 118
111 119
111 120
111 122
111 123
111 124
111 125
111 126
111 127
111 128
111 129
111 130
111 183
111 184
111 185
111 186
111 188
111 189
111 191
111 192
111 193
111 194
111 195
111 196
111 197
111 198
111 199
111 200
111 201
111 202
111 203
111 222
111 299
111 300
111 301
111 304
111 305
111 307
111 308
111 309
111 310
111 311
111 312
111 313
111 314
112 113
112 114
112 115
112 116
112 117
112 118
112 119
112 120
112 121
112 122
112 123
112 124
112 125
112 126
112 127
112 128
112 129
112 181
112 185
112 186
112 187
112 188
112 190
112 191
112 192
112 193
112 195
112 196
112 197
112 198
112 199
112 200
112 201
112 202
112 203
112 217
112 301
112 302
112 303
112 304
112 305
112 306
112 307
112 308
112 309
112 310
112 311
112 312
112 313
112 314
113 114
113 115
113 116
113 117
113 118
113 119
113 120
113 121
113 122
113 123
113 124
113 125
113 126
113 127
113 128
113 129
113 182
113 184
113 185
113 186
113 187
113 188
113 189
113 190
113 191
113 192
113 193
113 194
113 195
113 196
113 197
113 198
113 199
113 200
113 201
113 202
113 203
113 302
113 303
113 304
113 305
113 306
113 307
113 308
113 309
113 310
113 311
113 312
113 313
113 314
114 115
114 116
114 117
114 118
114 119
114 120
114 121
114 122
114 123
114 124
114 125
114 126
114 127
114 128
114 129
114 183
114 184
114 185
114 186
114 187
114 188
114 189
114 190
114 191
114 192
114 193
114 194
114 195
114 196
114 197
114 198
114 199
114 200
114 201
114 202
114 203
114 204
114 205
114 301
114 302
114 303
114 305
114 306
114 307
114 308
114 309
114 310
114 311
114 312
114 313
114 314
114 316
114 335
115 117
115 118
115 119
115 120
115 121
115 122
115 123
115 124
115 125
115 126
115 127
115 128
115 130
115 131
115 183
115 185
115 187
115 188
115 189
115 190
115 191
115 192
115 193
115 194
115 195
115 196
115 197
115 198
115 199
115 200
115 201
115 202
115 203
115 204
115 271
115 298
115 301
115 302
115 303
115 304
115 305
115 306
115 307
115 308
115 309
115 310
115 311
115 312
115 313
115 314
115 315
116 118
116 119
116 120
116 121
116 122
116 123
116 125
116 126
116 127
116 128
116 129
116 182
116 183
116 184
116 185
116 186
116 187
116 188
116 189
116 190
116 191
116 192
116 193
116 194
116 195
116 196
116 197
116 198
116 199
116 200
116 201
116 202
116 203
116 204
116 299
116 302
116 304
116 305
116 306
116 307
116 308
116 310
116 311
116 312
116 313
116 314
117 118
117 119
117 120
117 122
117 123
117 124
117 125
117 129
117 130
117 131
117 182
117 183
117 184
117 185
117 186
117 188
117 191
117 192
117 193
117 194
117 195
117 196
117 197
117 198
117 199
117 200
117 201
117 202
117 203
117 204
117 300
117 302
117 303
117 305
117 306
117 307
117 309
117 310
117 313
117 314
118 120
118 121
118 122
118 123
118 125
118 126
118 127
118 128
118 184
118 185
118 186
118 187
118 188
118 189
118 190
118 192
118 193
118 194
118 195
118 197
118 198
118 199
118 200
118 201
118 202
118 203
118 300
118 301
118 302
118 303
118 305
118 306
118 308
118 309
118 310
118 311
118 312
118 313
118 314
119 120
119 122
119 123
119 124
119 125
119 127
119 128
119 176
119 182
119 183
119 184
119 185
119 186
119 187
119 188
119 189
119 190
119 191
119 192
119 193
119 194
119 195
119 196
119 197
119 198
119 199
119 202
119 203
119 204
119 300
119 301
119 302
119 303
119 306
119 307
119 308
119 309
119 310
119 311
119 312
119 313
119 314
119 336
120 121
120 122
120 123
120 124
120 125
120 126
120 127
120 128
120 129
120 185
120 186
120 187
120 188
120 189
120 190
120 191
120 192
120 193
120 195
120 198
120 199
120 200
120 201
120 202
120 203
120 204
120 299
120 302
120 303
120 304
120 306
120 307
120 308
120 309
120 310
120 311
120 312
120 313
120 314
121 122
121 123
121 124
121 125
121 127
121 128
121 183
121 184
121 185
121 186
121 187
121 188
121 189
121 190
121 191
121 193
121 194
121 195
121 198
121 199
121 200
121 201
121 202
121 203
121 223
121 299
121 300
121 301
121 302
121 303
121 304
121 305
121 306
121 307
121 308
121 309
121 310
121 311
121 312
121 313
121 314
122 123
122 124
122 125
122 126
122 127
122 128
122 129
122 130
122 182
122 184
122 186
122 187
122 188
122 189
122 190
122 191
122 192
122 193
122 195
122 196
122 197
122 198
122 199
122 200
122 201
122 202
122 203
122 216
122 299
122 302
122 303
122 305
122 306
122 307
122 308
122 309
122 310
122 311
122 312
122 313
122 314
123 124
123 125
123 126
123 127
123 128
123 129
123 183
123 185
123 186
123 187
123 188
123 189
123 190
123 191
123 192
123 193
123 195
123 196
123 197
123 198
123 199
123 200
123 201
123 202
123 203
123 303
123 304
123 305
123 306
123 307
123 308
123 309
123 310
123 311
123 312
123 313
123 314
123 315
124 125
124 126
124 127
124 128
124 129
124 182
124 184
124 186
124 187
124 189
124 190
124 191
124 192
124 193
124 194
124 195
124 196
124 197
124 198
124 199
124 200
124 201
124 202
124 203
124 204
124 303
124 304
124 305
124 306
124 307
124 308
124 309
124 310
124 311
124 312
124 313
124 314
125 126
125 127
125 128
125 129
125 181
125 183
125 184
125 185
125 186
125 187
125 188
125 189
125 190
125 191
125 192
125 193
125 194
125 195
125 196
125 197
125 198
125 199
125 200
125 201
125 202
125 203
125 224
125 225
125 300
125 301
125 302
125 303
125 304
125 305
125 306
125 307
125 308
125 309
125 310
125 311
125 312
125 313
125 314
126 127
126 128
126 129
126 183
126 184
126 185
126 186
126 187
126 188
126 189
126 190
126 191
126 192
126 193
126 194
126 195
126 196
126 197
126 198
126 199
126 200
126 201
126 202
126 203
126 204
126 205
126 300
126 301
126 302
126 303
126 304
126 305
126 306
126 307
126 308
126 309
126 310
126 311
126 312
126 313
126 314
127 128
127 130
127 182
127 183
127 185
127 186
127 187
127 188
127 189
127 190
127 191
127 192
127 193
127 194
127 195
127 196
127 197
127 198
127 199
127 200
127 201
127 202
127 203
127 204
127 216
127 218
127 223
127 300
127 301
127 302
127 303
127 304
127 305
127 306
127 307
127 308
127 309
127 310
127 311
127 312
127 313
127 314
127 334
127 335
128 129
128 130
128 181
128 183
128 184
128 185
128 186
128 187
128 188
128 189
128 190
128 191
128 192
128 193
128 194
128 195
128 196
128 197
128 198
128 199
128 200
128 201
128 202
128 203
128 298
128 300
128 301
128 302
128 305
128 306
128 307
128 308
128 309
128 310
128 311
128 312
128 313
128 314
128 315
129 142
129 182
129 183
129 185
129 186
129 187
129 188
129 191
129 192
129 193
129 194
129 195
129 196
129 197
129 198
129 199
129 200
129 201
129 202
129 203
129 204
129 302
129 303
129 304
129 305
129 306
129 307
129 308
129 309
129 310
129 311
129 312
129 313
129 314
130 177
130 184
130 188
130 191
130 192
130 197
130 199
130 200
130 201
130 202
130 204
130 262
130 302
130 305
130 306
130 312
131 135
131 170
131 194
131 196
131 197
131 198
131 199
131 202
131 203
132 200
132 202
132 206
132 315
132 316
133 202
133 257
134 141
134 208
138 200
140 203
141 200
142 203
143 201
153 340
162 203
166 201
167 276
169 213
170 317
171 256
173 202
175 203
180 186
181 193
181 203
181 216
181 299
181 301
181 303
181 304
181 308
181 311
182 184
182 186
182 190
182 196
182 200
182 201
182 300
182 303
182 304
182 309
182 311
182 312
183 185
183 186
183 189
183 190
183 192
183 193
183 194
183 195
183 200
183 202
183 204
183 216
183 302
183 305
183 306
183 307
183 308
183 311
183 314
184 186
184 187
184 188
184 189
184 192
184 193
184 197
184 198
184 201
184 202
184 203
184 301
184 302
184 303
184 307
184 311
184 312
184 313
185 186
185 187
185 188
185 189
185 191
185 192
185 193
185 194
185 198
185 199
185 200
185 201
185 202
185 203
185 216
185 221
185 301
185 302
185 303
185 304
185 305
185 307
185 309
185 310
185 311
185 312
185 313
185 314
186 187
186 188
186 189
186 190
186 191
186 192
186 193
186 194
186 195
186 197
186 198
186 199
186 200
186 201
186 202
186 203
186 301
186 302
186 303
186 305
186 306
186 307
186 308
186 309
186 311
186 312
186 313
186 314
187 188
187 189
187 190
187 191
187 192
187 193
187 194
187 195
187 198
187 199
187 200
187 201
187 202
187 204
187 217
187 300
187 301
187 302
187 303
187 304
187 305
187 306
187 307
187 308
187 309
187 310
187 311
187 312
187 313
187 314
188 189
188 190
188 191
188 192
188 193
188 194
188 195
188 196
188 197
188 199
188 200
188 201
188 202
188 203
188 217
188 302
188 303
188 304
188 305
188 306
188 307
188 308
188 309
188 310
188 311
188 312
188 314
189 190
189 191
189 192
189 193
189 194
189 195
189 196
189 197
189 198
189 199
189 200
189 201
189 202
189 203
189 204
189 205
189 216
189 299
189 300
189 301
189 303
189 304
189 305
189 306
189 307
189 308
189 309
189 312
189 313
189 314
190 191
190 192
190 193
190 194
190 195
190 196
190 197
190 198
190 199
190 200
190 201
190 202
190 203
190 299
190 300
190 302
190 303
190 305
190 306
190 307
190 308
190 309
190 310
190 311
190 312
190 313
190 314
191 192
191 193
191 194
191 195
191 196
191 197
191 198
191 199
191 200
191 201
191 202
191 203
191 216
191 302
191 303
191 304
191 305
191 306
191 307
191 308
191 309
191 310
191 311
191 312
191 313
191 314
192 193
192 194
192 195
192 196
192 197
192 198
192 199
192 200
192 201
192 202
192 203
192 204
192 217
192 224
192 298
192 299
192 303
192 304
192 305
192 306
192 307
192 308
192 309
192 310
192 311
192 312
192 313
192 314
193 194
193 195
193 196
193 197
193 198
193 199
193 200
193 201
193 202
193 203
193 215
193 216
193 217
193 222
193 299
193 301
193 303
193 304
193 305
193 306
193 307
193 308
193 309
193 310
193 311
193 312
193 313
193 314
193 315
194 195
194 196
194 197
194 198
194 199
194 200
194 201
194 202
194 203
194 204
194 217
194 302
194 303
194 304
194 305
194 306
194 307
194 308
194 309
194 310
194 311
194 312
194 313
194 314
194 315
195 196
195 197
195 198
195 199
195 200
195 201
195 202
195 203
195 204
195 299
195 301
195 303
195 305
195 306
195 307
195 308
195 309
195 310
195 311
195 312
195 313
195 314
195 315
196 197
196 198
196 199
196 200
196 201
196 202
196 203
196 204
196 205
196 217
196 223
196 295
196 301
196 302
196 303
196 304
196 305
196 306
196 307
196 308
196 309
196 310
196 311
196 312
196 313
196 314
196 315
197 198
197 199
197 200
197 201
197 202
197 203
197 204
197 205
197 302
197 303
197 304
197 305
197 306
197 307
197 308
197 309
197 310
197 311
197 312
197 313
197 314
197 315
198 199
198 200
198 201
198 202
198 203
198 204
198 205
198 217
198 218
198 219
198 224
198 255
198 302
198 303
198 304
198 305
198 306
198 307
198 308
198 309
198 310
198 311
198 312
198 313
198 314
198 315
198 316
199 200
199 201
199 202
199 203
199 204
199 210
199 218
199 219
199 223
199 224
199 226
199 227
199 253
199 276
199 299
199 301
199 302
199 303
199 304
199 305
199 306
199 307
199 308
199 309
199 310
199 311
199 312
199 313
199 314
199 315
200 201
200 202
200 203
200 204
200 218
200 219
200 224
200 225
200 226
200 243
200 299
200 301
200 303
200 304
200 305
200 306
200 307
200 308
200 309
200 310
200 311
200 312
200 313
200 314
200 315
201 202
201 203
201 204
201 205
201 212
201 224
201 225
201 261
201 302
201 303
201 304
201 305
201 306
201 307
201 308
201 309
201 310
201 311
201 312
201 313
201 314
201 315
201 316
201 335
202 203
202 204
202 205
202 217
202 218
202 219
202 223
202 225
202 226
202 254
202 262
202 301
202 302
202 303
202 304
202 305
202 306
202 307
202 308
202 309
202 310
202 311
202 312
202 313
202 314
202 315
202 316
202 334
202 340
203 204
203 206
203 213
203 218
203 219
203 220
203 221
203 224
203 225
203 228
203 244
203 277
203 302
203 303
203 304
203 305
203 306
203 307
203 308
203 309
203 310
203 311
203 312
203 313
203 314
203 315
204 214
204 225
204 262
204 301
204 307
204 309
204 310
204 311
204 312
204 314
204 315
204 336
205 245
205 313
206 302
206 312
207 337
215 303
216 307
216 312
216 313
217 309
217 310
217 313
217 314
218 303
218 311
218 312
218 313
218 314
219 315
220 316
223 307
223 313
225 309
225 313
226 314
227 278
242 316
243 263
275 317
296 313
299 305
299 307
299 308
299 312
300 302
300 306
300 307
300 308
300 309
301 305
301 306
301 307
301 308
301 309
301 311
301 312
301 313
301 314
302 303
302 304
302 305
302 306
302 307
302 308
302 309
302 310
302 311
302 312
302 313
302 314
303 304
303 305
303 306
303 307
303 308
303 310
303 311
303 312
303 313
303 314
304 305
304 306
304 307
304 308
304 309
304 311
304 312
304 313
304 314
304 315
305 306
305 307
305 308
305 309
305 310
305 311
305 312
305 313
305 314
306 307
306 308
306 309
306 310
306 311
306 312
306 313
306 314
306 333
307 308
307 309
307 310
307 311
307 312
307 313
307 314
307 334
308 309
308 310
308 311
308 312
308 313
308 314
309 310
309 311
309 312
309 313
309 314
309 315
310 311
310 312
310 313
310 314
310 315
311 312
311 313
311 314
311 315
312 313
312 314
312 315
313 314
313 315
314 316
314 344
315 316
317 335
