6 56
7 108
29 183
37 115
37 218
37 229
37 257
37 259
37 278
37 281
37 314
37 330
38 43
38 44
38 48
38 57
38 58
38 115
38 116
38 118
38 121
38 124
38 129
38 210
38 211
38 229
38 232
38 235
38 237
38 256
38 260
38 265
38 272
38 273
38 280
38 288
38 303
38 308
38 316
38 320
38 324
38 327
39 40
39 41
39 44
39 46
39 49
39 50
39 52
39 54
39 55
39 57
39 114
39 116
39 119
39 120
39 121
39 126
39 211
39 221
39 227
39 229
39 230
39 232
39 235
39 236
39 238
39 256
39 258
39 263
39 266
39 270
39 273
39 274
39 283
39 287
39 288
39 289
39 290
39 304
39 307
39 308
39 309
39 313
39 316
39 318
39 319
39 325
39 328
39 329
40 42
40 43
40 44
40 48
40 50
40 52
40 53
40 56
40 57
40 58
40 117
40 118
40 119
40 123
40 124
40 125
40 126
40 127
40 213
40 220
40 222
40 223
40 224
40 225
40 226
40 229
40 231
40 232
40 233
40 235
40 236
40 237
40 238
40 255
40 259
40 260
40 262
40 265
40 268
40 271
40 272
40 273
40 275
40 276
40 278
40 281
40 282
40 285
40 289
40 291
40 305
40 306
40 307
40 308
40 309
40 312
40 313
40 318
40 320
40 321
40 322
40 323
40 328
41 43
41 44
41 47
41 48
41 49
41 50
41 51
41 53
41 55
41 56
41 58
41 117
41 119
41 120
41 121
41 123
41 125
41 128
41 210
41 212
41 214
41 215
41 216
41 218
41 222
41 224
41 225
41 231
41 232
41 233
41 235
41 237
41 238
41 256
41 260
41 263
41 264
41 265
41 267
41 269
41 272
41 273
41 274
41 278
41 279
41 284
41 286
41 287
41 305
41 306
41 308
41 309
41 314
41 315
41 316
41 317
41 318
41 321
41 324
41 327
41 328
41 329
42 46
42 50
42 52
42 54
42 87
42 113
42 114
42 116
42 117
42 118
42 119
42 120
42 121
42 122
42 124
42 125
42 126
42 127
42 213
42 214
42 215
42 216
42 217
42 218
42 220
42 221
42 222
42 223
42 224
42 226
42 227
42 229
42 230
42 231
42 232
42 233
42 234
42 235
42 236
42 237
42 239
42 257
42 258
42 259
42 260
42 261
42 262
42 264
42 266
42 268
42 271
42 272
42 275
42 276
42 277
42 278
42 279
42 280
42 281
42 282
42 287
42 288
42 289
42 305
42 307
42 308
42 309
42 311
42 312
42 314
42 318
42 320
42 322
42 323
42 324
42 325
42 328
43 44
43 45
43 46
43 48
43 49
43 50
43 52
43 53
43 54
43 55
43 57
43 58
43 115
43 118
43 119
43 120
43 121
43 122
43 123
43 125
43 126
43 127
43 129
43 146
43 181
43 215
43 216
43 217
43 218
43 219
43 220
43 221
43 222
43 223
43 225
43 228
43 229
43 230
43 231
43 232
43 233
43 234
43 236
43 237
43 238
43 239
43 257
43 260
43 261
43 262
43 263
43 264
43 265
43 266
43 268
43 269
43 270
43 271
43 272
43 274
43 276
43 277
43 279
43 280
43 282
43 283
43 284
43 286
43 289
43 291
43 304
43 305
43 306
43 307
43 308
43 311
43 312
43 313
43 317
43 318
43 319
43 320
43 322
43 323
43 324
43 325
43 326
43 328
43 329
43 333
44 47
44 48
44 49
44 50
44 52
44 53
44 54
44 55
44 56
44 58
44 59
44 116
44 117
44 118
44 119
44 120
44 121
44 122
44 123
44 126
44 127
44 129
44 190
44 212
44 213
44 214
44 215
44 217
44 218
44 219
44 220
44 221
44 222
44 223
44 224
44 230
44 231
44 232
44 233
44 234
44 235
44 236
44 237
44 238
44 239
44 257
44 258
44 260
44 261
44 262
44 264
44 266
44 267
44 268
44 270
44 271
44 272
44 273
44 274
44 275
44 276
44 278
44 280
44 281
44 283
44 285
44 287
44 288
44 289
44 290
44 304
44 306
44 307
44 309
44 311
44 312
44 316
44 319
44 321
44 322
44 323
44 325
44 326
44 327
44 328
45 46
45 47
45 48
45 49
45 50
45 51
45 52
45 53
45 54
45 55
45 57
45 58
45 116
45 119
45 120
45 121
45 122
45 123
45 125
45 126
45 127
45 212
45 213
45 214
45 215
45 216
45 217
45 218
45 219
45 220
45 221
45 222
45 224
45 225
45 226
45 228
45 229
45 230
45 231
45 232
45 233
45 234
45 237
45 238
45 239
45 258
45 260
45 261
45 262
45 263
45 264
45 265
45 266
45 267
45 269
45 270
45 271
45 272
45 273
45 274
45 275
45 276
45 277
45 278
45 279
45 281
45 283
45 284
45 285
45 286
45 287
45 288
45 289
45 290
45 303
45 305
45 307
45 308
45 310
45 311
45 312
45 313
45 314
45 316
45 318
45 319
45 320
45 322
45 323
45 325
45 326
45 329
46 47
46 48
46 49
46 50
46 51
46 52
46 53
46 54
46 55
46 56
46 57
46 58
46 114
46 115
46 118
46 120
46 121
46 122
46 123
46 124
46 125
46 126
46 127
46 211
46 214
46 217
46 218
46 219
46 221
46 222
46 223
46 224
46 225
46 226
46 227
46 229
46 230
46 231
46 232
46 233
46 234
46 235
46 236
46 237
46 238
46 239
46 257
46 258
46 259
46 260
46 262
46 263
46 264
46 265
46 266
46 267
46 268
46 269
46 270
46 271
46 272
46 274
46 275
46 276
46 277
46 278
46 279
46 280
46 281
46 282
46 283
46 284
46 285
46 286
46 288
46 289
46 290
46 307
46 308
46 309
46 310
46 311
46 312
46 313
46 314
46 315
46 316
46 317
46 318
46 319
46 320
46 321
46 322
46 323
46 324
46 325
46 327
46 329
47 48
47 49
47 50
47 51
47 52
47 53
47 54
47 55
47 56
47 57
47 58
47 59
47 60
47 114
47 116
47 118
47 119
47 121
47 122
47 123
47 124
47 125
47 126
47 127
47 212
47 217
47 218
47 219
47 220
47 221
47 222
47 223
47 224
47 225
47 226
47 227
47 228
47 229
47 230
47 231
47 232
47 233
47 234
47 235
47 236
47 237
47 239
47 257
47 259
47 260
47 261
47 262
47 263
47 264
47 265
47 267
47 268
47 270
47 271
47 272
47 273
47 275
47 276
47 277
47 278
47 279
47 280
47 281
47 282
47 283
47 284
47 285
47 286
47 287
47 288
47 289
47 290
47 303
47 305
47 306
47 307
47 308
47 309
47 311
47 312
47 313
47 314
47 315
47 316
47 317
47 318
47 319
47 320
47 322
47 324
47 325
47 326
47 327
47 328
47 329
48 49
48 50
48 51
48 52
48 53
48 54
48 55
48 56
48 57
48 58
48 59
48 116
48 117
48 118
48 119
48 120
48 121
48 122
48 123
48 124
48 125
48 126
48 127
48 128
48 213
48 214
48 215
48 216
48 217
48 218
48 219
48 220
48 221
48 222
48 223
48 224
48 225
48 226
48 227
48 228
48 229
48 231
48 232
48 233
48 234
48 235
48 236
48 237
48 238
48 239
48 259
48 260
48 263
48 264
48 265
48 266
48 267
48 268
48 269
48 270
48 271
48 272
48 273
48 274
48 275
48 276
48 277
48 278
48 279
48 280
48 281
48 282
48 283
48 284
48 285
48 286
48 287
48 288
48 289
48 290
48 291
48 306
48 307
48 308
48 309
48 310
48 311
48 312
48 313
48 314
48 315
48 316
48 317
48 318
48 319
48 320
48 321
48 322
48 323
48 324
48 325
48 326
48 327
48 329
49 50
49 51
49 52
49 53
49 54
49 55
49 56
49 58
49 59
49 80
49 86
49 115
49 117
49 118
49 119
49 120
49 121
49 122
49 123
49 124
49 125
49 126
49 127
49 128
49 152
49 210
49 211
49 213
49 214
49 216
49 218
49 219
49 220
49 221
49 222
49 223
49 224
49 225
49 226
49 227
49 228
49 229
49 230
49 231
49 232
49 233
49 234
49 235
49 236
49 237
49 238
49 239
49 256
49 258
49 259
49 261
49 262
49 263
49 264
49 265
49 266
49 267
49 268
49 269
49 270
49 271
49 273
49 274
49 275
49 276
49 277
49 278
49 279
49 280
49 281
49 282
49 283
49 284
49 285
49 286
49 287
49 288
49 290
49 307
49 309
49 310
49 311
49 312
49 313
49 314
49 315
49 316
49 317
49 318
49 319
49 320
49 321
49 322
49 323
49 324
49 325
49 326
49 327
49 328
49 329
50 51
50 52
50 53
50 54
50 55
50 56
50 57
50 58
50 59
50 116
50 118
50 119
50 120
50 121
50 122
50 123
50 124
50 125
50 126
50 127
50 183
50 213
50 214
50 215
50 218
50 219
50 220
50 221
50 222
50 223
50 224
50 225
50 226
50 227
50 228
50 229
50 230
50 231
50 232
50 233
50 234
50 235
50 236
50 237
50 238
50 239
50 257
50 259
50 260
50 261
50 262
50 263
50 264
50 265
50 266
50 267
50 268
50 269
50 270
50 271
50 272
50 273
50 274
50 275
50 276
50 277
50 278
50 279
50 280
50 281
50 282
50 283
50 284
50 285
50 286
50 287
50 288
50 289
50 290
50 291
50 306
50 307
50 308
50 309
50 310
50 311
50 312
50 313
50 314
50 315
50 316
50 317
50 318
50 319
50 320
50 321
50 322
50 324
50 325
50 326
50 327
50 328
50 329
50 330
51 52
51 53
51 54
51 55
51 56
51 57
51 58
51 59
51 85
51 113
51 116
51 118
51 119
51 121
51 122
51 123
51 124
51 125
51 126
51 127
51 211
51 212
51 213
51 215
51 216
51 217
51 218
51 219
51 220
51 221
51 222
51 223
51 224
51 225
51 226
51 227
51 228
51 229
51 230
51 231
51 232
51 233
51 234
51 235
51 236
51 237
51 238
51 239
51 261
51 262
51 263
51 264
51 265
51 266
51 267
51 268
51 269
51 270
51 271
51 272
51 273
51 274
51 275
51 277
51 278
51 279
51 280
51 281
51 282
51 283
51 284
51 285
51 286
51 287
51 288
51 289
51 290
51 306
51 308
51 309
51 310
51 311
51 312
51 313
51 314
51 315
51 316
51 317
51 318
51 319
51 320
51 321
51 322
51 323
51 324
51 325
51 327
51 328
51 329
52 53
52 54
52 55
52 56
52 57
52 58
52 59
52 112
52 116
52 119
52 121
52 122
52 123
52 124
52 125
52 126
52 127
52 128
52 197
52 214
52 215
52 216
52 217
52 218
52 219
52 220
52 221
52 222
52 223
52 224
52 225
52 226
52 227
52 228
52 229
52 230
52 231
52 232
52 233
52 234
52 235
52 236
52 237
52 238
52 239
52 257
52 258
52 261
52 262
52 263
52 264
52 265
52 266
52 267
52 268
52 269
52 270
52 271
52 272
52 273
52 274
52 275
52 276
52 277
52 278
52 279
52 280
52 281
52 282
52 283
52 285
52 286
52 287
52 288
52 289
52 290
52 303
52 306
52 307
52 309
52 310
52 311
52 312
52 313
52 314
52 315
52 316
52 317
52 318
52 319
52 320
52 321
52 322
52 323
52 324
52 325
52 326
52 327
52 328
52 329
53 54
53 55
53 56
53 57
53 58
53 59
53 113
53 116
53 117
53 119
53 120
53 121
53 122
53 124
53 125
53 126
53 127
53 128
53 215
53 216
53 217
53 218
53 219
53 220
53 221
53 223
53 224
53 225
53 226
53 227
53 228
53 229
53 230
53 231
53 232
53 233
53 234
53 235
53 236
53 237
53 238
53 239
53 240
53 260
53 261
53 262
53 263
53 264
53 265
53 267
53 268
53 269
53 270
53 271
53 273
53 274
53 275
53 276
53 277
53 278
53 279
53 280
53 281
53 282
53 283
53 284
53 285
53 286
53 287
53 288
53 289
53 290
53 307
53 309
53 310
53 311
53 312
53 313
53 314
53 316
53 317
53 318
53 319
53 320
53 321
53 322
53 323
53 324
53 325
53 326
53 327
53 328
53 329
54 55
54 56
54 57
54 58
54 118
54 119
54 120
54 121
54 122
54 123
54 124
54 125
54 126
54 127
54 129
54 211
54 213
54 214
54 216
54 218
54 219
54 220
54 221
54 222
54 223
54 224
54 225
54 226
54 227
54 228
54 229
54 230
54 231
54 232
54 233
54 234
54 235
54 236
54 237
54 238
54 239
54 258
54 259
54 260
54 261
54 262
54 263
54 264
54 265
54 267
54 268
54 269
54 270
54 271
54 272
54 273
54 274
54 275
54 276
54 277
54 278
54 279
54 280
54 281
54 282
54 283
54 284
54 285
54 286
54 287
54 288
54 289
54 290
54 306
54 307
54 308
54 309
54 310
54 311
54 312
54 313
54 315
54 316
54 317
54 319
54 320
54 321
54 322
54 323
54 324
54 325
54 326
54 327
54 328
54 329
55 56
55 57
55 58
55 59
55 60
55 87
55 113
55 114
55 115
55 117
55 118
55 119
55 120
55 122
55 123
55 124
55 125
55 126
55 127
55 212
55 214
55 215
55 216
55 217
55 218
55 220
55 221
55 222
55 223
55 225
55 226
55 227
55 228
55 229
55 230
55 231
55 232
55 233
55 234
55 235
55 236
55 237
55 238
55 239
55 258
55 259
55 261
55 262
55 263
55 264
55 265
55 266
55 267
55 268
55 269
55 270
55 271
55 272
55 273
55 274
55 275
55 276
55 277
55 278
55 279
55 280
55 281
55 282
55 283
55 284
55 285
55 286
55 287
55 288
55 289
55 290
55 291
55 305
55 307
55 308
55 309
55 311
55 312
55 313
55 314
55 315
55 317
55 318
55 319
55 320
55 321
55 322
55 323
55 324
55 325
55 326
55 327
55 328
55 329
55 330
56 57
56 58
56 86
56 88
56 119
56 121
56 122
56 123
56 124
56 125
56 126
56 127
56 128
56 197
56 215
56 216
56 217
56 218
56 219
56 220
56 221
56 222
56 223
56 224
56 225
56 226
56 227
56 228
56 229
56 230
56 231
56 232
56 233
56 234
56 235
56 236
56 237
56 238
56 239
56 257
56 259
56 260
56 261
56 262
56 263
56 264
56 265
56 266
56 267
56 269
56 270
56 271
56 272
56 273
56 274
56 275
56 276
56 277
56 278
56 279
56 280
56 281
56 282
56 283
56 284
56 285
56 286
56 287
56 288
56 289
56 290
56 306
56 307
56 308
56 309
56 311
56 312
56 313
56 314
56 315
56 316
56 317
56 318
56 319
56 320
56 321
56 322
56 323
56 324
56 325
56 326
56 327
56 328
56 329
57 58
57 59
57 115
57 118
57 120
57 121
57 122
57 123
57 124
57 126
57 127
57 128
57 183
57 212
57 213
57 214
57 215
57 216
57 217
57 218
57 219
57 220
57 221
57 223
57 224
57 225
57 226
57 227
57 228
57 229
57 230
57 231
57 232
57 233
57 234
57 235
57 236
57 237
57 238
57 239
57 260
57 261
57 262
57 263
57 264
57 265
57 266
57 267
57 268
57 269
57 270
57 271
57 272
57 273
57 274
57 275
57 276
57 277
57 278
57 279
57 280
57 281
57 282
57 283
57 284
57 285
57 286
57 287
57 288
57 289
57 290
57 304
57 305
57 306
57 309
57 311
57 312
57 314
57 315
57 316
57 317
57 318
57 319
57 320
57 321
57 322
57 323
57 324
57 325
57 326
57 327
57 329
58 60
58 87
58 112
58 116
58 117
58 118
58 120
58 121
58 122
58 123
58 124
58 125
58 126
58 127
58 212
58 213
58 214
58 215
58 216
58 217
58 218
58 219
58 220
58 221
58 222
58 223
58 224
58 225
58 226
58 227
58 228
58 229
58 230
58 231
58 232
58 233
58 234
58 235
58 236
58 237
58 238
58 239
58 258
58 259
58 260
58 261
58 263
58 264
58 265
58 266
58 267
58 268
58 269
58 270
58 271
58 272
58 273
58 274
58 275
58 276
58 277
58 278
58 279
58 280
58 281
58 282
58 283
58 284
58 285
58 286
58 287
58 288
58 289
58 290
58 305
58 306
58 308
58 309
58 310
58 311
58 312
58 313
58 314
58 315
58 316
58 317
58 318
58 319
58 320
58 321
58 322
58 323
58 324
58 325
58 326
58 327
58 328
58 329
59 118
59 121
59 123
59 124
59 126
59 127
59 198
59 212
59 214
59 217
59 219
59 222
59 223
59 225
59 226
59 228
59 229
59 232
59 234
59 235
59 236
59 237
59 238
59 239
59 262
59 263
59 266
59 269
59 273
59 275
59 276
59 277
59 278
59 280
59 282
59 284
59 285
59 286
59 287
59 288
59 289
59 290
59 304
59 311
59 313
59 314
59 315
59 316
59 317
59 318
59 319
59 320
59 321
59 322
59 324
59 325
59 326
59 327
60 124
60 230
60 235
60 236
60 238
60 239
60 240
60 269
60 273
60 278
60 288
60 289
60 303
60 314
60 317
60 323
60 325
60 328
60 329
61 228
61 238
61 239
61 240
61 272
61 280
61 291
61 329
61 330
62 75
62 130
62 139
63 246
64 132
65 225
65 235
65 322
66 279
67 238
73 204
74 291
81 236
82 236
82 322
82 325
82 327
83 184
83 326
84 99
85 122
85 224
85 227
85 273
85 275
85 311
85 319
85 324
86 112
86 118
86 218
86 260
86 270
86 283
86 290
86 306
86 312
86 322
86 325
86 326
87 126
87 220
87 230
87 238
87 270
87 271
87 275
87 285
87 322
88 128
88 234
88 290
88 292
88 321
88 325
89 182
89 227
89 280
89 296
89 332
90 238
90 292
91 288
91 292
92 292
93 287
94 234
95 278
96 239
103 330
106 199
106 307
107 240
107 273
107 288
107 289
108 153
112 119
112 127
112 256
112 257
112 269
112 286
113 114
113 121
113 122
113 123
113 128
113 213
113 215
113 223
113 228
113 229
113 230
113 233
113 237
113 259
113 277
113 284
113 288
113 289
113 304
113 306
113 315
113 317
113 318
113 323
113 325
113 328
114 124
114 126
114 215
114 221
114 224
114 226
114 227
114 230
114 231
114 232
114 233
114 237
114 239
114 256
114 265
114 270
114 271
114 279
114 281
114 282
114 283
114 284
114 287
114 288
114 289
114 306
114 312
114 317
114 320
114 321
114 322
114 323
114 326
115 116
115 117
115 122
115 123
115 125
115 127
115 213
115 215
115 220
115 221
115 223
115 225
115 227
115 228
115 229
115 230
115 231
115 233
115 234
115 235
115 238
115 239
115 255
115 257
115 258
115 259
115 260
115 261
115 266
115 269
115 270
115 273
115 274
115 276
115 281
115 283
115 284
115 287
115 289
115 290
115 291
115 305
115 307
115 308
115 309
115 310
115 311
115 313
115 314
115 315
115 318
115 320
115 325
115 327
115 329
116 117
116 120
116 121
116 122
116 124
116 125
116 126
116 213
116 215
116 218
116 219
116 220
116 221
116 222
116 224
116 229
116 230
116 231
116 233
116 234
116 236
116 237
116 238
116 239
116 259
116 261
116 262
116 263
116 265
116 266
116 268
116 269
116 270
116 271
116 273
116 279
116 280
116 282
116 283
116 284
116 286
116 288
116 289
116 290
116 303
116 307
116 311
116 313
116 314
116 315
116 316
116 317
116 319
116 323
116 324
116 326
117 121
117 124
117 127
117 128
117 211
117 212
117 214
117 217
117 219
117 220
117 221
117 222
117 223
117 224
117 228
117 231
117 234
117 235
117 237
117 238
117 239
117 257
117 261
117 262
117 263
117 264
117 266
117 267
117 268
117 269
117 271
117 272
117 274
117 275
117 276
117 277
117 278
117 281
117 283
117 284
117 286
117 288
117 289
117 290
117 304
117 306
117 308
117 309
117 310
117 311
117 312
117 313
117 314
117 315
117 318
117 319
117 321
117 323
117 325
117 328
118 121
118 122
118 123
118 124
118 126
118 127
118 128
118 211
118 212
118 214
118 216
118 217
118 218
118 219
118 220
118 221
118 222
118 223
118 227
118 228
118 229
118 230
118 231
118 234
118 235
118 236
118 237
118 238
118 239
118 258
118 261
118 262
118 264
118 267
118 268
118 269
118 270
118 271
118 272
118 273
118 274
118 275
118 276
118 278
118 280
118 282
118 283
118 285
118 287
118 288
118 289
118 304
118 306
118 307
118 308
118 310
118 311
118 313
118 314
118 315
118 316
118 317
118 318
118 319
118 320
118 321
118 324
118 325
118 326
118 327
118 328
119 120
119 121
119 122
119 123
119 124
119 127
119 210
119 211
119 212
119 214
119 216
119 217
119 218
119 219
119 220
119 221
119 222
119 223
119 224
119 225
119 226
119 229
119 230
119 231
119 232
119 233
119 236
119 237
119 238
119 256
119 259
119 260
119 261
119 262
119 263
119 264
119 267
119 270
119 271
119 272
119 273
119 274
119 275
119 277
119 278
119 279
119 280
119 282
119 283
119 284
119 285
119 287
119 288
119 289
119 290
119 306
119 309
119 310
119 311
119 312
119 313
119 314
119 315
119 316
119 317
119 318
119 320
119 321
119 322
119 323
119 326
119 327
119 328
119 329
120 121
120 122
120 123
120 124
120 125
120 127
120 128
120 129
120 167
120 212
120 213
120 214
120 215
120 217
120 218
120 219
120 220
120 221
120 222
120 223
120 224
120 225
120 226
120 227
120 228
120 229
120 231
120 232
120 234
120 235
120 236
120 237
120 238
120 239
120 257
120 258
120 260
120 261
120 262
120 263
120 264
120 266
120 267
120 268
120 269
120 270
120 271
120 272
120 273
120 275
120 277
120 281
120 282
120 283
120 284
120 285
120 287
120 288
120 289
120 290
120 295
120 304
120 309
120 310
120 311
120 312
120 314
120 315
120 316
120 317
120 318
120 321
120 322
120 325
120 329
121 122
121 123
121 124
121 125
121 126
121 127
121 211
121 212
121 213
121 214
121 215
121 216
121 218
121 219
121 221
121 222
121 223
121 225
121 227
121 228
121 229
121 230
121 231
121 233
121 234
121 235
121 236
121 237
121 238
121 239
121 258
121 259
121 260
121 261
121 263
121 264
121 265
121 266
121 267
121 270
121 271
121 272
121 273
121 274
121 275
121 276
121 277
121 278
121 279
121 280
121 281
121 282
121 283
121 284
121 285
121 286
121 287
121 288
121 289
121 290
121 304
121 306
121 309
121 311
121 312
121 313
121 314
121 315
121 316
121 317
121 318
121 319
121 320
121 322
121 323
121 324
121 325
121 326
121 327
121 329
122 123
122 124
122 125
122 126
122 127
122 212
122 214
122 217
122 219
122 220
122 221
122 222
122 223
122 224
122 225
122 226
122 227
122 228
122 229
122 230
122 231
122 232
122 233
122 234
122 235
122 236
122 237
122 238
122 239
122 257
122 258
122 260
122 261
122 262
122 263
122 264
122 265
122 266
122 267
122 268
122 269
122 270
122 271
122 272
122 273
122 274
122 275
122 276
122 278
122 279
122 280
122 281
122 282
122 283
122 284
122 285
122 286
122 287
122 289
122 303
122 304
122 305
122 306
122 307
122 308
122 309
122 310
122 311
122 312
122 313
122 314
122 315
122 317
122 320
122 321
122 322
122 323
122 324
122 325
122 326
122 327
122 328
122 329
123 124
123 125
123 126
123 127
123 211
123 213
123 215
123 216
123 217
123 218
123 220
123 221
123 222
123 223
123 224
123 225
123 226
123 227
123 228
123 229
123 230
123 231
123 232
123 233
123 234
123 235
123 236
123 237
123 238
123 239
123 256
123 258
123 259
123 260
123 261
123 262
123 263
123 264
123 265
123 266
123 267
123 268
123 269
123 270
123 271
123 272
123 275
123 276
123 277
123 278
123 279
123 280
123 281
123 282
123 283
123 284
123 285
123 286
123 287
123 289
123 290
123 305
123 308
123 310
123 311
123 312
123 314
123 315
123 316
123 317
123 318
123 319
123 320
123 321
123 322
123 323
123 324
123 325
123 326
123 327
123 328
123 329
124 125
124 126
124 127
124 211
124 213
124 215
124 216
124 218
124 219
124 220
124 221
124 222
124 223
124 224
124 225
124 226
124 227
124 228
124 230
124 231
124 232
124 233
124 234
124 235
124 236
124 237
124 238
124 239
124 255
124 259
124 260
124 261
124 262
124 263
124 264
124 266
124 267
124 268
124 269
124 270
124 271
124 272
124 273
124 274
124 275
124 276
124 277
124 278
124 279
124 280
124 281
124 282
124 283
124 285
124 286
124 287
124 288
124 289
124 290
124 307
124 308
124 309
124 310
124 311
124 312
124 313
124 314
124 315
124 316
124 317
124 318
124 319
124 320
124 321
124 322
124 324
124 325
124 326
124 327
124 329
125 126
125 127
125 213
125 214
125 215
125 216
125 218
125 219
125 220
125 221
125 222
125 223
125 224
125 225
125 226
125 227
125 228
125 229
125 230
125 231
125 232
125 233
125 234
125 235
125 236
125 237
125 238
125 239
125 257
125 258
125 260
125 261
125 262
125 263
125 264
125 265
125 266
125 267
125 268
125 270
125 271
125 272
125 273
125 274
125 275
125 276
125 278
125 279
125 280
125 281
125 282
125 283
125 284
125 285
125 286
125 287
125 288
125 289
125 290
125 291
125 308
125 309
125 310
125 311
125 312
125 313
125 314
125 315
125 316
125 317
125 318
125 319
125 320
125 321
125 322
125 323
125 324
125 325
125 326
125 327
125 328
125 329
126 127
126 128
126 210
126 212
126 213
126 214
126 215
126 218
126 219
126 220
126 222
126 223
126 224
126 225
126 226
126 227
126 228
126 229
126 230
126 231
126 232
126 234
126 235
126 236
126 237
126 238
126 239
126 257
126 260
126 261
126 262
126 263
126 264
126 265
126 266
126 267
126 268
126 269
126 270
126 271
126 272
126 273
126 274
126 275
126 276
126 277
126 278
126 279
126 280
126 281
126 282
126 283
126 284
126 285
126 286
126 287
126 288
126 289
126 290
126 291
126 305
126 306
126 307
126 308
126 309
126 310
126 311
126 312
126 313
126 314
126 315
126 317
126 318
126 319
126 320
126 321
126 323
126 324
126 325
126 326
126 327
126 328
126 329
127 128
127 155
127 214
127 215
127 216
127 217
127 218
127 219
127 220
127 221
127 222
127 223
127 224
127 225
127 226
127 227
127 228
127 229
127 230
127 231
127 232
127 233
127 235
127 236
127 237
127 238
127 239
127 260
127 262
127 263
127 265
127 266
127 267
127 268
127 269
127 270
127 271
127 272
127 273
127 274
127 275
127 276
127 277
127 278
127 279
127 280
127 281
127 282
127 283
127 284
127 285
127 286
127 287
127 288
127 289
127 290
127 303
127 304
127 305
127 308
127 309
127 310
127 311
127 312
127 313
127 314
127 315
127 317
127 318
127 319
127 320
127 321
127 322
127 323
127 324
127 325
127 326
127 327
127 328
127 329
127 330
128 212
128 216
128 220
128 223
128 226
128 227
128 228
128 229
128 230
128 233
128 234
128 235
128 236
128 238
128 239
128 258
128 261
128 265
128 268
128 269
128 270
128 271
128 272
128 274
128 279
128 281
128 282
128 283
128 284
128 285
128 286
128 287
128 288
128 308
128 313
128 314
128 315
128 319
128 322
128 324
128 325
128 326
128 327
128 328
128 329
129 221
129 235
129 237
129 238
129 239
129 241
129 267
129 269
129 282
129 288
129 290
129 297
129 308
129 311
129 315
129 321
129 324
129 327
129 328
129 329
130 233
130 239
130 288
130 312
130 318
130 328
130 329
130 330
131 225
131 278
131 293
131 330
132 315
133 347
134 270
136 318
141 328
145 231
145 272
145 318
145 325
146 234
146 236
146 274
146 284
146 315
146 331
147 199
147 226
147 239
147 240
147 327
147 339
148 291
152 237
153 234
153 327
154 289
154 294
155 331
161 331
162 280
168 235
168 317
169 242
176 237
182 269
182 276
183 222
183 223
183 290
184 227
184 238
184 330
185 291
185 329
186 241
189 326
196 238
197 278
197 323
198 227
198 236
198 239
198 321
198 329
199 290
200 226
200 269
201 293
203 323
205 310
209 264
209 272
209 313
210 211
210 212
210 216
210 263
210 266
210 279
210 286
210 287
210 290
210 307
210 318
210 319
211 215
211 217
211 223
211 226
211 227
211 228
211 229
211 232
211 237
211 257
211 258
211 261
211 262
211 264
211 270
211 280
211 282
211 286
211 287
211 290
211 303
211 308
211 313
211 316
211 317
211 319
211 322
211 324
211 325
212 216
212 217
212 218
212 223
212 224
212 227
212 228
212 229
212 230
212 236
212 260
212 261
212 262
212 266
212 268
212 269
212 270
212 273
212 275
212 276
212 279
212 281
212 282
212 285
212 289
212 305
212 307
212 310
212 312
212 313
212 316
212 319
212 320
212 321
212 322
212 326
212 328
213 214
213 217
213 219
213 220
213 221
213 222
213 223
213 224
213 225
213 227
213 228
213 229
213 230
213 231
213 233
213 234
213 235
213 238
213 255
213 261
213 262
213 264
213 267
213 268
213 269
213 270
213 273
213 274
213 275
213 278
213 279
213 282
213 284
213 287
213 288
213 303
213 305
213 306
213 307
213 309
213 313
213 314
213 315
213 317
213 318
213 322
213 324
213 325
213 326
213 328
213 329
214 216
214 220
214 222
214 223
214 224
214 226
214 227
214 229
214 231
214 232
214 235
214 258
214 260
214 261
214 262
214 263
214 264
214 265
214 268
214 270
214 271
214 274
214 278
214 279
214 280
214 281
214 283
214 284
214 285
214 287
214 288
214 289
214 290
214 291
214 306
214 308
214 312
214 313
214 314
214 315
214 317
214 318
214 322
214 324
214 328
215 217
215 218
215 219
215 220
215 221
215 222
215 224
215 225
215 226
215 227
215 229
215 230
215 231
215 232
215 237
215 238
215 259
215 263
215 264
215 265
215 266
215 267
215 268
215 270
215 271
215 272
215 275
215 277
215 280
215 281
215 282
215 283
215 284
215 286
215 287
215 290
215 306
215 307
215 309
215 311
215 314
215 316
215 317
215 318
215 320
215 323
215 325
215 326
215 327
215 329
216 217
216 218
216 219
216 221
216 222
216 223
216 224
216 225
216 226
216 229
216 230
216 231
216 232
216 234
216 235
216 236
216 237
216 238
216 239
216 257
216 259
216 261
216 262
216 263
216 264
216 265
216 266
216 267
216 268
216 269
216 270
216 271
216 272
216 274
216 275
216 276
216 277
216 278
216 279
216 280
216 281
216 283
216 284
216 286
216 287
216 288
216 289
216 290
216 304
216 307
216 308
216 309
216 310
216 311
216 312
216 313
216 315
216 316
216 318
216 319
216 320
216 321
216 322
216 323
216 324
216 325
216 326
216 327
217 219
217 221
217 223
217 224
217 225
217 226
217 228
217 229
217 230
217 231
217 232
217 233
217 234
217 235
217 236
217 237
217 238
217 261
217 262
217 263
217 265
217 266
217 267
217 268
217 270
217 271
217 272
217 273
217 274
217 275
217 276
217 277
217 278
217 279
217 280
217 284
217 285
217 286
217 287
217 288
217 289
217 290
217 304
217 306
217 307
217 308
217 310
217 311
217 312
217 313
217 314
217 315
217 316
217 317
217 318
217 320
217 321
217 322
217 323
217 324
217 325
217 326
217 327
217 328
218 219
218 220
218 221
218 222
218 223
218 224
218 225
218 226
218 228
218 229
218 230
218 231
218 232
218 234
218 235
218 236
218 237
218 238
218 239
218 260
218 261
218 262
218 263
218 264
218 265
218 266
218 269
218 270
218 271
218 272
218 274
218 275
218 276
218 277
218 279
218 280
218 281
218 282
218 283
218 284
218 286
218 287
218 288
218 289
218 305
218 307
218 308
218 310
218 311
218 312
218 313
218 314
218 315
218 317
218 318
218 319
218 320
218 321
218 323
218 324
218 325
218 326
218 327
218 328
218 329
219 220
219 221
219 222
219 225
219 226
219 227
219 228
219 229
219 231
219 232
219 233
219 234
219 235
219 236
219 237
219 238
219 239
219 260
219 261
219 262
219 263
219 264
219 265
219 266
219 267
219 270
219 271
219 273
219 274
219 275
219 276
219 277
219 278
219 279
219 280
219 281
219 282
219 283
219 284
219 285
219 286
219 287
219 288
219 289
219 290
219 294
219 303
219 306
219 307
219 308
219 309
219 310
219 311
219 312
219 313
219 314
219 315
219 316
219 317
219 318
219 319
219 320
219 321
219 322
219 323
219 324
219 325
219 326
219 327
219 328
219 329
220 221
220 222
220 223
220 224
220 226
220 227
220 228
220 229
220 230
220 231
220 232
220 233
220 234
220 235
220 237
220 238
220 256
220 258
220 259
220 260
220 261
220 262
220 263
220 264
220 266
220 267
220 268
220 269
220 270
220 271
220 272
220 273
220 274
220 275
220 276
220 277
220 279
220 280
220 281
220 283
220 284
220 285
220 286
220 287
220 288
220 289
220 290
220 307
220 311
220 313
220 314
220 315
220 317
220 318
220 319
220 320
220 321
220 322
220 323
220 324
220 325
220 326
220 327
220 328
220 329
221 222
221 223
221 224
221 226
221 227
221 228
221 229
221 230
221 232
221 233
221 234
221 235
221 236
221 237
221 238
221 239
221 259
221 260
221 261
221 262
221 263
221 264
221 265
221 266
221 267
221 268
221 269
221 270
221 271
221 272
221 273
221 274
221 276
221 277
221 278
221 279
221 280
221 281
221 282
221 283
221 284
221 285
221 287
221 288
221 289
221 290
221 302
221 303
221 307
221 308
221 310
221 311
221 312
221 313
221 314
221 315
221 316
221 317
221 318
221 319
221 320
221 321
221 322
221 323
221 324
221 325
221 326
221 327
221 329
222 223
222 224
222 225
222 226
222 227
222 228
222 229
222 230
222 231
222 232
222 233
222 234
222 235
222 236
222 237
222 238
222 239
222 258
222 260
222 262
222 264
222 265
222 266
222 267
222 268
222 269
222 270
222 271
222 272
222 273
222 274
222 275
222 276
222 277
222 278
222 279
222 280
222 282
222 283
222 284
222 285
222 286
222 287
222 288
222 289
222 290
222 303
222 306
222 309
222 310
222 311
222 312
222 313
222 314
222 315
222 316
222 317
222 318
222 319
222 320
222 321
222 322
222 323
222 324
222 325
222 326
222 327
222 328
222 329
223 224
223 225
223 226
223 227
223 228
223 229
223 231
223 232
223 233
223 234
223 235
223 236
223 237
223 238
223 239
223 255
223 260
223 261
223 262
223 263
223 264
223 265
223 266
223 267
223 268
223 269
223 270
223 271
223 272
223 274
223 275
223 277
223 278
223 279
223 280
223 281
223 282
223 283
223 284
223 285
223 286
223 287
223 288
223 289
223 290
223 291
223 305
223 308
223 309
223 310
223 311
223 312
223 313
223 314
223 315
223 316
223 317
223 318
223 319
223 320
223 321
223 322
223 323
223 324
223 325
223 326
223 327
223 328
223 329
224 225
224 226
224 227
224 228
224 229
224 230
224 231
224 232
224 233
224 234
224 235
224 236
224 237
224 238
224 240
224 259
224 260
224 262
224 263
224 264
224 265
224 266
224 267
224 268
224 269
224 270
224 271
224 272
224 273
224 274
224 275
224 276
224 277
224 278
224 279
224 280
224 281
224 282
224 283
224 284
224 285
224 286
224 287
224 288
224 289
224 290
224 292
224 304
224 307
224 308
224 309
224 310
224 312
224 313
224 314
224 315
224 316
224 317
224 318
224 319
224 320
224 321
224 322
224 323
224 324
224 325
224 326
224 327
224 328
224 329
224 330
225 226
225 227
225 228
225 229
225 230
225 231
225 232
225 233
225 234
225 235
225 236
225 237
225 238
225 239
225 240
225 260
225 261
225 262
225 263
225 264
225 265
225 266
225 267
225 268
225 269
225 270
225 271
225 272
225 273
225 274
225 275
225 276
225 277
225 278
225 279
225 280
225 281
225 282
225 283
225 284
225 285
225 286
225 287
225 288
225 289
225 290
225 303
225 304
225 306
225 307
225 308
225 309
225 310
225 311
225 312
225 313
225 314
225 315
225 318
225 319
225 320
225 321
225 322
225 323
225 324
225 325
225 326
225 327
225 328
225 329
226 227
226 228
226 229
226 230
226 231
226 232
226 233
226 234
226 235
226 236
226 237
226 238
226 239
226 262
226 263
226 264
226 265
226 266
226 267
226 269
226 270
226 271
226 272
226 273
226 274
226 275
226 276
226 277
226 278
226 279
226 280
226 281
226 282
226 283
226 284
226 285
226 286
226 287
226 288
226 289
226 290
226 291
226 305
226 306
226 308
226 309
226 310
226 311
226 313
226 314
226 315
226 316
226 317
226 318
226 319
226 320
226 321
226 322
226 323
226 324
226 325
226 326
226 327
226 328
226 329
227 228
227 229
227 230
227 231
227 232
227 233
227 234
227 235
227 236
227 237
227 238
227 239
227 257
227 259
227 261
227 262
227 265
227 266
227 268
227 269
227 270
227 271
227 272
227 273
227 274
227 275
227 276
227 277
227 278
227 279
227 280
227 281
227 282
227 283
227 284
227 285
227 286
227 287
227 288
227 289
227 290
227 303
227 305
227 309
227 310
227 311
227 312
227 313
227 314
227 315
227 316
227 317
227 318
227 319
227 320
227 321
227 322
227 323
227 324
227 325
227 326
227 327
227 328
227 329
228 229
228 230
228 231
228 232
228 233
228 234
228 235
228 236
228 237
228 238
228 239
228 257
228 260
228 263
228 264
228 265
228 266
228 267
228 268
228 269
228 270
228 271
228 272
228 273
228 274
228 275
228 276
228 277
228 278
228 279
228 280
228 281
228 282
228 283
228 284
228 285
228 286
228 287
228 288
228 289
228 290
228 302
228 305
228 307
228 308
228 310
228 311
228 313
228 314
228 315
228 316
228 317
228 318
228 319
228 320
228 321
228 322
228 323
228 324
228 325
228 326
228 327
228 328
228 329
229 230
229 231
229 232
229 233
229 234
229 235
229 236
229 237
229 238
229 239
229 240
229 255
229 257
229 260
229 262
229 263
229 264
229 265
229 266
229 267
229 268
229 269
229 270
229 271
229 272
229 273
229 274
229 275
229 276
229 277
229 278
229 279
229 280
229 281
229 282
229 283
229 284
229 285
229 286
229 287
229 288
229 289
229 290
229 306
229 307
229 308
229 309
229 313
229 314
229 315
229 316
229 317
229 318
229 319
229 320
229 321
229 322
229 323
229 324
229 325
229 326
229 327
229 328
229 329
229 330
230 231
230 232
230 233
230 234
230 235
230 236
230 237
230 238
230 239
230 256
230 260
230 261
230 262
230 263
230 264
230 265
230 266
230 267
230 268
230 269
230 270
230 271
230 272
230 273
230 274
230 275
230 276
230 277
230 278
230 279
230 280
230 281
230 282
230 283
230 284
230 285
230 286
230 287
230 288
230 289
230 290
230 291
230 307
230 309
230 310
230 311
230 312
230 313
230 314
230 315
230 316
230 317
230 318
230 319
230 320
230 321
230 322
230 323
230 324
230 325
230 326
230 327
230 328
230 329
230 330
231 232
231 233
231 234
231 235
231 236
231 237
231 238
231 239
231 255
231 257
231 259
231 260
231 262
231 263
231 264
231 265
231 266
231 267
231 268
231 269
231 270
231 271
231 272
231 273
231 274
231 275
231 276
231 277
231 278
231 279
231 280
231 281
231 282
231 283
231 284
231 285
231 286
231 287
231 288
231 289
231 290
231 295
231 304
231 305
231 307
231 308
231 309
231 310
231 311
231 312
231 313
231 314
231 315
231 316
231 317
231 318
231 319
231 320
231 321
231 322
231 323
231 324
231 325
231 326
231 327
231 328
231 329
232 233
232 234
232 235
232 236
232 237
232 238
232 239
232 256
232 260
232 261
232 262
232 263
232 264
232 265
232 266
232 267
232 268
232 269
232 270
232 271
232 272
232 273
232 274
232 275
232 276
232 277
232 278
232 279
232 280
232 281
232 282
232 283
232 284
232 285
232 286
232 287
232 288
232 289
232 290
232 291
232 305
232 306
232 308
232 309
232 310
232 311
232 312
232 313
232 314
232 315
232 316
232 317
232 318
232 319
232 320
232 321
232 322
232 323
232 324
232 325
232 326
232 327
232 328
232 329
232 330
233 234
233 235
233 236
233 237
233 238
233 239
233 256
233 261
233 263
233 264
233 265
233 266
233 267
233 268
233 269
233 270
233 271
233 272
233 273
233 274
233 275
233 276
233 277
233 278
233 279
233 280
233 281
233 282
233 283
233 284
233 285
233 286
233 287
233 288
233 289
233 290
233 291
233 305
233 306
233 308
233 309
233 310
233 311
233 313
233 314
233 315
233 316
233 317
233 318
233 319
233 320
233 321
233 322
233 323
233 324
233 325
233 326
233 327
233 328
233 329
233 330
234 235
234 236
234 237
234 238
234 239
234 240
234 257
234 258
234 259
234 260
234 261
234 262
234 263
234 264
234 265
234 266
234 267
234 268
234 269
234 270
234 271
234 272
234 273
234 274
234 275
234 276
234 277
234 278
234 279
234 280
234 281
234 282
234 283
234 284
234 285
234 286
234 287
234 288
234 289
234 290
234 291
234 303
234 305
234 308
234 309
234 310
234 311
234 312
234 313
234 314
234 315
234 316
234 317
234 318
234 319
234 320
234 321
234 322
234 323
234 324
234 325
234 326
234 327
234 328
234 329
234 330
235 236
235 237
235 238
235 239
235 240
235 241
235 259
235 260
235 262
235 263
235 264
235 265
235 266
235 267
235 268
235 269
235 270
235 271
235 272
235 273
235 274
235 275
235 276
235 277
235 278
235 279
235 280
235 281
235 282
235 283
235 284
235 285
235 286
235 287
235 288
235 289
235 290
235 291
235 303
235 304
235 307
235 308
235 309
235 310
235 311
235 312
235 313
235 314
235 316
235 317
235 318
235 319
235 320
235 321
235 322
235 323
235 324
235 325
235 326
235 327
235 328
235 329
235 330
236 237
236 238
236 239
236 240
236 257
236 258
236 260
236 262
236 263
236 264
236 265
236 267
236 268
236 269
236 270
236 271
236 272
236 273
236 274
236 275
236 276
236 277
236 278
236 279
236 280
236 281
236 282
236 283
236 284
236 285
236 286
236 287
236 288
236 289
236 290
236 291
236 292
236 303
236 304
236 306
236 307
236 308
236 309
236 310
236 311
236 312
236 313
236 314
236 315
236 316
236 317
236 318
236 319
236 320
236 321
236 322
236 323
236 324
236 325
236 326
236 327
236 328
236 329
236 330
237 238
237 239
237 240
237 244
237 257
237 260
237 261
237 262
237 263
237 264
237 265
237 266
237 267
237 268
237 269
237 270
237 271
237 272
237 273
237 274
237 275
237 276
237 277
237 278
237 279
237 280
237 281
237 282
237 283
237 284
237 285
237 286
237 287
237 288
237 289
237 290
237 291
237 292
237 304
237 305
237 307
237 309
237 310
237 311
237 312
237 313
237 314
237 315
237 316
237 317
237 318
237 319
237 320
237 321
237 322
237 323
237 324
237 325
237 326
237 327
237 328
237 329
237 330
237 331
238 239
238 240
238 252
238 256
238 259
238 260
238 261
238 262
238 263
238 264
238 265
238 266
238 267
238 268
238 269
238 270
238 271
238 272
238 273
238 274
238 275
238 276
238 277
238 278
238 279
238 280
238 281
238 282
238 283
238 284
238 285
238 286
238 287
238 288
238 289
238 290
238 291
238 292
238 296
238 304
238 305
238 306
238 307
238 308
238 310
238 311
238 312
238 314
238 315
238 316
238 317
238 318
238 319
238 320
238 321
238 322
238 323
238 324
238 325
238 326
238 327
238 328
238 329
239 242
239 245
239 259
239 262
239 263
239 264
239 265
239 266
239 268
239 269
239 270
239 271
239 272
239 273
239 274
239 275
239 276
239 277
239 278
239 279
239 280
239 281
239 282
239 283
239 284
239 285
239 286
239 287
239 288
239 289
239 290
239 291
239 304
239 306
239 307
239 308
239 309
239 310
239 311
239 312
239 313
239 314
239 315
239 316
239 317
239 318
239 319
239 320
239 321
239 322
239 323
239 324
239 325
239 326
239 327
239 328
239 329
240 270
240 273
240 275
240 276
240 281
240 285
240 288
240 289
240 293
240 294
240 317
240 320
240 322
240 327
240 328
241 276
241 288
241 325
241 328
241 329
241 330
241 331
242 289
246 256
255 259
255 268
255 270
255 287
255 288
255 305
255 306
255 311
255 322
255 328
256 258
256 260
256 261
256 263
256 272
256 276
256 280
256 289
256 307
256 308
256 309
256 314
256 315
256 316
256 318
256 319
256 321
256 324
257 259
257 260
257 261
257 268
257 269
257 271
257 273
257 274
257 279
257 282
257 283
257 286
257 288
257 290
257 304
257 306
257 309
257 310
257 311
257 317
257 318
257 324
257 332
258 261
258 263
258 264
258 268
258 272
258 273
258 274
258 276
258 278
258 281
258 283
258 284
258 287
258 288
258 307
258 308
258 312
258 315
258 319
258 322
258 323
258 326
258 327
258 328
258 329
259 260
259 263
259 264
259 265
259 266
259 267
259 268
259 270
259 273
259 275
259 277
259 278
259 280
259 283
259 284
259 285
259 288
259 290
259 305
259 306
259 307
259 310
259 311
259 312
259 313
259 314
259 315
259 316
259 317
259 318
259 319
259 323
259 324
259 329
260 261
260 262
260 263
260 264
260 267
260 268
260 271
260 272
260 273
260 274
260 276
260 278
260 279
260 281
260 282
260 283
260 284
260 285
260 286
260 287
260 288
260 289
260 306
260 308
260 309
260 313
260 314
260 316
260 319
260 321
260 322
260 323
260 324
260 326
260 328
260 329
261 262
261 263
261 264
261 265
261 266
261 267
261 268
261 269
261 270
261 271
261 273
261 274
261 276
261 277
261 278
261 279
261 280
261 281
261 282
261 283
261 284
261 285
261 286
261 287
261 288
261 289
261 290
261 305
261 306
261 307
261 308
261 310
261 312
261 313
261 314
261 315
261 316
261 317
261 318
261 319
261 321
261 322
261 323
261 324
261 325
261 326
261 328
261 329
262 263
262 264
262 265
262 266
262 268
262 270
262 272
262 273
262 274
262 275
262 276
262 277
262 278
262 279
262 280
262 281
262 282
262 283
262 284
262 285
262 286
262 288
262 289
262 290
262 305
262 307
262 309
262 310
262 311
262 312
262 313
262 314
262 315
262 316
262 317
262 318
262 319
262 320
262 321
262 322
262 325
262 326
262 327
262 328
262 329
263 264
263 265
263 266
263 267
263 268
263 272
263 273
263 274
263 275
263 276
263 277
263 278
263 279
263 280
263 281
263 282
263 283
263 284
263 285
263 286
263 287
263 289
263 290
263 304
263 305
263 307
263 310
263 311
263 312
263 313
263 314
263 315
263 316
263 317
263 318
263 319
263 320
263 322
263 323
263 324
263 325
263 326
263 327
263 329
264 265
264 266
264 267
264 268
264 269
264 270
264 271
264 272
264 273
264 274
264 275
264 276
264 277
264 278
264 279
264 281
264 282
264 283
264 284
264 285
264 286
264 288
264 289
264 290
264 291
264 304
264 306
264 307
264 308
264 310
264 312
264 313
264 314
264 315
264 317
264 318
264 319
264 320
264 321
264 322
264 323
264 324
264 325
264 326
264 327
264 329
265 267
265 268
265 269
265 270
265 271
265 272
265 273
265 274
265 275
265 276
265 277
265 278
265 280
265 281
265 282
265 283
265 284
265 285
265 286
265 287
265 288
265 289
265 290
265 305
265 306
265 307
265 308
265 309
265 310
265 311
265 312
265 313
265 314
265 315
265 316
265 317
265 318
265 319
265 320
265 321
265 322
265 323
265 324
265 325
265 326
265 327
265 328
265 329
266 267
266 268
266 269
266 270
266 271
266 272
266 273
266 274
266 275
266 277
266 278
266 279
266 280
266 282
266 284
266 285
266 286
266 287
266 288
266 289
266 290
266 305
266 306
266 309
266 310
266 311
266 312
266 313
266 314
266 315
266 316
266 317
266 318
266 319
266 320
266 322
266 323
266 325
266 326
266 327
266 329
267 268
267 269
267 270
267 271
267 272
267 273
267 274
267 275
267 276
267 277
267 278
267 279
267 280
267 281
267 282
267 283
267 284
267 285
267 286
267 287
267 288
267 289
267 290
267 304
267 310
267 311
267 312
267 313
267 314
267 315
267 316
267 317
267 318
267 319
267 320
267 321
267 322
267 323
267 324
267 325
267 326
267 327
267 328
267 329
268 269
268 270
268 271
268 272
268 273
268 274
268 275
268 276
268 277
268 278
268 279
268 280
268 281
268 282
268 283
268 284
268 285
268 286
268 287
268 288
268 289
268 290
268 303
268 304
268 306
268 307
268 308
268 309
268 310
268 311
268 312
268 313
268 314
268 316
268 317
268 318
268 319
268 320
268 321
268 322
268 323
268 324
268 325
268 326
268 327
268 328
268 329
268 330
269 270
269 271
269 272
269 273
269 274
269 275
269 276
269 277
269 278
269 279
269 280
269 281
269 282
269 283
269 284
269 285
269 286
269 287
269 288
269 289
269 290
269 291
269 304
269 309
269 310
269 311
269 314
269 315
269 316
269 317
269 318
269 319
269 320
269 321
269 322
269 323
269 324
269 325
269 326
269 327
269 328
269 329
270 271
270 272
270 273
270 274
270 275
270 276
270 277
270 278
270 279
270 280
270 281
270 282
270 283
270 284
270 285
270 286
270 287
270 288
270 289
270 290
270 309
270 311
270 312
270 314
270 315
270 316
270 317
270 318
270 319
270 320
270 321
270 322
270 323
270 324
270 325
270 326
270 327
270 328
270 329
270 330
271 272
271 273
271 274
271 275
271 276
271 277
271 278
271 279
271 280
271 281
271 282
271 283
271 284
271 285
271 286
271 287
271 288
271 289
271 290
271 291
271 305
271 307
271 308
271 309
271 310
271 311
271 312
271 314
271 315
271 316
271 317
271 318
271 319
271 320
271 321
271 322
271 323
271 324
271 325
271 326
271 327
271 328
271 329
271 331
272 273
272 274
272 275
272 276
272 277
272 278
272 279
272 280
272 281
272 282
272 283
272 284
272 285
272 286
272 287
272 288
272 289
272 290
272 291
272 307
272 308
272 309
272 311
272 312
272 313
272 314
272 315
272 316
272 317
272 318
272 319
272 320
272 321
272 322
272 323
272 324
272 325
272 326
272 327
272 328
272 329
272 330
273 274
273 275
273 276
273 277
273 278
273 279
273 280
273 281
273 282
273 283
273 284
273 285
273 286
273 287
273 288
273 289
273 290
273 291
273 297
273 306
273 307
273 308
273 309
273 311
273 312
273 314
273 315
273 316
273 317
273 318
273 319
273 320
273 321
273 322
273 323
273 324
273 325
273 326
273 327
273 328
273 329
274 275
274 276
274 277
274 278
274 279
274 280
274 281
274 282
274 283
274 284
274 285
274 286
274 287
274 288
274 289
274 290
274 303
274 306
274 307
274 311
274 312
274 313
274 314
274 315
274 316
274 317
274 318
274 319
274 320
274 321
274 322
274 323
274 324
274 325
274 326
274 327
274 328
274 329
274 330
275 276
275 277
275 278
275 279
275 280
275 281
275 282
275 283
275 284
275 285
275 286
275 287
275 288
275 289
275 290
275 292
275 304
275 307
275 309
275 310
275 312
275 313
275 314
275 315
275 316
275 317
275 318
275 319
275 320
275 321
275 322
275 323
275 324
275 325
275 326
275 327
275 328
275 329
275 330
276 277
276 278
276 279
276 280
276 281
276 282
276 283
276 284
276 285
276 286
276 287
276 288
276 289
276 290
276 291
276 305
276 309
276 310
276 311
276 312
276 313
276 314
276 315
276 316
276 317
276 318
276 319
276 320
276 321
276 322
276 323
276 324
276 325
276 326
276 327
276 328
276 329
276 330
277 278
277 279
277 280
277 281
277 282
277 283
277 284
277 285
277 286
277 287
277 288
277 289
277 290
277 291
277 305
277 306
277 309
277 310
277 311
277 312
277 313
277 314
277 315
277 316
277 317
277 318
277 319
277 320
277 321
277 322
277 323
277 324
277 325
277 326
277 327
277 328
277 329
277 330
278 279
278 280
278 281
278 282
278 283
278 284
278 285
278 286
278 287
278 288
278 289
278 290
278 307
278 310
278 311
278 312
278 314
278 315
278 316
278 317
278 318
278 319
278 320
278 321
278 322
278 323
278 324
278 325
278 326
278 327
278 328
278 329
279 280
279 281
279 282
279 283
279 284
279 285
279 286
279 287
279 288
279 289
279 290
279 293
279 305
279 306
279 307
279 308
279 309
279 310
279 311
279 312
279 313
279 314
279 315
279 316
279 317
279 318
279 319
279 320
279 321
279 322
279 323
279 324
279 325
279 326
279 327
279 328
279 329
279 330
280 281
280 282
280 283
280 284
280 285
280 286
280 287
280 288
280 289
280 290
280 305
280 307
280 308
280 309
280 310
280 311
280 313
280 314
280 315
280 316
280 317
280 318
280 319
280 320
280 321
280 322
280 323
280 324
280 325
280 326
280 327
280 328
280 329
280 331
281 282
281 283
281 284
281 285
281 286
281 287
281 288
281 289
281 290
281 306
281 307
281 308
281 309
281 310
281 311
281 312
281 313
281 314
281 315
281 316
281 317
281 318
281 319
281 320
281 321
281 322
281 323
281 324
281 325
281 326
281 327
281 328
281 329
282 283
282 284
282 285
282 286
282 287
282 288
282 289
282 290
282 304
282 306
282 307
282 308
282 311
282 312
282 313
282 314
282 315
282 316
282 317
282 318
282 319
282 320
282 321
282 322
282 323
282 324
282 325
282 326
282 327
282 328
282 329
283 284
283 285
283 286
283 287
283 288
283 289
283 290
283 294
283 306
283 307
283 308
283 309
283 310
283 311
283 312
283 313
283 314
283 315
283 316
283 318
283 319
283 320
283 321
283 322
283 323
283 324
283 325
283 326
283 327
283 328
283 329
283 330
283 332
284 285
284 286
284 287
284 288
284 289
284 290
284 292
284 305
284 306
284 308
284 309
284 310
284 311
284 313
284 314
284 315
284 316
284 317
284 318
284 319
284 320
284 321
284 322
284 323
284 324
284 325
284 326
284 327
284 328
284 329
284 330
285 286
285 287
285 288
285 289
285 290
285 291
285 305
285 307
285 308
285 309
285 310
285 311
285 312
285 313
285 314
285 315
285 316
285 317
285 318
285 319
285 320
285 321
285 322
285 323
285 324
285 325
285 326
285 327
285 328
285 329
285 330
286 287
286 288
286 289
286 290
286 291
286 303
286 304
286 305
286 306
286 309
286 310
286 311
286 312
286 313
286 314
286 315
286 316
286 317
286 318
286 319
286 320
286 321
286 322
286 323
286 324
286 325
286 326
286 327
286 328
286 329
287 288
287 289
287 290
287 296
287 304
287 306
287 307
287 308
287 309
287 310
287 312
287 313
287 314
287 315
287 316
287 317
287 318
287 319
287 320
287 321
287 322
287 323
287 324
287 325
287 326
287 327
287 328
287 329
287 330
288 289
288 290
288 302
288 304
288 306
288 307
288 309
288 310
288 311
288 313
288 314
288 315
288 316
288 317
288 318
288 319
288 320
288 321
288 322
288 323
288 324
288 325
288 326
288 327
288 328
288 329
288 330
289 290
289 291
289 292
289 308
289 309
289 310
289 311
289 312
289 313
289 314
289 315
289 316
289 317
289 318
289 319
289 320
289 321
289 322
289 323
289 324
289 325
289 326
289 327
289 328
289 329
290 291
290 306
290 308
290 309
290 310
290 312
290 313
290 314
290 315
290 316
290 317
290 318
290 319
290 320
290 321
290 322
290 323
290 324
290 325
290 326
290 327
290 328
290 329
290 330
291 308
291 312
291 320
291 323
291 325
291 326
291 327
291 328
291 329
292 309
293 316
295 310
295 327
302 313
303 307
303 308
303 324
304 305
304 306
304 309
304 315
304 318
304 319
304 320
304 324
304 326
304 328
305 310
305 311
305 315
305 318
305 319
305 321
305 322
305 323
305 329
306 309
306 310
306 313
306 314
306 315
306 316
306 320
306 321
306 322
306 323
306 325
306 326
306 327
306 328
307 308
307 312
307 313
307 314
307 316
307 317
307 318
307 322
307 323
307 327
307 329
308 309
308 310
308 311
308 312
308 313
308 314
308 315
308 316
308 317
308 318
308 320
308 321
308 322
308 323
308 326
309 310
309 311
309 312
309 313
309 314
309 315
309 316
309 317
309 318
309 319
309 320
309 322
309 324
309 325
309 326
309 329
309 330
310 311
310 312
310 313
310 314
310 316
310 317
310 318
310 319
310 321
310 323
310 325
310 326
310 327
310 328
310 329
311 312
311 313
311 314
311 315
311 317
311 318
311 319
311 321
311 322
311 323
311 324
311 325
311 326
311 327
311 328
311 329
312 314
312 315
312 316
312 317
312 318
312 319
312 320
312 321
312 322
312 323
312 324
312 325
312 326
312 327
313 314
313 315
313 316
313 317
313 318
313 319
313 320
313 321
313 322
313 323
313 324
313 325
313 326
313 327
313 328
313 329
314 315
314 316
314 317
314 318
314 319
314 321
314 322
314 323
314 324
314 325
314 326
314 327
314 328
314 329
315 316
315 317
315 318
315 319
315 320
315 321
315 322
315 323
315 324
315 325
315 326
315 329
316 317
316 318
316 319
316 320
316 321
316 322
316 323
316 324
316 325
316 326
316 327
316 328
316 329
317 318
317 319
317 320
317 321
317 322
317 323
317 324
317 325
317 326
317 327
317 328
317 329
318 319
318 320
318 321
318 322
318 323
318 324
318 325
318 326
318 327
318 328
318 329
318 330
319 320
319 321
319 322
319 323
319 324
319 325
319 326
319 327
319 328
319 329
320 321
320 322
320 323
320 324
320 325
320 326
320 327
320 328
320 329
321 322
321 323
321 324
321 325
321 326
321 327
321 328
321 329
322 323
322 324
322 325
322 326
322 327
322 328
322 329
323 324
323 325
323 326
323 327
323 328
323 329
324 325
324 326
324 327
324 328
324 329
324 330
325 326
325 327
325 328
325 329
325 330
326 327
326 328
326 329
326 330
327 328
327 329
327 330
328 329
328 330
328 331
328 345
329 330
329 331
329 346
330 331
