1 207
1 213
2 378
4 212
5 38
5 39
5 40
5 71
5 147
5 159
5 177
5 198
5 199
5 206
5 312
5 314
6 39
6 41
6 42
6 43
6 46
6 50
6 146
6 147
6 148
6 155
6 157
6 160
6 161
6 179
6 185
6 186
6 188
6 189
6 202
6 203
6 206
6 211
6 212
6 298
6 310
7 37
7 39
7 42
7 43
7 44
7 47
7 49
7 70
7 72
7 73
7 79
7 152
7 187
7 202
7 205
7 208
7 209
7 210
7 211
7 213
7 308
7 309
7 311
8 47
8 48
8 49
8 50
8 116
8 146
8 150
8 185
8 188
8 206
8 210
8 211
8 212
8 303
8 307
8 314
8 315
9 153
9 210
9 211
9 213
9 215
9 292
9 310
9 315
9 316
10 53
10 219
10 246
10 317
11 142
15 201
15 312
16 51
17 117
24 313
27 322
28 302
30 52
35 40
35 47
35 145
35 158
35 175
35 179
35 187
35 194
35 199
35 211
35 305
36 37
36 41
36 42
36 47
36 49
36 70
36 71
36 72
36 73
36 148
36 149
36 150
36 151
36 159
36 161
36 177
36 178
36 179
36 183
36 184
36 202
36 209
36 212
36 302
36 303
36 304
36 305
36 307
36 308
36 309
36 314
37 40
37 41
37 42
37 43
37 46
37 47
37 48
37 68
37 69
37 70
37 71
37 72
37 147
37 148
37 151
37 152
37 157
37 159
37 160
37 176
37 177
37 178
37 180
37 181
37 183
37 187
37 197
37 198
37 200
37 201
37 206
37 207
37 208
37 209
37 210
37 211
37 212
37 214
37 299
37 300
37 303
37 308
37 309
37 314
37 315
38 41
38 42
38 43
38 45
38 46
38 47
38 48
38 49
38 52
38 69
38 70
38 71
38 72
38 73
38 74
38 147
38 148
38 149
38 150
38 154
38 155
38 156
38 159
38 160
38 181
38 184
38 185
38 187
38 188
38 196
38 197
38 198
38 201
38 202
38 204
38 207
38 210
38 211
38 212
38 213
38 259
38 298
38 299
38 300
38 301
38 302
38 303
38 304
38 305
38 306
38 308
38 309
38 311
38 312
38 313
38 314
38 316
39 40
39 41
39 42
39 44
39 45
39 46
39 47
39 49
39 50
39 67
39 68
39 69
39 71
39 72
39 73
39 147
39 148
39 149
39 150
39 152
39 155
39 160
39 161
39 178
39 182
39 183
39 184
39 185
39 186
39 187
39 188
39 196
39 199
39 200
39 203
39 204
39 205
39 206
39 207
39 208
39 209
39 210
39 212
39 213
39 214
39 298
39 300
39 301
39 302
39 304
39 305
39 306
39 307
39 308
39 310
39 311
39 312
39 313
39 314
39 315
39 316
39 317
40 42
40 43
40 44
40 45
40 46
40 47
40 48
40 49
40 50
40 51
40 69
40 70
40 72
40 73
40 74
40 145
40 148
40 149
40 150
40 151
40 152
40 154
40 155
40 158
40 159
40 160
40 161
40 175
40 177
40 178
40 179
40 181
40 182
40 183
40 184
40 185
40 186
40 187
40 188
40 195
40 197
40 198
40 199
40 200
40 202
40 203
40 204
40 205
40 206
40 207
40 208
40 209
40 210
40 211
40 212
40 213
40 214
40 215
40 299
40 300
40 301
40 303
40 304
40 305
40 306
40 307
40 308
40 309
40 310
40 311
40 312
40 313
40 314
40 315
41 42
41 44
41 45
41 46
41 47
41 49
41 50
41 51
41 68
41 70
41 71
41 72
41 73
41 116
41 148
41 149
41 151
41 152
41 153
41 157
41 158
41 159
41 160
41 179
41 180
41 181
41 182
41 184
41 185
41 186
41 187
41 188
41 196
41 198
41 199
41 200
41 201
41 202
41 203
41 204
41 205
41 207
41 208
41 209
41 210
41 211
41 212
41 213
41 214
41 301
41 302
41 303
41 304
41 305
41 306
41 307
41 308
41 309
41 310
41 311
41 312
41 313
41 314
41 315
41 316
41 377
42 43
42 44
42 45
42 46
42 47
42 48
42 49
42 50
42 68
42 69
42 71
42 72
42 73
42 74
42 147
42 148
42 149
42 150
42 151
42 152
42 159
42 160
42 161
42 177
42 178
42 180
42 182
42 183
42 184
42 185
42 186
42 187
42 188
42 197
42 199
42 200
42 201
42 202
42 203
42 204
42 205
42 206
42 207
42 208
42 209
42 210
42 211
42 212
42 213
42 214
42 302
42 303
42 304
42 305
42 306
42 307
42 308
42 309
42 310
42 311
42 312
42 313
42 314
42 315
42 316
43 44
43 45
43 47
43 48
43 50
43 68
43 70
43 71
43 73
43 112
43 129
43 147
43 148
43 149
43 150
43 151
43 152
43 153
43 155
43 156
43 159
43 160
43 161
43 175
43 176
43 177
43 179
43 180
43 181
43 182
43 183
43 184
43 185
43 186
43 187
43 188
43 189
43 197
43 200
43 201
43 202
43 203
43 204
43 205
43 206
43 207
43 208
43 209
43 210
43 211
43 212
43 213
43 214
43 297
43 299
43 301
43 302
43 303
43 304
43 305
43 306
43 307
43 308
43 309
43 310
43 311
43 312
43 313
43 314
43 315
43 316
44 45
44 46
44 47
44 48
44 49
44 51
44 70
44 73
44 75
44 119
44 146
44 147
44 148
44 150
44 151
44 152
44 153
44 155
44 158
44 159
44 160
44 161
44 168
44 177
44 178
44 179
44 180
44 181
44 182
44 183
44 184
44 185
44 186
44 187
44 188
44 190
44 196
44 197
44 198
44 199
44 200
44 201
44 202
44 204
44 205
44 206
44 207
44 208
44 209
44 210
44 211
44 212
44 213
44 214
44 215
44 299
44 300
44 301
44 302
44 303
44 304
44 305
44 306
44 307
44 308
44 309
44 310
44 311
44 312
44 313
44 314
44 315
44 316
45 46
45 47
45 48
45 49
45 50
45 51
45 68
45 70
45 73
45 74
45 148
45 150
45 151
45 152
45 153
45 155
45 157
45 158
45 159
45 160
45 161
45 178
45 179
45 180
45 181
45 182
45 183
45 184
45 185
45 186
45 187
45 188
45 189
45 197
45 198
45 200
45 201
45 202
45 203
45 204
45 205
45 206
45 207
45 208
45 209
45 210
45 211
45 212
45 213
45 214
45 259
45 298
45 299
45 300
45 301
45 302
45 303
45 304
45 305
45 306
45 307
45 308
45 309
45 310
45 311
45 312
45 313
45 314
45 315
45 316
45 317
45 377
46 47
46 48
46 49
46 50
46 51
46 68
46 69
46 70
46 72
46 73
46 113
46 146
46 150
46 151
46 152
46 156
46 159
46 160
46 161
46 162
46 163
46 176
46 178
46 179
46 180
46 182
46 183
46 184
46 185
46 186
46 187
46 188
46 189
46 195
46 196
46 198
46 199
46 200
46 201
46 202
46 203
46 204
46 205
46 206
46 207
46 208
46 209
46 210
46 211
46 212
46 213
46 214
46 215
46 258
46 259
46 297
46 298
46 299
46 300
46 301
46 302
46 303
46 304
46 305
46 306
46 307
46 308
46 309
46 310
46 311
46 312
46 313
46 314
46 315
46 316
46 378
46 380
47 48
47 49
47 50
47 51
47 69
47 70
47 71
47 72
47 73
47 147
47 148
47 149
47 151
47 152
47 153
47 155
47 159
47 160
47 161
47 162
47 163
47 176
47 179
47 180
47 181
47 182
47 183
47 184
47 185
47 186
47 187
47 188
47 198
47 199
47 201
47 202
47 203
47 204
47 205
47 206
47 207
47 208
47 209
47 210
47 211
47 212
47 213
47 214
47 298
47 299
47 300
47 301
47 302
47 303
47 304
47 305
47 306
47 307
47 308
47 309
47 310
47 311
47 312
47 313
47 314
47 315
47 316
47 317
48 49
48 50
48 69
48 70
48 71
48 72
48 73
48 75
48 147
48 149
48 150
48 151
48 152
48 153
48 154
48 155
48 156
48 157
48 158
48 160
48 161
48 178
48 180
48 181
48 182
48 183
48 184
48 185
48 186
48 187
48 188
48 191
48 197
48 198
48 199
48 200
48 201
48 202
48 203
48 204
48 205
48 206
48 207
48 208
48 209
48 210
48 211
48 212
48 213
48 214
48 215
48 299
48 300
48 302
48 303
48 304
48 305
48 306
48 307
48 308
48 309
48 310
48 311
48 312
48 313
48 314
48 315
48 316
48 317
48 377
49 50
49 51
49 69
49 71
49 72
49 73
49 75
49 146
49 147
49 149
49 150
49 151
49 152
49 153
49 154
49 155
49 157
49 159
49 162
49 177
49 179
49 180
49 181
49 182
49 183
49 184
49 185
49 186
49 187
49 188
49 189
49 190
49 195
49 199
49 200
49 201
49 202
49 203
49 204
49 205
49 206
49 207
49 208
49 209
49 210
49 211
49 212
49 213
49 214
49 215
49 259
49 260
49 298
49 301
49 302
49 303
49 304
49 305
49 306
49 307
49 308
49 309
49 310
49 311
49 312
49 313
49 314
49 315
49 316
49 317
49 376
50 51
50 52
50 72
50 73
50 75
50 82
50 114
50 115
50 116
50 146
50 148
50 150
50 151
50 152
50 153
50 154
50 156
50 158
50 159
50 160
50 161
50 162
50 163
50 164
50 176
50 178
50 179
50 181
50 183
50 184
50 185
50 186
50 187
50 188
50 189
50 196
50 197
50 198
50 200
50 201
50 202
50 203
50 204
50 205
50 206
50 207
50 208
50 209
50 210
50 211
50 212
50 213
50 214
50 297
50 298
50 300
50 301
50 302
50 303
50 304
50 305
50 306
50 307
50 308
50 309
50 310
50 311
50 312
50 313
50 314
50 315
50 316
50 317
50 376
51 54
51 69
51 77
51 90
51 148
51 154
51 156
51 161
51 178
51 180
51 183
51 186
51 187
51 188
51 189
51 198
51 201
51 205
51 206
51 208
51 209
51 210
51 211
51 212
51 213
51 214
51 215
51 260
51 298
51 300
51 305
51 308
51 309
51 311
51 312
51 313
51 314
51 315
51 316
52 149
52 157
52 168
52 186
52 187
52 204
52 209
52 210
52 212
52 213
52 217
52 313
52 314
52 316
52 317
52 318
53 211
53 213
53 216
53 233
53 265
53 317
54 214
54 280
58 211
59 214
59 315
59 316
60 320
67 150
67 181
67 187
67 203
67 299
67 305
67 306
68 69
68 71
68 72
68 149
68 151
68 152
68 177
68 178
68 183
68 197
68 199
68 200
68 213
68 301
68 302
68 303
68 305
68 306
68 315
69 71
69 72
69 146
69 148
69 149
69 151
69 157
69 158
69 160
69 161
69 181
69 183
69 185
69 186
69 196
69 197
69 199
69 201
69 203
69 205
69 209
69 212
69 298
69 300
69 301
69 304
69 305
69 306
69 308
69 311
69 312
69 316
70 71
70 72
70 148
70 150
70 158
70 159
70 160
70 161
70 178
70 179
70 181
70 184
70 187
70 188
70 196
70 198
70 199
70 201
70 204
70 205
70 206
70 207
70 209
70 210
70 213
70 300
70 302
70 304
70 306
70 307
70 308
70 311
70 313
70 315
70 316
71 72
71 73
71 74
71 148
71 149
71 150
71 151
71 152
71 153
71 156
71 157
71 158
71 159
71 160
71 161
71 178
71 183
71 184
71 185
71 186
71 188
71 189
71 196
71 197
71 198
71 199
71 200
71 201
71 202
71 203
71 204
71 207
71 208
71 209
71 210
71 211
71 212
71 213
71 214
71 301
71 302
71 303
71 304
71 305
71 306
71 307
71 309
71 310
71 311
71 312
71 313
71 314
71 315
71 316
72 73
72 146
72 147
72 149
72 150
72 151
72 152
72 153
72 156
72 159
72 160
72 161
72 176
72 178
72 179
72 180
72 181
72 182
72 183
72 186
72 187
72 188
72 189
72 196
72 197
72 198
72 199
72 200
72 203
72 204
72 205
72 206
72 207
72 208
72 209
72 211
72 212
72 213
72 214
72 296
72 299
72 300
72 302
72 303
72 304
72 305
72 306
72 307
72 309
72 310
72 312
72 313
72 314
72 315
72 316
73 74
73 147
73 148
73 149
73 150
73 151
73 152
73 154
73 157
73 158
73 159
73 160
73 162
73 163
73 178
73 179
73 180
73 181
73 182
73 183
73 184
73 186
73 187
73 188
73 198
73 200
73 201
73 203
73 204
73 205
73 206
73 207
73 208
73 209
73 210
73 211
73 214
73 300
73 302
73 303
73 304
73 305
73 306
73 307
73 309
73 310
73 311
73 312
73 314
73 315
73 316
74 112
74 159
74 177
74 178
74 180
74 181
74 183
74 184
74 185
74 186
74 187
74 189
74 197
74 201
74 202
74 204
74 205
74 206
74 207
74 208
74 209
74 210
74 211
74 212
74 213
74 258
74 298
74 299
74 302
74 304
74 305
74 306
74 307
74 309
74 310
74 311
74 312
74 313
74 314
74 315
74 316
75 179
75 182
75 186
75 188
75 206
75 207
75 210
75 212
75 260
75 301
75 306
75 308
75 311
75 312
75 313
75 315
75 316
75 321
76 151
76 162
76 165
76 189
76 208
76 211
76 212
76 301
76 316
76 317
77 158
77 217
77 313
77 318
78 119
78 214
84 100
85 215
91 199
100 119
100 334
101 192
112 161
112 183
112 211
112 212
112 213
112 314
113 175
113 181
113 212
113 213
113 306
113 310
113 316
114 155
114 187
114 207
114 213
114 214
114 316
115 148
115 161
115 189
115 200
115 216
115 299
115 307
115 313
116 150
116 179
116 180
116 185
116 209
116 213
116 260
116 304
116 310
117 164
117 182
117 208
117 211
117 314
117 315
117 332
118 121
118 187
118 208
118 210
118 306
118 380
119 157
119 189
120 122
120 157
125 266
130 211
131 208
132 163
133 156
136 214
140 371
141 207
143 193
145 149
145 178
145 180
145 185
145 186
145 203
145 206
145 208
145 209
145 301
146 151
146 177
146 178
146 181
146 182
146 185
146 186
146 199
146 202
146 205
146 206
146 209
146 213
146 214
146 257
146 302
146 305
146 312
147 148
147 153
147 154
147 155
147 157
147 160
147 178
147 179
147 180
147 182
147 184
147 185
147 186
147 187
147 196
147 200
147 203
147 204
147 205
147 207
147 210
147 211
147 214
147 300
147 302
147 303
147 307
147 308
147 315
147 316
148 149
148 150
148 151
148 152
148 155
148 156
148 157
148 158
148 159
148 160
148 177
148 180
148 181
148 182
148 184
148 185
148 187
148 188
148 189
148 199
148 200
148 201
148 203
148 205
148 206
148 207
148 208
148 209
148 210
148 213
148 259
148 300
148 301
148 302
148 303
148 304
148 305
148 306
148 307
148 308
148 309
148 310
148 312
148 316
149 152
149 153
149 155
149 158
149 177
149 179
149 180
149 181
149 185
149 186
149 187
149 188
149 197
149 198
149 199
149 202
149 203
149 204
149 206
149 207
149 209
149 210
149 211
149 212
149 214
149 297
149 298
149 300
149 301
149 302
149 303
149 304
149 305
149 306
149 309
149 310
149 311
149 313
149 314
149 315
149 316
150 151
150 152
150 155
150 156
150 158
150 159
150 160
150 161
150 162
150 177
150 178
150 179
150 180
150 182
150 183
150 184
150 185
150 186
150 187
150 188
150 196
150 198
150 200
150 201
150 202
150 203
150 204
150 205
150 206
150 207
150 208
150 209
150 210
150 211
150 213
150 297
150 299
150 301
150 302
150 304
150 305
150 306
150 307
150 308
150 309
150 310
150 311
150 312
150 313
150 314
150 315
150 316
151 152
151 153
151 154
151 156
151 157
151 158
151 159
151 160
151 161
151 176
151 177
151 178
151 179
151 180
151 181
151 182
151 183
151 184
151 186
151 187
151 188
151 190
151 196
151 198
151 199
151 200
151 201
151 202
151 203
151 204
151 205
151 206
151 207
151 208
151 209
151 211
151 212
151 213
151 298
151 299
151 301
151 302
151 303
151 304
151 305
151 306
151 307
151 308
151 309
151 310
151 311
151 312
151 313
151 314
151 315
151 316
151 376
152 155
152 156
152 157
152 158
152 160
152 161
152 176
152 177
152 178
152 181
152 182
152 184
152 185
152 186
152 187
152 188
152 197
152 198
152 199
152 200
152 201
152 202
152 203
152 204
152 205
152 206
152 207
152 208
152 209
152 210
152 211
152 212
152 213
152 301
152 302
152 303
152 304
152 305
152 306
152 307
152 308
152 310
152 311
152 312
152 313
152 315
152 316
152 317
153 155
153 159
153 160
153 180
153 181
153 182
153 183
153 184
153 185
153 187
153 188
153 189
153 199
153 200
153 204
153 205
153 206
153 208
153 209
153 210
153 211
153 212
153 213
153 214
153 299
153 301
153 302
153 304
153 305
153 306
153 307
153 308
153 309
153 311
153 312
153 313
153 314
153 315
153 316
154 159
154 161
154 176
154 177
154 178
154 179
154 186
154 187
154 188
154 197
154 200
154 202
154 203
154 205
154 208
154 210
154 211
154 212
154 213
154 214
154 301
154 302
154 303
154 307
154 310
154 311
154 314
154 315
154 316
155 156
155 157
155 158
155 159
155 161
155 169
155 177
155 179
155 180
155 182
155 183
155 184
155 195
155 200
155 201
155 202
155 203
155 205
155 207
155 208
155 211
155 213
155 214
155 300
155 301
155 302
155 305
155 308
155 309
155 310
155 313
155 314
155 318
156 157
156 160
156 178
156 183
156 184
156 185
156 186
156 199
156 200
156 201
156 202
156 205
156 206
156 210
156 297
156 299
156 300
156 301
156 305
156 306
156 307
156 308
156 309
156 310
156 311
156 314
156 315
156 316
157 158
157 160
157 161
157 176
157 177
157 178
157 179
157 180
157 183
157 184
157 185
157 188
157 197
157 198
157 199
157 201
157 202
157 203
157 204
157 208
157 211
157 212
157 213
157 214
157 301
157 302
157 306
157 307
157 312
157 313
157 314
157 315
157 316
158 159
158 179
158 180
158 182
158 185
158 186
158 187
158 195
158 197
158 198
158 199
158 201
158 202
158 203
158 204
158 205
158 206
158 209
158 210
158 211
158 212
158 213
158 214
158 215
158 258
158 299
158 300
158 301
158 302
158 303
158 304
158 305
158 306
158 307
158 308
158 309
158 310
158 311
158 312
158 313
158 314
158 315
158 316
159 160
159 176
159 177
159 178
159 179
159 180
159 183
159 184
159 185
159 186
159 187
159 188
159 198
159 199
159 200
159 201
159 202
159 203
159 204
159 205
159 206
159 207
159 208
159 209
159 211
159 213
159 214
159 297
159 298
159 300
159 301
159 302
159 303
159 307
159 308
159 309
159 311
159 312
159 313
159 314
159 316
160 161
160 178
160 179
160 180
160 182
160 183
160 184
160 185
160 187
160 197
160 199
160 200
160 201
160 202
160 203
160 204
160 205
160 206
160 207
160 208
160 209
160 210
160 211
160 212
160 213
160 214
160 258
160 298
160 299
160 300
160 301
160 302
160 303
160 306
160 307
160 308
160 309
160 310
160 311
160 312
160 313
160 314
160 315
160 316
161 162
161 176
161 178
161 181
161 182
161 183
161 184
161 185
161 187
161 195
161 197
161 198
161 199
161 200
161 201
161 202
161 203
161 204
161 205
161 206
161 207
161 208
161 209
161 210
161 211
161 212
161 213
161 214
161 300
161 301
161 302
161 303
161 304
161 305
161 306
161 307
161 309
161 310
161 311
161 312
161 313
161 314
161 315
162 179
162 182
162 183
162 184
162 186
162 187
162 188
162 200
162 204
162 205
162 206
162 207
162 210
162 211
162 212
162 213
162 304
162 313
162 314
162 315
162 316
163 167
163 186
163 213
163 214
163 311
163 313
163 314
163 315
163 316
163 317
164 212
164 282
164 313
164 317
164 378
165 283
165 351
168 312
169 313
170 206
170 212
171 282
175 184
175 207
175 300
175 308
175 313
176 178
176 179
176 181
176 185
176 197
176 199
176 201
176 202
176 206
176 207
176 210
176 212
176 213
176 298
176 303
176 304
176 313
177 178
177 182
177 183
177 184
177 185
177 186
177 187
177 188
177 195
177 197
177 198
177 199
177 200
177 201
177 205
177 208
177 209
177 211
177 212
177 213
177 214
177 260
177 299
177 302
177 304
177 306
177 308
177 309
177 313
177 314
177 316
178 179
178 181
178 182
178 183
178 184
178 185
178 187
178 197
178 200
178 201
178 202
178 203
178 205
178 208
178 209
178 210
178 212
178 213
178 214
178 298
178 300
178 301
178 303
178 304
178 305
178 307
178 308
178 311
178 312
178 313
178 314
178 315
179 180
179 181
179 182
179 183
179 184
179 185
179 186
179 187
179 188
179 197
179 198
179 199
179 200
179 201
179 202
179 203
179 204
179 205
179 207
179 208
179 209
179 210
179 211
179 213
179 214
179 215
179 258
179 299
179 300
179 301
179 302
179 304
179 305
179 307
179 308
179 309
179 310
179 311
179 312
179 313
179 314
179 315
180 182
180 183
180 184
180 185
180 186
180 187
180 188
180 189
180 196
180 198
180 199
180 201
180 202
180 203
180 204
180 205
180 206
180 207
180 208
180 209
180 210
180 211
180 212
180 213
180 215
180 298
180 299
180 302
180 303
180 304
180 305
180 306
180 308
180 310
180 311
180 312
180 314
180 315
180 316
181 182
181 183
181 184
181 186
181 187
181 188
181 191
181 196
181 200
181 201
181 203
181 204
181 205
181 206
181 207
181 208
181 209
181 210
181 212
181 213
181 214
181 259
181 260
181 299
181 300
181 301
181 302
181 303
181 304
181 305
181 306
181 307
181 308
181 309
181 310
181 311
181 312
181 313
181 314
181 315
181 316
182 183
182 184
182 185
182 186
182 187
182 188
182 197
182 198
182 200
182 201
182 202
182 203
182 204
182 205
182 206
182 207
182 208
182 209
182 210
182 211
182 212
182 213
182 215
182 300
182 301
182 302
182 303
182 304
182 305
182 306
182 307
182 308
182 310
182 311
182 312
182 313
182 314
182 315
182 316
183 184
183 185
183 186
183 187
183 188
183 189
183 190
183 197
183 200
183 201
183 202
183 203
183 204
183 205
183 206
183 207
183 208
183 209
183 210
183 211
183 212
183 213
183 214
183 298
183 299
183 300
183 301
183 302
183 303
183 304
183 305
183 306
183 307
183 308
183 309
183 310
183 311
183 312
183 313
183 314
183 315
183 316
183 372
184 185
184 186
184 187
184 188
184 190
184 197
184 200
184 201
184 202
184 203
184 204
184 205
184 206
184 207
184 208
184 209
184 210
184 211
184 212
184 213
184 214
184 298
184 299
184 300
184 302
184 303
184 304
184 305
184 306
184 307
184 308
184 309
184 310
184 311
184 312
184 313
184 314
184 315
184 316
185 186
185 187
185 188
185 189
185 196
185 198
185 199
185 200
185 201
185 202
185 203
185 204
185 205
185 206
185 207
185 208
185 209
185 210
185 211
185 212
185 213
185 214
185 258
185 296
185 301
185 302
185 303
185 305
185 306
185 307
185 308
185 309
185 310
185 311
185 312
185 313
185 314
185 315
185 316
185 317
185 347
186 187
186 188
186 189
186 197
186 199
186 201
186 202
186 203
186 204
186 205
186 206
186 207
186 208
186 209
186 210
186 211
186 212
186 213
186 214
186 257
186 259
186 301
186 302
186 303
186 304
186 305
186 306
186 307
186 308
186 309
186 310
186 311
186 312
186 313
186 314
186 315
186 316
186 347
187 188
187 189
187 198
187 199
187 200
187 201
187 202
187 203
187 204
187 205
187 206
187 207
187 208
187 209
187 210
187 211
187 212
187 213
187 214
187 297
187 298
187 299
187 300
187 301
187 302
187 304
187 305
187 306
187 307
187 308
187 309
187 310
187 311
187 312
187 313
187 314
187 315
187 316
187 317
188 196
188 198
188 200
188 201
188 202
188 203
188 204
188 205
188 206
188 207
188 208
188 209
188 210
188 211
188 212
188 213
188 214
188 215
188 258
188 300
188 301
188 302
188 303
188 304
188 305
188 306
188 307
188 308
188 309
188 310
188 311
188 312
188 313
188 314
188 315
188 316
188 317
189 201
189 209
189 210
189 211
189 212
189 213
189 214
189 215
189 300
189 302
189 304
189 306
189 309
189 310
189 311
189 312
189 313
189 314
189 315
189 316
190 195
190 207
190 208
190 211
190 212
190 213
190 216
190 252
190 255
190 279
190 315
190 316
190 318
191 192
191 204
191 212
191 214
191 308
191 318
192 215
192 235
195 213
195 308
196 197
196 200
196 207
196 209
196 214
196 297
196 298
196 301
196 302
196 303
196 306
196 308
196 309
196 310
196 311
197 198
197 202
197 203
197 206
197 207
197 210
197 211
197 258
197 299
197 300
197 301
197 302
197 303
197 304
197 305
197 308
197 309
197 312
197 348
198 199
198 200
198 203
198 204
198 206
198 208
198 210
198 212
198 214
198 297
198 298
198 299
198 300
198 301
198 303
198 304
198 305
198 307
198 308
198 309
198 310
198 311
198 312
198 313
198 314
198 315
198 316
199 201
199 202
199 203
199 204
199 205
199 206
199 207
199 210
199 211
199 212
199 213
199 301
199 303
199 304
199 305
199 306
199 307
199 310
199 311
199 313
199 315
199 316
199 317
200 201
200 202
200 203
200 204
200 205
200 208
200 211
200 212
200 213
200 214
200 301
200 302
200 304
200 305
200 306
200 307
200 308
200 309
200 310
200 311
200 312
200 313
200 314
200 315
201 202
201 203
201 204
201 205
201 206
201 207
201 208
201 209
201 210
201 211
201 213
201 299
201 300
201 301
201 302
201 303
201 304
201 305
201 306
201 307
201 308
201 309
201 310
201 311
201 312
201 313
201 314
201 315
201 316
202 204
202 205
202 206
202 207
202 208
202 209
202 210
202 211
202 212
202 213
202 214
202 297
202 300
202 301
202 302
202 303
202 304
202 305
202 306
202 307
202 308
202 309
202 310
202 311
202 312
202 313
202 314
202 315
202 316
202 317
203 204
203 205
203 207
203 208
203 209
203 210
203 211
203 212
203 213
203 214
203 215
203 258
203 298
203 299
203 300
203 302
203 303
203 305
203 306
203 307
203 308
203 309
203 310
203 311
203 312
203 313
203 314
203 315
203 316
204 205
204 206
204 207
204 208
204 209
204 210
204 211
204 212
204 213
204 214
204 258
204 297
204 299
204 300
204 301
204 302
204 303
204 304
204 305
204 306
204 307
204 308
204 309
204 310
204 311
204 312
204 313
204 314
204 315
204 316
205 206
205 207
205 208
205 209
205 210
205 211
205 212
205 213
205 214
205 254
205 258
205 298
205 299
205 300
205 301
205 303
205 304
205 305
205 306
205 307
205 308
205 309
205 310
205 311
205 312
205 313
205 314
205 315
205 316
205 317
205 377
206 207
206 208
206 209
206 210
206 211
206 212
206 213
206 214
206 215
206 258
206 298
206 301
206 302
206 303
206 304
206 305
206 306
206 307
206 308
206 309
206 310
206 311
206 312
206 313
206 314
206 315
206 316
206 317
207 208
207 209
207 210
207 211
207 212
207 213
207 214
207 215
207 298
207 299
207 302
207 303
207 304
207 305
207 306
207 307
207 308
207 309
207 310
207 311
207 312
207 313
207 314
207 315
207 316
207 317
207 341
207 378
208 209
208 210
208 211
208 212
208 213
208 214
208 215
208 299
208 302
208 303
208 304
208 305
208 306
208 307
208 308
208 309
208 310
208 311
208 312
208 313
208 314
208 315
208 316
208 380
209 210
209 211
209 212
209 213
209 214
209 257
209 260
209 299
209 300
209 301
209 302
209 303
209 304
209 305
209 306
209 307
209 308
209 309
209 310
209 311
209 312
209 313
209 314
209 315
209 316
209 317
210 211
210 212
210 213
210 214
210 216
210 301
210 302
210 303
210 304
210 305
210 306
210 307
210 308
210 309
210 310
210 311
210 312
210 313
210 314
210 315
210 316
210 317
210 344
210 378
210 379
211 212
211 213
211 214
211 215
211 259
211 297
211 299
211 300
211 301
211 302
211 303
211 304
211 305
211 306
211 307
211 308
211 309
211 310
211 311
211 312
211 313
211 314
211 315
211 316
211 317
211 378
212 213
212 214
212 215
212 216
212 258
212 259
212 273
212 280
212 298
212 299
212 300
212 302
212 303
212 304
212 305
212 306
212 307
212 308
212 309
212 310
212 311
212 312
212 313
212 314
212 315
212 316
212 317
212 370
212 381
212 391
213 214
213 232
213 253
213 258
213 263
213 300
213 301
213 304
213 305
213 306
213 307
213 308
213 309
213 310
213 311
213 312
213 313
213 314
213 315
213 316
213 317
213 318
213 344
213 345
213 376
213 394
214 215
214 216
214 217
214 300
214 301
214 303
214 304
214 305
214 306
214 307
214 308
214 309
214 310
214 311
214 312
214 313
214 314
214 315
214 316
214 317
214 345
214 346
215 218
215 254
215 255
215 259
215 308
215 315
215 316
216 312
216 314
216 377
217 300
217 319
225 307
232 318
233 292
234 261
241 315
253 307
254 314
254 316
255 371
256 277
257 312
259 309
259 312
259 314
259 316
260 301
260 316
261 275
261 311
261 313
262 294
264 281
265 314
278 315
279 314
281 316
281 318
293 319
297 299
297 301
297 312
298 300
298 301
298 305
298 307
298 312
298 314
298 316
299 305
299 306
299 308
299 309
299 310
299 313
299 318
300 301
300 303
300 304
300 305
300 306
300 307
300 308
300 310
300 311
300 312
300 313
300 314
300 315
300 316
301 305
301 306
301 309
301 310
301 311
301 312
301 313
301 314
301 315
301 316
302 303
302 304
302 305
302 306
302 307
302 308
302 310
302 311
302 313
302 314
302 316
303 304
303 305
303 306
303 307
303 308
303 309
303 310
303 311
303 312
303 315
303 316
303 376
304 305
304 306
304 307
304 308
304 309
304 310
304 311
304 312
304 313
304 314
304 315
304 316
304 321
304 376
305 306
305 307
305 308
305 309
305 310
305 311
305 312
305 313
305 314
305 315
305 316
306 307
306 308
306 309
306 310
306 311
306 312
306 313
306 314
306 315
306 316
307 308
307 309
307 310
307 311
307 312
307 313
307 314
307 315
307 316
308 309
308 310
308 311
308 312
308 313
308 314
308 315
308 316
309 310
309 311
309 312
309 313
309 314
309 315
309 316
309 343
310 311
310 312
310 313
310 314
310 315
310 316
310 318
311 312
311 313
311 314
311 315
311 316
311 318
311 381
312 313
312 314
312 315
312 316
312 317
312 379
313 314
313 315
313 316
313 317
313 393
314 315
314 316
314 317
314 318
314 377
315 316
315 317
315 320
315 377
315 379
316 317
316 379
316 381
317 321
317 333
317 382
319 379
347 382
367 383
372 387
