1 136
1 155
1 209
2 130
2 138
2 139
2 153
3 130
11 13
12 136
20 123
20 136
20 139
21 130
21 133
21 136
21 140
21 188
22 113
22 136
23 309
33 141
34 140
35 134
37 86
38 132
38 140
38 314
39 95
39 132
40 133
40 139
41 114
41 135
41 136
41 138
41 307
42 136
42 197
43 172
44 125
45 139
47 243
56 159
57 137
58 131
58 139
59 140
59 141
60 145
61 134
62 133
72 136
79 113
79 139
79 146
79 152
79 303
79 304
79 306
80 81
80 83
80 86
80 89
80 92
80 93
80 95
80 109
80 116
80 119
80 120
80 121
80 129
80 131
80 133
80 135
80 137
80 138
80 139
80 144
80 147
80 148
80 149
80 185
80 186
80 187
80 304
80 307
81 82
81 83
81 85
81 88
81 95
81 96
81 113
81 117
81 120
81 121
81 126
81 127
81 130
81 131
81 132
81 136
81 137
81 139
81 140
81 141
81 142
81 143
81 146
81 148
81 151
81 152
81 153
81 180
81 181
81 182
81 183
81 189
81 190
81 191
81 299
81 302
81 304
81 310
81 312
82 83
82 84
82 86
82 88
82 89
82 90
82 92
82 93
82 95
82 99
82 116
82 118
82 119
82 120
82 121
82 125
82 127
82 129
82 133
82 136
82 137
82 139
82 140
82 141
82 142
82 144
82 145
82 147
82 149
82 151
82 153
82 154
82 180
82 183
82 184
82 185
82 187
82 301
82 302
82 304
82 307
82 309
82 310
83 84
83 85
83 86
83 87
83 89
83 90
83 91
83 92
83 95
83 96
83 115
83 117
83 118
83 119
83 122
83 123
83 124
83 125
83 126
83 127
83 128
83 129
83 130
83 131
83 133
83 139
83 140
83 144
83 146
83 147
83 148
83 149
83 153
83 154
83 155
83 156
83 157
83 158
83 182
83 183
83 184
83 185
83 186
83 188
83 189
83 190
83 192
83 242
83 297
83 299
83 300
83 302
83 303
83 305
83 307
83 308
83 309
83 315
84 86
84 87
84 89
84 90
84 91
84 93
84 94
84 96
84 116
84 117
84 118
84 119
84 120
84 121
84 122
84 123
84 125
84 126
84 127
84 128
84 129
84 130
84 132
84 133
84 134
84 135
84 136
84 137
84 138
84 139
84 140
84 141
84 143
84 144
84 147
84 148
84 149
84 150
84 153
84 154
84 155
84 156
84 157
84 182
84 185
84 186
84 187
84 188
84 189
84 190
84 191
84 297
84 299
84 300
84 301
84 302
84 304
84 305
84 306
84 307
84 308
84 309
84 310
84 311
85 86
85 88
85 89
85 90
85 91
85 93
85 94
85 95
85 113
85 117
85 118
85 120
85 121
85 122
85 124
85 126
85 127
85 128
85 129
85 130
85 131
85 133
85 134
85 135
85 136
85 137
85 139
85 140
85 142
85 144
85 145
85 146
85 147
85 148
85 149
85 150
85 151
85 152
85 154
85 155
85 156
85 157
85 182
85 184
85 185
85 186
85 187
85 188
85 189
85 190
85 191
85 298
85 300
85 301
85 302
85 303
85 304
85 305
85 306
85 307
85 308
85 309
85 310
85 311
86 87
86 88
86 90
86 91
86 92
86 93
86 94
86 95
86 96
86 97
86 115
86 118
86 119
86 120
86 122
86 123
86 124
86 125
86 126
86 127
86 128
86 129
86 130
86 131
86 132
86 133
86 134
86 135
86 136
86 137
86 138
86 139
86 140
86 141
86 142
86 143
86 144
86 145
86 146
86 147
86 148
86 149
86 150
86 151
86 152
86 153
86 154
86 155
86 156
86 182
86 183
86 184
86 187
86 189
86 190
86 191
86 192
86 298
86 300
86 301
86 302
86 303
86 304
86 305
86 306
86 307
86 308
86 309
86 310
87 88
87 89
87 90
87 91
87 92
87 93
87 94
87 96
87 115
87 118
87 119
87 120
87 121
87 122
87 123
87 124
87 125
87 126
87 127
87 128
87 129
87 130
87 131
87 132
87 133
87 134
87 135
87 136
87 137
87 138
87 139
87 140
87 144
87 145
87 146
87 147
87 148
87 149
87 150
87 151
87 152
87 153
87 154
87 155
87 156
87 157
87 159
87 181
87 184
87 185
87 186
87 187
87 188
87 189
87 190
87 191
87 192
87 193
87 298
87 299
87 300
87 301
87 302
87 303
87 304
87 305
87 306
87 308
87 309
87 310
88 89
88 90
88 91
88 92
88 93
88 94
88 95
88 97
88 113
88 114
88 115
88 116
88 117
88 118
88 119
88 120
88 121
88 122
88 123
88 124
88 125
88 126
88 127
88 128
88 129
88 130
88 131
88 132
88 133
88 134
88 135
88 136
88 137
88 138
88 139
88 140
88 141
88 143
88 144
88 145
88 147
88 148
88 149
88 150
88 151
88 152
88 153
88 154
88 155
88 156
88 157
88 181
88 183
88 186
88 187
88 188
88 189
88 190
88 191
88 192
88 279
88 281
88 297
88 301
88 303
88 304
88 305
88 306
88 307
88 308
88 309
88 310
88 311
89 90
89 91
89 92
89 93
89 94
89 95
89 96
89 110
89 114
89 117
89 118
89 119
89 120
89 121
89 122
89 123
89 124
89 125
89 126
89 127
89 128
89 129
89 130
89 131
89 132
89 133
89 134
89 135
89 136
89 137
89 139
89 140
89 141
89 142
89 144
89 145
89 146
89 147
89 148
89 149
89 150
89 151
89 152
89 153
89 154
89 155
89 156
89 157
89 158
89 181
89 183
89 184
89 185
89 186
89 187
89 188
89 190
89 191
89 192
89 193
89 300
89 301
89 302
89 303
89 304
89 305
89 306
89 307
89 308
89 309
89 310
89 311
90 91
90 92
90 93
90 94
90 95
90 96
90 97
90 114
90 115
90 116
90 118
90 119
90 120
90 121
90 122
90 123
90 124
90 125
90 126
90 127
90 128
90 129
90 130
90 131
90 132
90 133
90 134
90 135
90 136
90 137
90 138
90 139
90 140
90 141
90 142
90 144
90 145
90 146
90 147
90 148
90 149
90 150
90 151
90 152
90 153
90 154
90 155
90 156
90 157
90 182
90 183
90 184
90 185
90 186
90 187
90 188
90 189
90 190
90 191
90 192
90 193
90 299
90 300
90 301
90 302
90 303
90 304
90 305
90 306
90 307
90 308
90 309
90 310
90 311
91 92
91 93
91 94
91 95
91 96
91 115
91 117
91 118
91 119
91 120
91 121
91 122
91 123
91 124
91 125
91 126
91 127
91 128
91 129
91 130
91 131
91 132
91 133
91 134
91 135
91 136
91 137
91 138
91 139
91 140
91 141
91 142
91 143
91 144
91 146
91 147
91 148
91 149
91 150
91 151
91 152
91 153
91 154
91 155
91 156
91 157
91 158
91 183
91 184
91 185
91 186
91 187
91 188
91 189
91 190
91 191
91 192
91 195
91 299
91 301
91 302
91 303
91 304
91 305
91 306
91 307
91 308
91 309
91 310
91 311
91 312
92 93
92 94
92 95
92 96
92 98
92 114
92 115
92 117
92 118
92 119
92 120
92 121
92 122
92 123
92 124
92 125
92 126
92 127
92 128
92 129
92 130
92 131
92 132
92 133
92 134
92 135
92 136
92 137
92 138
92 139
92 140
92 141
92 143
92 145
92 146
92 147
92 148
92 149
92 150
92 151
92 152
92 153
92 154
92 155
92 156
92 157
92 158
92 182
92 183
92 184
92 185
92 186
92 187
92 188
92 189
92 191
92 192
92 193
92 284
92 300
92 301
92 302
92 304
92 305
92 306
92 307
92 308
92 309
92 310
92 311
92 312
93 94
93 95
93 96
93 118
93 120
93 121
93 122
93 123
93 124
93 125
93 126
93 127
93 128
93 129
93 130
93 131
93 132
93 133
93 134
93 135
93 136
93 137
93 138
93 139
93 140
93 141
93 143
93 144
93 145
93 146
93 147
93 148
93 149
93 150
93 151
93 152
93 153
93 154
93 155
93 156
93 157
93 158
93 159
93 184
93 185
93 186
93 187
93 188
93 189
93 190
93 191
93 192
93 193
93 283
93 297
93 301
93 303
93 304
93 305
93 306
93 307
93 308
93 309
93 310
93 311
93 312
94 95
94 96
94 110
94 117
94 119
94 120
94 121
94 122
94 123
94 124
94 125
94 126
94 127
94 128
94 129
94 130
94 131
94 132
94 133
94 134
94 135
94 136
94 137
94 138
94 139
94 140
94 141
94 143
94 144
94 145
94 146
94 147
94 148
94 149
94 150
94 151
94 152
94 153
94 154
94 155
94 156
94 157
94 182
94 183
94 184
94 185
94 186
94 187
94 188
94 189
94 190
94 191
94 192
94 281
94 283
94 297
94 303
94 304
94 305
94 306
94 307
94 308
94 309
94 310
94 311
95 96
95 97
95 116
95 117
95 118
95 120
95 121
95 122
95 123
95 124
95 125
95 126
95 127
95 128
95 129
95 130
95 131
95 132
95 133
95 134
95 135
95 136
95 137
95 138
95 139
95 140
95 143
95 145
95 146
95 147
95 148
95 149
95 150
95 151
95 152
95 153
95 154
95 155
95 156
95 157
95 181
95 184
95 185
95 186
95 187
95 188
95 189
95 190
95 191
95 192
95 193
95 194
95 297
95 299
95 300
95 301
95 302
95 304
95 305
95 306
95 307
95 308
95 309
95 310
95 311
95 328
95 365
96 114
96 116
96 117
96 119
96 120
96 121
96 122
96 123
96 124
96 125
96 126
96 127
96 128
96 129
96 130
96 131
96 132
96 133
96 134
96 135
96 136
96 137
96 138
96 139
96 140
96 141
96 145
96 146
96 147
96 148
96 149
96 151
96 152
96 153
96 154
96 155
96 156
96 157
96 182
96 184
96 186
96 187
96 189
96 190
96 191
96 192
96 193
96 195
96 197
96 282
96 283
96 298
96 299
96 300
96 301
96 303
96 304
96 306
96 307
96 308
96 309
96 310
96 311
97 123
97 124
97 125
97 130
97 131
97 132
97 133
97 134
97 135
97 136
97 137
97 138
97 139
97 140
97 141
97 147
97 154
97 155
97 157
97 160
97 190
97 226
97 305
97 308
97 309
97 311
97 314
98 130
98 132
98 133
98 137
98 138
98 139
98 140
98 143
98 153
98 158
98 187
98 225
98 312
99 121
99 122
99 134
99 137
99 280
100 122
100 137
105 138
106 313
108 131
109 135
110 136
110 138
111 133
111 140
111 244
112 128
112 133
112 134
112 142
113 115
113 119
113 135
113 138
113 188
113 283
113 304
113 305
113 310
114 116
114 119
114 129
114 132
114 134
114 135
114 141
114 145
114 150
114 154
114 155
114 156
114 157
114 182
114 184
114 186
114 191
114 192
114 296
114 299
114 300
114 305
114 309
114 310
115 116
115 117
115 118
115 120
115 122
115 130
115 131
115 132
115 133
115 135
115 136
115 137
115 139
115 140
115 141
115 142
115 143
115 144
115 145
115 147
115 148
115 151
115 152
115 156
115 157
115 181
115 182
115 184
115 187
115 192
115 298
115 299
115 300
115 302
115 303
115 304
115 306
115 307
115 308
115 311
116 120
116 121
116 122
116 124
116 125
116 127
116 128
116 129
116 130
116 131
116 133
116 134
116 135
116 136
116 137
116 138
116 139
116 140
116 143
116 145
116 146
116 147
116 149
116 153
116 154
116 156
116 157
116 180
116 181
116 182
116 183
116 185
116 188
116 189
116 190
116 191
116 193
116 300
116 301
116 304
116 305
116 306
116 308
116 309
116 310
116 311
117 118
117 121
117 122
117 123
117 125
117 127
117 128
117 129
117 130
117 132
117 133
117 135
117 136
117 137
117 138
117 139
117 141
117 142
117 144
117 145
117 146
117 147
117 148
117 149
117 150
117 151
117 152
117 153
117 155
117 156
117 157
117 158
117 181
117 182
117 184
117 185
117 186
117 187
117 188
117 189
117 190
117 191
117 193
117 298
117 299
117 300
117 301
117 302
117 303
117 305
117 306
117 308
117 309
117 310
118 120
118 121
118 122
118 123
118 124
118 125
118 126
118 127
118 128
118 129
118 130
118 131
118 132
118 133
118 134
118 136
118 138
118 139
118 140
118 141
118 142
118 144
118 146
118 148
118 150
118 151
118 152
118 153
118 155
118 156
118 157
118 158
118 181
118 183
118 184
118 185
118 186
118 187
118 188
118 189
118 190
118 191
118 192
118 298
118 300
118 301
118 302
118 303
118 304
118 305
118 306
118 307
118 308
118 309
118 310
118 311
119 120
119 121
119 122
119 123
119 124
119 125
119 126
119 129
119 130
119 131
119 132
119 133
119 134
119 135
119 136
119 137
119 138
119 139
119 140
119 141
119 142
119 143
119 146
119 147
119 148
119 149
119 151
119 152
119 153
119 154
119 155
119 156
119 157
119 158
119 181
119 183
119 184
119 185
119 187
119 188
119 189
119 190
119 191
119 192
119 193
119 298
119 299
119 300
119 301
119 302
119 303
119 304
119 306
119 307
119 308
119 309
119 310
120 121
120 122
120 123
120 124
120 125
120 126
120 127
120 128
120 129
120 130
120 131
120 132
120 133
120 134
120 135
120 136
120 137
120 138
120 139
120 140
120 141
120 142
120 143
120 145
120 146
120 147
120 148
120 149
120 150
120 151
120 152
120 153
120 154
120 155
120 156
120 157
120 158
120 180
120 181
120 183
120 184
120 186
120 189
120 190
120 191
120 192
120 193
120 298
120 301
120 303
120 304
120 306
120 307
120 308
120 309
120 310
120 311
120 312
121 122
121 123
121 124
121 125
121 126
121 127
121 129
121 130
121 131
121 132
121 133
121 134
121 135
121 136
121 137
121 138
121 139
121 140
121 142
121 143
121 144
121 145
121 146
121 147
121 148
121 150
121 151
121 152
121 153
121 154
121 155
121 157
121 182
121 183
121 184
121 185
121 187
121 188
121 189
121 190
121 191
121 192
121 193
121 287
121 300
121 301
121 302
121 303
121 304
121 305
121 306
121 307
121 308
121 309
121 310
121 311
122 123
122 124
122 125
122 126
122 127
122 128
122 129
122 130
122 131
122 132
122 133
122 134
122 135
122 136
122 137
122 138
122 139
122 140
122 141
122 143
122 144
122 146
122 147
122 148
122 149
122 150
122 151
122 152
122 153
122 154
122 155
122 156
122 157
122 158
122 159
122 179
122 181
122 182
122 183
122 185
122 186
122 187
122 188
122 189
122 190
122 191
122 192
122 193
122 208
122 299
122 300
122 301
122 302
122 304
122 305
122 307
122 308
122 309
122 310
122 311
122 313
123 124
123 125
123 126
123 127
123 128
123 129
123 130
123 131
123 132
123 133
123 134
123 135
123 136
123 137
123 138
123 139
123 140
123 141
123 143
123 144
123 145
123 146
123 147
123 148
123 149
123 150
123 151
123 152
123 153
123 154
123 155
123 157
123 182
123 183
123 184
123 185
123 186
123 187
123 188
123 189
123 190
123 191
123 192
123 249
123 297
123 298
123 299
123 301
123 303
123 304
123 305
123 306
123 307
123 308
123 309
123 310
123 311
123 312
124 125
124 126
124 127
124 128
124 129
124 130
124 131
124 132
124 133
124 134
124 135
124 136
124 137
124 138
124 139
124 140
124 141
124 142
124 144
124 145
124 146
124 147
124 148
124 149
124 150
124 151
124 152
124 153
124 154
124 155
124 156
124 157
124 180
124 182
124 185
124 187
124 188
124 189
124 190
124 191
124 192
124 193
124 280
124 298
124 299
124 300
124 301
124 302
124 303
124 304
124 305
124 306
124 307
124 308
124 309
124 310
124 312
125 126
125 127
125 128
125 129
125 130
125 131
125 132
125 133
125 134
125 135
125 136
125 137
125 138
125 139
125 140
125 141
125 142
125 143
125 145
125 146
125 147
125 148
125 149
125 150
125 151
125 152
125 153
125 154
125 155
125 157
125 184
125 185
125 187
125 188
125 189
125 190
125 191
125 192
125 193
125 280
125 282
125 299
125 300
125 302
125 303
125 304
125 305
125 306
125 307
125 308
125 309
125 310
125 311
125 312
126 127
126 128
126 129
126 130
126 131
126 132
126 133
126 134
126 135
126 136
126 137
126 138
126 139
126 140
126 141
126 142
126 143
126 144
126 145
126 146
126 147
126 148
126 149
126 150
126 151
126 152
126 153
126 154
126 155
126 156
126 157
126 158
126 184
126 185
126 186
126 187
126 188
126 189
126 190
126 191
126 192
126 193
126 300
126 301
126 302
126 304
126 305
126 306
126 307
126 308
126 309
126 310
126 311
127 128
127 129
127 130
127 131
127 132
127 133
127 134
127 135
127 136
127 137
127 138
127 139
127 140
127 141
127 142
127 144
127 145
127 146
127 147
127 148
127 149
127 150
127 151
127 152
127 153
127 154
127 155
127 156
127 157
127 158
127 182
127 183
127 185
127 186
127 187
127 188
127 189
127 190
127 191
127 192
127 193
127 297
127 299
127 301
127 302
127 303
127 304
127 305
127 306
127 307
127 308
127 309
127 310
127 311
127 312
128 129
128 130
128 131
128 132
128 133
128 134
128 135
128 136
128 137
128 138
128 139
128 140
128 142
128 143
128 144
128 145
128 146
128 147
128 148
128 149
128 150
128 151
128 152
128 153
128 154
128 155
128 156
128 157
128 158
128 181
128 184
128 185
128 186
128 187
128 188
128 189
128 190
128 191
128 192
128 193
128 225
128 280
128 281
128 301
128 302
128 303
128 304
128 305
128 306
128 307
128 308
128 309
128 310
128 311
128 312
129 130
129 131
129 132
129 133
129 134
129 135
129 136
129 137
129 138
129 139
129 140
129 141
129 142
129 143
129 144
129 145
129 146
129 148
129 149
129 150
129 151
129 152
129 153
129 154
129 155
129 156
129 157
129 158
129 159
129 182
129 183
129 184
129 185
129 186
129 187
129 188
129 189
129 190
129 191
129 192
129 193
129 194
129 282
129 296
129 299
129 300
129 302
129 303
129 304
129 305
129 306
129 307
129 308
129 309
129 310
129 311
129 375
130 131
130 132
130 133
130 134
130 135
130 136
130 137
130 138
130 139
130 140
130 141
130 142
130 144
130 145
130 146
130 147
130 149
130 150
130 151
130 152
130 153
130 154
130 155
130 156
130 157
130 158
130 160
130 180
130 182
130 183
130 184
130 185
130 186
130 187
130 188
130 189
130 190
130 191
130 192
130 193
130 194
130 282
130 300
130 302
130 303
130 304
130 305
130 306
130 307
130 308
130 309
130 310
130 311
130 312
131 132
131 133
131 134
131 135
131 136
131 137
131 138
131 139
131 140
131 141
131 142
131 143
131 146
131 148
131 149
131 150
131 151
131 152
131 153
131 154
131 155
131 156
131 157
131 158
131 179
131 183
131 185
131 186
131 187
131 188
131 190
131 191
131 192
131 193
131 194
131 224
131 226
131 280
131 297
131 298
131 299
131 302
131 303
131 305
131 306
131 307
131 308
131 309
131 310
131 311
131 313
131 337
131 375
132 133
132 134
132 135
132 136
132 137
132 138
132 139
132 140
132 141
132 143
132 144
132 145
132 146
132 147
132 148
132 149
132 150
132 151
132 152
132 153
132 154
132 155
132 156
132 157
132 158
132 171
132 183
132 184
132 185
132 186
132 187
132 188
132 189
132 190
132 191
132 192
132 193
132 206
132 272
132 283
132 297
132 298
132 299
132 301
132 302
132 303
132 304
132 305
132 306
132 307
132 308
132 309
132 310
132 311
132 312
133 134
133 135
133 136
133 137
133 138
133 139
133 140
133 141
133 143
133 145
133 146
133 147
133 148
133 149
133 150
133 151
133 152
133 153
133 154
133 155
133 156
133 157
133 158
133 159
133 181
133 184
133 185
133 186
133 187
133 188
133 189
133 190
133 191
133 192
133 193
133 194
133 195
133 205
133 222
133 250
133 283
133 292
133 295
133 299
133 300
133 301
133 302
133 303
133 304
133 305
133 306
133 307
133 308
133 309
133 310
133 311
133 312
133 340
134 135
134 136
134 137
134 138
134 139
134 140
134 141
134 142
134 145
134 146
134 147
134 148
134 149
134 150
134 151
134 152
134 153
134 154
134 155
134 156
134 157
134 158
134 159
134 185
134 186
134 187
134 188
134 189
134 190
134 191
134 192
134 193
134 194
134 195
134 196
134 207
134 208
134 256
134 281
134 283
134 284
134 300
134 301
134 302
134 303
134 304
134 305
134 306
134 307
134 308
134 309
134 310
134 311
134 312
134 313
134 347
134 354
134 387
134 396
135 136
135 137
135 138
135 139
135 140
135 141
135 142
135 143
135 144
135 145
135 146
135 147
135 148
135 149
135 150
135 151
135 152
135 153
135 154
135 155
135 156
135 157
135 158
135 159
135 162
135 179
135 180
135 182
135 183
135 184
135 185
135 186
135 187
135 189
135 190
135 191
135 192
135 193
135 194
135 195
135 196
135 197
135 206
135 229
135 279
135 281
135 282
135 298
135 300
135 301
135 302
135 303
135 304
135 305
135 306
135 307
135 308
135 309
135 310
135 311
135 312
135 313
135 347
135 367
135 384
135 397
136 137
136 138
136 139
136 140
136 141
136 144
136 146
136 147
136 148
136 149
136 150
136 151
136 152
136 153
136 154
136 155
136 156
136 157
136 158
136 159
136 181
136 182
136 183
136 184
136 185
136 186
136 187
136 188
136 189
136 190
136 191
136 192
136 193
136 194
136 195
136 196
136 223
136 228
136 238
136 273
136 299
136 300
136 301
136 302
136 303
136 304
136 305
136 306
136 307
136 308
136 309
136 310
136 311
136 312
136 313
136 328
136 366
137 138
137 139
137 140
137 141
137 142
137 143
137 145
137 146
137 147
137 148
137 149
137 150
137 151
137 152
137 153
137 154
137 155
137 156
137 157
137 158
137 159
137 182
137 184
137 186
137 187
137 188
137 189
137 190
137 191
137 192
137 193
137 194
137 195
137 203
137 209
137 226
137 283
137 284
137 298
137 300
137 301
137 302
137 303
137 304
137 305
137 306
137 307
137 308
137 309
137 310
137 311
137 312
137 313
137 325
138 139
138 140
138 141
138 142
138 143
138 144
138 145
138 146
138 147
138 148
138 150
138 151
138 152
138 153
138 154
138 155
138 156
138 157
138 158
138 159
138 185
138 186
138 187
138 188
138 189
138 190
138 191
138 192
138 193
138 194
138 195
138 196
138 223
138 238
138 240
138 243
138 280
138 281
138 284
138 291
138 299
138 300
138 301
138 302
138 303
138 304
138 305
138 306
138 307
138 308
138 309
138 310
138 311
138 312
138 315
138 375
139 140
139 141
139 142
139 144
139 145
139 146
139 147
139 148
139 149
139 150
139 151
139 152
139 153
139 154
139 155
139 156
139 157
139 158
139 159
139 182
139 183
139 184
139 185
139 186
139 187
139 188
139 189
139 190
139 191
139 192
139 193
139 194
139 196
139 207
139 238
139 239
139 241
139 264
139 279
139 281
139 285
139 300
139 301
139 302
139 303
139 304
139 305
139 306
139 307
139 308
139 309
139 310
139 311
139 312
139 313
139 354
139 355
140 141
140 142
140 143
140 144
140 146
140 147
140 148
140 149
140 150
140 151
140 152
140 153
140 154
140 155
140 156
140 157
140 158
140 159
140 160
140 180
140 186
140 187
140 188
140 189
140 190
140 191
140 192
140 193
140 194
140 195
140 281
140 282
140 302
140 303
140 304
140 305
140 306
140 307
140 308
140 309
140 310
140 311
140 312
140 374
141 142
141 144
141 145
141 147
141 149
141 150
141 151
141 152
141 153
141 154
141 155
141 156
141 158
141 159
141 160
141 179
141 180
141 182
141 187
141 189
141 190
141 191
141 196
141 208
141 225
141 242
141 301
141 304
141 307
141 309
141 310
141 311
141 375
142 143
142 144
142 146
142 147
142 152
142 153
142 154
142 171
142 180
142 181
142 183
142 184
142 186
142 187
142 188
142 191
142 192
142 224
142 276
142 285
142 292
142 299
142 300
142 303
142 305
142 306
142 311
143 146
143 147
143 148
143 149
143 150
143 153
143 154
143 156
143 157
143 182
143 186
143 187
143 188
143 190
143 192
143 240
143 282
143 298
143 299
143 300
143 302
143 305
143 306
143 309
144 145
144 146
144 149
144 150
144 151
144 152
144 154
144 155
144 156
144 183
144 184
144 185
144 187
144 188
144 189
144 190
144 191
144 192
144 197
144 297
144 300
144 301
144 302
144 304
144 305
144 307
144 308
144 309
144 310
144 311
144 336
145 146
145 147
145 149
145 150
145 151
145 152
145 153
145 154
145 155
145 156
145 180
145 185
145 186
145 187
145 188
145 189
145 190
145 192
145 298
145 299
145 301
145 303
145 304
145 305
145 306
145 308
145 309
145 310
145 311
146 147
146 148
146 149
146 150
146 152
146 153
146 154
146 155
146 156
146 157
146 158
146 182
146 183
146 184
146 185
146 186
146 187
146 188
146 189
146 190
146 191
146 192
146 300
146 301
146 303
146 304
146 305
146 306
146 307
146 308
146 309
146 310
146 311
147 148
147 149
147 150
147 151
147 152
147 153
147 154
147 155
147 156
147 157
147 158
147 182
147 183
147 184
147 185
147 186
147 188
147 189
147 190
147 191
147 192
147 193
147 280
147 297
147 299
147 302
147 303
147 304
147 305
147 306
147 307
147 308
147 309
147 310
147 311
148 149
148 150
148 151
148 152
148 153
148 155
148 156
148 157
148 182
148 183
148 184
148 185
148 186
148 187
148 188
148 189
148 190
148 191
148 192
148 237
148 300
148 301
148 302
148 303
148 304
148 305
148 306
148 307
148 308
148 309
148 310
148 311
149 150
149 151
149 152
149 153
149 154
149 155
149 156
149 157
149 181
149 182
149 183
149 185
149 186
149 187
149 188
149 189
149 190
149 191
149 192
149 195
149 298
149 301
149 302
149 303
149 304
149 305
149 306
149 307
149 308
149 309
149 310
149 311
149 312
150 152
150 153
150 154
150 155
150 156
150 157
150 161
150 181
150 183
150 184
150 185
150 186
150 187
150 188
150 189
150 190
150 191
150 192
150 193
150 282
150 297
150 299
150 302
150 303
150 304
150 305
150 306
150 307
150 308
150 309
150 310
150 311
151 152
151 153
151 154
151 155
151 156
151 157
151 158
151 181
151 185
151 186
151 187
151 188
151 189
151 190
151 191
151 192
151 281
151 300
151 301
151 302
151 303
151 304
151 305
151 306
151 307
151 308
151 309
151 310
151 311
152 153
152 154
152 155
152 156
152 157
152 158
152 183
152 184
152 185
152 186
152 187
152 188
152 189
152 190
152 191
152 192
152 193
152 298
152 300
152 301
152 304
152 305
152 306
152 307
152 308
152 309
152 310
152 311
152 312
152 346
153 154
153 155
153 156
153 157
153 158
153 182
153 184
153 185
153 186
153 187
153 188
153 189
153 190
153 191
153 192
153 193
153 299
153 300
153 301
153 303
153 304
153 305
153 306
153 307
153 308
153 309
153 310
153 311
154 155
154 156
154 157
154 180
154 181
154 182
154 183
154 184
154 185
154 186
154 187
154 188
154 189
154 190
154 191
154 192
154 193
154 194
154 195
154 298
154 300
154 301
154 302
154 303
154 304
154 305
154 306
154 307
154 308
154 309
154 310
154 311
154 312
155 156
155 157
155 158
155 159
155 181
155 183
155 184
155 185
155 186
155 187
155 188
155 189
155 190
155 191
155 192
155 193
155 281
155 298
155 299
155 300
155 301
155 303
155 304
155 305
155 306
155 307
155 308
155 309
155 310
155 311
155 365
156 157
156 158
156 183
156 185
156 186
156 187
156 188
156 189
156 190
156 191
156 192
156 193
156 298
156 299
156 300
156 302
156 303
156 304
156 305
156 306
156 307
156 308
156 309
156 310
156 311
156 313
157 181
157 182
157 184
157 185
157 186
157 187
157 188
157 189
157 190
157 191
157 192
157 194
157 297
157 300
157 301
157 302
157 303
157 304
157 305
157 306
157 307
157 308
157 309
157 310
157 311
158 184
158 188
158 189
158 191
158 192
158 194
158 304
158 307
158 310
158 311
159 306
160 196
160 210
160 284
161 330
161 386
179 180
180 185
180 297
181 182
181 186
181 189
181 191
181 300
181 301
181 305
181 307
181 308
181 310
182 187
182 188
182 189
182 191
182 192
182 298
182 300
182 303
182 304
182 306
182 307
182 308
182 309
182 311
183 184
183 185
183 188
183 189
183 191
183 299
183 300
183 301
183 302
183 303
183 304
183 305
183 306
183 307
183 309
183 310
184 185
184 186
184 187
184 189
184 190
184 191
184 196
184 298
184 300
184 301
184 302
184 304
184 305
184 306
184 307
184 308
184 310
184 311
185 187
185 189
185 190
185 191
185 192
185 193
185 300
185 301
185 302
185 303
185 304
185 306
185 308
185 310
185 311
186 187
186 188
186 190
186 191
186 192
186 283
186 299
186 301
186 303
186 305
186 306
186 307
186 308
186 309
186 310
186 311
186 312
187 188
187 189
187 190
187 191
187 192
187 282
187 298
187 299
187 300
187 301
187 302
187 303
187 304
187 305
187 306
187 307
187 308
187 309
187 310
187 311
187 312
188 189
188 190
188 191
188 192
188 193
188 197
188 280
188 301
188 302
188 303
188 304
188 305
188 306
188 307
188 308
188 309
188 310
188 311
189 190
189 191
189 192
189 300
189 302
189 303
189 304
189 305
189 306
189 307
189 308
189 309
189 310
189 311
190 191
190 192
190 300
190 302
190 303
190 304
190 305
190 306
190 307
190 308
190 309
190 310
190 311
190 382
191 192
191 301
191 302
191 303
191 304
191 305
191 306
191 307
191 308
191 309
191 310
191 311
192 193
192 280
192 299
192 300
192 301
192 302
192 303
192 304
192 305
192 306
192 307
192 308
192 309
192 310
192 311
193 303
193 305
193 307
193 308
193 310
193 311
193 312
193 313
194 310
194 311
195 314
198 348
216 329
226 314
227 231
230 313
274 283
279 308
279 310
280 306
281 303
282 299
283 304
284 367
293 377
297 303
297 304
297 310
298 299
298 300
298 301
298 304
298 305
298 310
299 303
299 305
299 307
299 308
299 309
299 310
299 311
300 302
300 304
300 305
300 307
300 309
300 310
300 311
301 303
301 304
301 305
301 306
301 309
301 310
301 311
302 303
302 304
302 305
302 306
302 307
302 308
302 309
302 310
302 311
303 304
303 305
303 307
303 308
303 309
303 310
303 311
304 305
304 307
304 308
304 309
304 310
305 306
305 307
305 308
305 309
305 310
305 311
306 307
306 308
306 309
306 310
306 311
306 312
306 376
307 308
307 309
307 310
307 311
307 313
308 309
308 310
308 311
309 310
309 311
310 311
310 312
311 312
312 329
