1 2
1 3
1 4
1 5
1 6
1 27
1 28
1 29
1 30
1 46
1 49
1 50
1 55
1 93
1 113
1 114
1 124
1 126
1 127
1 135
1 137
1 141
1 158
1 197
1 199
1 200
1 201
1 202
1 203
1 227
1 231
1 232
1 238
1 239
1 248
1 250
1 251
1 254
1 255
1 256
1 257
1 258
1 259
1 260
1 261
1 262
1 263
1 264
1 265
1 266
1 267
1 268
1 292
1 295
1 303
1 304
1 308
1 309
1 311
1 312
1 313
1 314
1 315
1 316
1 317
1 318
1 319
1 320
1 321
1 322
1 323
1 324
1 325
1 326
1 327
1 328
1 329
1 332
1 333
1 334
1 336
1 337
1 338
1 339
1 340
1 341
1 342
1 343
1 349
1 358
1 359
1 360
1 361
1 363
1 364
1 365
1 366
1 367
1 368
1 369
1 370
1 371
1 372
1 375
1 378
1 380
1 381
1 383
1 384
1 385
1 386
1 387
1 388
1 389
1 390
1 391
1 392
1 393
1 394
1 395
1 396
1 397
2 3
2 4
2 5
2 10
2 27
2 28
2 29
2 30
2 48
2 92
2 115
2 125
2 126
2 127
2 132
2 138
2 140
2 157
2 174
2 198
2 199
2 201
2 202
2 203
2 227
2 228
2 232
2 240
2 251
2 252
2 253
2 254
2 256
2 257
2 258
2 259
2 260
2 261
2 262
2 263
2 264
2 265
2 266
2 267
2 269
2 302
2 306
2 308
2 310
2 311
2 313
2 314
2 315
2 316
2 317
2 318
2 319
2 320
2 321
2 322
2 323
2 324
2 325
2 326
2 327
2 328
2 329
2 330
2 332
2 334
2 336
2 337
2 338
2 339
2 340
2 341
2 342
2 347
2 351
2 353
2 357
2 358
2 359
2 361
2 362
2 363
2 364
2 365
2 366
2 367
2 368
2 369
2 370
2 371
2 372
2 374
2 381
2 383
2 384
2 385
2 386
2 388
2 389
2 390
2 391
2 392
2 393
2 394
2 395
2 396
2 397
2 398
3 4
3 5
3 7
3 26
3 28
3 29
3 30
3 56
3 92
3 114
3 126
3 127
3 128
3 134
3 135
3 139
3 158
3 190
3 197
3 199
3 201
3 203
3 216
3 239
3 246
3 251
3 252
3 253
3 255
3 256
3 257
3 258
3 259
3 260
3 261
3 262
3 263
3 264
3 265
3 266
3 267
3 268
3 303
3 304
3 305
3 309
3 310
3 312
3 313
3 314
3 315
3 316
3 317
3 318
3 319
3 320
3 321
3 322
3 323
3 324
3 325
3 326
3 327
3 328
3 329
3 333
3 335
3 336
3 337
3 338
3 339
3 340
3 341
3 342
3 356
3 357
3 358
3 359
3 360
3 361
3 362
3 363
3 364
3 365
3 366
3 367
3 368
3 369
3 370
3 371
3 372
3 382
3 383
3 384
3 385
3 386
3 387
3 388
3 389
3 390
3 391
3 392
3 393
3 394
3 395
3 396
3 397
3 398
4 5
4 6
4 26
4 28
4 43
4 49
4 113
4 115
4 125
4 126
4 133
4 140
4 141
4 166
4 170
4 173
4 192
4 196
4 197
4 199
4 200
4 201
4 203
4 204
4 228
4 230
4 234
4 248
4 249
4 251
4 252
4 253
4 254
4 255
4 256
4 257
4 258
4 259
4 260
4 261
4 262
4 263
4 264
4 265
4 266
4 267
4 268
4 304
4 305
4 306
4 308
4 310
4 311
4 312
4 313
4 314
4 315
4 316
4 317
4 318
4 319
4 320
4 321
4 322
4 323
4 324
4 325
4 326
4 327
4 328
4 330
4 334
4 335
4 336
4 337
4 338
4 339
4 341
4 355
4 356
4 358
4 359
4 360
4 361
4 362
4 363
4 364
4 365
4 366
4 367
4 368
4 369
4 370
4 371
4 373
4 382
4 384
4 385
4 386
4 387
4 388
4 389
4 390
4 391
4 392
4 393
4 394
4 395
4 396
4 397
4 398
5 116
5 198
5 204
5 233
5 254
5 258
5 259
5 260
5 261
5 262
5 269
5 270
5 296
5 317
5 320
5 321
5 324
5 325
5 326
5 327
5 328
5 329
5 336
5 367
5 369
5 390
5 392
5 394
5 397
5 398
6 127
6 129
6 137
6 263
6 267
6 330
6 334
7 171
7 330
8 142
9 330
11 395
12 128
16 374
17 253
25 196
25 205
25 256
25 312
25 315
25 320
25 322
25 324
25 334
25 357
25 381
25 386
25 388
26 250
26 252
26 261
26 263
26 264
26 270
26 324
26 326
26 336
26 356
26 368
26 381
26 383
26 391
26 393
26 395
27 253
27 257
27 258
27 260
27 310
27 312
27 315
27 322
27 323
27 324
27 325
27 328
27 338
27 359
27 393
27 396
28 321
28 325
28 333
28 387
28 390
28 392
29 254
29 321
29 325
29 327
30 370
30 398
31 229
33 398
34 117
40 156
44 160
44 329
45 116
46 268
47 290
50 322
51 134
54 262
54 263
54 322
55 326
55 362
55 370
56 331
62 395
63 343
63 367
67 326
68 370
76 321
90 399
93 262
94 348
112 198
113 253
113 262
113 324
113 368
113 391
114 133
114 328
114 393
115 268
115 327
116 329
117 248
120 326
122 324
123 310
123 327
124 259
124 319
124 323
124 359
124 367
124 369
125 323
125 325
125 326
125 360
125 396
127 323
128 252
128 371
131 334
132 259
132 324
132 325
133 360
134 322
135 335
135 339
136 323
136 325
136 330
136 342
137 307
137 323
138 266
139 392
146 229
146 317
147 321
155 398
157 251
157 319
158 265
158 325
159 360
159 373
160 395
162 387
167 268
175 302
185 269
189 264
189 319
189 320
189 327
190 221
190 325
191 204
194 250
194 307
194 316
194 325
194 326
194 389
195 200
195 201
195 251
195 252
195 255
195 262
195 265
195 304
195 308
195 310
195 311
195 315
195 319
195 332
195 334
195 337
195 356
195 357
195 358
195 359
195 360
195 362
195 364
195 383
195 384
195 390
195 392
196 197
196 200
196 249
196 250
196 251
196 258
196 260
196 262
196 264
196 309
196 312
196 314
196 316
196 317
196 318
196 319
196 321
196 325
196 328
196 333
196 334
196 336
196 339
196 357
196 358
196 359
196 360
196 363
196 365
196 369
196 386
196 387
196 388
196 390
196 392
196 393
196 394
196 395
197 198
197 200
197 250
197 251
197 252
197 254
197 255
197 256
197 257
197 258
197 259
197 260
197 262
197 263
197 265
197 266
197 309
197 310
197 312
197 313
197 314
197 315
197 316
197 319
197 320
197 321
197 322
197 325
197 326
197 327
197 332
197 334
197 335
197 337
197 338
197 339
197 340
197 355
197 356
197 357
197 358
197 359
197 360
197 361
197 362
197 364
197 365
197 366
197 368
197 382
197 383
197 384
197 386
197 388
197 389
197 392
197 393
197 394
197 395
197 396
198 200
198 252
198 253
198 254
198 255
198 256
198 258
198 261
198 262
198 263
198 264
198 308
198 309
198 311
198 315
198 319
198 320
198 321
198 324
198 326
198 328
198 333
198 334
198 335
198 337
198 338
198 340
198 361
198 362
198 363
198 364
198 365
198 366
198 367
198 368
198 369
198 370
198 383
198 384
198 385
198 386
198 387
198 388
198 389
198 390
198 391
198 392
198 393
199 201
199 249
199 250
199 251
199 252
199 253
199 255
199 256
199 261
199 263
199 264
199 308
199 309
199 310
199 311
199 312
199 313
199 314
199 315
199 316
199 317
199 318
199 320
199 322
199 323
199 324
199 325
199 326
199 328
199 335
199 338
199 339
199 356
199 359
199 360
199 361
199 362
199 363
199 364
199 366
199 367
199 368
199 369
199 370
199 381
199 382
199 384
199 386
199 387
199 388
199 389
199 390
199 391
199 392
199 393
199 394
199 395
200 202
200 248
200 249
200 251
200 252
200 253
200 254
200 255
200 256
200 257
200 258
200 259
200 260
200 261
200 262
200 263
200 265
200 310
200 312
200 313
200 314
200 315
200 317
200 318
200 319
200 321
200 322
200 323
200 324
200 325
200 326
200 327
200 333
200 334
200 335
200 336
200 337
200 338
200 339
200 340
200 355
200 358
200 359
200 361
200 362
200 363
200 365
200 366
200 367
200 368
200 369
200 383
200 384
200 385
200 386
200 387
200 388
200 389
200 390
200 391
200 392
200 393
200 394
200 395
201 253
201 255
201 256
201 257
201 258
201 259
201 263
201 264
201 307
201 314
201 315
201 317
201 318
201 320
201 321
201 322
201 324
201 325
201 327
201 328
201 333
201 334
201 335
201 340
201 358
201 363
201 364
201 366
201 367
201 368
201 369
201 370
201 382
201 383
201 385
201 387
201 389
201 390
201 393
201 394
202 252
202 259
202 268
202 311
202 315
202 319
202 321
202 323
202 324
202 326
202 327
202 328
202 361
202 369
202 390
202 393
202 396
203 326
203 354
203 371
203 392
204 397
215 323
217 352
218 306
220 368
227 321
228 326
228 396
235 328
241 396
243 386
247 390
248 262
248 263
248 313
248 314
248 318
248 323
248 325
248 331
248 333
248 335
248 337
248 359
248 364
248 389
248 390
249 252
249 253
249 257
249 259
249 265
249 310
249 311
249 312
249 313
249 314
249 317
249 318
249 319
249 320
249 321
249 325
249 327
249 334
249 335
249 336
249 337
249 356
249 359
249 360
249 365
249 368
249 369
249 382
249 383
249 388
249 390
249 391
250 251
250 254
250 255
250 259
250 261
250 262
250 264
250 309
250 310
250 311
250 312
250 314
250 315
250 317
250 318
250 319
250 326
250 331
250 334
250 336
250 338
250 340
250 359
250 360
250 363
250 364
250 365
250 366
250 367
250 368
250 370
250 385
250 386
250 387
250 388
250 389
250 390
250 391
250 393
250 394
251 252
251 253
251 254
251 255
251 256
251 257
251 258
251 259
251 260
251 261
251 262
251 263
251 308
251 310
251 311
251 313
251 314
251 317
251 318
251 319
251 321
251 322
251 323
251 324
251 326
251 327
251 328
251 332
251 333
251 338
251 339
251 359
251 360
251 361
251 362
251 363
251 364
251 365
251 366
251 367
251 368
251 369
251 381
251 383
251 384
251 385
251 388
251 389
251 390
251 391
251 392
251 393
251 394
251 395
252 253
252 254
252 255
252 256
252 257
252 260
252 261
252 262
252 264
252 309
252 310
252 312
252 313
252 314
252 316
252 317
252 319
252 320
252 321
252 322
252 323
252 325
252 326
252 327
252 334
252 335
252 336
252 337
252 339
252 340
252 356
252 359
252 360
252 361
252 362
252 364
252 368
252 369
252 372
252 382
252 383
252 384
252 385
252 386
252 390
252 391
252 392
252 394
252 395
253 254
253 255
253 256
253 257
253 258
253 259
253 260
253 261
253 262
253 263
253 264
253 265
253 307
253 309
253 311
253 312
253 313
253 314
253 315
253 316
253 317
253 318
253 319
253 320
253 322
253 324
253 326
253 327
253 334
253 335
253 336
253 337
253 339
253 362
253 364
253 366
253 367
253 368
253 369
253 380
253 383
253 384
253 385
253 386
253 387
253 388
253 389
253 390
253 391
253 392
253 393
253 394
253 395
254 255
254 256
254 257
254 258
254 259
254 260
254 261
254 262
254 263
254 264
254 310
254 312
254 314
254 315
254 316
254 317
254 318
254 319
254 320
254 322
254 323
254 324
254 325
254 326
254 328
254 332
254 333
254 334
254 335
254 336
254 337
254 338
254 339
254 356
254 357
254 358
254 359
254 360
254 361
254 362
254 364
254 365
254 366
254 367
254 368
254 369
254 370
254 384
254 385
254 386
254 387
254 388
254 389
254 391
254 392
254 393
254 394
254 395
254 396
254 397
255 256
255 257
255 258
255 259
255 260
255 261
255 262
255 263
255 264
255 265
255 309
255 310
255 312
255 313
255 314
255 315
255 316
255 317
255 318
255 319
255 320
255 321
255 322
255 323
255 324
255 325
255 326
255 327
255 328
255 335
255 336
255 337
255 338
255 339
255 340
255 357
255 358
255 360
255 362
255 363
255 364
255 365
255 366
255 367
255 368
255 369
255 383
255 386
255 387
255 388
255 389
255 390
255 391
255 392
255 393
255 394
255 395
256 257
256 258
256 259
256 260
256 261
256 262
256 263
256 264
256 265
256 305
256 310
256 311
256 312
256 313
256 314
256 315
256 316
256 317
256 318
256 319
256 320
256 321
256 322
256 323
256 324
256 325
256 326
256 327
256 328
256 333
256 335
256 337
256 338
256 339
256 340
256 355
256 356
256 357
256 359
256 360
256 361
256 362
256 363
256 364
256 365
256 366
256 367
256 368
256 369
256 370
256 374
256 381
256 382
256 383
256 384
256 385
256 386
256 387
256 388
256 389
256 390
256 391
256 392
256 393
256 394
256 395
257 258
257 259
257 260
257 261
257 262
257 263
257 264
257 265
257 304
257 308
257 309
257 310
257 311
257 312
257 313
257 314
257 315
257 316
257 317
257 318
257 319
257 320
257 321
257 322
257 323
257 324
257 325
257 326
257 327
257 328
257 334
257 335
257 336
257 338
257 339
257 340
257 342
257 356
257 361
257 362
257 363
257 364
257 365
257 366
257 367
257 368
257 369
257 370
257 382
257 383
257 385
257 387
257 388
257 389
257 390
257 391
257 392
257 393
257 394
257 395
258 259
258 260
258 261
258 262
258 265
258 308
258 309
258 310
258 312
258 314
258 315
258 316
258 317
258 318
258 319
258 320
258 321
258 322
258 323
258 324
258 325
258 326
258 327
258 328
258 331
258 334
258 335
258 337
258 338
258 339
258 340
258 358
258 359
258 360
258 361
258 362
258 363
258 364
258 365
258 366
258 367
258 368
258 369
258 370
258 373
258 384
258 385
258 386
258 387
258 388
258 389
258 390
258 391
258 392
258 393
258 394
258 395
258 396
259 260
259 261
259 262
259 263
259 264
259 265
259 266
259 311
259 312
259 313
259 314
259 315
259 316
259 317
259 318
259 319
259 320
259 321
259 322
259 323
259 324
259 325
259 326
259 327
259 328
259 329
259 332
259 333
259 334
259 336
259 337
259 338
259 339
259 341
259 357
259 358
259 359
259 360
259 361
259 362
259 363
259 364
259 365
259 366
259 367
259 368
259 369
259 381
259 382
259 384
259 385
259 386
259 388
259 389
259 390
259 391
259 392
259 393
259 394
259 395
259 396
259 397
260 261
260 262
260 263
260 264
260 265
260 266
260 308
260 312
260 313
260 314
260 315
260 316
260 317
260 318
260 319
260 320
260 321
260 322
260 323
260 324
260 325
260 326
260 327
260 328
260 329
260 333
260 334
260 336
260 337
260 338
260 339
260 340
260 342
260 355
260 357
260 359
260 360
260 361
260 362
260 363
260 364
260 365
260 366
260 367
260 368
260 369
260 370
260 384
260 385
260 386
260 387
260 388
260 389
260 390
260 391
260 392
260 393
260 394
260 395
261 262
261 263
261 264
261 265
261 266
261 267
261 307
261 311
261 313
261 314
261 315
261 316
261 317
261 318
261 319
261 320
261 321
261 322
261 323
261 324
261 325
261 326
261 327
261 328
261 329
261 334
261 335
261 336
261 337
261 338
261 339
261 340
261 359
261 361
261 362
261 363
261 364
261 365
261 366
261 367
261 368
261 369
261 381
261 383
261 384
261 385
261 386
261 387
261 388
261 389
261 390
261 391
261 392
261 393
261 394
261 395
262 263
262 264
262 266
262 267
262 305
262 308
262 310
262 311
262 312
262 313
262 314
262 315
262 316
262 317
262 318
262 319
262 320
262 321
262 322
262 323
262 324
262 325
262 326
262 327
262 328
262 329
262 334
262 336
262 337
262 338
262 339
262 340
262 341
262 357
262 360
262 361
262 362
262 363
262 364
262 365
262 366
262 367
262 368
262 369
262 370
262 371
262 383
262 385
262 386
262 387
262 388
262 389
262 390
262 391
262 392
262 393
262 394
262 395
263 264
263 265
263 309
263 311
263 313
263 314
263 315
263 316
263 317
263 318
263 319
263 320
263 321
263 322
263 323
263 324
263 325
263 326
263 327
263 328
263 329
263 333
263 335
263 336
263 337
263 338
263 339
263 340
263 341
263 355
263 356
263 357
263 358
263 359
263 360
263 361
263 362
263 363
263 364
263 365
263 366
263 367
263 368
263 369
263 370
263 374
263 380
263 382
263 385
263 386
263 387
263 388
263 389
263 390
263 391
263 392
263 393
263 394
263 395
264 307
264 308
264 311
264 312
264 313
264 315
264 316
264 317
264 318
264 319
264 320
264 321
264 322
264 323
264 324
264 325
264 326
264 327
264 328
264 332
264 333
264 334
264 335
264 336
264 337
264 338
264 339
264 343
264 356
264 357
264 359
264 360
264 361
264 362
264 363
264 364
264 365
264 366
264 367
264 368
264 369
264 371
264 381
264 382
264 383
264 384
264 386
264 387
264 388
264 389
264 390
264 391
264 392
264 393
264 394
264 395
264 396
265 309
265 313
265 315
265 316
265 317
265 318
265 320
265 321
265 322
265 323
265 324
265 325
265 326
265 327
265 329
265 335
265 336
265 337
265 339
265 341
265 363
265 364
265 367
265 368
265 369
265 371
265 383
265 384
265 385
265 386
265 388
265 389
265 390
265 391
265 392
265 393
265 394
265 395
266 319
266 320
266 321
266 322
266 323
266 328
266 330
266 333
266 339
266 360
266 364
266 383
266 389
266 390
266 393
266 394
266 395
267 312
267 325
267 326
267 327
267 358
267 388
267 389
267 392
267 394
268 323
271 388
272 324
290 321
291 399
301 321
303 325
303 364
303 385
304 314
304 327
304 369
304 384
304 393
305 322
305 323
305 325
305 332
305 393
306 325
306 326
306 361
307 308
307 321
307 324
307 357
307 360
307 365
307 375
307 391
307 395
308 309
308 311
308 312
308 315
308 317
308 320
308 321
308 328
308 333
308 355
308 356
308 357
308 359
308 363
308 365
308 368
308 369
308 382
308 383
308 388
308 392
308 394
308 395
309 310
309 311
309 312
309 313
309 316
309 317
309 318
309 319
309 320
309 322
309 325
309 327
309 333
309 334
309 335
309 337
309 340
309 344
309 359
309 361
309 363
309 364
309 367
309 381
309 384
309 386
309 388
309 392
309 393
309 394
309 395
310 311
310 312
310 313
310 314
310 315
310 316
310 318
310 320
310 321
310 322
310 324
310 325
310 326
310 333
310 334
310 336
310 337
310 338
310 339
310 340
310 359
310 360
310 361
310 362
310 364
310 365
310 366
310 367
310 368
310 370
310 383
310 385
310 390
310 392
310 393
311 312
311 314
311 315
311 317
311 318
311 320
311 321
311 323
311 324
311 325
311 327
311 330
311 332
311 333
311 335
311 336
311 337
311 338
311 339
311 356
311 357
311 358
311 360
311 361
311 362
311 363
311 364
311 365
311 366
311 367
311 368
311 369
311 370
311 381
311 382
311 383
311 384
311 385
311 386
311 387
311 388
311 389
311 390
311 392
311 393
311 394
311 395
312 313
312 314
312 315
312 316
312 317
312 318
312 319
312 322
312 323
312 325
312 326
312 332
312 335
312 336
312 337
312 339
312 341
312 357
312 358
312 359
312 360
312 361
312 362
312 363
312 364
312 365
312 366
312 367
312 368
312 369
312 370
312 382
312 384
312 387
312 388
312 389
312 390
312 391
312 393
312 394
312 395
312 396
313 314
313 315
313 316
313 317
313 318
313 319
313 320
313 321
313 322
313 323
313 324
313 325
313 327
313 332
313 335
313 336
313 337
313 340
313 357
313 358
313 360
313 361
313 362
313 363
313 364
313 365
313 366
313 367
313 368
313 369
313 380
313 382
313 383
313 385
313 386
313 387
313 388
313 389
313 390
313 391
313 392
313 393
313 394
313 395
314 315
314 316
314 317
314 319
314 320
314 321
314 322
314 323
314 324
314 325
314 326
314 327
314 328
314 331
314 334
314 335
314 336
314 337
314 338
314 339
314 340
314 356
314 359
314 360
314 361
314 362
314 363
314 364
314 365
314 366
314 367
314 368
314 369
314 381
314 384
314 385
314 386
314 387
314 388
314 389
314 390
314 391
314 392
314 393
314 394
314 395
314 396
314 397
315 316
315 317
315 318
315 319
315 320
315 321
315 322
315 323
315 324
315 325
315 326
315 327
315 328
315 334
315 335
315 336
315 337
315 338
315 339
315 340
315 341
315 359
315 360
315 361
315 362
315 363
315 364
315 365
315 366
315 367
315 368
315 369
315 370
315 380
315 381
315 383
315 384
315 385
315 386
315 387
315 388
315 389
315 390
315 391
315 392
315 393
315 394
315 395
316 317
316 318
316 319
316 320
316 321
316 322
316 323
316 324
316 325
316 326
316 327
316 328
316 334
316 335
316 336
316 337
316 338
316 339
316 340
316 357
316 358
316 360
316 361
316 362
316 363
316 364
316 365
316 366
316 367
316 368
316 369
316 371
316 382
316 383
316 384
316 385
316 386
316 387
316 388
316 389
316 390
316 391
316 392
316 393
316 394
316 395
316 396
317 318
317 319
317 320
317 321
317 322
317 323
317 324
317 325
317 326
317 327
317 328
317 334
317 336
317 337
317 338
317 339
317 340
317 357
317 359
317 361
317 362
317 363
317 364
317 365
317 366
317 367
317 368
317 369
317 382
317 383
317 384
317 385
317 386
317 387
317 388
317 389
317 390
317 391
317 392
317 393
317 394
317 395
318 319
318 320
318 321
318 322
318 323
318 324
318 325
318 326
318 327
318 328
318 334
318 335
318 336
318 338
318 339
318 340
318 342
318 357
318 358
318 359
318 360
318 361
318 362
318 363
318 364
318 365
318 366
318 367
318 368
318 369
318 370
318 380
318 381
318 382
318 384
318 385
318 386
318 387
318 388
318 389
318 390
318 391
318 392
318 393
318 394
318 395
319 320
319 321
319 322
319 323
319 324
319 325
319 326
319 327
319 328
319 329
319 333
319 334
319 335
319 336
319 337
319 338
319 339
319 340
319 357
319 359
319 360
319 361
319 362
319 363
319 364
319 365
319 366
319 367
319 368
319 369
319 370
319 371
319 380
319 381
319 384
319 385
319 386
319 387
319 388
319 389
319 390
319 391
319 392
319 393
319 394
319 395
319 396
320 321
320 322
320 323
320 324
320 325
320 326
320 327
320 328
320 329
320 333
320 334
320 335
320 336
320 337
320 338
320 339
320 340
320 350
320 358
320 359
320 360
320 362
320 363
320 364
320 365
320 366
320 367
320 368
320 369
320 370
320 381
320 383
320 384
320 385
320 386
320 387
320 388
320 389
320 390
320 391
320 392
320 393
320 394
320 395
320 396
321 322
321 323
321 324
321 325
321 326
321 327
321 328
321 329
321 332
321 334
321 335
321 336
321 337
321 338
321 339
321 340
321 357
321 358
321 359
321 361
321 362
321 363
321 364
321 365
321 366
321 367
321 368
321 369
321 381
321 384
321 385
321 386
321 387
321 388
321 389
321 390
321 391
321 392
321 393
321 394
321 395
321 396
322 323
322 324
322 325
322 326
322 327
322 328
322 329
322 334
322 336
322 337
322 338
322 339
322 340
322 341
322 356
322 358
322 359
322 360
322 361
322 362
322 363
322 364
322 365
322 366
322 367
322 368
322 369
322 370
322 381
322 382
322 383
322 384
322 385
322 386
322 387
322 388
322 389
322 390
322 391
322 392
322 393
322 394
322 395
322 396
322 397
323 324
323 325
323 326
323 327
323 328
323 333
323 335
323 336
323 337
323 338
323 339
323 340
323 341
323 359
323 360
323 361
323 362
323 364
323 365
323 366
323 367
323 368
323 369
323 370
323 371
323 372
323 381
323 383
323 384
323 385
323 386
323 387
323 388
323 389
323 390
323 391
323 392
323 393
323 394
323 395
323 396
323 397
324 325
324 326
324 327
324 328
324 329
324 330
324 332
324 335
324 336
324 337
324 338
324 339
324 340
324 341
324 356
324 359
324 360
324 361
324 362
324 363
324 364
324 365
324 366
324 367
324 368
324 369
324 370
324 371
324 372
324 381
324 382
324 383
324 384
324 385
324 386
324 387
324 388
324 389
324 390
324 391
324 392
324 393
324 394
324 395
324 396
324 397
325 326
325 327
325 328
325 329
325 333
325 334
325 335
325 336
325 337
325 338
325 339
325 340
325 341
325 358
325 360
325 361
325 362
325 363
325 364
325 365
325 366
325 367
325 368
325 369
325 370
325 371
325 383
325 385
325 386
325 387
325 388
325 389
325 390
325 391
325 392
325 393
325 394
325 395
325 396
325 397
326 327
326 328
326 329
326 332
326 333
326 334
326 335
326 336
326 337
326 338
326 339
326 340
326 341
326 342
326 343
326 356
326 359
326 360
326 361
326 362
326 363
326 364
326 365
326 366
326 367
326 368
326 369
326 370
326 382
326 384
326 385
326 386
326 387
326 388
326 389
326 390
326 391
326 392
326 393
326 394
326 395
326 396
326 397
326 398
327 328
327 329
327 332
327 333
327 334
327 336
327 337
327 338
327 339
327 340
327 342
327 357
327 358
327 359
327 360
327 361
327 362
327 363
327 364
327 365
327 366
327 367
327 368
327 369
327 370
327 372
327 382
327 383
327 386
327 387
327 388
327 389
327 390
327 391
327 392
327 393
327 394
327 395
327 396
328 329
328 333
328 334
328 336
328 337
328 338
328 339
328 341
328 358
328 359
328 360
328 362
328 363
328 364
328 366
328 367
328 368
328 369
328 371
328 384
328 385
328 388
328 390
328 391
328 392
328 393
328 394
328 395
328 397
329 342
329 363
329 372
329 391
330 394
331 337
331 359
331 373
331 381
331 385
331 390
332 334
332 336
332 337
332 338
332 362
332 363
332 367
332 369
332 380
332 382
332 383
332 392
333 334
333 335
333 338
333 340
333 358
333 360
333 362
333 365
333 369
333 381
333 387
333 389
333 391
334 335
334 336
334 339
334 340
334 357
334 358
334 360
334 363
334 364
334 366
334 367
334 368
334 380
334 382
334 383
334 384
334 389
334 391
334 392
334 393
334 394
334 395
335 336
335 338
335 339
335 340
335 357
335 359
335 360
335 361
335 362
335 363
335 365
335 366
335 367
335 370
335 371
335 382
335 384
335 385
335 387
335 388
335 389
335 390
335 391
335 392
335 393
335 394
335 395
336 337
336 338
336 339
336 340
336 355
336 357
336 359
336 360
336 361
336 362
336 363
336 364
336 365
336 366
336 367
336 369
336 372
336 380
336 381
336 383
336 384
336 386
336 387
336 388
336 389
336 390
336 391
336 392
337 338
337 339
337 357
337 359
337 361
337 362
337 363
337 364
337 365
337 366
337 367
337 368
337 369
337 382
337 383
337 385
337 386
337 387
337 388
337 389
337 390
337 391
337 392
337 393
337 394
337 395
338 339
338 340
338 357
338 358
338 360
338 361
338 362
338 364
338 365
338 366
338 367
338 368
338 369
338 370
338 383
338 384
338 385
338 387
338 388
338 389
338 391
338 392
338 393
338 394
338 395
338 396
339 342
339 356
339 360
339 361
339 362
339 363
339 364
339 365
339 366
339 367
339 368
339 369
339 370
339 380
339 382
339 384
339 385
339 386
339 387
339 388
339 389
339 390
339 391
339 392
339 393
339 394
339 395
340 358
340 360
340 363
340 364
340 365
340 366
340 367
340 368
340 369
340 370
340 381
340 385
340 386
340 387
340 388
340 389
340 390
340 391
340 392
340 393
340 395
341 359
341 363
341 364
341 366
341 368
341 369
341 396
342 369
347 399
354 391
355 360
355 362
355 383
355 384
356 357
356 361
356 362
356 366
356 369
356 370
356 382
356 384
356 387
356 388
356 389
356 392
356 393
357 358
357 360
357 361
357 362
357 366
357 367
357 368
357 369
357 384
357 385
357 387
357 390
357 392
357 394
358 359
358 361
358 362
358 364
358 366
358 367
358 368
358 383
358 384
358 385
358 388
358 391
358 392
358 393
358 394
358 395
359 360
359 362
359 363
359 364
359 366
359 367
359 368
359 369
359 371
359 382
359 383
359 384
359 386
359 387
359 388
359 389
359 390
359 391
359 392
359 393
359 394
359 395
360 361
360 362
360 363
360 364
360 365
360 366
360 367
360 368
360 380
360 383
360 384
360 386
360 387
360 388
360 389
360 392
360 395
361 363
361 364
361 365
361 367
361 368
361 369
361 371
361 383
361 384
361 385
361 386
361 387
361 388
361 389
361 390
361 391
361 394
361 395
362 363
362 364
362 365
362 366
362 367
362 368
362 369
362 371
362 381
362 382
362 383
362 384
362 385
362 387
362 388
362 390
362 391
362 392
362 393
362 395
363 364
363 365
363 366
363 367
363 368
363 369
363 383
363 384
363 385
363 386
363 387
363 388
363 389
363 390
363 391
363 392
363 393
363 394
363 395
364 365
364 366
364 367
364 368
364 369
364 383
364 384
364 386
364 387
364 388
364 389
364 390
364 391
364 392
364 393
364 395
364 396
365 366
365 367
365 368
365 369
365 370
365 383
365 384
365 385
365 386
365 387
365 388
365 389
365 390
365 391
365 392
365 393
365 394
365 395
366 367
366 368
366 369
366 370
366 380
366 381
366 382
366 385
366 386
366 387
366 388
366 389
366 390
366 391
366 392
366 393
366 394
366 395
366 397
367 368
367 369
367 380
367 381
367 384
367 385
367 386
367 387
367 388
367 389
367 390
367 391
367 392
367 393
367 394
367 395
368 369
368 370
368 383
368 386
368 387
368 388
368 389
368 390
368 391
368 392
368 393
368 394
368 395
369 370
369 381
369 382
369 384
369 385
369 386
369 387
369 388
369 389
369 390
369 391
369 392
369 393
369 394
369 395
370 385
370 387
370 388
370 391
370 392
370 394
370 395
371 386
371 387
371 391
372 392
372 394
376 391
380 381
380 391
381 382
381 384
381 386
381 388
381 390
381 392
381 394
382 383
382 384
382 386
382 387
382 390
382 391
382 394
382 395
382 397
383 385
383 387
383 389
383 391
383 392
383 393
383 395
383 396
384 385
384 386
384 387
384 389
384 390
384 392
384 393
384 394
384 395
385 387
385 388
385 389
385 390
385 393
385 394
385 395
386 387
386 388
386 389
386 390
386 391
386 392
386 393
386 394
386 395
387 388
387 389
387 390
387 391
387 392
387 393
387 394
387 395
387 396
388 389
388 390
388 391
388 392
388 393
388 394
388 395
388 396
389 390
389 391
389 392
389 393
389 394
389 395
389 396
390 391
390 392
390 393
390 394
390 395
390 396
391 392
391 393
391 394
391 395
392 393
392 394
392 395
392 396
393 394
393 395
393 396
394 395
394 396
