2 168
5 40
6 260
6 264
7 261
8 158
8 261
9 41
9 264
9 265
10 170
10 305
11 294
13 113
15 266
16 44
21 247
21 249
21 289
21 293
22 25
22 26
22 36
22 37
22 40
22 153
22 154
22 156
22 157
22 159
22 160
22 161
22 167
22 248
22 251
22 252
22 254
22 263
22 264
22 289
22 292
22 293
22 296
22 336
22 337
22 338
22 343
23 24
23 25
23 29
23 30
23 32
23 33
23 34
23 36
23 41
23 105
23 106
23 111
23 154
23 155
23 156
23 158
23 163
23 165
23 167
23 246
23 247
23 248
23 252
23 255
23 259
23 260
23 264
23 289
23 290
23 292
23 293
23 337
23 339
23 340
23 343
23 346
23 348
23 349
23 351
24 26
24 27
24 28
24 29
24 31
24 35
24 36
24 37
24 38
24 39
24 40
24 41
24 106
24 107
24 110
24 111
24 154
24 155
24 156
24 157
24 158
24 160
24 161
24 162
24 163
24 166
24 167
24 244
24 245
24 246
24 248
24 250
24 252
24 254
24 256
24 257
24 258
24 259
24 261
24 264
24 291
24 293
24 294
24 295
24 296
24 297
24 340
24 343
24 347
24 350
24 351
24 352
25 26
25 27
25 29
25 31
25 32
25 33
25 34
25 36
25 37
25 38
25 39
25 40
25 107
25 109
25 110
25 112
25 154
25 155
25 156
25 157
25 159
25 160
25 162
25 164
25 167
25 245
25 248
25 249
25 250
25 252
25 253
25 254
25 256
25 257
25 258
25 260
25 261
25 264
25 289
25 292
25 294
25 297
25 298
25 339
25 340
25 342
25 344
25 345
25 348
25 349
25 351
26 27
26 28
26 30
26 33
26 34
26 35
26 36
26 37
26 38
26 39
26 40
26 41
26 106
26 108
26 109
26 111
26 152
26 154
26 155
26 156
26 157
26 158
26 160
26 162
26 163
26 164
26 165
26 166
26 167
26 209
26 243
26 245
26 246
26 247
26 248
26 249
26 250
26 251
26 253
26 254
26 255
26 257
26 258
26 259
26 260
26 262
26 263
26 264
26 291
26 292
26 293
26 295
26 296
26 297
26 336
26 337
26 338
26 339
26 340
26 342
26 344
26 345
26 346
26 347
26 348
26 352
26 357
27 28
27 29
27 30
27 31
27 32
27 33
27 34
27 35
27 36
27 37
27 38
27 40
27 41
27 110
27 111
27 112
27 152
27 154
27 155
27 157
27 158
27 159
27 160
27 161
27 162
27 163
27 164
27 165
27 167
27 245
27 246
27 247
27 248
27 249
27 250
27 251
27 252
27 253
27 254
27 255
27 256
27 258
27 259
27 260
27 261
27 262
27 263
27 264
27 291
27 292
27 293
27 294
27 295
27 297
27 298
27 336
27 338
27 339
27 340
27 341
27 342
27 343
27 345
27 346
27 347
27 348
27 349
27 350
27 352
27 378
28 29
28 30
28 31
28 32
28 33
28 34
28 35
28 36
28 37
28 39
28 40
28 41
28 106
28 108
28 109
28 110
28 112
28 154
28 155
28 156
28 157
28 158
28 159
28 160
28 161
28 162
28 163
28 164
28 165
28 166
28 167
28 171
28 245
28 246
28 247
28 250
28 251
28 252
28 253
28 254
28 255
28 256
28 257
28 258
28 259
28 260
28 261
28 262
28 263
28 264
28 266
28 289
28 290
28 291
28 295
28 296
28 297
28 298
28 338
28 339
28 340
28 341
28 342
28 343
28 344
28 345
28 346
28 347
28 348
28 349
28 350
28 351
28 353
28 354
29 30
29 31
29 32
29 33
29 34
29 35
29 36
29 37
29 38
29 39
29 40
29 41
29 106
29 109
29 110
29 111
29 112
29 153
29 154
29 155
29 157
29 158
29 159
29 160
29 161
29 162
29 163
29 164
29 165
29 166
29 244
29 246
29 247
29 248
29 249
29 250
29 251
29 252
29 253
29 254
29 255
29 256
29 257
29 258
29 259
29 260
29 261
29 262
29 263
29 264
29 267
29 289
29 291
29 292
29 293
29 294
29 295
29 296
29 298
29 337
29 339
29 340
29 342
29 343
29 344
29 345
29 346
29 349
29 350
29 351
29 352
30 31
30 32
30 33
30 34
30 35
30 36
30 37
30 38
30 39
30 40
30 41
30 108
30 109
30 110
30 111
30 112
30 154
30 156
30 157
30 158
30 159
30 160
30 161
30 162
30 163
30 164
30 165
30 166
30 167
30 189
30 245
30 246
30 247
30 248
30 249
30 250
30 251
30 252
30 253
30 254
30 255
30 256
30 257
30 258
30 259
30 260
30 261
30 262
30 263
30 264
30 287
30 288
30 290
30 291
30 292
30 293
30 294
30 296
30 297
30 298
30 299
30 337
30 338
30 340
30 343
30 344
30 345
30 346
30 347
30 348
30 349
30 350
30 351
30 353
31 32
31 33
31 34
31 35
31 36
31 37
31 38
31 39
31 40
31 107
31 108
31 109
31 110
31 111
31 153
31 154
31 156
31 157
31 158
31 159
31 160
31 161
31 162
31 163
31 164
31 165
31 166
31 167
31 168
31 244
31 246
31 247
31 248
31 249
31 250
31 251
31 252
31 253
31 254
31 255
31 256
31 257
31 258
31 259
31 260
31 261
31 262
31 263
31 264
31 289
31 290
31 292
31 293
31 294
31 296
31 297
31 298
31 338
31 340
31 341
31 342
31 343
31 344
31 345
31 346
31 347
31 348
31 349
31 350
31 351
31 352
32 33
32 34
32 35
32 36
32 37
32 38
32 39
32 40
32 41
32 106
32 108
32 110
32 111
32 112
32 113
32 153
32 154
32 155
32 156
32 157
32 158
32 159
32 160
32 161
32 162
32 163
32 164
32 165
32 166
32 167
32 243
32 245
32 246
32 247
32 248
32 249
32 250
32 251
32 252
32 253
32 254
32 255
32 256
32 257
32 258
32 259
32 260
32 261
32 262
32 263
32 264
32 265
32 289
32 291
32 292
32 293
32 294
32 295
32 296
32 297
32 298
32 299
32 338
32 339
32 340
32 341
32 342
32 344
32 345
32 346
32 347
32 348
32 349
32 350
32 351
32 352
33 34
33 35
33 36
33 37
33 38
33 39
33 40
33 41
33 105
33 107
33 108
33 109
33 110
33 111
33 155
33 156
33 157
33 158
33 159
33 160
33 161
33 162
33 163
33 164
33 165
33 166
33 167
33 244
33 245
33 246
33 247
33 248
33 249
33 250
33 251
33 252
33 253
33 254
33 255
33 256
33 257
33 258
33 259
33 260
33 261
33 262
33 263
33 264
33 289
33 294
33 295
33 296
33 297
33 300
33 337
33 338
33 341
33 343
33 344
33 345
33 346
33 347
33 348
33 349
33 350
33 351
33 352
33 353
34 35
34 36
34 37
34 38
34 39
34 40
34 41
34 109
34 110
34 111
34 112
34 151
34 154
34 155
34 156
34 157
34 158
34 159
34 160
34 161
34 162
34 163
34 164
34 165
34 166
34 167
34 168
34 244
34 247
34 248
34 249
34 250
34 251
34 252
34 253
34 254
34 255
34 256
34 257
34 258
34 259
34 260
34 261
34 262
34 263
34 264
34 289
34 290
34 292
34 294
34 295
34 297
34 298
34 299
34 337
34 338
34 339
34 340
34 341
34 342
34 343
34 344
34 345
34 346
34 347
34 348
34 349
34 350
34 351
34 352
34 354
35 36
35 37
35 38
35 39
35 40
35 41
35 106
35 107
35 109
35 110
35 111
35 112
35 113
35 142
35 154
35 155
35 156
35 157
35 158
35 159
35 160
35 161
35 162
35 163
35 164
35 165
35 166
35 167
35 168
35 245
35 246
35 247
35 248
35 249
35 250
35 251
35 252
35 253
35 254
35 255
35 256
35 257
35 258
35 259
35 260
35 261
35 262
35 263
35 264
35 265
35 291
35 292
35 293
35 294
35 295
35 296
35 297
35 298
35 299
35 300
35 338
35 339
35 340
35 341
35 342
35 343
35 344
35 345
35 346
35 347
35 348
35 349
35 350
35 351
35 352
35 353
36 37
36 38
36 39
36 40
36 41
36 42
36 107
36 108
36 109
36 111
36 112
36 153
36 155
36 156
36 157
36 158
36 159
36 160
36 161
36 162
36 163
36 164
36 165
36 166
36 167
36 168
36 245
36 246
36 247
36 248
36 249
36 250
36 251
36 252
36 253
36 254
36 255
36 256
36 257
36 258
36 259
36 260
36 261
36 262
36 263
36 264
36 265
36 287
36 291
36 292
36 293
36 295
36 296
36 297
36 298
36 339
36 340
36 341
36 342
36 344
36 345
36 346
36 347
36 348
36 349
36 350
36 351
36 352
37 38
37 39
37 40
37 41
37 42
37 106
37 108
37 109
37 111
37 141
37 153
37 154
37 157
37 158
37 159
37 160
37 161
37 162
37 163
37 164
37 165
37 166
37 167
37 168
37 244
37 245
37 246
37 247
37 248
37 249
37 250
37 251
37 252
37 253
37 254
37 255
37 256
37 257
37 258
37 259
37 260
37 261
37 262
37 263
37 264
37 265
37 276
37 289
37 290
37 292
37 293
37 294
37 295
37 296
37 297
37 298
37 338
37 339
37 341
37 342
37 344
37 345
37 346
37 347
37 348
37 349
37 350
37 351
37 352
37 353
38 39
38 40
38 41
38 43
38 107
38 108
38 109
38 110
38 111
38 112
38 113
38 154
38 156
38 157
38 158
38 159
38 160
38 161
38 162
38 163
38 164
38 165
38 166
38 167
38 168
38 232
38 243
38 245
38 246
38 247
38 248
38 249
38 250
38 251
38 252
38 253
38 254
38 255
38 256
38 257
38 258
38 259
38 260
38 261
38 262
38 263
38 264
38 265
38 290
38 292
38 293
38 294
38 295
38 296
38 297
38 298
38 299
38 301
38 322
38 339
38 340
38 341
38 342
38 343
38 344
38 345
38 346
38 347
38 348
38 349
38 350
38 351
38 352
38 354
39 40
39 41
39 42
39 54
39 107
39 109
39 110
39 111
39 113
39 114
39 142
39 155
39 156
39 157
39 158
39 159
39 160
39 161
39 162
39 163
39 164
39 165
39 166
39 167
39 169
39 244
39 245
39 246
39 247
39 248
39 249
39 250
39 251
39 252
39 253
39 254
39 255
39 256
39 257
39 258
39 259
39 260
39 261
39 262
39 263
39 264
39 265
39 289
39 290
39 292
39 293
39 294
39 295
39 296
39 297
39 298
39 300
39 334
39 339
39 340
39 341
39 342
39 343
39 344
39 345
39 346
39 347
39 348
39 349
39 350
39 351
39 352
39 353
39 354
40 41
40 42
40 107
40 109
40 110
40 111
40 112
40 153
40 154
40 155
40 156
40 157
40 158
40 159
40 160
40 161
40 162
40 163
40 164
40 165
40 166
40 167
40 168
40 245
40 246
40 247
40 248
40 249
40 250
40 251
40 252
40 253
40 254
40 255
40 256
40 257
40 258
40 259
40 260
40 261
40 262
40 263
40 264
40 265
40 283
40 284
40 290
40 292
40 293
40 294
40 295
40 296
40 297
40 299
40 337
40 339
40 340
40 342
40 343
40 344
40 345
40 346
40 347
40 348
40 349
40 350
40 351
40 352
40 353
41 42
41 108
41 110
41 112
41 113
41 114
41 155
41 157
41 158
41 159
41 160
41 161
41 163
41 165
41 166
41 167
41 168
41 243
41 246
41 247
41 249
41 252
41 254
41 255
41 256
41 257
41 258
41 259
41 260
41 261
41 262
41 263
41 264
41 265
41 290
41 294
41 295
41 296
41 297
41 299
41 339
41 340
41 344
41 345
41 346
41 347
41 348
41 349
41 350
41 351
41 352
41 353
41 354
41 355
41 376
42 43
42 144
42 157
42 168
42 234
42 251
42 253
42 259
42 260
42 261
42 262
42 263
42 264
42 265
42 266
42 339
42 349
42 356
43 44
43 56
43 170
43 200
43 264
43 344
44 267
45 172
53 263
55 157
55 263
55 264
56 212
57 242
65 293
66 261
66 263
66 264
67 261
67 264
67 358
68 213
90 354
105 155
105 157
105 159
105 160
105 166
105 245
105 248
105 255
105 256
105 265
105 292
105 293
105 299
105 341
105 343
105 344
106 158
106 159
106 160
106 161
106 163
106 165
106 166
106 245
106 247
106 248
106 250
106 255
106 258
106 262
106 290
106 293
106 294
106 297
106 337
106 341
106 342
106 343
106 346
106 347
106 348
106 351
107 108
107 109
107 111
107 153
107 154
107 155
107 156
107 159
107 162
107 164
107 166
107 167
107 246
107 247
107 248
107 251
107 253
107 254
107 255
107 256
107 259
107 260
107 261
107 290
107 292
107 293
107 340
107 344
107 347
107 348
107 350
107 351
108 110
108 111
108 156
108 158
108 159
108 160
108 162
108 164
108 165
108 167
108 168
108 246
108 247
108 248
108 251
108 252
108 253
108 254
108 258
108 260
108 261
108 262
108 263
108 264
108 265
108 290
108 293
108 295
108 296
108 297
108 339
108 340
108 341
108 342
108 343
108 344
108 345
108 346
108 347
108 349
108 350
108 353
109 110
109 111
109 154
109 155
109 156
109 157
109 158
109 159
109 160
109 161
109 162
109 164
109 165
109 244
109 245
109 246
109 247
109 248
109 249
109 250
109 252
109 253
109 256
109 257
109 258
109 259
109 260
109 262
109 263
109 264
109 292
109 293
109 294
109 295
109 296
109 297
109 337
109 339
109 340
109 341
109 342
109 343
109 344
109 346
109 348
109 349
109 352
110 111
110 152
110 155
110 156
110 157
110 158
110 159
110 161
110 162
110 163
110 164
110 165
110 167
110 244
110 245
110 246
110 247
110 248
110 249
110 250
110 251
110 252
110 253
110 254
110 255
110 257
110 258
110 259
110 260
110 261
110 262
110 263
110 264
110 289
110 291
110 294
110 296
110 297
110 339
110 340
110 341
110 342
110 343
110 344
110 345
110 346
110 347
110 348
110 350
110 351
110 352
110 353
111 112
111 156
111 157
111 158
111 159
111 160
111 161
111 162
111 163
111 164
111 165
111 166
111 167
111 168
111 245
111 247
111 248
111 249
111 251
111 252
111 253
111 254
111 255
111 256
111 257
111 259
111 260
111 261
111 262
111 264
111 265
111 289
111 290
111 291
111 292
111 293
111 294
111 295
111 296
111 297
111 298
111 338
111 340
111 342
111 344
111 345
111 346
111 347
111 349
111 351
111 352
112 156
112 160
112 162
112 163
112 164
112 165
112 166
112 249
112 250
112 251
112 252
112 254
112 255
112 256
112 257
112 258
112 259
112 261
112 264
112 292
112 293
112 296
112 297
112 340
112 344
112 346
112 347
112 348
112 350
112 351
113 161
113 251
113 252
113 254
113 255
113 257
113 258
113 260
113 261
113 262
113 263
113 264
113 288
113 291
113 348
113 352
114 160
114 165
114 166
114 258
114 259
114 261
114 262
114 263
114 353
115 169
115 234
115 258
115 262
115 263
115 265
116 171
116 266
117 199
121 261
129 264
130 302
138 263
140 167
140 298
141 252
141 350
141 354
142 264
142 333
143 261
143 264
145 397
150 235
152 156
152 161
152 246
152 248
152 252
152 254
152 259
152 291
152 293
152 338
152 343
152 347
152 348
152 349
153 154
153 156
153 157
153 158
153 160
153 163
153 165
153 167
153 241
153 245
153 249
153 250
153 251
153 254
153 257
153 258
153 262
153 292
153 293
153 296
153 297
153 338
153 340
153 341
153 344
153 347
154 157
154 158
154 159
154 163
154 164
154 167
154 168
154 247
154 248
154 249
154 251
154 256
154 257
154 258
154 260
154 263
154 264
154 292
154 293
154 294
154 296
154 336
154 337
154 338
154 341
154 344
154 345
154 347
154 348
154 351
154 355
155 156
155 157
155 158
155 163
155 164
155 165
155 166
155 167
155 243
155 244
155 246
155 247
155 248
155 249
155 250
155 252
155 255
155 256
155 257
155 259
155 260
155 262
155 263
155 289
155 293
155 294
155 295
155 296
155 297
155 299
155 338
155 339
155 341
155 342
155 343
155 344
155 346
155 347
155 348
155 349
155 350
155 351
156 157
156 158
156 159
156 160
156 161
156 162
156 163
156 164
156 165
156 166
156 167
156 245
156 246
156 247
156 248
156 249
156 250
156 251
156 252
156 253
156 255
156 256
156 257
156 258
156 259
156 260
156 261
156 262
156 263
156 288
156 289
156 290
156 291
156 292
156 293
156 294
156 295
156 337
156 340
156 341
156 342
156 344
156 345
156 346
156 347
156 349
156 350
156 351
156 352
157 158
157 159
157 160
157 161
157 162
157 163
157 164
157 165
157 166
157 247
157 248
157 249
157 250
157 251
157 252
157 253
157 254
157 255
157 256
157 257
157 259
157 260
157 261
157 262
157 263
157 264
157 290
157 291
157 292
157 293
157 295
157 296
157 337
157 338
157 340
157 341
157 342
157 343
157 344
157 345
157 346
157 347
157 348
157 349
157 351
157 352
158 159
158 160
158 161
158 162
158 163
158 165
158 166
158 167
158 244
158 245
158 246
158 247
158 248
158 250
158 251
158 252
158 253
158 254
158 255
158 256
158 257
158 258
158 260
158 261
158 263
158 264
158 265
158 288
158 290
158 291
158 292
158 294
158 295
158 296
158 297
158 298
158 337
158 338
158 340
158 342
158 343
158 344
158 345
158 346
158 347
158 348
158 349
158 350
158 351
158 352
158 354
158 356
159 160
159 161
159 162
159 163
159 164
159 165
159 166
159 167
159 169
159 170
159 245
159 246
159 247
159 248
159 249
159 250
159 251
159 252
159 253
159 254
159 255
159 256
159 257
159 258
159 259
159 260
159 261
159 262
159 263
159 264
159 291
159 292
159 294
159 295
159 296
159 297
159 298
159 338
159 339
159 341
159 342
159 343
159 344
159 346
159 347
159 348
159 349
159 350
159 351
159 352
159 353
160 161
160 162
160 163
160 165
160 166
160 167
160 243
160 244
160 246
160 247
160 248
160 250
160 251
160 252
160 253
160 254
160 255
160 256
160 257
160 258
160 259
160 260
160 261
160 262
160 263
160 264
160 290
160 291
160 292
160 294
160 295
160 296
160 297
160 298
160 321
160 339
160 340
160 341
160 342
160 343
160 344
160 345
160 346
160 347
160 348
160 350
160 351
160 352
161 162
161 163
161 164
161 165
161 166
161 167
161 168
161 244
161 245
161 247
161 248
161 249
161 250
161 251
161 252
161 253
161 254
161 255
161 256
161 257
161 258
161 259
161 260
161 261
161 262
161 263
161 264
161 291
161 292
161 294
161 295
161 297
161 298
161 337
161 340
161 341
161 342
161 343
161 344
161 345
161 346
161 347
161 348
161 349
161 350
161 351
161 352
162 163
162 164
162 165
162 166
162 167
162 247
162 249
162 250
162 251
162 252
162 253
162 254
162 255
162 256
162 257
162 258
162 259
162 260
162 261
162 262
162 263
162 264
162 288
162 291
162 292
162 293
162 294
162 295
162 296
162 297
162 337
162 339
162 342
162 344
162 345
162 346
162 347
162 348
162 349
162 350
162 351
162 352
162 353
163 164
163 165
163 166
163 167
163 169
163 210
163 246
163 248
163 249
163 250
163 251
163 252
163 253
163 254
163 255
163 256
163 257
163 258
163 259
163 260
163 261
163 262
163 263
163 264
163 288
163 290
163 291
163 294
163 295
163 296
163 297
163 299
163 338
163 339
163 340
163 341
163 342
163 343
163 344
163 345
163 346
163 347
163 348
163 349
163 350
163 351
163 352
164 165
164 166
164 167
164 168
164 246
164 247
164 249
164 250
164 251
164 252
164 253
164 254
164 255
164 256
164 257
164 258
164 259
164 260
164 261
164 262
164 263
164 264
164 265
164 289
164 291
164 292
164 293
164 295
164 296
164 297
164 298
164 338
164 340
164 341
164 342
164 343
164 344
164 345
164 346
164 347
164 348
164 349
164 350
164 351
164 352
164 353
165 166
165 167
165 168
165 244
165 247
165 248
165 249
165 250
165 251
165 252
165 253
165 254
165 255
165 256
165 257
165 258
165 259
165 260
165 261
165 262
165 263
165 264
165 265
165 290
165 292
165 293
165 294
165 295
165 296
165 297
165 298
165 338
165 341
165 342
165 344
165 345
165 346
165 347
165 348
165 349
165 350
165 351
165 352
165 353
165 354
166 167
166 168
166 170
166 246
166 247
166 248
166 249
166 250
166 251
166 252
166 253
166 254
166 255
166 256
166 257
166 258
166 259
166 260
166 261
166 262
166 263
166 264
166 265
166 290
166 291
166 292
166 293
166 294
166 295
166 296
166 297
166 298
166 299
166 341
166 342
166 343
166 344
166 345
166 346
166 347
166 348
166 349
166 350
166 351
166 352
166 353
167 168
167 244
167 246
167 247
167 248
167 249
167 250
167 251
167 252
167 253
167 254
167 255
167 256
167 257
167 258
167 259
167 260
167 261
167 262
167 263
167 264
167 265
167 288
167 289
167 290
167 291
167 292
167 293
167 294
167 295
167 296
167 297
167 337
167 340
167 343
167 344
167 346
167 347
167 348
167 349
167 350
167 351
167 352
168 169
168 252
168 253
168 254
168 255
168 256
168 257
168 258
168 259
168 260
168 261
168 262
168 263
168 264
168 265
168 289
168 298
168 341
168 344
168 346
168 349
168 350
168 351
168 352
168 355
169 233
169 242
169 243
169 249
169 255
169 260
169 261
169 262
169 263
169 264
169 265
169 294
170 256
170 263
170 264
170 265
171 236
177 266
188 262
190 265
198 262
203 262
210 256
210 259
210 342
210 351
211 262
211 263
211 264
211 298
211 351
211 352
212 334
212 353
214 388
218 264
232 338
233 252
233 256
235 264
240 247
241 255
241 259
241 261
242 257
242 261
243 244
243 258
243 261
243 295
243 296
243 298
243 340
244 252
244 260
244 261
244 262
244 263
244 288
244 290
244 291
244 294
244 298
244 340
244 342
244 349
244 352
245 246
245 248
245 249
245 251
245 252
245 256
245 258
245 259
245 260
245 261
245 262
245 263
245 289
245 290
245 297
245 336
245 338
245 339
245 340
245 343
245 344
245 349
245 351
246 247
246 248
246 249
246 250
246 252
246 253
246 255
246 256
246 257
246 258
246 259
246 260
246 261
246 262
246 263
246 264
246 288
246 290
246 291
246 292
246 294
246 295
246 296
246 297
246 339
246 343
246 345
246 347
246 348
246 349
247 248
247 249
247 250
247 252
247 253
247 255
247 256
247 257
247 258
247 259
247 260
247 261
247 262
247 263
247 264
247 266
247 289
247 292
247 293
247 295
247 296
247 297
247 298
247 300
247 337
247 338
247 339
247 340
247 341
247 342
247 343
247 344
247 345
247 346
247 347
247 348
247 349
247 350
247 351
247 352
248 249
248 250
248 251
248 252
248 253
248 254
248 256
248 257
248 258
248 259
248 260
248 261
248 262
248 263
248 264
248 289
248 290
248 291
248 292
248 293
248 294
248 296
248 297
248 298
248 336
248 340
248 342
248 343
248 344
248 345
248 347
248 348
248 349
248 350
248 351
248 352
249 250
249 251
249 252
249 253
249 254
249 255
249 256
249 257
249 258
249 259
249 260
249 261
249 262
249 263
249 264
249 289
249 291
249 292
249 293
249 294
249 295
249 296
249 297
249 298
249 337
249 338
249 339
249 340
249 341
249 342
249 343
249 344
249 345
249 346
249 347
249 348
249 349
249 350
249 351
249 352
249 353
250 251
250 252
250 253
250 254
250 255
250 256
250 257
250 258
250 259
250 260
250 261
250 263
250 264
250 291
250 292
250 293
250 294
250 295
250 296
250 297
250 298
250 299
250 337
250 338
250 340
250 341
250 342
250 343
250 344
250 345
250 346
250 347
250 348
250 349
250 350
250 351
250 352
251 252
251 253
251 254
251 255
251 256
251 257
251 258
251 259
251 260
251 261
251 262
251 263
251 264
251 288
251 289
251 290
251 291
251 292
251 293
251 294
251 295
251 296
251 297
251 298
251 338
251 339
251 340
251 341
251 342
251 343
251 344
251 345
251 346
251 347
251 348
251 349
251 350
251 351
251 352
251 353
252 253
252 254
252 255
252 256
252 257
252 258
252 259
252 260
252 261
252 262
252 263
252 264
252 265
252 289
252 292
252 293
252 294
252 295
252 296
252 297
252 298
252 339
252 340
252 343
252 344
252 345
252 346
252 347
252 348
252 349
252 350
252 351
252 352
253 254
253 255
253 256
253 257
253 258
253 259
253 260
253 261
253 262
253 263
253 264
253 290
253 291
253 292
253 293
253 294
253 295
253 296
253 297
253 298
253 336
253 338
253 339
253 340
253 343
253 344
253 345
253 346
253 347
253 348
253 349
253 350
253 351
253 352
254 255
254 256
254 257
254 258
254 259
254 260
254 261
254 262
254 263
254 264
254 289
254 290
254 291
254 292
254 293
254 294
254 295
254 296
254 297
254 298
254 339
254 340
254 341
254 342
254 343
254 344
254 345
254 346
254 347
254 348
254 349
254 350
254 351
254 352
254 353
255 256
255 257
255 258
255 259
255 260
255 261
255 262
255 263
255 264
255 292
255 293
255 294
255 295
255 296
255 297
255 298
255 299
255 300
255 339
255 341
255 342
255 343
255 344
255 345
255 346
255 347
255 348
255 349
255 350
255 351
255 352
255 353
256 257
256 258
256 259
256 260
256 261
256 262
256 263
256 264
256 265
256 289
256 290
256 291
256 292
256 293
256 294
256 295
256 296
256 297
256 298
256 299
256 336
256 338
256 339
256 340
256 341
256 342
256 344
256 345
256 346
256 347
256 348
256 349
256 350
256 351
256 352
256 353
257 258
257 259
257 260
257 261
257 262
257 263
257 264
257 265
257 270
257 288
257 290
257 291
257 292
257 294
257 295
257 296
257 297
257 298
257 299
257 300
257 340
257 342
257 343
257 344
257 345
257 346
257 347
257 348
257 349
257 350
257 351
257 352
257 353
257 355
258 259
258 260
258 261
258 262
258 263
258 264
258 265
258 288
258 289
258 290
258 291
258 292
258 295
258 296
258 297
258 298
258 299
258 336
258 338
258 339
258 340
258 341
258 342
258 343
258 344
258 345
258 346
258 347
258 348
258 349
258 350
258 351
258 352
258 353
259 260
259 261
259 262
259 263
259 264
259 265
259 288
259 290
259 291
259 292
259 293
259 294
259 295
259 296
259 297
259 298
259 300
259 321
259 337
259 338
259 339
259 340
259 341
259 342
259 343
259 344
259 345
259 346
259 347
259 348
259 349
259 350
259 351
259 352
259 353
259 354
260 261
260 262
260 263
260 264
260 265
260 288
260 289
260 290
260 291
260 292
260 293
260 294
260 295
260 296
260 297
260 298
260 299
260 300
260 334
260 338
260 340
260 341
260 342
260 343
260 344
260 345
260 346
260 347
260 348
260 349
260 350
260 351
260 352
260 353
260 354
261 262
261 263
261 264
261 265
261 266
261 274
261 275
261 289
261 290
261 291
261 292
261 293
261 294
261 295
261 296
261 297
261 298
261 299
261 323
261 335
261 338
261 339
261 341
261 342
261 343
261 344
261 345
261 346
261 347
261 348
261 349
261 350
261 351
261 352
261 353
261 354
261 378
262 263
262 264
262 265
262 283
262 291
262 293
262 294
262 295
262 296
262 297
262 298
262 299
262 300
262 301
262 302
262 304
262 322
262 339
262 340
262 341
262 342
262 343
262 344
262 345
262 346
262 347
262 348
262 349
262 350
262 351
262 352
262 353
262 354
263 264
263 265
263 289
263 290
263 292
263 293
263 294
263 295
263 296
263 297
263 298
263 299
263 301
263 327
263 337
263 338
263 339
263 340
263 341
263 342
263 343
263 344
263 345
263 346
263 347
263 348
263 349
263 350
263 351
263 352
263 353
263 354
263 355
263 356
263 377
264 265
264 290
264 292
264 293
264 294
264 295
264 296
264 297
264 298
264 299
264 300
264 327
264 335
264 336
264 337
264 338
264 340
264 341
264 342
264 344
264 345
264 346
264 347
264 348
264 349
264 350
264 351
264 352
264 353
264 354
264 355
265 266
265 293
265 295
265 301
265 338
265 348
265 353
265 355
265 370
266 267
266 300
266 356
267 302
268 381
271 347
282 328
287 349
288 289
288 293
288 294
288 337
288 340
288 344
288 349
288 352
289 291
289 292
289 293
289 297
289 338
289 342
289 344
289 346
289 347
289 348
289 351
289 352
290 291
290 292
290 293
290 295
290 297
290 298
290 337
290 338
290 341
290 344
290 345
290 346
290 347
290 349
290 350
290 351
290 352
290 377
291 292
291 293
291 294
291 296
291 298
291 338
291 339
291 342
291 344
291 345
291 346
291 347
291 348
291 350
291 351
291 352
292 294
292 295
292 296
292 297
292 298
292 336
292 337
292 338
292 340
292 341
292 343
292 345
292 346
292 347
292 349
292 351
292 352
293 294
293 296
293 297
293 339
293 341
293 343
293 344
293 346
293 347
293 349
293 350
293 351
293 352
294 295
294 296
294 297
294 298
294 336
294 339
294 340
294 341
294 342
294 343
294 344
294 345
294 346
294 347
294 348
294 349
294 350
294 351
295 296
295 297
295 298
295 337
295 338
295 339
295 340
295 341
295 342
295 343
295 344
295 345
295 346
295 347
295 348
295 349
295 350
295 351
295 352
295 353
295 371
296 297
296 298
296 338
296 339
296 340
296 341
296 342
296 343
296 344
296 345
296 346
296 347
296 348
296 349
296 350
296 352
296 358
297 298
297 338
297 339
297 340
297 341
297 342
297 343
297 344
297 345
297 346
297 347
297 348
297 349
297 350
297 351
297 352
297 353
298 341
298 343
298 346
298 347
298 348
298 349
298 350
298 351
298 352
299 344
299 345
299 351
301 353
301 355
320 352
326 349
335 347
336 347
336 349
337 339
337 346
337 350
337 352
338 339
338 343
338 345
338 348
338 352
339 340
339 341
339 342
339 344
339 345
339 346
339 349
339 350
339 351
340 341
340 342
340 343
340 344
340 345
340 346
340 347
340 348
340 349
340 350
340 352
341 342
341 343
341 344
341 345
341 346
341 347
341 348
341 350
341 351
341 352
341 357
342 343
342 344
342 345
342 346
342 347
342 349
342 350
342 352
343 344
343 346
343 347
343 348
343 349
343 350
343 351
343 352
343 353
343 354
344 345
344 346
344 347
344 348
344 349
344 350
344 351
344 352
345 346
345 347
345 348
345 349
345 350
345 351
345 352
345 353
345 396
346 347
346 348
346 349
346 350
346 351
346 352
347 348
347 349
347 350
347 351
347 352
348 349
348 350
348 351
348 352
349 350
349 351
349 352
349 353
350 351
350 352
351 352
351 353
351 387
352 353
353 354
