1 2
1 3
1 4
1 5
1 6
1 7
1 8
1 18
1 19
1 20
1 21
1 22
1 23
1 24
1 25
1 26
1 27
1 28
1 29
2 3
2 4
2 5
2 6
2 7
2 8
2 9
2 17
2 18
2 19
2 20
2 21
2 22
2 23
2 24
2 25
2 26
2 27
2 28
3 4
3 5
3 6
3 7
3 8
3 9
3 10
3 12
3 17
3 18
3 19
3 20
3 21
3 22
3 23
3 24
3 25
3 26
3 27
3 28
3 29
4 5
4 6
4 7
4 8
4 9
4 11
4 17
4 18
4 19
4 20
4 21
4 22
4 23
4 24
4 25
4 26
4 27
4 28
4 30
5 6
5 7
5 8
5 9
5 18
5 19
5 20
5 21
5 22
5 23
5 24
5 25
5 26
5 27
5 28
5 30
5 37
6 7
6 8
6 9
6 10
6 17
6 18
6 19
6 20
6 21
6 22
6 23
6 24
6 25
6 26
6 27
6 28
6 29
7 8
7 9
7 17
7 18
7 19
7 20
7 21
7 22
7 23
7 24
7 25
7 26
7 27
7 28
8 9
8 10
8 18
8 20
8 21
8 22
8 23
8 24
8 25
8 26
8 27
8 28
8 29
9 10
9 20
9 23
9 24
9 25
9 26
9 27
9 28
10 26
10 27
10 28
10 39
11 30
16 18
16 22
16 27
17 19
17 20
17 24
17 25
17 27
18 19
18 24
18 25
18 26
18 27
19 20
19 21
19 22
19 23
19 24
19 25
19 26
19 27
20 21
20 22
20 23
20 24
20 25
20 26
20 27
20 28
21 22
21 23
21 24
21 25
21 26
21 27
22 23
22 24
22 25
22 26
22 27
22 28
22 29
23 24
23 25
23 26
23 27
23 28
24 25
24 26
24 27
24 28
24 29
25 26
25 27
25 28
25 29
26 27
26 28
27 28
29 38
