1 2
1 3
1 4
1 5
1 6
1 7
1 8
1 9
1 10
1 11
1 12
1 13
1 14
1 15
1 17
1 18
1 20
1 21
1 22
1 23
1 24
2 3
2 4
2 5
2 6
2 7
2 8
2 9
2 10
2 11
2 12
2 13
2 16
2 19
2 20
2 21
2 22
2 23
2 35
2 36
3 4
3 5
3 6
3 7
3 8
3 9
3 10
3 11
3 12
3 13
3 14
3 15
3 16
3 17
3 19
3 26
3 28
3 37
4 5
4 6
4 7
4 8
4 9
4 10
4 11
4 12
4 13
4 14
4 15
4 16
4 18
4 20
4 21
4 35
5 6
5 7
5 8
5 9
5 10
5 11
5 12
5 13
5 14
5 15
5 20
5 21
5 22
5 34
5 38
6 7
6 8
6 9
6 10
6 11
6 12
6 13
6 14
6 16
6 17
6 19
6 20
6 21
6 22
6 23
6 36
7 8
7 9
7 10
7 11
7 12
7 13
7 14
7 15
7 17
7 18
7 19
7 20
7 22
7 23
7 35
7 39
8 9
8 10
8 11
8 12
8 13
8 14
8 15
8 16
8 17
8 20
8 22
8 23
8 24
8 25
8 27
8 37
8 38
9 10
9 11
9 12
9 13
9 14
9 15
9 16
9 18
9 19
9 20
9 22
9 24
9 25
10 11
10 12
10 13
10 14
10 15
10 16
10 17
10 18
10 19
10 20
10 21
10 22
10 23
10 24
10 26
10 36
10 37
11 12
11 13
11 14
11 15
11 16
11 18
11 19
11 20
11 21
11 22
11 24
11 25
11 26
11 27
11 36
12 13
12 14
12 15
12 17
12 19
12 20
12 21
12 22
12 23
12 24
12 26
12 37
13 14
13 15
13 16
13 18
13 21
13 23
13 25
13 30
13 38
14 16
14 29
15 16
15 23
15 39
16 19
17 37
21 24
