1 18
1 19
1 21
1 22
1 28
2 21
3 23
7 22
10 16
10 20
10 21
10 30
11 12
11 14
11 15
11 16
11 17
11 18
11 20
11 21
11 26
11 29
11 33
12 14
12 15
12 16
12 17
12 18
12 19
12 20
12 21
12 26
12 27
12 29
12 30
12 33
13 14
13 16
13 17
13 18
13 19
13 20
13 21
13 25
13 27
13 28
13 29
13 30
13 31
13 32
14 15
14 16
14 17
14 18
14 19
14 20
14 21
14 28
14 29
14 30
14 31
14 34
15 16
15 17
15 18
15 19
15 20
15 21
15 22
15 25
15 26
15 28
15 29
15 30
15 31
15 32
16 17
16 18
16 19
16 20
16 21
16 22
16 26
16 27
16 28
16 29
16 30
16 32
16 33
17 18
17 19
17 20
17 21
17 22
17 24
17 25
17 26
17 27
17 28
17 29
17 30
17 31
17 32
17 33
17 34
17 35
17 36
18 19
18 20
18 21
18 22
18 23
18 24
18 25
18 26
18 27
18 28
18 29
18 30
18 31
18 32
18 33
18 35
18 36
19 20
19 21
19 22
19 23
19 26
19 27
19 28
19 29
19 30
19 31
19 32
19 33
19 34
19 35
19 37
20 21
20 22
20 23
20 24
20 25
20 26
20 27
20 28
20 29
20 30
20 31
20 32
20 33
20 34
20 35
20 38
21 22
21 24
21 26
21 27
21 28
21 29
21 30
21 31
21 32
21 33
21 34
21 35
21 36
21 37
22 23
22 26
22 27
22 28
22 29
22 30
22 31
22 34
22 35
23 29
23 31
23 32
23 36
24 32
25 26
25 28
25 29
25 31
25 33
26 27
26 28
26 29
26 31
26 32
27 28
27 29
27 30
27 31
27 33
27 34
28 29
28 30
28 31
28 33
28 34
29 30
29 32
29 34
30 31
30 35
31 32
31 33
32 36
