1 88
1 264
1 267
1 391
2 294
3 248
3 283
4 259
4 262
4 427
5 260
5 263
5 265
6 211
6 266
6 399
7 96
7 181
8 230
9 271
13 261
17 271
18 258
18 259
19 265
21 64
22 66
22 258
23 264
23 266
23 436
24 209
25 266
26 64
26 263
26 265
26 266
27 229
27 264
27 351
28 303
29 265
33 266
35 266
36 262
42 427
43 273
48 264
52 56
52 260
52 267
52 425
52 431
53 54
53 59
53 65
53 66
53 79
53 85
53 89
53 91
53 147
53 246
53 250
53 268
53 277
53 280
53 283
53 284
53 289
53 418
53 421
53 424
53 427
53 431
54 59
54 60
54 61
54 63
54 64
54 68
54 80
54 84
54 89
54 92
54 244
54 245
54 251
54 253
54 254
54 257
54 258
54 259
54 260
54 262
54 263
54 266
54 269
54 270
54 272
54 273
54 274
54 281
54 282
54 283
54 284
54 287
54 289
54 290
54 417
54 419
54 420
54 423
54 427
54 428
54 429
54 430
54 431
54 432
54 434
55 58
55 61
55 62
55 64
55 79
55 80
55 82
55 86
55 87
55 89
55 90
55 91
55 251
55 252
55 253
55 257
55 260
55 262
55 263
55 265
55 267
55 268
55 270
55 273
55 274
55 275
55 276
55 277
55 282
55 283
55 284
55 285
55 288
55 290
55 417
55 418
55 420
55 421
55 424
55 425
55 427
55 433
56 57
56 59
56 61
56 63
56 64
56 65
56 67
56 68
56 81
56 82
56 84
56 85
56 87
56 88
56 90
56 91
56 92
56 243
56 244
56 245
56 247
56 249
56 250
56 251
56 253
56 254
56 255
56 258
56 259
56 261
56 263
56 264
56 265
56 267
56 268
56 269
56 271
56 273
56 275
56 276
56 278
56 279
56 280
56 285
56 286
56 287
56 288
56 289
56 290
56 291
56 420
56 421
56 422
56 423
56 427
56 429
56 431
56 432
56 433
56 434
57 58
57 59
57 62
57 63
57 65
57 66
57 68
57 80
57 83
57 84
57 85
57 86
57 87
57 88
57 90
57 92
57 93
57 111
57 245
57 248
57 249
57 250
57 251
57 252
57 254
57 255
57 256
57 257
57 258
57 259
57 261
57 262
57 263
57 265
57 266
57 267
57 269
57 270
57 272
57 273
57 274
57 277
57 279
57 280
57 281
57 282
57 283
57 284
57 285
57 286
57 287
57 288
57 289
57 290
57 291
57 419
57 420
57 421
57 422
57 423
57 424
57 425
57 426
57 428
57 429
57 430
57 431
57 433
58 59
58 60
58 61
58 63
58 64
58 65
58 66
58 67
58 69
58 81
58 82
58 83
58 84
58 85
58 86
58 87
58 88
58 90
58 91
58 92
58 93
58 243
58 246
58 247
58 248
58 249
58 250
58 251
58 252
58 253
58 255
58 256
58 257
58 258
58 260
58 261
58 262
58 263
58 264
58 265
58 266
58 270
58 271
58 272
58 274
58 275
58 276
58 277
58 278
58 279
58 280
58 281
58 282
58 285
58 286
58 288
58 289
58 290
58 388
58 420
58 421
58 422
58 423
58 424
58 426
58 427
58 428
58 429
58 430
58 431
58 432
58 433
59 60
59 61
59 62
59 64
59 65
59 66
59 67
59 68
59 80
59 81
59 82
59 83
59 84
59 86
59 88
59 89
59 92
59 93
59 140
59 246
59 247
59 248
59 249
59 250
59 251
59 252
59 253
59 254
59 255
59 257
59 258
59 259
59 260
59 261
59 262
59 264
59 265
59 267
59 268
59 269
59 272
59 273
59 275
59 276
59 278
59 279
59 280
59 281
59 283
59 285
59 286
59 287
59 290
59 419
59 420
59 421
59 422
59 423
59 424
59 425
59 426
59 427
59 429
59 430
59 431
59 432
59 433
60 61
60 62
60 63
60 64
60 65
60 66
60 67
60 69
60 80
60 82
60 83
60 84
60 85
60 87
60 88
60 90
60 91
60 92
60 93
60 94
60 243
60 244
60 245
60 246
60 248
60 249
60 250
60 251
60 252
60 253
60 254
60 255
60 256
60 257
60 258
60 259
60 260
60 261
60 262
60 263
60 264
60 265
60 266
60 267
60 268
60 270
60 271
60 272
60 273
60 274
60 275
60 276
60 277
60 278
60 279
60 280
60 281
60 282
60 283
60 284
60 286
60 287
60 288
60 290
60 415
60 418
60 420
60 421
60 422
60 423
60 424
60 425
60 426
60 427
60 428
60 429
60 431
60 432
60 433
61 62
61 63
61 64
61 65
61 66
61 67
61 68
61 80
61 81
61 82
61 83
61 84
61 85
61 86
61 87
61 88
61 89
61 90
61 91
61 92
61 93
61 244
61 245
61 247
61 248
61 249
61 250
61 251
61 252
61 253
61 254
61 255
61 256
61 257
61 258
61 259
61 260
61 261
61 262
61 263
61 264
61 265
61 266
61 267
61 270
61 271
61 272
61 273
61 274
61 275
61 276
61 277
61 278
61 280
61 281
61 283
61 284
61 285
61 286
61 288
61 289
61 290
61 291
61 418
61 420
61 422
61 423
61 425
61 426
61 427
61 428
61 429
61 430
61 431
61 432
61 433
61 434
62 63
62 64
62 65
62 66
62 68
62 79
62 81
62 82
62 83
62 84
62 85
62 86
62 87
62 88
62 89
62 90
62 91
62 92
62 93
62 244
62 246
62 247
62 248
62 249
62 250
62 252
62 253
62 254
62 255
62 256
62 257
62 258
62 259
62 260
62 261
62 262
62 263
62 264
62 265
62 266
62 267
62 268
62 269
62 270
62 271
62 272
62 273
62 274
62 275
62 276
62 277
62 278
62 279
62 280
62 281
62 285
62 286
62 288
62 289
62 290
62 291
62 421
62 422
62 423
62 424
62 425
62 426
62 427
62 428
62 429
62 430
62 431
62 432
62 433
63 64
63 65
63 66
63 67
63 81
63 83
63 85
63 86
63 87
63 88
63 89
63 90
63 91
63 92
63 93
63 146
63 243
63 245
63 247
63 249
63 250
63 251
63 252
63 253
63 254
63 255
63 256
63 257
63 258
63 259
63 260
63 261
63 262
63 263
63 264
63 265
63 266
63 267
63 268
63 269
63 270
63 271
63 272
63 273
63 274
63 275
63 276
63 277
63 278
63 279
63 280
63 281
63 282
63 283
63 286
63 287
63 289
63 290
63 291
63 292
63 419
63 420
63 422
63 423
63 424
63 425
63 426
63 427
63 428
63 430
63 431
63 432
63 433
63 434
64 65
64 66
64 67
64 68
64 69
64 77
64 79
64 80
64 81
64 82
64 83
64 84
64 85
64 86
64 87
64 88
64 89
64 90
64 91
64 92
64 93
64 94
64 95
64 146
64 244
64 246
64 247
64 248
64 249
64 250
64 251
64 252
64 253
64 254
64 255
64 256
64 257
64 258
64 259
64 260
64 261
64 262
64 263
64 264
64 265
64 266
64 267
64 268
64 270
64 271
64 272
64 273
64 274
64 275
64 276
64 278
64 279
64 280
64 281
64 282
64 285
64 286
64 287
64 288
64 289
64 290
64 291
64 416
64 417
64 418
64 419
64 420
64 422
64 423
64 424
64 425
64 426
64 427
64 428
64 429
64 430
64 431
64 432
64 433
64 434
65 66
65 67
65 69
65 80
65 82
65 84
65 85
65 86
65 87
65 88
65 89
65 90
65 91
65 92
65 93
65 94
65 108
65 129
65 180
65 245
65 247
65 248
65 249
65 250
65 251
65 252
65 253
65 254
65 255
65 256
65 257
65 258
65 259
65 260
65 261
65 262
65 263
65 264
65 265
65 266
65 267
65 269
65 273
65 274
65 275
65 276
65 277
65 278
65 279
65 280
65 281
65 283
65 284
65 286
65 287
65 288
65 289
65 290
65 291
65 348
65 417
65 418
65 419
65 420
65 422
65 423
65 424
65 425
65 426
65 427
65 428
65 429
65 430
65 431
65 432
65 433
65 434
66 67
66 68
66 81
66 82
66 83
66 84
66 85
66 86
66 87
66 88
66 89
66 90
66 91
66 92
66 93
66 94
66 245
66 248
66 250
66 251
66 252
66 253
66 254
66 255
66 256
66 257
66 258
66 259
66 260
66 261
66 262
66 263
66 264
66 265
66 266
66 267
66 268
66 269
66 270
66 271
66 273
66 274
66 275
66 276
66 277
66 278
66 279
66 280
66 281
66 282
66 283
66 285
66 286
66 287
66 288
66 289
66 290
66 291
66 417
66 421
66 422
66 423
66 424
66 425
66 426
66 427
66 428
66 429
66 430
66 431
66 432
66 433
66 434
67 78
67 81
67 83
67 84
67 85
67 86
67 87
67 88
67 89
67 90
67 91
67 92
67 93
67 94
67 95
67 107
67 246
67 247
67 248
67 249
67 250
67 251
67 252
67 253
67 254
67 255
67 256
67 257
67 258
67 259
67 260
67 261
67 262
67 263
67 264
67 265
67 266
67 267
67 268
67 270
67 272
67 273
67 274
67 275
67 276
67 277
67 279
67 280
67 281
67 282
67 283
67 285
67 286
67 287
67 288
67 289
67 291
67 292
67 351
67 352
67 413
67 419
67 420
67 421
67 422
67 423
67 424
67 425
67 426
67 427
67 428
67 429
67 430
67 431
67 432
67 433
67 434
67 435
68 83
68 84
68 87
68 88
68 89
68 91
68 92
68 108
68 161
68 245
68 246
68 251
68 252
68 254
68 255
68 256
68 257
68 258
68 259
68 260
68 261
68 263
68 264
68 265
68 266
68 267
68 269
68 272
68 274
68 276
68 277
68 278
68 283
68 285
68 424
68 426
68 427
68 428
68 430
68 431
68 432
68 433
68 434
69 255
69 258
69 259
69 260
69 261
69 262
69 263
69 264
69 265
69 266
69 267
69 274
69 275
69 279
69 285
69 371
70 185
70 216
70 258
70 262
70 263
70 264
70 265
71 265
71 267
71 353
72 204
72 263
77 272
78 87
78 181
78 243
78 254
78 257
78 260
78 421
78 428
79 81
79 163
79 249
79 255
79 256
79 257
79 258
79 260
79 261
79 267
79 275
79 276
79 278
79 279
79 280
79 281
79 283
79 288
79 289
79 421
79 427
79 430
80 83
80 91
80 93
80 247
80 248
80 249
80 250
80 251
80 252
80 255
80 258
80 260
80 262
80 265
80 266
80 268
80 270
80 272
80 273
80 274
80 277
80 278
80 280
80 281
80 283
80 284
80 285
80 287
80 289
80 290
80 417
80 419
80 422
80 425
80 427
80 429
81 83
81 87
81 88
81 90
81 92
81 196
81 246
81 248
81 250
81 251
81 252
81 255
81 257
81 261
81 262
81 263
81 264
81 267
81 268
81 270
81 272
81 274
81 275
81 277
81 278
81 279
81 280
81 281
81 283
81 285
81 287
81 288
81 289
81 291
81 419
81 421
81 424
81 425
81 426
81 428
82 83
82 84
82 85
82 86
82 87
82 88
82 89
82 90
82 91
82 92
82 93
82 94
82 246
82 247
82 249
82 251
82 253
82 254
82 255
82 256
82 257
82 258
82 261
82 265
82 266
82 267
82 268
82 272
82 273
82 274
82 275
82 276
82 277
82 278
82 280
82 282
82 283
82 287
82 288
82 290
82 417
82 419
82 420
82 422
82 423
82 424
82 425
82 427
82 428
82 429
82 430
82 431
82 432
82 433
83 84
83 85
83 86
83 88
83 89
83 90
83 91
83 92
83 93
83 246
83 247
83 248
83 249
83 250
83 251
83 252
83 253
83 255
83 256
83 257
83 259
83 260
83 262
83 263
83 264
83 266
83 267
83 269
83 270
83 271
83 272
83 273
83 274
83 275
83 276
83 277
83 278
83 279
83 280
83 283
83 284
83 285
83 286
83 288
83 289
83 290
83 417
83 418
83 420
83 421
83 422
83 424
83 425
83 426
83 427
83 428
83 430
83 432
83 433
84 86
84 87
84 88
84 89
84 90
84 91
84 92
84 94
84 95
84 243
84 247
84 248
84 249
84 250
84 251
84 252
84 253
84 254
84 255
84 256
84 257
84 258
84 259
84 260
84 261
84 262
84 263
84 264
84 265
84 266
84 267
84 268
84 269
84 270
84 271
84 272
84 273
84 274
84 275
84 276
84 277
84 278
84 279
84 280
84 281
84 282
84 283
84 284
84 285
84 286
84 287
84 288
84 289
84 290
84 291
84 419
84 420
84 423
84 425
84 426
84 427
84 428
84 429
84 430
84 431
84 432
84 433
85 86
85 87
85 88
85 89
85 90
85 91
85 93
85 245
85 247
85 248
85 249
85 250
85 251
85 252
85 253
85 254
85 255
85 256
85 257
85 258
85 259
85 260
85 261
85 262
85 263
85 264
85 265
85 266
85 267
85 269
85 270
85 272
85 273
85 274
85 275
85 276
85 277
85 278
85 279
85 280
85 282
85 283
85 284
85 285
85 286
85 287
85 288
85 289
85 290
85 291
85 418
85 419
85 420
85 421
85 422
85 423
85 424
85 425
85 426
85 429
85 430
85 431
85 432
85 435
86 87
86 88
86 89
86 90
86 91
86 92
86 93
86 162
86 248
86 250
86 251
86 252
86 253
86 255
86 256
86 257
86 258
86 259
86 261
86 262
86 263
86 264
86 265
86 266
86 267
86 268
86 269
86 271
86 272
86 274
86 275
86 276
86 277
86 278
86 279
86 280
86 281
86 284
86 285
86 286
86 287
86 289
86 290
86 418
86 419
86 420
86 421
86 422
86 423
86 424
86 425
86 426
86 427
86 428
86 429
86 430
86 431
86 432
86 433
86 434
87 88
87 89
87 90
87 91
87 92
87 94
87 95
87 244
87 245
87 246
87 247
87 248
87 250
87 251
87 252
87 253
87 254
87 255
87 256
87 257
87 258
87 259
87 260
87 261
87 262
87 263
87 264
87 265
87 266
87 267
87 268
87 269
87 270
87 271
87 272
87 273
87 274
87 276
87 277
87 278
87 279
87 280
87 281
87 283
87 284
87 285
87 286
87 287
87 288
87 289
87 290
87 291
87 349
87 419
87 421
87 422
87 423
87 424
87 425
87 426
87 427
87 428
87 430
87 431
87 432
87 433
88 89
88 90
88 91
88 92
88 93
88 147
88 182
88 202
88 215
88 245
88 246
88 247
88 248
88 249
88 250
88 251
88 252
88 253
88 254
88 255
88 256
88 257
88 258
88 259
88 260
88 261
88 262
88 263
88 264
88 265
88 266
88 267
88 268
88 270
88 271
88 273
88 274
88 275
88 277
88 278
88 279
88 280
88 281
88 282
88 283
88 284
88 285
88 286
88 287
88 288
88 289
88 290
88 291
88 292
88 389
88 420
88 421
88 422
88 424
88 426
88 427
88 428
88 429
88 430
88 431
88 432
88 433
88 434
88 435
89 90
89 91
89 92
89 93
89 105
89 146
89 245
89 246
89 247
89 248
89 249
89 250
89 251
89 252
89 253
89 254
89 255
89 256
89 257
89 258
89 259
89 260
89 261
89 262
89 263
89 264
89 265
89 266
89 267
89 268
89 269
89 271
89 272
89 273
89 274
89 275
89 276
89 277
89 278
89 279
89 280
89 281
89 282
89 283
89 285
89 286
89 288
89 289
89 290
89 291
89 293
89 419
89 420
89 421
89 422
89 423
89 424
89 425
89 426
89 427
89 428
89 429
89 430
89 431
89 432
89 433
90 91
90 92
90 93
90 113
90 247
90 248
90 249
90 251
90 252
90 253
90 254
90 255
90 256
90 257
90 258
90 259
90 260
90 261
90 262
90 263
90 264
90 265
90 266
90 267
90 269
90 271
90 272
90 273
90 275
90 276
90 277
90 278
90 279
90 280
90 281
90 282
90 283
90 285
90 286
90 287
90 288
90 289
90 290
90 291
90 349
90 389
90 419
90 421
90 423
90 424
90 425
90 426
90 427
90 428
90 429
90 430
90 431
90 432
90 433
91 92
91 93
91 94
91 109
91 246
91 247
91 248
91 249
91 250
91 251
91 252
91 253
91 254
91 255
91 256
91 257
91 258
91 259
91 260
91 261
91 262
91 263
91 264
91 265
91 266
91 267
91 268
91 269
91 270
91 271
91 272
91 273
91 274
91 275
91 277
91 278
91 279
91 280
91 281
91 282
91 283
91 284
91 285
91 286
91 287
91 288
91 289
91 290
91 291
91 416
91 420
91 421
91 422
91 423
91 424
91 425
91 426
91 427
91 428
91 429
91 430
91 431
91 432
91 433
92 93
92 99
92 245
92 246
92 247
92 248
92 249
92 250
92 251
92 252
92 253
92 254
92 255
92 256
92 257
92 258
92 259
92 260
92 261
92 262
92 263
92 264
92 265
92 266
92 267
92 268
92 269
92 271
92 272
92 273
92 274
92 275
92 276
92 277
92 278
92 279
92 280
92 281
92 282
92 283
92 284
92 286
92 287
92 288
92 289
92 290
92 291
92 292
92 418
92 419
92 420
92 421
92 422
92 423
92 424
92 425
92 426
92 427
92 428
92 429
92 430
92 431
92 432
92 433
92 434
93 94
93 95
93 159
93 245
93 246
93 247
93 248
93 249
93 250
93 252
93 253
93 254
93 255
93 256
93 257
93 258
93 259
93 260
93 261
93 262
93 263
93 264
93 265
93 266
93 267
93 268
93 269
93 270
93 271
93 272
93 274
93 276
93 277
93 278
93 280
93 281
93 282
93 283
93 284
93 285
93 287
93 288
93 289
93 290
93 291
93 420
93 421
93 422
93 423
93 424
93 425
93 426
93 427
93 428
93 429
93 430
93 431
93 432
93 433
93 434
94 129
94 249
94 253
94 254
94 255
94 256
94 257
94 258
94 259
94 260
94 261
94 262
94 263
94 264
94 265
94 266
94 268
94 269
94 272
94 277
94 279
94 281
94 284
94 285
94 288
94 357
94 429
94 431
95 100
95 195
95 260
95 262
95 263
95 264
95 265
95 266
95 267
95 435
96 264
96 265
96 268
96 270
97 411
99 266
100 266
101 295
106 259
106 265
106 266
107 260
107 262
107 264
107 265
108 262
108 264
108 268
108 319
109 261
109 289
109 293
109 433
110 259
110 262
110 286
110 314
126 263
128 275
130 265
130 266
131 264
132 265
143 262
144 261
146 254
146 263
146 264
146 291
147 244
147 256
147 263
147 264
147 265
148 257
148 263
148 265
148 266
148 267
148 428
149 223
149 261
149 265
149 330
150 266
151 393
152 267
153 267
155 266
157 264
157 333
158 260
158 294
158 430
159 263
159 264
160 264
160 265
160 266
161 263
161 268
161 277
162 217
163 263
164 264
164 302
165 264
166 264
170 265
171 266
177 426
178 265
180 422
182 304
182 437
184 266
185 256
188 263
188 264
188 281
189 262
189 267
189 388
190 280
193 290
194 255
194 261
195 265
199 267
203 261
203 262
205 250
207 266
207 337
208 263
208 280
210 258
210 265
212 265
214 266
214 267
214 420
215 263
215 320
216 263
222 294
228 264
228 429
229 268
230 266
231 264
243 248
243 251
243 253
243 258
243 273
243 286
243 289
243 290
243 418
243 423
243 427
244 246
244 249
244 254
244 260
244 261
244 265
244 269
244 270
244 273
244 274
244 279
244 280
244 283
244 284
244 286
244 287
244 288
244 289
244 423
244 424
244 428
244 429
244 430
244 431
244 432
244 434
245 246
245 247
245 249
245 250
245 252
245 254
245 255
245 256
245 257
245 258
245 259
245 262
245 264
245 266
245 267
245 269
245 270
245 274
245 275
245 277
245 278
245 279
245 280
245 282
245 285
245 286
245 287
245 288
245 290
245 418
245 419
245 420
245 421
245 422
245 424
245 427
245 431
245 433
246 247
246 248
246 252
246 253
246 254
246 255
246 256
246 257
246 258
246 261
246 262
246 263
246 264
246 265
246 266
246 268
246 269
246 270
246 271
246 273
246 275
246 276
246 277
246 278
246 279
246 280
246 281
246 282
246 283
246 284
246 286
246 287
246 289
246 290
246 291
246 418
246 419
246 421
246 422
246 424
246 425
246 426
246 432
246 433
247 248
247 249
247 251
247 252
247 253
247 254
247 255
247 256
247 257
247 258
247 259
247 260
247 261
247 263
247 265
247 266
247 267
247 268
247 269
247 270
247 271
247 272
247 273
247 274
247 275
247 276
247 278
247 279
247 281
247 283
247 284
247 285
247 287
247 288
247 289
247 290
247 291
247 418
247 419
247 420
247 421
247 422
247 423
247 424
247 425
247 426
247 427
247 428
247 429
247 431
247 433
248 249
248 250
248 251
248 252
248 253
248 254
248 255
248 256
248 257
248 258
248 259
248 261
248 262
248 263
248 264
248 265
248 267
248 268
248 270
248 271
248 272
248 273
248 274
248 275
248 276
248 277
248 278
248 279
248 280
248 281
248 282
248 283
248 284
248 286
248 287
248 288
248 289
248 290
248 292
248 417
248 420
248 422
248 423
248 424
248 425
248 427
248 429
248 430
248 431
248 432
248 433
249 250
249 251
249 252
249 253
249 254
249 255
249 257
249 258
249 260
249 261
249 262
249 263
249 264
249 266
249 267
249 268
249 269
249 270
249 271
249 272
249 273
249 274
249 275
249 276
249 277
249 278
249 279
249 280
249 281
249 282
249 283
249 284
249 286
249 287
249 288
249 289
249 290
249 291
249 419
249 420
249 421
249 422
249 423
249 424
249 425
249 426
249 427
249 428
249 429
249 430
249 431
249 432
250 251
250 252
250 253
250 254
250 255
250 256
250 257
250 258
250 259
250 260
250 261
250 262
250 263
250 264
250 265
250 266
250 267
250 269
250 270
250 271
250 272
250 273
250 274
250 275
250 276
250 277
250 278
250 279
250 280
250 281
250 282
250 283
250 285
250 286
250 287
250 288
250 289
250 290
250 292
250 418
250 420
250 421
250 422
250 423
250 424
250 425
250 426
250 427
250 428
250 429
250 430
250 432
250 434
251 252
251 253
251 254
251 255
251 256
251 257
251 258
251 259
251 260
251 261
251 262
251 263
251 264
251 265
251 266
251 267
251 268
251 269
251 270
251 271
251 272
251 273
251 274
251 275
251 276
251 277
251 278
251 279
251 280
251 281
251 282
251 283
251 286
251 287
251 288
251 289
251 290
251 291
251 300
251 418
251 420
251 421
251 423
251 424
251 425
251 426
251 427
251 428
251 429
251 430
251 431
251 432
251 433
251 434
252 253
252 254
252 255
252 256
252 257
252 258
252 259
252 260
252 261
252 262
252 263
252 264
252 265
252 266
252 267
252 270
252 272
252 273
252 274
252 275
252 276
252 277
252 278
252 279
252 280
252 281
252 282
252 283
252 284
252 285
252 287
252 288
252 289
252 290
252 291
252 420
252 421
252 422
252 423
252 424
252 425
252 426
252 427
252 428
252 429
252 430
252 431
252 432
252 433
253 254
253 255
253 256
253 257
253 258
253 259
253 260
253 261
253 262
253 263
253 264
253 265
253 266
253 267
253 268
253 270
253 271
253 272
253 273
253 274
253 275
253 276
253 277
253 278
253 279
253 280
253 281
253 282
253 283
253 285
253 286
253 288
253 289
253 290
253 291
253 292
253 342
253 418
253 420
253 421
253 422
253 424
253 425
253 426
253 427
253 428
253 429
253 430
253 431
253 432
253 433
254 255
254 256
254 257
254 258
254 259
254 260
254 261
254 262
254 263
254 264
254 265
254 266
254 267
254 268
254 269
254 270
254 272
254 273
254 274
254 275
254 276
254 277
254 278
254 279
254 280
254 281
254 282
254 283
254 286
254 287
254 288
254 289
254 290
254 291
254 418
254 419
254 420
254 422
254 423
254 424
254 426
254 427
254 428
254 429
254 430
254 431
254 432
254 433
254 434
255 256
255 257
255 258
255 259
255 260
255 261
255 262
255 263
255 264
255 265
255 266
255 267
255 268
255 270
255 271
255 272
255 273
255 274
255 275
255 276
255 277
255 278
255 279
255 280
255 281
255 282
255 283
255 284
255 285
255 286
255 289
255 290
255 291
255 301
255 378
255 419
255 421
255 422
255 423
255 424
255 425
255 426
255 427
255 428
255 429
255 430
255 431
255 432
255 433
255 434
256 257
256 258
256 259
256 260
256 261
256 262
256 263
256 264
256 265
256 266
256 267
256 268
256 271
256 272
256 273
256 274
256 275
256 276
256 277
256 278
256 279
256 280
256 281
256 282
256 283
256 284
256 285
256 286
256 287
256 288
256 289
256 290
256 419
256 420
256 421
256 422
256 423
256 424
256 425
256 426
256 427
256 428
256 429
256 430
256 431
256 432
256 433
257 258
257 259
257 260
257 261
257 262
257 263
257 264
257 265
257 266
257 267
257 268
257 269
257 270
257 272
257 273
257 275
257 276
257 277
257 278
257 279
257 280
257 281
257 282
257 283
257 284
257 285
257 286
257 287
257 288
257 289
257 290
257 291
257 292
257 303
257 349
257 419
257 420
257 422
257 423
257 424
257 425
257 426
257 427
257 428
257 429
257 430
257 431
257 432
257 433
257 434
258 259
258 260
258 261
258 262
258 263
258 264
258 265
258 266
258 267
258 268
258 270
258 271
258 272
258 274
258 275
258 276
258 277
258 278
258 279
258 280
258 281
258 282
258 283
258 284
258 285
258 286
258 287
258 288
258 289
258 290
258 292
258 418
258 420
258 421
258 422
258 423
258 424
258 425
258 426
258 427
258 428
258 429
258 430
258 431
258 432
258 433
259 260
259 261
259 262
259 263
259 264
259 265
259 266
259 267
259 268
259 270
259 272
259 273
259 274
259 275
259 276
259 277
259 278
259 279
259 280
259 281
259 282
259 283
259 284
259 285
259 286
259 287
259 288
259 289
259 290
259 291
259 292
259 293
259 301
259 338
259 350
259 421
259 422
259 424
259 425
259 426
259 427
259 428
259 429
259 430
259 431
259 432
259 433
259 434
260 261
260 262
260 263
260 264
260 265
260 266
260 267
260 268
260 269
260 270
260 271
260 272
260 273
260 274
260 275
260 276
260 277
260 278
260 279
260 280
260 281
260 282
260 283
260 284
260 285
260 286
260 287
260 288
260 289
260 290
260 291
260 292
260 373
260 390
260 395
260 417
260 418
260 419
260 420
260 421
260 422
260 423
260 424
260 425
260 426
260 427
260 428
260 429
260 430
260 431
260 432
260 433
260 434
260 435
261 262
261 263
261 264
261 265
261 266
261 267
261 268
261 269
261 272
261 273
261 274
261 275
261 276
261 277
261 278
261 279
261 280
261 281
261 282
261 283
261 284
261 285
261 286
261 287
261 288
261 289
261 290
261 291
261 292
261 318
261 336
261 338
261 339
261 373
261 420
261 421
261 423
261 425
261 426
261 427
261 428
261 429
261 430
261 431
261 432
261 433
261 434
261 435
262 263
262 264
262 265
262 266
262 267
262 268
262 269
262 270
262 271
262 273
262 274
262 275
262 276
262 277
262 278
262 279
262 280
262 281
262 282
262 283
262 284
262 285
262 286
262 287
262 288
262 289
262 290
262 291
262 292
262 293
262 327
262 370
262 372
262 418
262 421
262 422
262 423
262 424
262 425
262 426
262 427
262 428
262 429
262 430
262 431
262 432
262 433
262 434
262 435
262 436
263 264
263 265
263 266
263 267
263 268
263 269
263 270
263 271
263 273
263 274
263 275
263 276
263 277
263 278
263 279
263 280
263 281
263 282
263 283
263 284
263 285
263 286
263 287
263 288
263 289
263 290
263 291
263 292
263 293
263 349
263 389
263 401
263 414
263 418
263 420
263 421
263 422
263 423
263 424
263 425
263 426
263 427
263 428
263 429
263 430
263 431
263 432
263 433
263 434
263 435
264 265
264 266
264 267
264 268
264 269
264 270
264 271
264 272
264 273
264 274
264 275
264 276
264 277
264 278
264 279
264 280
264 281
264 282
264 283
264 284
264 285
264 287
264 289
264 290
264 291
264 292
264 293
264 294
264 331
264 339
264 351
264 381
264 409
264 410
264 418
264 419
264 420
264 422
264 423
264 424
264 425
264 427
264 428
264 429
264 430
264 431
264 432
264 433
264 434
264 435
264 436
265 266
265 267
265 268
265 270
265 271
265 272
265 273
265 274
265 275
265 276
265 277
265 278
265 279
265 280
265 281
265 282
265 283
265 284
265 285
265 286
265 287
265 289
265 290
265 291
265 292
265 293
265 294
265 301
265 313
265 319
265 350
265 367
265 389
265 390
265 419
265 420
265 421
265 422
265 423
265 424
265 425
265 426
265 427
265 428
265 429
265 430
265 431
265 432
265 433
265 434
265 435
265 436
265 437
266 267
266 268
266 269
266 270
266 271
266 272
266 274
266 275
266 276
266 277
266 278
266 279
266 280
266 282
266 284
266 285
266 286
266 287
266 288
266 289
266 290
266 291
266 292
266 293
266 318
266 350
266 368
266 371
266 398
266 416
266 419
266 420
266 421
266 423
266 424
266 425
266 426
266 427
266 428
266 429
266 430
266 431
266 432
266 433
266 434
266 435
266 436
267 268
267 269
267 271
267 273
267 274
267 275
267 276
267 277
267 278
267 279
267 280
267 281
267 282
267 283
267 284
267 287
267 288
267 289
267 290
267 291
267 292
267 340
267 351
267 390
267 416
267 417
267 420
267 422
267 423
267 424
267 425
267 426
267 427
267 428
267 429
267 430
267 431
267 432
267 433
267 434
267 435
268 269
268 270
268 271
268 274
268 275
268 276
268 277
268 279
268 280
268 281
268 283
268 284
268 285
268 286
268 291
268 293
268 418
268 420
268 421
268 426
268 428
268 429
268 431
268 432
268 433
268 434
268 435
269 270
269 271
269 272
269 273
269 274
269 275
269 276
269 279
269 281
269 282
269 284
269 286
269 287
269 288
269 289
269 332
269 350
269 372
269 421
269 423
269 424
269 425
269 429
269 430
269 431
269 432
269 433
269 434
269 435
269 436
270 274
270 275
270 276
270 277
270 278
270 281
270 282
270 283
270 284
270 285
270 286
270 287
270 288
270 289
270 419
270 421
270 422
270 423
270 424
270 425
270 426
270 427
270 428
270 429
270 431
270 432
271 273
271 274
271 275
271 276
271 277
271 278
271 279
271 280
271 281
271 282
271 283
271 285
271 287
271 288
271 289
271 290
271 291
271 302
271 389
271 418
271 419
271 420
271 421
271 422
271 423
271 424
271 425
271 426
271 427
271 428
271 429
271 430
271 433
272 273
272 274
272 275
272 276
272 277
272 278
272 279
272 280
272 281
272 282
272 283
272 284
272 286
272 287
272 288
272 289
272 290
272 291
272 292
272 418
272 419
272 421
272 423
272 424
272 425
272 427
272 428
272 429
272 430
272 431
272 432
272 433
273 274
273 275
273 277
273 278
273 279
273 280
273 281
273 282
273 284
273 287
273 288
273 289
273 290
273 291
273 419
273 420
273 421
273 422
273 423
273 424
273 425
273 426
273 428
273 429
273 430
273 431
273 432
273 433
274 275
274 276
274 277
274 278
274 279
274 280
274 281
274 282
274 283
274 284
274 285
274 286
274 287
274 288
274 289
274 290
274 291
274 416
274 419
274 420
274 421
274 422
274 423
274 424
274 425
274 426
274 427
274 428
274 429
274 430
274 431
274 432
275 276
275 277
275 278
275 279
275 280
275 281
275 282
275 283
275 285
275 286
275 288
275 289
275 290
275 416
275 417
275 419
275 424
275 425
275 426
275 427
275 428
275 429
275 430
275 431
275 432
275 433
276 277
276 278
276 279
276 281
276 282
276 283
276 284
276 285
276 286
276 287
276 288
276 289
276 290
276 291
276 419
276 420
276 421
276 422
276 423
276 424
276 425
276 426
276 428
276 429
276 430
276 431
276 432
276 433
276 434
277 278
277 279
277 280
277 281
277 282
277 283
277 284
277 285
277 286
277 287
277 288
277 289
277 290
277 291
277 419
277 420
277 421
277 422
277 423
277 424
277 425
277 426
277 427
277 428
277 429
277 430
277 431
277 432
277 433
277 435
278 279
278 280
278 281
278 283
278 284
278 285
278 286
278 288
278 289
278 291
278 418
278 419
278 420
278 421
278 422
278 423
278 424
278 428
278 429
278 430
278 431
278 432
278 433
278 436
279 280
279 281
279 282
279 283
279 284
279 285
279 286
279 287
279 288
279 289
279 290
279 418
279 419
279 421
279 422
279 423
279 424
279 425
279 426
279 427
279 428
279 429
279 430
279 431
279 432
279 433
280 281
280 282
280 283
280 284
280 285
280 287
280 288
280 290
280 291
280 348
280 417
280 418
280 419
280 421
280 422
280 423
280 424
280 425
280 426
280 427
280 428
280 429
280 430
280 431
280 432
280 433
280 434
281 282
281 283
281 284
281 285
281 286
281 287
281 288
281 290
281 291
281 389
281 418
281 420
281 421
281 423
281 425
281 426
281 427
281 428
281 429
281 430
281 431
281 432
281 433
281 437
282 285
282 286
282 288
282 289
282 417
282 420
282 421
282 423
282 424
282 425
282 426
282 427
282 429
282 430
282 432
282 433
282 436
283 285
283 286
283 289
283 290
283 418
283 419
283 420
283 421
283 422
283 424
283 425
283 426
283 428
283 429
283 430
283 431
283 433
283 434
284 285
284 287
284 288
284 289
284 290
284 292
284 419
284 421
284 422
284 423
284 424
284 425
284 428
284 429
284 432
284 433
285 287
285 290
285 302
285 390
285 418
285 419
285 420
285 422
285 423
285 424
285 426
285 427
285 428
285 430
285 432
285 433
286 287
286 288
286 292
286 419
286 420
286 421
286 422
286 423
286 424
286 425
286 427
286 428
286 429
286 430
286 431
286 432
286 433
286 438
287 288
287 289
287 290
287 291
287 420
287 422
287 424
287 425
287 426
287 427
287 429
287 430
287 431
287 432
287 433
288 289
288 290
288 291
288 373
288 416
288 417
288 420
288 421
288 422
288 423
288 424
288 425
288 426
288 427
288 428
288 429
288 430
288 431
288 432
288 433
289 290
289 291
289 417
289 419
289 420
289 421
289 422
289 424
289 425
289 426
289 427
289 428
289 429
289 430
289 431
289 432
289 433
290 418
290 419
290 420
290 421
290 422
290 424
290 425
290 426
290 427
290 428
290 429
290 430
290 431
290 432
290 433
291 417
291 424
291 428
291 429
291 430
291 431
291 433
291 434
292 424
292 426
292 430
292 431
293 427
293 432
348 430
350 428
350 431
350 433
374 433
382 391
388 426
417 422
417 424
417 431
418 420
418 421
418 430
418 433
419 422
419 425
419 426
419 430
419 431
420 421
420 422
420 428
420 429
420 431
420 432
420 433
420 435
421 422
421 423
421 425
421 427
421 429
421 430
421 431
421 432
421 433
421 434
422 423
422 424
422 425
422 427
422 429
422 430
422 431
422 432
423 424
423 425
423 426
423 427
423 428
423 429
423 430
423 432
423 433
423 434
424 425
424 426
424 427
424 428
424 429
424 430
424 431
424 432
424 433
425 426
425 427
425 428
425 429
425 430
425 431
425 432
425 433
426 427
426 428
426 429
426 430
426 431
426 432
426 433
426 434
427 428
427 429
427 430
427 431
427 432
427 433
427 434
428 429
428 430
428 431
428 432
428 433
428 434
429 430
429 431
429 432
430 431
430 432
430 433
430 434
431 432
431 433
431 434
432 433
432 434
433 434
