8 35
8 60
8 61
9 53
9 61
9 321
10 384
11 57
12 63
15 31
15 42
15 62
15 121
16 22
16 29
16 34
16 36
16 40
16 44
16 47
16 48
16 51
16 54
16 56
16 57
16 61
16 63
16 105
16 112
16 354
16 357
16 370
16 372
16 378
16 379
17 31
17 32
17 34
17 35
17 36
17 37
17 39
17 40
17 42
17 43
17 44
17 47
17 54
17 55
17 59
17 60
17 101
17 105
17 106
17 109
17 110
17 111
17 114
17 115
17 116
17 120
17 286
17 287
17 310
17 313
17 315
17 316
17 317
17 318
17 319
17 320
17 346
17 356
17 357
17 371
17 373
17 381
17 382
18 19
18 21
18 30
18 31
18 32
18 33
18 34
18 35
18 37
18 38
18 39
18 41
18 44
18 46
18 49
18 51
18 52
18 54
18 55
18 58
18 102
18 106
18 109
18 110
18 111
18 113
18 114
18 115
18 116
18 117
18 118
18 119
18 120
18 121
18 221
18 312
18 314
18 315
18 318
18 347
18 355
18 356
18 357
18 372
18 373
18 375
18 376
18 377
18 378
18 380
18 382
18 383
18 384
19 20
19 21
19 22
19 23
19 29
19 31
19 32
19 33
19 34
19 36
19 37
19 39
19 40
19 41
19 42
19 43
19 44
19 45
19 47
19 48
19 49
19 50
19 51
19 52
19 53
19 54
19 55
19 57
19 58
19 59
19 60
19 61
19 62
19 63
19 106
19 110
19 111
19 112
19 114
19 115
19 116
19 117
19 118
19 119
19 120
19 121
19 122
19 310
19 313
19 314
19 315
19 316
19 317
19 319
19 320
19 347
19 353
19 355
19 357
19 359
19 370
19 371
19 372
19 373
19 374
19 375
19 379
19 380
19 381
19 383
19 384
19 385
20 21
20 29
20 30
20 32
20 33
20 35
20 36
20 37
20 38
20 39
20 41
20 43
20 44
20 45
20 46
20 47
20 48
20 49
20 50
20 51
20 52
20 53
20 54
20 56
20 58
20 59
20 60
20 61
20 62
20 63
20 105
20 106
20 108
20 110
20 112
20 114
20 116
20 117
20 119
20 120
20 308
20 315
20 316
20 317
20 318
20 319
20 320
20 355
20 356
20 357
20 358
20 359
20 360
20 369
20 370
20 372
20 373
20 374
20 376
20 377
20 378
20 379
20 380
20 381
20 382
20 383
20 384
20 385
21 29
21 30
21 32
21 33
21 34
21 35
21 36
21 37
21 38
21 39
21 40
21 41
21 43
21 45
21 46
21 47
21 48
21 49
21 50
21 51
21 52
21 53
21 54
21 55
21 57
21 58
21 59
21 60
21 61
21 62
21 63
21 103
21 108
21 109
21 112
21 114
21 115
21 117
21 118
21 119
21 120
21 311
21 315
21 317
21 318
21 320
21 357
21 358
21 359
21 370
21 371
21 373
21 374
21 378
21 379
21 385
22 28
22 31
22 32
22 34
22 36
22 37
22 39
22 40
22 41
22 42
22 44
22 45
22 50
22 52
22 53
22 54
22 55
22 56
22 57
22 58
22 59
22 60
22 61
22 62
22 63
22 106
22 108
22 109
22 110
22 111
22 112
22 113
22 114
22 116
22 118
22 119
22 120
22 121
22 122
22 176
22 310
22 311
22 314
22 315
22 316
22 317
22 318
22 319
22 320
22 348
22 356
22 357
22 358
22 359
22 374
22 375
22 376
22 377
22 378
22 379
22 380
22 381
22 382
22 383
22 385
23 33
23 34
23 35
23 37
23 43
23 44
23 45
23 46
23 48
23 49
23 52
23 53
23 54
23 55
23 56
23 58
23 59
23 62
23 63
23 113
23 221
23 314
23 315
23 317
23 318
23 380
23 381
23 382
23 384
24 33
24 34
24 40
24 49
24 53
24 56
24 57
24 58
24 61
24 63
24 320
24 378
24 379
24 389
25 30
25 51
25 57
25 61
25 62
25 101
25 126
25 361
26 58
26 300
26 404
27 47
27 65
27 353
28 55
28 102
28 113
28 116
28 120
28 311
28 314
28 330
28 355
28 360
29 30
29 32
29 34
29 35
29 38
29 40
29 43
29 46
29 49
29 58
29 60
29 106
29 108
29 109
29 111
29 115
29 116
29 120
29 222
29 311
29 318
29 346
29 356
29 371
29 375
29 382
30 32
30 35
30 36
30 38
30 41
30 42
30 43
30 44
30 47
30 48
30 49
30 50
30 51
30 53
30 54
30 56
30 57
30 58
30 61
30 62
30 63
30 105
30 110
30 112
30 115
30 118
30 119
30 287
30 309
30 310
30 311
30 313
30 316
30 317
30 318
30 319
30 346
30 370
30 373
30 375
30 376
30 377
30 378
30 380
30 381
30 384
31 32
31 33
31 34
31 35
31 37
31 41
31 42
31 44
31 45
31 46
31 49
31 51
31 54
31 55
31 59
31 60
31 109
31 113
31 114
31 115
31 117
31 118
31 119
31 120
31 286
31 311
31 312
31 314
31 315
31 316
31 317
31 318
31 319
31 320
31 346
31 355
31 356
31 357
31 358
31 359
31 370
31 371
31 373
31 374
31 375
31 376
31 377
31 378
31 380
31 381
31 382
31 384
32 33
32 34
32 35
32 36
32 37
32 40
32 41
32 42
32 43
32 44
32 45
32 46
32 47
32 48
32 50
32 51
32 52
32 53
32 54
32 56
32 61
32 62
32 63
32 102
32 106
32 107
32 109
32 110
32 111
32 112
32 113
32 114
32 116
32 117
32 118
32 120
32 121
32 309
32 311
32 312
32 313
32 314
32 315
32 316
32 317
32 318
32 319
32 320
32 347
32 356
32 357
32 359
32 371
32 372
32 373
32 374
32 375
32 376
32 377
32 380
32 381
32 382
32 384
32 385
32 386
33 34
33 35
33 36
33 37
33 38
33 39
33 40
33 41
33 42
33 43
33 44
33 45
33 46
33 47
33 50
33 51
33 52
33 53
33 54
33 55
33 56
33 57
33 58
33 59
33 61
33 62
33 63
33 105
33 112
33 114
33 115
33 116
33 117
33 118
33 119
33 120
33 121
33 310
33 312
33 313
33 314
33 317
33 318
33 320
33 353
33 355
33 356
33 357
33 358
33 359
33 360
33 370
33 372
33 373
33 374
33 375
33 377
33 378
33 379
33 380
33 381
33 382
33 384
33 385
34 35
34 36
34 38
34 39
34 40
34 41
34 42
34 43
34 44
34 45
34 46
34 47
34 48
34 49
34 50
34 51
34 52
34 53
34 54
34 55
34 57
34 58
34 59
34 60
34 61
34 62
34 103
34 108
34 110
34 111
34 112
34 113
34 114
34 115
34 116
34 117
34 118
34 119
34 120
34 222
34 224
34 287
34 312
34 313
34 314
34 315
34 316
34 317
34 318
34 319
34 320
34 347
34 353
34 356
34 357
34 358
34 359
34 370
34 371
34 372
34 373
34 374
34 375
34 376
34 377
34 378
34 379
34 380
34 381
34 382
34 383
34 384
34 385
35 36
35 37
35 38
35 39
35 40
35 41
35 42
35 43
35 44
35 45
35 46
35 47
35 48
35 49
35 50
35 51
35 52
35 53
35 54
35 55
35 56
35 57
35 58
35 59
35 60
35 61
35 62
35 63
35 104
35 110
35 111
35 112
35 113
35 114
35 116
35 117
35 118
35 119
35 120
35 121
35 122
35 226
35 286
35 311
35 312
35 313
35 314
35 315
35 316
35 317
35 318
35 319
35 320
35 347
35 348
35 355
35 356
35 358
35 359
35 369
35 370
35 374
35 377
35 378
35 379
35 380
35 381
35 382
35 383
35 384
35 385
36 37
36 38
36 39
36 40
36 41
36 42
36 43
36 44
36 45
36 46
36 47
36 48
36 49
36 50
36 51
36 52
36 53
36 54
36 55
36 56
36 57
36 58
36 59
36 60
36 61
36 62
36 63
36 104
36 106
36 109
36 110
36 111
36 112
36 114
36 115
36 116
36 117
36 118
36 119
36 120
36 121
36 289
36 310
36 313
36 314
36 315
36 316
36 317
36 318
36 319
36 320
36 345
36 348
36 356
36 358
36 360
36 369
36 371
36 374
36 375
36 376
36 377
36 378
36 379
36 380
36 381
36 382
36 383
36 384
36 385
36 387
37 38
37 39
37 40
37 41
37 42
37 43
37 44
37 45
37 46
37 47
37 48
37 49
37 50
37 51
37 52
37 53
37 54
37 55
37 56
37 57
37 58
37 59
37 60
37 61
37 62
37 63
37 102
37 105
37 107
37 109
37 110
37 111
37 112
37 113
37 114
37 115
37 116
37 117
37 118
37 119
37 120
37 121
37 122
37 222
37 223
37 311
37 312
37 313
37 314
37 315
37 316
37 317
37 318
37 319
37 320
37 328
37 353
37 354
37 355
37 356
37 357
37 358
37 371
37 373
37 374
37 375
37 376
37 377
37 378
37 379
37 380
37 381
37 382
37 383
37 384
37 385
38 39
38 40
38 41
38 42
38 43
38 44
38 45
38 46
38 47
38 48
38 49
38 50
38 51
38 52
38 53
38 54
38 55
38 56
38 57
38 58
38 59
38 60
38 61
38 62
38 63
38 102
38 106
38 107
38 109
38 110
38 111
38 112
38 113
38 114
38 115
38 116
38 117
38 118
38 119
38 120
38 121
38 223
38 224
38 265
38 287
38 288
38 309
38 311
38 312
38 313
38 314
38 315
38 317
38 318
38 319
38 320
38 321
38 347
38 348
38 353
38 357
38 358
38 360
38 370
38 371
38 372
38 373
38 374
38 375
38 376
38 377
38 378
38 379
38 380
38 381
38 382
38 383
38 384
38 385
38 388
39 40
39 41
39 42
39 43
39 44
39 45
39 46
39 47
39 48
39 49
39 50
39 51
39 52
39 53
39 54
39 55
39 56
39 57
39 58
39 59
39 60
39 61
39 62
39 63
39 108
39 109
39 110
39 112
39 113
39 114
39 115
39 116
39 117
39 118
39 119
39 120
39 121
39 176
39 262
39 311
39 312
39 313
39 314
39 315
39 316
39 317
39 318
39 319
39 320
39 321
39 346
39 347
39 354
39 356
39 358
39 359
39 360
39 361
39 372
39 373
39 374
39 375
39 376
39 377
39 378
39 379
39 380
39 381
39 382
39 383
39 384
39 385
39 386
40 41
40 42
40 43
40 44
40 45
40 46
40 47
40 48
40 49
40 50
40 51
40 52
40 53
40 54
40 55
40 56
40 57
40 58
40 59
40 60
40 61
40 62
40 63
40 105
40 109
40 110
40 111
40 113
40 114
40 115
40 116
40 117
40 118
40 119
40 120
40 286
40 287
40 310
40 312
40 313
40 314
40 315
40 316
40 317
40 318
40 319
40 320
40 347
40 355
40 356
40 357
40 358
40 359
40 360
40 370
40 371
40 372
40 373
40 374
40 375
40 376
40 377
40 378
40 379
40 380
40 381
40 382
40 383
40 384
40 385
40 386
41 42
41 43
41 44
41 46
41 47
41 48
41 49
41 50
41 51
41 52
41 53
41 54
41 55
41 56
41 57
41 58
41 59
41 60
41 61
41 62
41 63
41 64
41 106
41 107
41 108
41 109
41 112
41 113
41 114
41 115
41 116
41 117
41 118
41 119
41 120
41 121
41 122
41 276
41 286
41 288
41 290
41 310
41 311
41 312
41 313
41 314
41 316
41 317
41 318
41 319
41 320
41 321
41 322
41 349
41 350
41 356
41 357
41 358
41 359
41 360
41 361
41 362
41 369
41 371
41 372
41 373
41 374
41 376
41 377
41 378
41 379
41 380
41 381
41 382
41 383
41 384
41 385
42 43
42 44
42 45
42 46
42 47
42 48
42 49
42 50
42 51
42 52
42 53
42 54
42 55
42 56
42 57
42 58
42 59
42 60
42 61
42 62
42 63
42 105
42 107
42 109
42 112
42 114
42 115
42 116
42 117
42 118
42 119
42 120
42 121
42 122
42 123
42 133
42 176
42 310
42 312
42 313
42 314
42 315
42 316
42 317
42 318
42 319
42 320
42 321
42 347
42 349
42 355
42 357
42 360
42 369
42 373
42 374
42 375
42 376
42 377
42 378
42 379
42 380
42 381
42 382
42 383
42 384
42 385
42 386
43 44
43 45
43 46
43 47
43 48
43 49
43 50
43 51
43 52
43 53
43 54
43 55
43 56
43 57
43 58
43 59
43 60
43 61
43 62
43 63
43 102
43 103
43 105
43 106
43 107
43 109
43 110
43 111
43 112
43 113
43 114
43 116
43 117
43 118
43 119
43 120
43 121
43 122
43 130
43 171
43 223
43 224
43 310
43 311
43 312
43 313
43 314
43 315
43 316
43 317
43 318
43 319
43 320
43 321
43 322
43 346
43 357
43 358
43 359
43 360
43 362
43 369
43 371
43 372
43 373
43 374
43 375
43 376
43 377
43 378
43 379
43 380
43 381
43 382
43 383
43 384
43 385
43 386
44 45
44 46
44 47
44 48
44 49
44 50
44 51
44 52
44 53
44 54
44 55
44 56
44 57
44 58
44 59
44 60
44 61
44 62
44 63
44 101
44 108
44 109
44 110
44 111
44 112
44 113
44 114
44 115
44 116
44 117
44 118
44 119
44 120
44 121
44 123
44 125
44 174
44 175
44 176
44 223
44 225
44 287
44 309
44 310
44 311
44 312
44 313
44 314
44 315
44 316
44 317
44 318
44 319
44 320
44 321
44 348
44 356
44 357
44 358
44 359
44 361
44 373
44 375
44 376
44 377
44 378
44 379
44 380
44 381
44 382
44 383
44 384
44 385
45 46
45 47
45 48
45 49
45 50
45 51
45 52
45 53
45 54
45 55
45 56
45 57
45 58
45 59
45 60
45 61
45 62
45 63
45 103
45 109
45 110
45 112
45 113
45 114
45 115
45 116
45 118
45 119
45 120
45 121
45 309
45 311
45 312
45 313
45 314
45 315
45 317
45 318
45 320
45 321
45 345
45 347
45 353
45 356
45 358
45 359
45 360
45 361
45 373
45 374
45 375
45 376
45 377
45 378
45 379
45 380
45 381
45 382
45 383
45 385
46 47
46 48
46 49
46 50
46 51
46 52
46 53
46 54
46 55
46 56
46 57
46 58
46 59
46 60
46 61
46 62
46 63
46 64
46 102
46 106
46 107
46 110
46 111
46 112
46 114
46 115
46 116
46 117
46 118
46 119
46 120
46 121
46 180
46 225
46 310
46 311
46 312
46 313
46 314
46 315
46 316
46 317
46 318
46 319
46 320
46 347
46 348
46 349
46 350
46 354
46 357
46 359
46 372
46 373
46 375
46 376
46 377
46 378
46 379
46 380
46 381
46 382
46 383
46 384
46 385
46 386
47 48
47 49
47 50
47 51
47 52
47 53
47 54
47 55
47 56
47 57
47 58
47 59
47 60
47 61
47 62
47 63
47 64
47 104
47 108
47 110
47 111
47 113
47 114
47 115
47 116
47 117
47 118
47 119
47 120
47 121
47 122
47 123
47 269
47 310
47 311
47 312
47 313
47 314
47 315
47 316
47 317
47 318
47 319
47 320
47 345
47 346
47 355
47 356
47 358
47 359
47 360
47 364
47 371
47 373
47 374
47 375
47 376
47 377
47 378
47 379
47 380
47 381
47 382
47 383
47 384
47 385
47 418
48 49
48 50
48 51
48 52
48 53
48 54
48 55
48 56
48 57
48 58
48 59
48 60
48 61
48 62
48 63
48 108
48 109
48 110
48 111
48 112
48 113
48 114
48 115
48 116
48 117
48 118
48 119
48 120
48 121
48 123
48 177
48 178
48 313
48 314
48 315
48 316
48 317
48 318
48 319
48 320
48 354
48 356
48 358
48 359
48 360
48 369
48 370
48 373
48 375
48 376
48 377
48 378
48 379
48 380
48 381
48 382
48 383
48 384
48 385
48 419
49 50
49 51
49 52
49 53
49 54
49 55
49 56
49 57
49 58
49 59
49 60
49 61
49 62
49 63
49 106
49 107
49 109
49 110
49 111
49 112
49 113
49 114
49 115
49 116
49 117
49 118
49 119
49 120
49 121
49 130
49 175
49 178
49 202
49 222
49 287
49 289
49 311
49 312
49 313
49 314
49 315
49 316
49 317
49 318
49 319
49 320
49 321
49 346
49 347
49 355
49 356
49 357
49 358
49 359
49 373
49 374
49 375
49 376
49 377
49 378
49 379
49 380
49 381
49 382
49 383
49 384
49 385
50 51
50 52
50 53
50 54
50 55
50 56
50 57
50 58
50 59
50 60
50 61
50 62
50 63
50 103
50 107
50 108
50 109
50 110
50 111
50 112
50 113
50 114
50 115
50 116
50 117
50 118
50 119
50 120
50 121
50 122
50 123
50 225
50 288
50 313
50 315
50 316
50 317
50 318
50 319
50 320
50 321
50 354
50 355
50 356
50 357
50 358
50 360
50 370
50 371
50 373
50 374
50 375
50 376
50 377
50 378
50 379
50 380
50 381
50 382
50 383
50 384
50 385
50 386
51 52
51 53
51 54
51 55
51 56
51 57
51 58
51 59
51 60
51 61
51 62
51 63
51 103
51 109
51 110
51 111
51 112
51 113
51 114
51 115
51 116
51 117
51 118
51 119
51 120
51 121
51 122
51 147
51 235
51 286
51 309
51 310
51 313
51 314
51 315
51 316
51 317
51 318
51 319
51 320
51 321
51 347
51 349
51 355
51 356
51 357
51 359
51 361
51 372
51 373
51 374
51 375
51 376
51 377
51 378
51 379
51 380
51 381
51 382
51 383
51 384
51 385
51 386
52 53
52 54
52 55
52 56
52 57
52 58
52 59
52 60
52 61
52 62
52 63
52 64
52 109
52 110
52 111
52 112
52 113
52 114
52 115
52 116
52 117
52 118
52 119
52 120
52 121
52 122
52 139
52 147
52 153
52 176
52 177
52 223
52 314
52 316
52 317
52 318
52 319
52 320
52 321
52 346
52 348
52 356
52 357
52 358
52 359
52 360
52 370
52 373
52 374
52 375
52 376
52 377
52 378
52 379
52 380
52 381
52 382
52 383
52 384
52 385
53 54
53 55
53 56
53 57
53 58
53 59
53 60
53 61
53 62
53 63
53 106
53 109
53 111
53 112
53 113
53 114
53 115
53 116
53 117
53 118
53 119
53 120
53 121
53 175
53 223
53 287
53 310
53 311
53 312
53 313
53 314
53 315
53 316
53 317
53 318
53 319
53 320
53 321
53 346
53 349
53 354
53 356
53 357
53 358
53 359
53 360
53 373
53 374
53 375
53 376
53 377
53 378
53 379
53 380
53 381
53 382
53 383
53 384
53 385
53 386
54 55
54 56
54 57
54 58
54 59
54 60
54 61
54 62
54 63
54 64
54 101
54 105
54 106
54 107
54 108
54 110
54 111
54 112
54 113
54 114
54 115
54 116
54 117
54 118
54 119
54 120
54 121
54 122
54 123
54 124
54 178
54 205
54 218
54 278
54 280
54 289
54 314
54 315
54 316
54 317
54 318
54 319
54 320
54 321
54 322
54 327
54 329
54 346
54 354
54 355
54 357
54 358
54 359
54 360
54 361
54 371
54 373
54 374
54 375
54 376
54 377
54 378
54 379
54 380
54 381
54 382
54 383
54 384
54 385
54 386
54 388
55 56
55 57
55 58
55 59
55 60
55 61
55 62
55 63
55 64
55 101
55 107
55 108
55 109
55 110
55 111
55 112
55 113
55 114
55 115
55 116
55 117
55 118
55 119
55 120
55 121
55 122
55 179
55 224
55 288
55 312
55 314
55 315
55 316
55 317
55 318
55 319
55 320
55 321
55 322
55 323
55 345
55 349
55 356
55 357
55 359
55 360
55 361
55 370
55 374
55 375
55 376
55 377
55 378
55 379
55 380
55 381
55 382
55 383
55 384
55 385
55 386
56 57
56 58
56 59
56 60
56 61
56 62
56 63
56 65
56 102
56 107
56 109
56 111
56 112
56 113
56 114
56 115
56 116
56 117
56 118
56 119
56 120
56 121
56 122
56 123
56 222
56 266
56 276
56 286
56 289
56 311
56 313
56 314
56 315
56 316
56 317
56 318
56 319
56 320
56 321
56 322
56 323
56 324
56 327
56 328
56 329
56 352
56 355
56 357
56 358
56 359
56 362
56 369
56 371
56 372
56 373
56 374
56 375
56 376
56 377
56 378
56 379
56 380
56 381
56 382
56 383
56 384
56 385
56 386
56 387
56 399
57 58
57 59
57 60
57 61
57 62
57 63
57 64
57 102
57 103
57 104
57 105
57 106
57 107
57 110
57 111
57 112
57 113
57 114
57 115
57 116
57 117
57 118
57 119
57 120
57 121
57 122
57 139
57 148
57 176
57 223
57 249
57 280
57 288
57 289
57 309
57 312
57 313
57 314
57 315
57 316
57 317
57 318
57 319
57 320
57 321
57 322
57 328
57 348
57 354
57 355
57 357
57 358
57 359
57 360
57 362
57 372
57 373
57 374
57 375
57 376
57 377
57 378
57 379
57 380
57 381
57 382
57 383
57 384
57 385
57 386
57 387
57 388
57 393
58 59
58 60
58 61
58 62
58 63
58 64
58 104
58 106
58 107
58 108
58 109
58 110
58 111
58 112
58 113
58 114
58 115
58 116
58 117
58 118
58 119
58 120
58 121
58 122
58 123
58 124
58 125
58 165
58 177
58 179
58 195
58 200
58 223
58 224
58 226
58 288
58 310
58 312
58 313
58 314
58 315
58 316
58 317
58 318
58 319
58 320
58 321
58 322
58 328
58 329
58 348
58 349
58 350
58 355
58 356
58 360
58 361
58 365
58 372
58 373
58 374
58 375
58 376
58 377
58 378
58 379
58 380
58 381
58 382
58 383
58 384
58 385
58 386
58 387
58 419
58 448
59 60
59 61
59 62
59 63
59 64
59 101
59 104
59 105
59 106
59 107
59 108
59 109
59 110
59 111
59 113
59 115
59 116
59 117
59 118
59 119
59 120
59 121
59 122
59 123
59 124
59 140
59 141
59 143
59 148
59 175
59 176
59 177
59 178
59 223
59 224
59 225
59 226
59 272
59 277
59 289
59 293
59 310
59 313
59 315
59 316
59 317
59 318
59 319
59 320
59 321
59 322
59 323
59 350
59 353
59 355
59 356
59 357
59 359
59 360
59 361
59 362
59 370
59 371
59 372
59 373
59 375
59 376
59 377
59 378
59 379
59 380
59 381
59 382
59 383
59 384
59 385
59 386
59 387
59 388
59 393
60 61
60 62
60 63
60 64
60 72
60 104
60 106
60 108
60 109
60 110
60 111
60 112
60 113
60 115
60 116
60 117
60 118
60 119
60 120
60 121
60 122
60 123
60 124
60 131
60 133
60 144
60 154
60 172
60 176
60 177
60 206
60 222
60 223
60 224
60 225
60 243
60 266
60 268
60 276
60 286
60 287
60 288
60 289
60 292
60 308
60 311
60 312
60 313
60 314
60 315
60 316
60 317
60 318
60 319
60 320
60 321
60 322
60 323
60 329
60 348
60 350
60 354
60 355
60 356
60 358
60 359
60 360
60 361
60 362
60 363
60 371
60 372
60 374
60 375
60 376
60 377
60 378
60 379
60 380
60 381
60 382
60 383
60 384
60 385
60 386
60 387
60 388
60 425
60 437
61 62
61 63
61 64
61 86
61 87
61 103
61 104
61 105
61 106
61 107
61 109
61 110
61 111
61 112
61 113
61 114
61 115
61 116
61 117
61 118
61 119
61 120
61 121
61 122
61 123
61 124
61 125
61 132
61 138
61 147
61 173
61 176
61 177
61 178
61 222
61 224
61 225
61 267
61 268
61 270
61 277
61 281
61 286
61 287
61 288
61 310
61 311
61 313
61 314
61 315
61 316
61 317
61 318
61 319
61 320
61 321
61 322
61 323
61 328
61 329
61 347
61 349
61 350
61 351
61 355
61 356
61 357
61 359
61 360
61 361
61 362
61 363
61 371
61 373
61 374
61 375
61 376
61 377
61 378
61 379
61 380
61 381
61 382
61 383
61 384
61 385
61 386
61 387
61 394
61 411
61 418
61 420
61 426
61 449
62 63
62 64
62 68
62 102
62 103
62 105
62 106
62 107
62 108
62 109
62 110
62 113
62 114
62 115
62 116
62 117
62 118
62 119
62 120
62 121
62 122
62 123
62 124
62 134
62 139
62 140
62 142
62 148
62 177
62 178
62 180
62 184
62 201
62 224
62 225
62 227
62 248
62 267
62 275
62 277
62 278
62 288
62 289
62 295
62 307
62 309
62 310
62 311
62 313
62 314
62 315
62 316
62 317
62 318
62 319
62 320
62 321
62 322
62 323
62 324
62 346
62 349
62 350
62 353
62 354
62 355
62 357
62 358
62 359
62 362
62 370
62 372
62 373
62 374
62 375
62 376
62 377
62 378
62 379
62 380
62 381
62 382
62 383
62 384
62 385
62 386
62 387
62 388
62 389
62 391
62 392
62 395
62 419
63 64
63 65
63 102
63 103
63 106
63 110
63 112
63 114
63 115
63 116
63 117
63 118
63 119
63 120
63 121
63 122
63 124
63 125
63 145
63 181
63 227
63 265
63 278
63 289
63 311
63 312
63 313
63 315
63 316
63 317
63 318
63 319
63 320
63 323
63 346
63 349
63 351
63 356
63 357
63 358
63 360
63 363
63 369
63 370
63 372
63 373
63 374
63 376
63 377
63 378
63 379
63 380
63 382
63 383
63 384
63 385
63 387
63 388
63 392
64 87
64 114
64 141
64 223
64 226
64 228
64 305
64 313
64 324
64 351
64 374
64 384
64 387
64 396
65 155
65 351
65 352
65 389
66 427
88 278
100 353
100 375
101 112
101 113
101 114
101 116
101 313
101 319
101 348
101 356
101 371
101 384
102 108
102 117
102 320
102 347
102 355
102 356
102 372
102 374
102 382
102 383
102 384
103 111
103 115
103 117
103 119
103 122
103 314
103 316
103 355
103 374
103 375
103 377
104 119
104 121
104 226
104 313
104 317
104 321
104 350
104 354
104 356
104 359
104 377
104 381
104 385
105 115
105 120
105 310
105 316
105 317
105 318
105 371
105 379
105 383
105 385
106 107
106 110
106 120
106 142
106 174
106 309
106 311
106 312
106 316
106 319
106 360
106 369
106 374
106 375
106 383
107 108
107 114
107 117
107 118
107 119
107 120
107 123
107 273
107 310
107 312
107 316
107 317
107 318
107 319
107 357
107 358
107 360
107 370
107 371
107 376
107 382
108 109
108 111
108 116
108 120
108 122
108 175
108 178
108 309
108 310
108 314
108 315
108 317
108 318
108 319
108 320
108 324
108 346
108 348
108 356
108 357
108 358
108 372
108 373
108 377
108 378
108 382
108 384
108 388
109 112
109 117
109 119
109 120
109 121
109 310
109 311
109 316
109 346
109 355
109 356
109 370
109 372
109 373
109 381
109 382
109 383
109 384
110 111
110 112
110 113
110 114
110 115
110 117
110 118
110 121
110 221
110 314
110 315
110 316
110 318
110 319
110 320
110 321
110 346
110 354
110 356
110 357
110 358
110 372
110 374
110 375
110 376
110 377
110 382
110 384
110 385
111 112
111 113
111 114
111 116
111 117
111 118
111 119
111 120
111 223
111 225
111 310
111 313
111 314
111 315
111 316
111 317
111 318
111 319
111 320
111 346
111 356
111 357
111 358
111 359
111 373
111 375
111 377
111 378
111 379
111 380
111 382
111 383
111 385
111 386
112 113
112 114
112 115
112 116
112 117
112 119
112 120
112 121
112 309
112 310
112 313
112 314
112 315
112 317
112 318
112 319
112 320
112 345
112 346
112 353
112 355
112 356
112 357
112 360
112 370
112 371
112 372
112 373
112 374
112 375
112 376
112 377
112 378
112 379
112 380
112 382
112 383
112 384
112 385
113 114
113 115
113 116
113 117
113 118
113 119
113 120
113 121
113 124
113 287
113 310
113 311
113 312
113 314
113 315
113 316
113 317
113 318
113 319
113 320
113 345
113 347
113 357
113 358
113 359
113 360
113 371
113 372
113 374
113 375
113 376
113 378
113 380
113 381
113 382
113 383
113 384
113 385
113 386
114 115
114 118
114 119
114 120
114 121
114 309
114 311
114 313
114 314
114 315
114 316
114 317
114 318
114 319
114 320
114 355
114 357
114 371
114 372
114 375
114 376
114 377
114 378
114 379
114 380
114 381
114 382
114 383
114 384
114 385
115 117
115 118
115 119
115 120
115 121
115 122
115 311
115 312
115 315
115 316
115 317
115 318
115 319
115 320
115 321
115 322
115 347
115 354
115 355
115 357
115 359
115 369
115 371
115 372
115 373
115 374
115 375
115 376
115 377
115 378
115 379
115 380
115 381
115 382
115 383
115 384
115 385
115 386
116 117
116 118
116 119
116 120
116 121
116 122
116 223
116 310
116 313
116 314
116 315
116 316
116 317
116 318
116 319
116 320
116 346
116 348
116 358
116 359
116 360
116 361
116 369
116 370
116 371
116 372
116 373
116 374
116 375
116 376
116 377
116 378
116 379
116 380
116 381
116 382
116 383
116 384
116 385
116 447
117 118
117 119
117 120
117 121
117 286
117 312
117 313
117 314
117 316
117 317
117 318
117 319
117 320
117 346
117 347
117 355
117 356
117 357
117 358
117 359
117 360
117 369
117 371
117 372
117 373
117 374
117 375
117 376
117 377
117 378
117 379
117 380
117 381
117 382
117 383
117 384
117 385
117 386
118 119
118 120
118 121
118 122
118 138
118 287
118 288
118 310
118 311
118 312
118 313
118 314
118 316
118 317
118 318
118 319
118 320
118 346
118 347
118 349
118 357
118 371
118 373
118 374
118 375
118 376
118 377
118 378
118 379
118 380
118 381
118 382
118 383
118 384
118 385
118 386
119 120
119 121
119 238
119 309
119 310
119 313
119 314
119 315
119 316
119 317
119 318
119 319
119 320
119 349
119 354
119 356
119 359
119 370
119 371
119 372
119 373
119 374
119 375
119 376
119 377
119 378
119 379
119 380
119 381
119 382
119 383
119 384
119 385
120 121
120 175
120 224
120 232
120 288
120 310
120 311
120 313
120 314
120 315
120 316
120 317
120 318
120 319
120 320
120 346
120 355
120 357
120 358
120 360
120 369
120 371
120 372
120 373
120 374
120 375
120 376
120 377
120 378
120 379
120 380
120 381
120 382
120 383
120 384
120 385
120 386
120 387
121 122
121 292
121 310
121 311
121 313
121 314
121 315
121 316
121 317
121 318
121 319
121 320
121 345
121 348
121 354
121 355
121 356
121 357
121 358
121 359
121 360
121 369
121 371
121 373
121 377
121 378
121 379
121 380
121 381
121 382
121 383
121 384
121 385
121 386
122 179
122 310
122 314
122 315
122 316
122 320
122 349
122 362
122 377
122 381
122 382
122 383
123 178
126 363
127 179
131 181
135 324
136 356
137 375
138 376
138 381
149 290
156 382
174 372
174 377
175 316
175 376
176 375
177 347
177 348
177 355
177 371
179 317
180 320
185 448
207 281
212 279
219 385
220 280
221 378
222 277
222 314
222 376
222 377
222 381
222 383
223 311
223 320
223 380
223 381
224 310
224 380
230 250
239 290
244 384
279 319
285 359
286 311
286 318
286 372
286 383
287 319
287 320
287 358
287 377
287 379
287 382
288 311
288 374
288 376
288 378
289 320
290 420
291 378
291 383
291 390
308 380
309 318
309 319
309 357
309 370
309 371
309 377
309 379
309 382
309 383
310 312
310 315
310 316
310 318
310 349
310 356
310 357
310 358
310 370
310 372
310 374
310 375
310 377
310 381
310 383
311 314
311 315
311 316
311 319
311 320
311 357
311 358
311 360
311 372
311 375
311 376
311 377
311 378
311 379
311 381
311 382
311 383
312 313
312 315
312 317
312 318
312 319
312 352
312 354
312 355
312 357
312 358
312 359
312 371
312 373
312 375
312 376
312 377
312 379
312 380
312 381
312 383
313 316
313 317
313 318
313 319
313 320
313 354
313 355
313 357
313 358
313 372
313 373
313 375
313 376
313 377
313 378
313 379
313 380
313 381
313 382
313 383
313 384
313 385
314 315
314 316
314 317
314 318
314 319
314 321
314 353
314 356
314 358
314 359
314 361
314 369
314 372
314 373
314 374
314 376
314 377
314 378
314 380
314 381
314 383
314 384
314 385
315 316
315 317
315 318
315 319
315 320
315 348
315 353
315 357
315 358
315 359
315 360
315 371
315 372
315 374
315 375
315 376
315 377
315 378
315 379
315 380
315 381
315 382
315 383
315 384
315 385
316 317
316 318
316 319
316 320
316 345
316 346
316 347
316 354
316 356
316 357
316 358
316 359
316 361
316 370
316 372
316 375
316 376
316 377
316 378
316 379
316 380
316 381
316 382
316 383
316 384
316 387
317 318
317 319
317 320
317 357
317 358
317 359
317 360
317 371
317 372
317 373
317 374
317 375
317 376
317 377
317 378
317 379
317 380
317 381
317 382
317 383
317 384
317 385
318 319
318 320
318 347
318 348
318 355
318 356
318 359
318 360
318 361
318 370
318 373
318 374
318 375
318 376
318 377
318 378
318 379
318 380
318 381
318 382
318 383
318 384
318 385
319 320
319 321
319 348
319 355
319 358
319 360
319 370
319 372
319 373
319 374
319 375
319 376
319 377
319 378
319 379
319 380
319 381
319 382
319 383
319 384
320 321
320 347
320 356
320 357
320 358
320 371
320 373
320 374
320 375
320 376
320 377
320 378
320 379
320 380
320 381
320 382
320 383
320 386
321 348
321 379
321 381
321 382
321 383
325 363
328 376
345 369
345 373
346 356
346 357
346 358
346 375
346 380
346 382
347 358
347 372
347 373
347 376
347 383
347 384
347 385
347 387
348 378
348 379
348 382
348 385
349 373
349 378
353 355
353 383
354 355
354 360
354 373
354 374
354 380
354 381
354 383
354 384
354 386
355 356
355 361
355 373
355 376
355 379
355 380
355 383
355 386
356 357
356 359
356 362
356 370
356 372
356 373
356 375
356 377
356 379
356 381
356 382
356 383
357 358
357 359
357 370
357 371
357 372
357 375
357 376
357 380
357 381
357 382
357 383
357 384
358 369
358 370
358 373
358 374
358 375
358 376
358 377
358 378
358 379
358 381
358 382
358 383
358 384
359 360
359 373
359 374
359 375
359 377
359 381
359 382
359 383
360 370
360 375
360 377
360 380
360 381
361 370
361 375
361 378
361 379
361 380
361 382
362 377
369 373
369 376
369 378
370 371
370 372
370 375
370 379
370 381
370 382
370 383
371 372
371 374
371 376
371 378
371 381
371 382
371 385
372 374
372 375
372 378
372 379
372 380
372 381
372 382
372 384
373 374
373 375
373 376
373 377
373 379
373 380
373 381
373 382
373 383
373 385
374 375
374 376
374 377
374 378
374 379
374 380
374 381
374 382
374 383
374 385
374 386
375 376
375 377
375 378
375 379
375 380
375 381
375 382
375 383
375 384
375 385
375 386
376 377
376 378
376 379
376 381
376 382
376 383
376 384
376 385
377 378
377 379
377 380
377 382
377 383
377 384
377 385
378 379
378 380
378 381
378 382
378 383
378 384
378 385
379 380
379 381
379 382
379 384
379 385
380 381
380 382
380 383
380 384
380 385
381 382
381 383
381 384
381 385
381 387
382 383
382 384
382 385
382 386
383 384
383 385
383 391
384 385
