1 2
1 6
1 9
1 11
1 15
1 25
1 26
1 34
1 81
1 89
1 94
1 168
1 277
1 282
1 284
1 290
1 306
1 345
1 351
1 355
1 360
2 3
2 8
2 19
2 23
2 27
2 28
2 29
2 30
2 40
2 71
2 75
2 79
2 80
2 81
2 85
2 90
2 100
2 102
2 124
2 125
2 127
2 128
2 129
2 170
2 174
2 175
2 178
2 179
2 279
2 286
2 287
2 288
2 292
2 294
2 301
2 303
2 304
2 307
2 309
2 345
2 353
2 355
2 356
2 360
2 362
2 365
2 370
2 372
3 4
3 5
3 6
3 7
3 8
3 13
3 15
3 16
3 20
3 22
3 24
3 28
3 31
3 33
3 36
3 39
3 40
3 41
3 73
3 76
3 77
3 84
3 90
3 94
3 97
3 99
3 102
3 119
3 121
3 122
3 123
3 124
3 130
3 176
3 179
3 184
3 185
3 188
3 277
3 278
3 279
3 281
3 283
3 284
3 286
3 289
3 291
3 293
3 301
3 302
3 304
3 305
3 306
3 307
3 342
3 343
3 347
3 348
3 350
3 351
3 353
3 356
3 362
3 364
3 365
3 366
3 369
3 372
4 5
4 7
4 8
4 9
4 10
4 13
4 14
4 15
4 16
4 18
4 23
4 25
4 26
4 28
4 29
4 31
4 32
4 33
4 39
4 73
4 75
4 77
4 79
4 80
4 83
4 86
4 87
4 89
4 90
4 91
4 93
4 97
4 98
4 99
4 101
4 120
4 121
4 124
4 125
4 169
4 172
4 173
4 177
4 179
4 180
4 185
4 277
4 279
4 280
4 281
4 282
4 283
4 284
4 285
4 287
4 288
4 289
4 292
4 293
4 294
4 304
4 306
4 308
4 310
4 349
4 353
4 355
4 362
4 363
4 365
4 368
5 9
5 10
5 12
5 13
5 17
5 18
5 22
5 23
5 24
5 27
5 28
5 30
5 37
5 39
5 74
5 75
5 77
5 79
5 83
5 84
5 85
5 87
5 88
5 89
5 90
5 91
5 94
5 96
5 97
5 98
5 118
5 119
5 120
5 121
5 124
5 126
5 127
5 128
5 130
5 168
5 171
5 172
5 174
5 175
5 178
5 181
5 276
5 277
5 278
5 280
5 288
5 289
5 291
5 294
5 302
5 304
5 307
5 309
5 342
5 344
5 345
5 346
5 347
5 349
5 352
5 353
5 356
5 362
5 363
5 364
5 365
5 366
5 368
5 369
5 370
5 371
6 8
6 9
6 10
6 11
6 12
6 15
6 17
6 18
6 20
6 23
6 24
6 26
6 28
6 30
6 33
6 35
6 36
6 37
6 38
6 39
6 40
6 41
6 73
6 75
6 76
6 77
6 79
6 81
6 82
6 84
6 85
6 86
6 87
6 89
6 90
6 92
6 93
6 94
6 96
6 98
6 101
6 102
6 117
6 119
6 121
6 122
6 123
6 125
6 126
6 128
6 129
6 170
6 172
6 173
6 174
6 175
6 176
6 177
6 179
6 180
6 183
6 184
6 279
6 281
6 287
6 288
6 291
6 293
6 295
6 302
6 303
6 306
6 307
6 308
6 309
6 345
6 347
6 348
6 351
6 352
6 353
6 355
6 356
6 358
6 362
6 364
6 367
6 369
6 370
7 9
7 10
7 12
7 13
7 14
7 15
7 17
7 18
7 19
7 23
7 24
7 25
7 26
7 27
7 28
7 29
7 30
7 31
7 32
7 33
7 34
7 37
7 38
7 39
7 74
7 76
7 77
7 78
7 79
7 82
7 84
7 85
7 87
7 88
7 92
7 93
7 94
7 95
7 96
7 97
7 99
7 100
7 101
7 102
7 103
7 117
7 118
7 119
7 125
7 127
7 129
7 170
7 177
7 178
7 179
7 180
7 181
7 182
7 185
7 280
7 283
7 284
7 287
7 288
7 290
7 291
7 292
7 293
7 303
7 306
7 307
7 309
7 310
7 341
7 342
7 343
7 345
7 346
7 348
7 351
7 353
7 354
7 355
7 356
7 358
7 362
7 363
7 365
7 366
7 367
7 368
7 369
7 371
7 372
8 9
8 10
8 11
8 12
8 13
8 14
8 16
8 17
8 18
8 20
8 21
8 22
8 23
8 24
8 25
8 26
8 28
8 30
8 32
8 33
8 34
8 35
8 36
8 37
8 38
8 39
8 40
8 41
8 72
8 73
8 74
8 76
8 77
8 78
8 79
8 80
8 82
8 84
8 85
8 86
8 87
8 88
8 90
8 91
8 92
8 93
8 95
8 97
8 98
8 100
8 101
8 102
8 103
8 119
8 120
8 121
8 122
8 123
8 124
8 125
8 126
8 128
8 129
8 130
8 131
8 172
8 174
8 175
8 176
8 177
8 179
8 180
8 182
8 184
8 185
8 277
8 281
8 283
8 284
8 285
8 287
8 288
8 289
8 290
8 291
8 292
8 293
8 304
8 305
8 306
8 308
8 309
8 310
8 341
8 342
8 345
8 347
8 349
8 350
8 351
8 353
8 354
8 356
8 357
8 358
8 359
8 360
8 362
8 365
8 366
8 367
8 368
8 369
8 371
8 372
9 10
9 11
9 12
9 14
9 15
9 17
9 18
9 21
9 22
9 25
9 28
9 29
9 30
9 32
9 33
9 34
9 35
9 36
9 37
9 38
9 40
9 41
9 75
9 76
9 78
9 80
9 81
9 82
9 83
9 84
9 85
9 86
9 87
9 88
9 89
9 90
9 91
9 92
9 93
9 94
9 95
9 96
9 97
9 98
9 99
9 100
9 101
9 102
9 103
9 104
9 123
9 125
9 126
9 127
9 128
9 129
9 130
9 171
9 173
9 174
9 175
9 176
9 177
9 178
9 179
9 180
9 181
9 182
9 183
9 184
9 185
9 279
9 280
9 281
9 283
9 284
9 285
9 286
9 288
9 289
9 290
9 291
9 292
9 293
9 305
9 306
9 307
9 308
9 340
9 342
9 343
9 346
9 352
9 353
9 354
9 357
9 358
9 361
9 363
9 366
9 367
9 368
9 369
9 370
9 372
10 12
10 13
10 14
10 15
10 18
10 19
10 20
10 21
10 22
10 23
10 24
10 25
10 26
10 27
10 29
10 30
10 31
10 33
10 34
10 35
10 36
10 37
10 38
10 39
10 40
10 41
10 42
10 72
10 74
10 79
10 80
10 81
10 82
10 83
10 84
10 85
10 86
10 87
10 89
10 90
10 91
10 92
10 93
10 94
10 95
10 96
10 98
10 99
10 100
10 101
10 102
10 103
10 120
10 123
10 124
10 125
10 126
10 127
10 128
10 129
10 130
10 132
10 153
10 173
10 175
10 176
10 177
10 178
10 179
10 181
10 182
10 184
10 277
10 278
10 281
10 282
10 283
10 284
10 285
10 286
10 288
10 289
10 290
10 291
10 292
10 293
10 294
10 305
10 307
10 308
10 309
10 310
10 343
10 344
10 345
10 346
10 347
10 350
10 351
10 352
10 353
10 355
10 356
10 357
10 358
10 359
10 360
10 361
10 362
10 363
10 364
10 365
10 366
10 367
10 368
10 369
10 370
10 371
10 372
10 373
10 375
11 12
11 13
11 14
11 17
11 20
11 21
11 23
11 24
11 25
11 26
11 27
11 28
11 29
11 30
11 31
11 32
11 33
11 34
11 35
11 36
11 38
11 40
11 41
11 43
11 75
11 77
11 78
11 79
11 80
11 81
11 82
11 83
11 84
11 85
11 86
11 87
11 88
11 89
11 90
11 92
11 93
11 95
11 96
11 97
11 98
11 99
11 100
11 101
11 102
11 103
11 117
11 119
11 122
11 123
11 124
11 125
11 126
11 127
11 128
11 129
11 130
11 168
11 170
11 174
11 175
11 177
11 178
11 179
11 180
11 182
11 183
11 184
11 185
11 186
11 258
11 278
11 280
11 281
11 282
11 283
11 284
11 285
11 288
11 289
11 291
11 292
11 294
11 305
11 306
11 309
11 311
11 344
11 346
11 347
11 349
11 350
11 352
11 353
11 354
11 355
11 356
11 357
11 358
11 359
11 360
11 361
11 362
11 363
11 364
11 365
11 366
11 367
11 368
11 369
11 370
11 371
11 372
11 373
12 13
12 14
12 16
12 18
12 20
12 21
12 22
12 23
12 24
12 25
12 26
12 27
12 28
12 29
12 30
12 31
12 32
12 33
12 34
12 35
12 36
12 37
12 38
12 39
12 40
12 41
12 57
12 73
12 74
12 75
12 78
12 79
12 80
12 82
12 83
12 84
12 85
12 86
12 87
12 88
12 89
12 90
12 91
12 92
12 93
12 94
12 96
12 97
12 98
12 99
12 100
12 101
12 102
12 119
12 120
12 122
12 124
12 125
12 127
12 128
12 129
12 172
12 175
12 176
12 177
12 178
12 179
12 180
12 181
12 182
12 183
12 281
12 283
12 284
12 285
12 286
12 287
12 288
12 289
12 290
12 291
12 292
12 294
12 301
12 304
12 306
12 307
12 308
12 309
12 310
12 342
12 344
12 345
12 346
12 348
12 349
12 350
12 351
12 352
12 353
12 354
12 356
12 357
12 358
12 359
12 360
12 361
12 362
12 363
12 364
12 365
12 366
12 368
12 369
12 370
12 371
12 372
12 373
13 14
13 16
13 17
13 19
13 20
13 22
13 23
13 24
13 25
13 26
13 27
13 28
13 29
13 30
13 31
13 32
13 33
13 34
13 35
13 36
13 37
13 38
13 39
13 41
13 42
13 76
13 80
13 82
13 83
13 84
13 85
13 86
13 87
13 88
13 89
13 90
13 91
13 92
13 93
13 94
13 95
13 96
13 97
13 98
13 99
13 101
13 102
13 103
13 118
13 119
13 121
13 122
13 123
13 124
13 125
13 126
13 127
13 128
13 130
13 132
13 174
13 175
13 176
13 177
13 178
13 179
13 180
13 181
13 182
13 183
13 184
13 185
13 259
13 276
13 280
13 282
13 283
13 284
13 285
13 286
13 287
13 288
13 289
13 290
13 291
13 292
13 293
13 296
13 303
13 306
13 308
13 310
13 343
13 344
13 345
13 347
13 348
13 349
13 350
13 351
13 352
13 353
13 354
13 356
13 357
13 358
13 359
13 360
13 361
13 362
13 363
13 364
13 365
13 366
13 367
13 368
13 369
13 370
13 371
13 372
13 373
14 15
14 16
14 17
14 18
14 19
14 20
14 21
14 22
14 23
14 24
14 27
14 28
14 30
14 33
14 34
14 35
14 36
14 37
14 38
14 39
14 40
14 41
14 43
14 72
14 77
14 79
14 80
14 81
14 82
14 83
14 84
14 85
14 86
14 87
14 88
14 89
14 90
14 91
14 93
14 95
14 96
14 97
14 99
14 100
14 101
14 102
14 121
14 124
14 125
14 126
14 127
14 128
14 129
14 130
14 171
14 172
14 174
14 175
14 176
14 177
14 179
14 180
14 181
14 182
14 183
14 279
14 282
14 284
14 285
14 288
14 289
14 290
14 291
14 292
14 293
14 294
14 300
14 304
14 305
14 306
14 309
14 310
14 343
14 344
14 345
14 346
14 347
14 348
14 349
14 350
14 351
14 352
14 353
14 354
14 355
14 356
14 357
14 358
14 359
14 360
14 362
14 363
14 364
14 365
14 366
14 367
14 369
14 370
14 371
14 372
14 373
14 375
15 17
15 18
15 21
15 23
15 25
15 26
15 27
15 30
15 31
15 32
15 33
15 34
15 35
15 36
15 41
15 74
15 75
15 76
15 77
15 79
15 83
15 84
15 85
15 86
15 87
15 89
15 91
15 92
15 96
15 97
15 98
15 99
15 100
15 101
15 102
15 103
15 119
15 123
15 125
15 126
15 127
15 128
15 130
15 131
15 169
15 171
15 174
15 175
15 180
15 181
15 183
15 184
15 277
15 284
15 285
15 286
15 290
15 291
15 292
15 299
15 304
15 306
15 307
15 309
15 310
15 345
15 347
15 352
15 354
15 355
15 357
15 358
15 359
15 360
15 362
15 363
15 365
15 366
15 367
15 368
15 369
15 370
15 371
15 372
15 430
16 17
16 18
16 21
16 26
16 28
16 37
16 38
16 41
16 42
16 72
16 73
16 76
16 77
16 78
16 80
16 81
16 82
16 83
16 85
16 88
16 90
16 95
16 96
16 97
16 100
16 101
16 103
16 118
16 121
16 122
16 123
16 124
16 128
16 129
16 169
16 170
16 172
16 173
16 175
16 176
16 178
16 179
16 180
16 182
16 184
16 186
16 276
16 280
16 281
16 282
16 284
16 286
16 287
16 288
16 289
16 290
16 291
16 292
16 294
16 304
16 307
16 309
16 341
16 345
16 347
16 349
16 350
16 351
16 353
16 354
16 355
16 358
16 365
16 366
16 367
16 368
16 369
16 370
16 371
16 372
17 18
17 20
17 21
17 22
17 23
17 24
17 25
17 27
17 28
17 29
17 30
17 33
17 34
17 35
17 36
17 37
17 38
17 40
17 41
17 74
17 75
17 80
17 82
17 83
17 84
17 87
17 88
17 89
17 92
17 93
17 94
17 96
17 97
17 98
17 101
17 102
17 103
17 118
17 120
17 123
17 124
17 125
17 174
17 175
17 177
17 183
17 279
17 282
17 284
17 285
17 286
17 287
17 288
17 290
17 293
17 303
17 307
17 344
17 345
17 346
17 347
17 348
17 349
17 350
17 352
17 355
17 356
17 358
17 359
17 361
17 363
17 365
17 366
17 367
17 368
17 369
17 370
17 371
18 19
18 20
18 21
18 22
18 23
18 25
18 27
18 28
18 29
18 30
18 31
18 33
18 34
18 37
18 39
18 40
18 41
18 75
18 79
18 80
18 81
18 83
18 84
18 85
18 86
18 87
18 88
18 89
18 90
18 91
18 92
18 93
18 94
18 95
18 97
18 99
18 101
18 102
18 103
18 120
18 121
18 123
18 124
18 127
18 128
18 129
18 130
18 131
18 168
18 169
18 172
18 173
18 175
18 177
18 178
18 180
18 181
18 182
18 183
18 184
18 186
18 278
18 280
18 283
18 284
18 286
18 287
18 288
18 289
18 291
18 292
18 303
18 305
18 306
18 307
18 309
18 310
18 344
18 345
18 346
18 347
18 349
18 350
18 351
18 352
18 353
18 355
18 356
18 358
18 361
18 363
18 364
18 365
18 368
18 369
18 370
18 372
19 21
19 22
19 23
19 25
19 26
19 27
19 28
19 29
19 30
19 31
19 32
19 34
19 35
19 36
19 37
19 38
19 71
19 72
19 76
19 78
19 80
19 81
19 82
19 83
19 84
19 86
19 87
19 88
19 89
19 92
19 93
19 94
19 95
19 96
19 99
19 100
19 101
19 102
19 103
19 118
19 119
19 120
19 123
19 125
19 128
19 171
19 172
19 176
19 177
19 179
19 180
19 181
19 183
19 184
19 185
19 186
19 262
19 278
19 279
19 286
19 291
19 292
19 293
19 302
19 306
19 307
19 308
19 309
19 310
19 345
19 346
19 349
19 350
19 351
19 352
19 353
19 354
19 355
19 356
19 357
19 359
19 360
19 361
19 362
19 363
19 364
19 365
19 366
19 367
19 368
19 369
19 370
19 372
19 373
20 21
20 22
20 23
20 24
20 25
20 26
20 29
20 30
20 31
20 32
20 33
20 35
20 36
20 38
20 40
20 41
20 42
20 75
20 76
20 77
20 79
20 80
20 82
20 83
20 85
20 86
20 87
20 88
20 89
20 90
20 91
20 92
20 93
20 95
20 96
20 97
20 98
20 99
20 100
20 101
20 102
20 120
20 122
20 123
20 124
20 126
20 127
20 128
20 129
20 130
20 171
20 173
20 175
20 176
20 177
20 178
20 179
20 180
20 181
20 183
20 184
20 185
20 277
20 279
20 280
20 281
20 284
20 285
20 286
20 287
20 288
20 289
20 290
20 291
20 293
20 294
20 298
20 302
20 303
20 304
20 308
20 310
20 344
20 346
20 347
20 348
20 349
20 350
20 351
20 352
20 353
20 354
20 355
20 356
20 357
20 358
20 359
20 361
20 362
20 365
20 366
20 367
20 369
20 370
20 371
20 372
20 373
21 23
21 24
21 25
21 26
21 27
21 28
21 29
21 30
21 33
21 34
21 36
21 37
21 38
21 40
21 41
21 58
21 73
21 76
21 77
21 78
21 80
21 81
21 82
21 83
21 84
21 86
21 87
21 89
21 90
21 93
21 95
21 96
21 99
21 100
21 101
21 102
21 103
21 107
21 121
21 122
21 123
21 124
21 125
21 128
21 129
21 130
21 173
21 174
21 175
21 176
21 177
21 178
21 179
21 180
21 181
21 182
21 183
21 184
21 185
21 276
21 278
21 280
21 282
21 283
21 284
21 285
21 286
21 287
21 289
21 290
21 291
21 292
21 293
21 302
21 303
21 305
21 306
21 307
21 308
21 309
21 311
21 341
21 345
21 348
21 349
21 350
21 351
21 352
21 353
21 358
21 359
21 360
21 361
21 362
21 365
21 366
21 367
21 368
21 369
21 371
21 372
22 23
22 24
22 25
22 26
22 27
22 28
22 29
22 30
22 31
22 33
22 34
22 35
22 36
22 37
22 38
22 40
22 41
22 42
22 70
22 72
22 75
22 76
22 77
22 78
22 79
22 80
22 81
22 82
22 83
22 84
22 86
22 87
22 88
22 89
22 90
22 91
22 92
22 93
22 94
22 95
22 96
22 97
22 99
22 100
22 101
22 102
22 103
22 104
22 122
22 123
22 124
22 125
22 126
22 127
22 128
22 129
22 170
22 171
22 173
22 174
22 175
22 176
22 180
22 181
22 182
22 184
22 185
22 277
22 280
22 281
22 282
22 283
22 284
22 285
22 286
22 287
22 288
22 289
22 290
22 291
22 292
22 293
22 295
22 300
22 301
22 302
22 305
22 306
22 307
22 309
22 310
22 340
22 344
22 345
22 347
22 348
22 349
22 350
22 351
22 352
22 353
22 354
22 356
22 357
22 358
22 359
22 360
22 361
22 363
22 364
22 365
22 366
22 367
22 368
22 369
22 370
22 371
23 24
23 25
23 26
23 27
23 28
23 30
23 31
23 32
23 33
23 34
23 35
23 36
23 37
23 38
23 40
23 41
23 42
23 75
23 76
23 77
23 78
23 79
23 80
23 81
23 82
23 83
23 84
23 86
23 87
23 88
23 89
23 91
23 92
23 93
23 94
23 95
23 96
23 97
23 98
23 101
23 102
23 103
23 122
23 123
23 125
23 126
23 127
23 128
23 129
23 168
23 169
23 171
23 172
23 175
23 176
23 177
23 178
23 179
23 181
23 182
23 183
23 184
23 185
23 278
23 282
23 283
23 284
23 285
23 286
23 287
23 288
23 290
23 291
23 292
23 293
23 294
23 302
23 303
23 304
23 305
23 306
23 307
23 308
23 309
23 310
23 311
23 342
23 344
23 345
23 347
23 348
23 351
23 352
23 353
23 354
23 355
23 356
23 357
23 358
23 359
23 361
23 362
23 363
23 364
23 365
23 366
23 367
23 368
23 369
23 370
23 371
24 25
24 26
24 27
24 28
24 30
24 31
24 32
24 35
24 36
24 37
24 38
24 39
24 41
24 74
24 76
24 77
24 78
24 79
24 80
24 81
24 82
24 83
24 84
24 85
24 86
24 87
24 88
24 89
24 90
24 91
24 92
24 93
24 94
24 95
24 96
24 97
24 98
24 100
24 101
24 102
24 103
24 120
24 122
24 123
24 124
24 125
24 126
24 127
24 128
24 129
24 130
24 171
24 174
24 175
24 176
24 177
24 179
24 180
24 181
24 182
24 183
24 184
24 185
24 274
24 279
24 280
24 281
24 282
24 283
24 284
24 285
24 286
24 287
24 288
24 289
24 290
24 291
24 292
24 293
24 294
24 302
24 303
24 305
24 306
24 307
24 308
24 309
24 310
24 311
24 341
24 345
24 346
24 347
24 348
24 349
24 350
24 351
24 352
24 353
24 354
24 355
24 356
24 357
24 358
24 359
24 360
24 361
24 362
24 363
24 364
24 365
24 366
24 367
24 368
24 369
24 370
24 371
24 372
24 373
25 26
25 27
25 28
25 29
25 31
25 32
25 33
25 34
25 35
25 36
25 37
25 38
25 39
25 40
25 41
25 74
25 76
25 77
25 78
25 80
25 81
25 82
25 83
25 84
25 85
25 86
25 87
25 88
25 89
25 90
25 91
25 92
25 93
25 94
25 95
25 96
25 97
25 98
25 99
25 100
25 101
25 102
25 103
25 121
25 122
25 123
25 124
25 125
25 127
25 128
25 129
25 168
25 171
25 172
25 174
25 176
25 177
25 178
25 179
25 180
25 181
25 182
25 183
25 184
25 278
25 279
25 282
25 283
25 284
25 285
25 286
25 288
25 289
25 290
25 291
25 292
25 293
25 294
25 295
25 306
25 307
25 308
25 309
25 310
25 341
25 345
25 347
25 350
25 351
25 352
25 353
25 354
25 355
25 356
25 357
25 358
25 359
25 360
25 361
25 362
25 363
25 364
25 365
25 366
25 367
25 368
25 369
25 370
25 371
25 372
25 373
26 27
26 28
26 30
26 31
26 32
26 33
26 34
26 35
26 36
26 37
26 38
26 39
26 40
26 41
26 42
26 76
26 77
26 81
26 82
26 83
26 84
26 85
26 86
26 87
26 88
26 89
26 90
26 91
26 92
26 93
26 94
26 97
26 98
26 99
26 100
26 101
26 102
26 103
26 104
26 120
26 122
26 123
26 125
26 126
26 127
26 128
26 129
26 130
26 169
26 170
26 171
26 174
26 176
26 177
26 178
26 180
26 181
26 182
26 183
26 184
26 185
26 225
26 277
26 278
26 279
26 280
26 281
26 282
26 285
26 286
26 288
26 289
26 290
26 291
26 292
26 293
26 294
26 301
26 302
26 304
26 307
26 310
26 311
26 342
26 346
26 348
26 349
26 350
26 351
26 352
26 353
26 354
26 355
26 356
26 357
26 358
26 359
26 360
26 361
26 362
26 363
26 364
26 365
26 366
26 367
26 368
26 369
26 370
26 371
26 372
27 28
27 29
27 30
27 31
27 32
27 33
27 34
27 35
27 36
27 37
27 38
27 39
27 40
27 78
27 79
27 81
27 82
27 83
27 84
27 85
27 86
27 88
27 89
27 90
27 91
27 92
27 93
27 94
27 95
27 96
27 97
27 98
27 99
27 100
27 101
27 102
27 103
27 104
27 124
27 125
27 126
27 127
27 128
27 130
27 168
27 169
27 172
27 173
27 174
27 176
27 177
27 178
27 179
27 180
27 181
27 182
27 183
27 184
27 185
27 186
27 282
27 283
27 285
27 286
27 287
27 288
27 289
27 290
27 291
27 292
27 293
27 294
27 295
27 305
27 309
27 310
27 341
27 343
27 346
27 347
27 348
27 350
27 351
27 352
27 353
27 354
27 355
27 356
27 357
27 358
27 359
27 360
27 361
27 362
27 363
27 364
27 365
27 366
27 367
27 368
27 369
27 370
27 371
27 372
27 373
27 393
28 30
28 31
28 32
28 33
28 34
28 36
28 37
28 38
28 39
28 40
28 41
28 53
28 76
28 77
28 78
28 79
28 80
28 82
28 83
28 84
28 85
28 87
28 88
28 89
28 90
28 91
28 92
28 93
28 94
28 95
28 96
28 97
28 98
28 99
28 100
28 101
28 102
28 103
28 117
28 120
28 121
28 122
28 123
28 124
28 125
28 126
28 127
28 128
28 129
28 130
28 171
28 174
28 176
28 178
28 179
28 181
28 182
28 184
28 280
28 281
28 282
28 284
28 285
28 286
28 287
28 288
28 290
28 291
28 292
28 293
28 294
28 302
28 303
28 308
28 309
28 310
28 342
28 344
28 346
28 347
28 349
28 351
28 352
28 353
28 354
28 355
28 356
28 357
28 358
28 359
28 361
28 362
28 363
28 364
28 365
28 366
28 367
28 368
28 369
28 370
28 371
28 372
28 374
29 30
29 32
29 33
29 34
29 35
29 36
29 37
29 38
29 39
29 41
29 73
29 76
29 79
29 80
29 81
29 82
29 84
29 85
29 86
29 87
29 88
29 89
29 90
29 91
29 92
29 93
29 94
29 95
29 96
29 97
29 98
29 99
29 100
29 101
29 102
29 103
29 119
29 121
29 122
29 124
29 125
29 126
29 127
29 128
29 129
29 130
29 131
29 170
29 171
29 173
29 177
29 179
29 180
29 181
29 182
29 183
29 184
29 185
29 186
29 203
29 279
29 282
29 283
29 284
29 287
29 288
29 289
29 290
29 291
29 292
29 293
29 294
29 295
29 305
29 306
29 307
29 309
29 344
29 346
29 348
29 349
29 350
29 351
29 352
29 353
29 355
29 356
29 357
29 358
29 359
29 360
29 361
29 362
29 363
29 364
29 365
29 366
29 367
29 368
29 369
29 370
29 371
29 372
29 373
29 430
30 31
30 32
30 33
30 34
30 35
30 36
30 37
30 38
30 40
30 41
30 73
30 74
30 76
30 77
30 79
30 81
30 82
30 84
30 85
30 86
30 87
30 88
30 89
30 90
30 91
30 92
30 93
30 94
30 95
30 96
30 97
30 98
30 99
30 100
30 101
30 103
30 104
30 118
30 120
30 121
30 122
30 123
30 124
30 125
30 126
30 127
30 128
30 129
30 130
30 168
30 170
30 172
30 176
30 178
30 179
30 181
30 182
30 183
30 260
30 279
30 281
30 282
30 283
30 284
30 285
30 286
30 287
30 288
30 289
30 290
30 291
30 292
30 293
30 294
30 301
30 304
30 307
30 308
30 309
30 310
30 343
30 345
30 346
30 348
30 349
30 350
30 351
30 352
30 353
30 354
30 355
30 356
30 357
30 358
30 359
30 360
30 361
30 362
30 363
30 364
30 365
30 366
30 367
30 368
30 369
30 370
30 371
30 372
30 373
31 32
31 33
31 34
31 35
31 36
31 37
31 38
31 39
31 41
31 57
31 75
31 76
31 78
31 79
31 81
31 82
31 83
31 85
31 86
31 87
31 88
31 90
31 91
31 92
31 93
31 94
31 95
31 96
31 97
31 98
31 99
31 100
31 101
31 102
31 103
31 116
31 118
31 120
31 121
31 122
31 123
31 125
31 127
31 128
31 129
31 130
31 167
31 172
31 174
31 175
31 176
31 177
31 178
31 179
31 180
31 181
31 182
31 183
31 184
31 185
31 279
31 281
31 282
31 283
31 284
31 285
31 286
31 287
31 288
31 289
31 290
31 291
31 292
31 293
31 294
31 307
31 309
31 310
31 345
31 348
31 349
31 350
31 351
31 352
31 353
31 355
31 356
31 357
31 358
31 359
31 360
31 361
31 362
31 364
31 365
31 366
31 367
31 368
31 369
31 370
31 371
31 372
31 373
32 33
32 34
32 35
32 36
32 37
32 38
32 40
32 41
32 60
32 74
32 78
32 80
32 81
32 82
32 83
32 84
32 85
32 86
32 87
32 88
32 89
32 90
32 91
32 92
32 93
32 94
32 95
32 96
32 97
32 99
32 100
32 101
32 102
32 103
32 116
32 118
32 119
32 120
32 122
32 123
32 124
32 126
32 128
32 129
32 130
32 169
32 172
32 173
32 174
32 175
32 176
32 178
32 179
32 180
32 181
32 182
32 183
32 184
32 270
32 275
32 277
32 282
32 283
32 284
32 285
32 286
32 287
32 288
32 289
32 290
32 291
32 292
32 294
32 295
32 301
32 305
32 306
32 307
32 308
32 309
32 310
32 312
32 345
32 346
32 349
32 350
32 351
32 352
32 353
32 354
32 355
32 356
32 357
32 358
32 359
32 360
32 361
32 362
32 363
32 364
32 365
32 366
32 367
32 368
32 370
32 371
32 372
33 34
33 35
33 36
33 37
33 38
33 39
33 40
33 41
33 42
33 45
33 73
33 75
33 78
33 79
33 80
33 82
33 83
33 84
33 85
33 86
33 87
33 88
33 89
33 90
33 91
33 92
33 94
33 95
33 96
33 97
33 98
33 99
33 101
33 102
33 103
33 119
33 123
33 124
33 125
33 126
33 127
33 128
33 129
33 130
33 131
33 171
33 172
33 173
33 176
33 177
33 178
33 180
33 181
33 182
33 183
33 185
33 278
33 279
33 280
33 282
33 283
33 284
33 285
33 286
33 287
33 288
33 289
33 290
33 291
33 292
33 294
33 345
33 349
33 350
33 351
33 352
33 353
33 354
33 355
33 356
33 357
33 358
33 359
33 360
33 361
33 362
33 363
33 364
33 365
33 366
33 367
33 368
33 369
33 370
33 371
33 372
33 375
34 35
34 36
34 37
34 38
34 39
34 40
34 74
34 76
34 78
34 79
34 80
34 83
34 84
34 85
34 86
34 87
34 88
34 89
34 90
34 91
34 92
34 93
34 94
34 95
34 96
34 97
34 98
34 99
34 100
34 101
34 102
34 103
34 121
34 122
34 123
34 124
34 125
34 126
34 127
34 128
34 129
34 130
34 131
34 132
34 168
34 169
34 171
34 173
34 174
34 175
34 176
34 178
34 179
34 180
34 183
34 184
34 185
34 278
34 279
34 282
34 283
34 284
34 285
34 286
34 287
34 288
34 289
34 290
34 291
34 292
34 293
34 294
34 295
34 303
34 304
34 305
34 307
34 308
34 309
34 341
34 344
34 345
34 346
34 347
34 348
34 349
34 351
34 352
34 353
34 354
34 355
34 356
34 357
34 358
34 359
34 360
34 361
34 362
34 363
34 364
34 365
34 366
34 367
34 368
34 369
34 370
34 371
34 372
35 36
35 37
35 38
35 39
35 40
35 41
35 71
35 72
35 77
35 78
35 79
35 80
35 81
35 83
35 84
35 85
35 86
35 87
35 88
35 89
35 90
35 91
35 92
35 93
35 94
35 95
35 96
35 97
35 98
35 99
35 100
35 101
35 102
35 103
35 104
35 121
35 123
35 124
35 125
35 126
35 127
35 128
35 129
35 130
35 170
35 171
35 174
35 176
35 177
35 180
35 181
35 182
35 183
35 184
35 185
35 186
35 276
35 277
35 279
35 281
35 283
35 284
35 285
35 286
35 287
35 288
35 289
35 290
35 291
35 292
35 293
35 294
35 295
35 303
35 306
35 307
35 308
35 309
35 344
35 345
35 346
35 347
35 348
35 350
35 351
35 352
35 353
35 354
35 355
35 356
35 357
35 358
35 359
35 360
35 361
35 362
35 363
35 364
35 365
35 366
35 367
35 368
35 369
35 370
35 371
35 372
35 373
36 37
36 38
36 40
36 41
36 42
36 75
36 76
36 77
36 78
36 80
36 81
36 82
36 83
36 84
36 85
36 86
36 87
36 88
36 89
36 90
36 91
36 92
36 93
36 94
36 95
36 96
36 97
36 98
36 99
36 100
36 101
36 102
36 118
36 119
36 122
36 123
36 125
36 128
36 129
36 130
36 131
36 132
36 171
36 172
36 173
36 176
36 177
36 178
36 179
36 181
36 182
36 183
36 184
36 185
36 187
36 277
36 279
36 280
36 281
36 282
36 284
36 285
36 286
36 287
36 288
36 289
36 290
36 291
36 292
36 293
36 294
36 308
36 309
36 310
36 343
36 344
36 345
36 348
36 349
36 350
36 351
36 352
36 353
36 354
36 355
36 356
36 357
36 358
36 359
36 360
36 361
36 362
36 363
36 364
36 365
36 366
36 367
36 368
36 369
36 370
36 371
36 372
36 373
37 38
37 39
37 40
37 41
37 42
37 43
37 72
37 75
37 77
37 78
37 79
37 80
37 81
37 82
37 83
37 84
37 85
37 86
37 87
37 88
37 89
37 90
37 91
37 92
37 93
37 94
37 95
37 97
37 98
37 99
37 100
37 101
37 102
37 103
37 118
37 120
37 121
37 122
37 123
37 124
37 125
37 126
37 127
37 128
37 129
37 130
37 131
37 168
37 171
37 175
37 176
37 177
37 178
37 179
37 180
37 182
37 183
37 184
37 185
37 281
37 282
37 283
37 284
37 285
37 286
37 287
37 288
37 289
37 290
37 291
37 292
37 293
37 294
37 295
37 302
37 304
37 305
37 306
37 308
37 309
37 310
37 344
37 345
37 347
37 348
37 349
37 350
37 351
37 352
37 353
37 354
37 355
37 356
37 357
37 358
37 359
37 360
37 361
37 362
37 363
37 364
37 365
37 366
37 367
37 368
37 369
37 370
37 371
37 372
37 373
38 39
38 40
38 41
38 67
38 72
38 73
38 76
38 77
38 78
38 79
38 80
38 81
38 82
38 83
38 84
38 85
38 86
38 87
38 88
38 89
38 90
38 91
38 92
38 93
38 94
38 95
38 96
38 97
38 98
38 99
38 100
38 101
38 103
38 104
38 121
38 122
38 123
38 124
38 125
38 126
38 127
38 128
38 129
38 130
38 131
38 170
38 171
38 172
38 175
38 177
38 178
38 179
38 180
38 181
38 182
38 183
38 184
38 185
38 186
38 205
38 276
38 277
38 279
38 280
38 281
38 282
38 283
38 284
38 286
38 287
38 288
38 289
38 290
38 291
38 292
38 293
38 294
38 296
38 306
38 307
38 309
38 310
38 343
38 346
38 349
38 350
38 351
38 352
38 353
38 354
38 355
38 356
38 357
38 358
38 359
38 360
38 361
38 362
38 363
38 364
38 365
38 366
38 367
38 368
38 369
38 370
38 371
38 372
38 373
39 40
39 41
39 42
39 43
39 54
39 62
39 73
39 76
39 78
39 79
39 80
39 81
39 82
39 83
39 84
39 85
39 86
39 87
39 88
39 89
39 90
39 91
39 92
39 93
39 94
39 95
39 96
39 97
39 98
39 99
39 100
39 101
39 102
39 103
39 119
39 121
39 122
39 123
39 125
39 126
39 127
39 128
39 129
39 130
39 169
39 173
39 175
39 176
39 178
39 179
39 180
39 181
39 182
39 183
39 184
39 185
39 278
39 280
39 281
39 282
39 283
39 284
39 285
39 286
39 287
39 288
39 289
39 290
39 291
39 293
39 294
39 295
39 301
39 303
39 306
39 307
39 308
39 309
39 310
39 344
39 347
39 348
39 350
39 351
39 352
39 353
39 354
39 355
39 356
39 357
39 358
39 359
39 360
39 361
39 362
39 363
39 364
39 365
39 366
39 367
39 368
39 369
39 370
39 371
39 372
39 373
40 41
40 42
40 73
40 77
40 78
40 79
40 80
40 81
40 82
40 83
40 84
40 85
40 86
40 87
40 88
40 89
40 90
40 91
40 92
40 93
40 94
40 95
40 96
40 97
40 98
40 99
40 100
40 101
40 102
40 103
40 114
40 119
40 121
40 122
40 123
40 124
40 125
40 126
40 127
40 128
40 129
40 130
40 171
40 173
40 174
40 175
40 176
40 177
40 178
40 180
40 181
40 182
40 183
40 184
40 185
40 269
40 277
40 280
40 282
40 283
40 284
40 285
40 286
40 287
40 288
40 289
40 290
40 291
40 292
40 293
40 294
40 304
40 306
40 308
40 309
40 344
40 346
40 347
40 348
40 349
40 350
40 351
40 352
40 353
40 354
40 355
40 356
40 357
40 358
40 359
40 360
40 361
40 362
40 363
40 364
40 365
40 366
40 367
40 368
40 369
40 370
40 371
40 372
40 373
41 42
41 44
41 76
41 77
41 78
41 80
41 81
41 82
41 83
41 84
41 85
41 86
41 87
41 88
41 89
41 90
41 91
41 92
41 93
41 94
41 95
41 96
41 97
41 98
41 99
41 100
41 101
41 102
41 103
41 119
41 120
41 121
41 122
41 123
41 124
41 126
41 127
41 128
41 129
41 130
41 131
41 132
41 173
41 176
41 177
41 178
41 179
41 180
41 181
41 182
41 183
41 184
41 185
41 187
41 279
41 280
41 281
41 283
41 284
41 285
41 286
41 287
41 288
41 289
41 290
41 291
41 292
41 294
41 303
41 307
41 308
41 309
41 310
41 343
41 346
41 347
41 348
41 349
41 350
41 351
41 352
41 353
41 354
41 356
41 357
41 358
41 359
41 360
41 361
41 362
41 363
41 364
41 365
41 366
41 367
41 368
41 369
41 370
41 371
41 372
41 374
42 74
42 77
42 85
42 89
42 90
42 91
42 92
42 94
42 95
42 96
42 97
42 98
42 99
42 100
42 101
42 104
42 120
42 124
42 128
42 169
42 175
42 178
42 182
42 183
42 275
42 278
42 280
42 282
42 285
42 286
42 288
42 291
42 292
42 308
42 309
42 311
42 312
42 350
42 351
42 360
42 361
42 362
42 363
42 364
42 365
42 366
42 367
42 368
42 369
42 370
42 371
42 372
43 86
43 93
43 95
43 126
43 363
43 364
43 365
43 366
43 367
43 369
43 370
43 371
43 372
43 373
44 368
44 369
44 370
44 372
44 373
45 95
45 370
46 376
49 365
49 366
49 371
50 119
50 368
51 96
51 363
52 102
52 181
52 362
53 88
53 367
53 372
54 364
54 368
54 370
54 371
55 368
55 371
55 372
55 373
56 78
56 282
56 289
56 347
56 368
56 369
57 176
57 179
57 305
57 355
57 359
57 368
57 369
57 372
58 129
58 285
58 364
58 368
58 370
58 372
58 373
59 122
59 261
59 322
59 361
59 368
60 434
64 127
65 92
65 304
65 364
65 365
65 371
66 358
66 361
66 364
66 367
66 369
67 94
67 366
67 369
67 370
68 366
68 367
68 374
69 364
70 367
70 368
70 371
71 94
71 172
71 365
71 369
71 370
72 79
72 83
72 86
72 90
72 94
72 102
72 119
72 123
72 125
72 171
72 175
72 179
72 182
72 279
72 286
72 288
72 305
72 306
72 309
72 341
72 343
72 348
72 350
72 364
73 76
73 77
73 82
73 83
73 84
73 89
73 93
73 96
73 98
73 99
73 101
73 103
73 118
73 119
73 120
73 121
73 122
73 129
73 130
73 169
73 171
73 177
73 181
73 183
73 276
73 277
73 279
73 285
73 288
73 292
73 294
73 305
73 306
73 309
73 341
73 345
73 349
73 354
73 359
73 366
73 370
74 79
74 85
74 86
74 90
74 95
74 96
74 99
74 122
74 125
74 126
74 127
74 131
74 171
74 172
74 174
74 177
74 178
74 183
74 184
74 277
74 278
74 279
74 280
74 282
74 285
74 290
74 291
74 293
74 294
74 303
74 305
74 308
74 309
74 343
74 344
74 345
74 346
74 349
74 351
74 354
74 355
74 356
74 358
74 361
74 362
74 363
74 365
74 366
75 76
75 79
75 82
75 84
75 86
75 87
75 88
75 90
75 95
75 96
75 97
75 102
75 103
75 117
75 126
75 168
75 172
75 173
75 174
75 175
75 177
75 178
75 182
75 279
75 280
75 282
75 285
75 292
75 303
75 305
75 306
75 307
75 308
75 310
75 344
75 345
75 353
75 354
75 355
75 356
75 359
75 361
75 362
75 363
75 365
75 367
75 369
75 370
75 371
76 77
76 81
76 87
76 89
76 90
76 91
76 92
76 93
76 94
76 95
76 96
76 98
76 101
76 102
76 103
76 122
76 123
76 127
76 168
76 170
76 173
76 176
76 177
76 178
76 179
76 180
76 183
76 184
76 277
76 279
76 280
76 282
76 285
76 290
76 291
76 293
76 294
76 295
76 303
76 306
76 307
76 309
76 310
76 349
76 351
76 353
76 354
76 355
76 356
76 358
76 361
76 363
76 364
76 365
76 367
76 368
76 369
76 371
76 373
77 78
77 81
77 82
77 83
77 84
77 85
77 86
77 88
77 89
77 90
77 91
77 92
77 93
77 95
77 97
77 98
77 100
77 101
77 103
77 118
77 119
77 123
77 125
77 127
77 128
77 129
77 173
77 176
77 177
77 178
77 179
77 182
77 183
77 279
77 281
77 282
77 283
77 285
77 286
77 287
77 292
77 293
77 294
77 303
77 304
77 305
77 308
77 342
77 346
77 347
77 348
77 349
77 350
77 351
77 352
77 353
77 355
77 358
77 361
77 363
77 364
77 365
77 366
77 369
77 370
77 371
77 372
77 373
78 82
78 83
78 85
78 86
78 89
78 90
78 91
78 92
78 93
78 94
78 95
78 96
78 97
78 98
78 99
78 100
78 101
78 102
78 103
78 120
78 122
78 123
78 125
78 126
78 127
78 128
78 129
78 130
78 170
78 172
78 173
78 175
78 176
78 177
78 178
78 179
78 181
78 182
78 183
78 184
78 185
78 281
78 282
78 283
78 284
78 286
78 287
78 290
78 292
78 293
78 294
78 300
78 304
78 306
78 307
78 310
78 312
78 343
78 345
78 347
78 348
78 349
78 350
78 352
78 353
78 354
78 355
78 356
78 357
78 359
78 360
78 361
78 362
78 363
78 364
78 366
78 370
79 81
79 82
79 83
79 84
79 85
79 86
79 87
79 88
79 89
79 90
79 92
79 93
79 95
79 96
79 97
79 98
79 99
79 100
79 101
79 102
79 103
79 119
79 121
79 123
79 125
79 127
79 129
79 130
79 169
79 170
79 171
79 173
79 174
79 175
79 176
79 177
79 178
79 179
79 180
79 181
79 182
79 184
79 185
79 186
79 281
79 282
79 283
79 285
79 286
79 287
79 290
79 291
79 293
79 294
79 302
79 303
79 305
79 306
79 308
79 309
79 310
79 343
79 344
79 347
79 348
79 349
79 350
79 351
79 352
79 353
79 354
79 355
79 358
79 360
79 361
79 363
79 364
79 366
79 368
79 369
79 370
79 371
79 372
80 81
80 83
80 84
80 86
80 88
80 89
80 90
80 91
80 92
80 94
80 95
80 96
80 97
80 98
80 99
80 100
80 101
80 102
80 103
80 117
80 120
80 121
80 122
80 124
80 125
80 126
80 128
80 129
80 173
80 175
80 176
80 177
80 178
80 180
80 181
80 182
80 183
80 184
80 185
80 277
80 280
80 282
80 283
80 284
80 285
80 288
80 289
80 290
80 291
80 292
80 293
80 294
80 304
80 307
80 308
80 309
80 342
80 344
80 345
80 346
80 348
80 350
80 351
80 352
80 353
80 354
80 356
80 357
80 359
80 360
80 361
80 362
80 363
80 364
80 365
80 366
80 368
80 370
80 372
80 373
81 82
81 84
81 86
81 87
81 88
81 90
81 91
81 92
81 93
81 94
81 95
81 96
81 98
81 99
81 100
81 101
81 102
81 119
81 121
81 123
81 124
81 126
81 128
81 129
81 130
81 174
81 175
81 177
81 178
81 179
81 180
81 181
81 182
81 183
81 184
81 185
81 279
81 280
81 281
81 282
81 285
81 286
81 287
81 288
81 289
81 290
81 291
81 292
81 293
81 294
81 306
81 308
81 310
81 346
81 348
81 349
81 350
81 352
81 353
81 354
81 355
81 356
81 357
81 358
81 359
81 360
81 361
81 363
81 365
81 366
81 367
81 368
81 369
81 370
81 371
81 372
81 373
82 83
82 84
82 85
82 87
82 88
82 90
82 91
82 92
82 93
82 94
82 95
82 96
82 97
82 98
82 99
82 100
82 101
82 102
82 103
82 117
82 121
82 123
82 124
82 126
82 127
82 128
82 129
82 130
82 168
82 170
82 173
82 174
82 175
82 176
82 177
82 178
82 179
82 180
82 181
82 182
82 183
82 184
82 185
82 276
82 277
82 280
82 282
82 284
82 285
82 286
82 287
82 288
82 289
82 290
82 291
82 293
82 294
82 307
82 308
82 310
82 341
82 346
82 347
82 348
82 349
82 350
82 351
82 352
82 354
82 355
82 356
82 357
82 358
82 359
82 361
82 363
82 364
82 365
82 366
82 367
82 368
82 369
82 370
82 371
82 372
83 84
83 85
83 86
83 87
83 88
83 90
83 91
83 92
83 93
83 94
83 95
83 97
83 98
83 99
83 100
83 101
83 102
83 103
83 117
83 120
83 122
83 123
83 125
83 126
83 127
83 128
83 170
83 171
83 172
83 173
83 174
83 176
83 177
83 179
83 181
83 183
83 184
83 281
83 282
83 283
83 284
83 286
83 288
83 289
83 290
83 291
83 292
83 293
83 294
83 301
83 302
83 306
83 307
83 308
83 309
83 343
83 346
83 347
83 349
83 351
83 352
83 353
83 354
83 355
83 356
83 357
83 358
83 359
83 360
83 361
83 362
83 363
83 364
83 365
83 366
83 367
83 369
83 370
83 371
83 372
84 85
84 86
84 87
84 88
84 89
84 90
84 91
84 92
84 93
84 94
84 96
84 97
84 98
84 99
84 100
84 101
84 102
84 103
84 119
84 120
84 121
84 124
84 125
84 126
84 127
84 129
84 130
84 169
84 170
84 171
84 172
84 173
84 174
84 176
84 177
84 180
84 181
84 182
84 183
84 184
84 185
84 186
84 205
84 276
84 279
84 280
84 281
84 282
84 283
84 284
84 286
84 287
84 288
84 290
84 291
84 292
84 293
84 294
84 295
84 303
84 304
84 307
84 309
84 310
84 345
84 346
84 348
84 349
84 350
84 351
84 352
84 353
84 354
84 355
84 356
84 357
84 358
84 359
84 360
84 361
84 362
84 363
84 364
84 365
84 366
84 367
84 368
84 369
84 370
84 371
84 372
84 373
85 86
85 87
85 88
85 89
85 90
85 91
85 92
85 93
85 94
85 95
85 96
85 97
85 98
85 99
85 100
85 101
85 102
85 103
85 116
85 121
85 122
85 124
85 125
85 126
85 127
85 128
85 129
85 130
85 131
85 169
85 171
85 172
85 173
85 174
85 176
85 177
85 178
85 179
85 180
85 181
85 182
85 183
85 184
85 185
85 187
85 277
85 279
85 283
85 284
85 285
85 286
85 287
85 288
85 289
85 290
85 291
85 292
85 307
85 309
85 310
85 311
85 343
85 345
85 347
85 348
85 349
85 350
85 352
85 353
85 354
85 355
85 356
85 357
85 358
85 359
85 361
85 362
85 363
85 364
85 366
85 367
85 368
85 369
85 370
85 371
85 372
85 373
86 87
86 88
86 89
86 90
86 91
86 92
86 93
86 94
86 96
86 97
86 98
86 99
86 100
86 101
86 102
86 103
86 120
86 121
86 123
86 124
86 125
86 126
86 127
86 128
86 129
86 130
86 169
86 170
86 175
86 176
86 177
86 178
86 179
86 180
86 182
86 183
86 184
86 185
86 186
86 203
86 276
86 279
86 281
86 283
86 284
86 285
86 287
86 288
86 289
86 290
86 291
86 292
86 293
86 304
86 307
86 308
86 309
86 310
86 314
86 346
86 347
86 348
86 349
86 350
86 351
86 352
86 353
86 354
86 355
86 356
86 357
86 358
86 359
86 360
86 361
86 362
86 363
86 364
86 365
86 366
86 367
86 368
86 369
86 370
86 371
86 372
86 373
87 88
87 89
87 90
87 91
87 92
87 93
87 94
87 95
87 96
87 97
87 98
87 99
87 100
87 101
87 102
87 103
87 118
87 119
87 120
87 121
87 123
87 124
87 126
87 127
87 128
87 129
87 170
87 171
87 173
87 174
87 177
87 178
87 179
87 180
87 181
87 182
87 183
87 184
87 185
87 205
87 279
87 281
87 283
87 284
87 285
87 286
87 288
87 289
87 290
87 291
87 292
87 293
87 294
87 295
87 302
87 305
87 307
87 308
87 310
87 320
87 342
87 343
87 344
87 346
87 347
87 348
87 349
87 350
87 351
87 352
87 353
87 354
87 355
87 356
87 357
87 358
87 359
87 360
87 361
87 362
87 363
87 364
87 365
87 366
87 367
87 368
87 369
87 370
87 371
87 372
87 373
87 429
87 430
88 89
88 90
88 91
88 92
88 93
88 94
88 95
88 96
88 97
88 98
88 99
88 100
88 101
88 102
88 103
88 104
88 116
88 120
88 121
88 123
88 125
88 126
88 127
88 128
88 129
88 130
88 131
88 168
88 169
88 171
88 173
88 175
88 176
88 179
88 180
88 182
88 183
88 185
88 186
88 278
88 281
88 282
88 283
88 284
88 286
88 287
88 288
88 289
88 290
88 291
88 292
88 293
88 294
88 303
88 304
88 306
88 308
88 309
88 310
88 343
88 345
88 347
88 348
88 349
88 350
88 352
88 353
88 354
88 355
88 356
88 357
88 358
88 359
88 360
88 361
88 362
88 363
88 364
88 365
88 366
88 367
88 368
88 369
88 370
88 371
88 372
88 373
89 90
89 91
89 92
89 93
89 94
89 95
89 96
89 97
89 98
89 99
89 100
89 101
89 102
89 103
89 104
89 117
89 119
89 120
89 121
89 122
89 123
89 124
89 125
89 126
89 128
89 129
89 130
89 170
89 171
89 174
89 176
89 179
89 180
89 181
89 182
89 183
89 184
89 185
89 281
89 283
89 285
89 286
89 287
89 288
89 289
89 290
89 291
89 292
89 293
89 294
89 295
89 304
89 308
89 309
89 310
89 343
89 344
89 348
89 349
89 350
89 351
89 352
89 353
89 354
89 355
89 356
89 357
89 358
89 359
89 360
89 361
89 362
89 363
89 364
89 365
89 366
89 367
89 368
89 369
89 370
89 371
89 372
89 373
89 430
90 91
90 92
90 93
90 94
90 95
90 96
90 97
90 98
90 99
90 100
90 101
90 102
90 103
90 118
90 120
90 121
90 127
90 128
90 129
90 130
90 171
90 173
90 174
90 175
90 176
90 177
90 178
90 179
90 180
90 181
90 182
90 183
90 184
90 185
90 277
90 280
90 281
90 283
90 284
90 285
90 286
90 287
90 288
90 289
90 291
90 292
90 293
90 305
90 308
90 343
90 344
90 345
90 347
90 348
90 349
90 350
90 351
90 353
90 354
90 355
90 356
90 357
90 358
90 359
90 360
90 361
90 362
90 363
90 364
90 365
90 366
90 367
90 368
90 369
90 370
90 371
90 372
90 373
91 92
91 94
91 95
91 97
91 98
91 99
91 100
91 101
91 102
91 103
91 119
91 122
91 123
91 125
91 127
91 128
91 130
91 171
91 172
91 173
91 174
91 176
91 177
91 178
91 179
91 180
91 182
91 183
91 184
91 185
91 243
91 277
91 278
91 279
91 280
91 283
91 285
91 286
91 288
91 289
91 290
91 291
91 292
91 293
91 294
91 305
91 307
91 309
91 342
91 344
91 345
91 346
91 347
91 349
91 350
91 351
91 352
91 353
91 354
91 355
91 356
91 357
91 358
91 359
91 360
91 361
91 362
91 363
91 364
91 365
91 366
91 367
91 368
91 369
91 370
91 371
91 372
91 374
91 430
92 93
92 94
92 96
92 97
92 98
92 99
92 100
92 101
92 102
92 103
92 121
92 122
92 123
92 124
92 125
92 127
92 128
92 129
92 130
92 131
92 168
92 172
92 175
92 176
92 177
92 178
92 179
92 180
92 181
92 182
92 183
92 184
92 185
92 275
92 276
92 281
92 282
92 283
92 284
92 285
92 286
92 288
92 289
92 290
92 291
92 292
92 293
92 294
92 304
92 306
92 307
92 310
92 341
92 343
92 347
92 349
92 350
92 351
92 352
92 353
92 354
92 355
92 356
92 357
92 358
92 359
92 360
92 361
92 362
92 363
92 364
92 365
92 366
92 367
92 368
92 369
92 370
92 371
92 372
92 373
92 444
93 95
93 96
93 97
93 98
93 99
93 100
93 101
93 102
93 103
93 104
93 116
93 118
93 120
93 122
93 123
93 124
93 125
93 126
93 128
93 129
93 174
93 175
93 177
93 178
93 179
93 180
93 181
93 182
93 183
93 184
93 185
93 276
93 278
93 279
93 280
93 281
93 282
93 283
93 285
93 286
93 287
93 288
93 289
93 290
93 291
93 292
93 293
93 294
93 302
93 306
93 307
93 308
93 309
93 310
93 341
93 346
93 347
93 348
93 350
93 351
93 352
93 353
93 354
93 355
93 356
93 357
93 358
93 361
93 362
93 363
93 364
93 365
93 366
93 367
93 368
93 369
93 370
93 371
93 372
93 373
93 374
94 95
94 96
94 97
94 99
94 100
94 101
94 102
94 103
94 105
94 118
94 119
94 121
94 123
94 124
94 125
94 126
94 127
94 128
94 129
94 169
94 171
94 172
94 173
94 174
94 175
94 177
94 179
94 180
94 181
94 182
94 183
94 184
94 187
94 254
94 277
94 282
94 283
94 284
94 285
94 286
94 287
94 288
94 289
94 290
94 291
94 292
94 293
94 294
94 306
94 309
94 310
94 319
94 344
94 345
94 346
94 348
94 349
94 352
94 353
94 354
94 355
94 356
94 357
94 358
94 359
94 360
94 361
94 362
94 363
94 364
94 365
94 366
94 367
94 369
94 370
94 371
94 372
94 373
94 374
94 430
95 96
95 97
95 98
95 99
95 100
95 101
95 102
95 103
95 106
95 120
95 122
95 123
95 124
95 126
95 127
95 128
95 129
95 130
95 170
95 171
95 173
95 175
95 176
95 177
95 178
95 179
95 180
95 181
95 182
95 183
95 184
95 185
95 276
95 278
95 281
95 282
95 284
95 285
95 286
95 288
95 290
95 292
95 293
95 304
95 306
95 307
95 308
95 309
95 311
95 344
95 346
95 347
95 348
95 349
95 350
95 351
95 352
95 353
95 354
95 355
95 356
95 357
95 358
95 359
95 360
95 361
95 362
95 363
95 364
95 365
95 366
95 367
95 368
95 369
95 370
95 371
95 372
95 373
96 97
96 98
96 99
96 100
96 101
96 102
96 103
96 119
96 120
96 121
96 122
96 124
96 125
96 130
96 168
96 170
96 171
96 172
96 173
96 174
96 176
96 177
96 178
96 179
96 181
96 182
96 183
96 184
96 185
96 186
96 275
96 280
96 282
96 283
96 285
96 286
96 287
96 288
96 289
96 290
96 291
96 292
96 293
96 294
96 302
96 305
96 306
96 307
96 308
96 310
96 311
96 340
96 344
96 347
96 349
96 350
96 351
96 352
96 353
96 354
96 355
96 356
96 357
96 358
96 359
96 360
96 361
96 362
96 363
96 364
96 365
96 367
96 368
96 369
96 370
96 371
96 372
96 375
97 98
97 99
97 100
97 101
97 102
97 103
97 118
97 120
97 122
97 124
97 125
97 126
97 128
97 129
97 130
97 168
97 169
97 170
97 173
97 174
97 175
97 176
97 177
97 178
97 179
97 180
97 182
97 183
97 184
97 185
97 279
97 280
97 281
97 283
97 284
97 285
97 286
97 288
97 289
97 290
97 291
97 292
97 293
97 294
97 302
97 303
97 305
97 306
97 308
97 309
97 344
97 345
97 346
97 347
97 349
97 350
97 351
97 352
97 353
97 354
97 355
97 356
97 357
97 358
97 359
97 360
97 361
97 362
97 363
97 364
97 365
97 366
97 367
97 368
97 369
97 370
97 371
97 372
98 99
98 100
98 101
98 102
98 121
98 123
98 124
98 126
98 127
98 128
98 129
98 130
98 172
98 173
98 177
98 178
98 179
98 180
98 181
98 182
98 183
98 184
98 186
98 204
98 276
98 277
98 279
98 280
98 281
98 282
98 283
98 284
98 285
98 287
98 288
98 289
98 290
98 291
98 292
98 293
98 294
98 304
98 307
98 308
98 310
98 342
98 343
98 344
98 345
98 346
98 347
98 348
98 349
98 352
98 353
98 354
98 355
98 356
98 357
98 358
98 359
98 361
98 362
98 363
98 364
98 365
98 366
98 367
98 368
98 369
98 370
98 371
98 372
98 373
99 100
99 101
99 102
99 103
99 104
99 117
99 119
99 120
99 121
99 122
99 123
99 124
99 125
99 126
99 127
99 128
99 129
99 130
99 172
99 175
99 177
99 178
99 179
99 180
99 181
99 182
99 183
99 184
99 185
99 187
99 214
99 279
99 281
99 282
99 283
99 286
99 287
99 288
99 289
99 290
99 291
99 292
99 293
99 304
99 305
99 306
99 307
99 308
99 309
99 310
99 311
99 341
99 345
99 348
99 349
99 350
99 351
99 352
99 353
99 354
99 355
99 356
99 357
99 358
99 359
99 360
99 361
99 362
99 363
99 364
99 365
99 366
99 367
99 368
99 369
99 370
99 371
99 372
99 373
99 429
100 101
100 102
100 103
100 104
100 118
100 121
100 124
100 125
100 126
100 128
100 171
100 174
100 176
100 177
100 178
100 179
100 180
100 181
100 182
100 183
100 184
100 185
100 186
100 283
100 284
100 285
100 287
100 288
100 289
100 290
100 291
100 292
100 293
100 294
100 301
100 303
100 304
100 306
100 307
100 309
100 310
100 342
100 345
100 347
100 348
100 349
100 350
100 351
100 352
100 353
100 354
100 355
100 356
100 357
100 358
100 359
100 360
100 361
100 362
100 363
100 364
100 365
100 366
100 367
100 368
100 369
100 370
100 371
100 372
100 373
101 102
101 119
101 120
101 121
101 122
101 123
101 124
101 126
101 127
101 128
101 129
101 132
101 169
101 176
101 177
101 178
101 179
101 180
101 181
101 182
101 183
101 184
101 185
101 186
101 277
101 279
101 280
101 283
101 284
101 285
101 286
101 287
101 288
101 289
101 290
101 292
101 293
101 294
101 295
101 303
101 304
101 305
101 309
101 310
101 311
101 315
101 342
101 346
101 347
101 348
101 349
101 350
101 352
101 353
101 354
101 355
101 356
101 357
101 358
101 359
101 360
101 361
101 362
101 363
101 364
101 365
101 366
101 367
101 368
101 369
101 370
101 371
101 372
101 409
101 411
102 103
102 104
102 105
102 116
102 118
102 121
102 122
102 123
102 125
102 126
102 127
102 128
102 129
102 130
102 169
102 174
102 175
102 176
102 177
102 178
102 179
102 180
102 181
102 182
102 183
102 184
102 185
102 244
102 280
102 282
102 283
102 284
102 285
102 287
102 288
102 289
102 290
102 291
102 292
102 293
102 294
102 295
102 301
102 304
102 305
102 306
102 307
102 309
102 310
102 345
102 346
102 347
102 348
102 349
102 350
102 351
102 352
102 353
102 354
102 355
102 356
102 357
102 358
102 359
102 360
102 361
102 362
102 363
102 364
102 365
102 366
102 367
102 368
102 369
102 370
102 371
102 372
102 374
103 119
103 120
103 121
103 122
103 123
103 124
103 125
103 126
103 127
103 129
103 130
103 131
103 170
103 173
103 174
103 175
103 176
103 177
103 179
103 180
103 181
103 182
103 184
103 185
103 186
103 275
103 277
103 279
103 280
103 281
103 282
103 283
103 285
103 286
103 287
103 288
103 289
103 290
103 291
103 292
103 293
103 294
103 303
103 304
103 306
103 307
103 308
103 311
103 343
103 344
103 345
103 347
103 348
103 349
103 350
103 352
103 354
103 356
103 357
103 358
103 359
103 360
103 361
103 362
103 363
103 364
103 365
103 366
103 367
103 368
103 369
103 370
103 371
103 372
104 121
104 123
104 129
104 174
104 180
104 186
104 279
104 281
104 292
104 355
104 358
104 360
104 362
104 363
104 364
104 365
104 367
104 368
104 369
104 370
104 371
104 372
104 373
105 183
105 294
105 360
105 365
105 366
105 368
105 369
105 370
105 371
105 373
105 374
105 414
106 169
106 197
106 367
109 364
112 368
116 120
116 124
116 177
116 352
116 355
116 358
116 368
116 369
117 119
117 122
117 123
117 125
117 126
117 127
117 129
117 178
117 282
117 292
117 293
117 304
117 341
117 344
117 350
117 353
117 354
117 361
117 364
117 367
117 372
118 122
118 127
118 171
118 173
118 175
118 176
118 184
118 185
118 276
118 277
118 278
118 285
118 288
118 292
118 294
118 295
118 302
118 306
118 312
118 344
118 345
118 347
118 352
118 356
118 366
119 121
119 122
119 127
119 170
119 173
119 181
119 184
119 281
119 282
119 284
119 287
119 288
119 291
119 302
119 309
119 344
119 345
119 349
119 351
119 352
119 358
119 363
119 364
119 366
119 368
119 369
119 370
120 122
120 124
120 125
120 127
120 129
120 167
120 169
120 170
120 172
120 173
120 174
120 176
120 177
120 179
120 184
120 279
120 283
120 284
120 286
120 287
120 289
120 291
120 292
120 293
120 304
120 307
120 308
120 343
120 346
120 352
120 354
120 356
120 357
120 358
120 359
120 365
120 366
120 368
120 369
120 370
120 371
121 122
121 125
121 130
121 171
121 173
121 175
121 177
121 178
121 181
121 182
121 183
121 184
121 185
121 186
121 281
121 282
121 283
121 284
121 285
121 288
121 290
121 293
121 303
121 305
121 306
121 307
121 308
121 310
121 341
121 346
121 347
121 348
121 349
121 352
121 355
121 356
121 357
121 358
121 359
121 361
121 362
121 365
121 366
121 367
121 371
121 372
121 373
122 123
122 125
122 126
122 128
122 129
122 131
122 172
122 173
122 174
122 175
122 176
122 177
122 178
122 179
122 180
122 181
122 182
122 184
122 276
122 277
122 278
122 280
122 285
122 286
122 287
122 288
122 289
122 290
122 293
122 294
122 301
122 303
122 304
122 306
122 307
122 309
122 310
122 345
122 346
122 347
122 349
122 350
122 352
122 353
122 354
122 355
122 356
122 357
122 358
122 363
122 364
122 366
122 367
122 368
122 369
122 371
122 373
123 124
123 126
123 127
123 128
123 129
123 130
123 169
123 170
123 172
123 173
123 175
123 177
123 179
123 181
123 182
123 186
123 278
123 281
123 283
123 284
123 286
123 289
123 294
123 302
123 303
123 306
123 307
123 308
123 310
123 342
123 343
123 346
123 347
123 348
123 349
123 351
123 353
123 354
123 356
123 357
123 358
123 359
123 360
123 361
123 364
123 365
123 371
123 372
124 125
124 126
124 127
124 128
124 130
124 133
124 168
124 170
124 173
124 174
124 175
124 176
124 177
124 178
124 179
124 180
124 182
124 183
124 184
124 185
124 278
124 279
124 280
124 281
124 282
124 283
124 285
124 286
124 287
124 288
124 289
124 290
124 291
124 292
124 303
124 304
124 306
124 307
124 308
124 310
124 344
124 345
124 346
124 347
124 348
124 349
124 350
124 351
124 353
124 354
124 355
124 356
124 358
124 359
124 361
124 363
124 364
124 365
124 366
124 367
124 368
124 369
124 370
124 371
124 373
125 126
125 128
125 129
125 169
125 172
125 173
125 176
125 177
125 178
125 179
125 182
125 183
125 184
125 185
125 243
125 279
125 281
125 282
125 284
125 286
125 287
125 289
125 291
125 292
125 294
125 301
125 305
125 306
125 308
125 310
125 345
125 346
125 347
125 349
125 350
125 351
125 353
125 354
125 355
125 357
125 358
125 359
125 360
125 361
125 362
125 363
125 364
125 365
125 366
125 367
125 368
125 369
125 371
125 372
126 127
126 128
126 129
126 169
126 172
126 176
126 177
126 178
126 179
126 180
126 181
126 182
126 183
126 184
126 276
126 279
126 280
126 281
126 283
126 284
126 285
126 286
126 287
126 288
126 289
126 290
126 291
126 292
126 304
126 307
126 308
126 309
126 310
126 345
126 346
126 347
126 348
126 349
126 350
126 351
126 352
126 354
126 355
126 356
126 357
126 358
126 359
126 360
126 361
126 362
126 363
126 364
126 365
126 366
126 367
126 368
126 370
126 371
126 373
127 128
127 129
127 130
127 133
127 173
127 174
127 175
127 176
127 177
127 179
127 180
127 181
127 182
127 183
127 184
127 185
127 186
127 203
127 275
127 276
127 279
127 280
127 281
127 284
127 285
127 286
127 287
127 288
127 289
127 291
127 292
127 293
127 294
127 303
127 305
127 306
127 309
127 310
127 345
127 350
127 351
127 353
127 354
127 355
127 356
127 357
127 358
127 359
127 360
127 361
127 362
127 363
127 364
127 365
127 366
127 367
127 368
127 369
127 371
127 372
128 129
128 130
128 131
128 132
128 171
128 172
128 173
128 174
128 176
128 177
128 179
128 180
128 181
128 182
128 183
128 185
128 276
128 281
128 282
128 283
128 284
128 286
128 287
128 288
128 289
128 290
128 291
128 292
128 293
128 294
128 303
128 304
128 305
128 307
128 309
128 310
128 345
128 346
128 347
128 348
128 349
128 350
128 352
128 353
128 354
128 355
128 356
128 357
128 358
128 359
128 360
128 361
128 362
128 363
128 364
128 365
128 366
128 367
128 368
128 369
128 370
128 371
128 372
128 373
128 411
129 130
129 131
129 171
129 175
129 176
129 177
129 179
129 180
129 181
129 182
129 183
129 184
129 185
129 186
129 278
129 279
129 280
129 281
129 282
129 283
129 284
129 285
129 288
129 289
129 290
129 291
129 292
129 294
129 306
129 309
129 341
129 343
129 344
129 345
129 346
129 347
129 348
129 349
129 350
129 351
129 352
129 353
129 354
129 356
129 357
129 359
129 360
129 361
129 362
129 364
129 365
129 366
129 367
129 368
129 369
129 370
129 371
129 372
130 170
130 174
130 175
130 176
130 177
130 179
130 183
130 184
130 185
130 281
130 282
130 283
130 284
130 285
130 286
130 289
130 290
130 291
130 292
130 293
130 296
130 304
130 308
130 346
130 348
130 349
130 351
130 352
130 354
130 355
130 357
130 358
130 359
130 360
130 361
130 362
130 363
130 364
130 365
130 366
130 367
130 368
130 369
130 370
130 371
130 373
130 374
131 173
131 283
131 284
131 290
131 309
131 344
131 348
131 349
131 353
131 354
131 355
131 356
131 359
131 362
131 364
131 365
131 366
131 367
131 368
131 369
131 370
131 371
131 372
132 362
132 363
132 365
132 368
132 369
132 370
132 371
132 372
133 253
133 281
133 369
133 370
133 372
133 373
134 271
134 367
134 433
135 187
148 371
149 366
150 366
150 370
161 176
162 366
162 370
163 368
163 373
164 370
164 372
165 372
166 416
167 174
167 307
167 346
167 366
167 370
168 170
168 175
168 279
168 288
168 295
168 342
168 344
168 353
168 358
168 367
168 372
169 172
169 182
169 185
169 275
169 278
169 281
169 290
169 291
169 293
169 294
169 309
169 341
169 346
169 351
169 355
169 356
169 365
169 370
170 171
170 174
170 281
170 285
170 286
170 287
170 290
170 291
170 294
170 301
170 303
170 305
170 308
170 309
170 310
170 343
170 344
170 345
170 350
170 354
170 357
170 358
170 359
170 360
170 362
170 369
170 370
170 373
171 172
171 175
171 177
171 178
171 181
171 277
171 279
171 282
171 285
171 286
171 290
171 292
171 294
171 302
171 304
171 305
171 309
171 310
171 343
171 345
171 347
171 349
171 351
171 352
171 353
171 354
171 355
171 356
171 357
171 360
171 361
171 362
171 363
171 365
171 370
171 371
172 175
172 176
172 178
172 179
172 182
172 185
172 277
172 279
172 280
172 281
172 282
172 283
172 284
172 286
172 289
172 290
172 291
172 292
172 294
172 302
172 305
172 306
172 309
172 310
172 345
172 349
172 351
172 352
172 355
172 356
172 358
172 361
172 362
172 363
172 364
172 366
172 368
172 370
172 372
173 176
173 177
173 178
173 179
173 180
173 181
173 182
173 183
173 184
173 278
173 280
173 283
173 284
173 287
173 291
173 294
173 307
173 308
173 310
173 341
173 344
173 345
173 346
173 347
173 348
173 349
173 351
173 352
173 354
173 356
173 357
173 359
173 360
173 361
173 363
173 364
173 365
173 366
173 367
173 369
173 370
173 371
174 175
174 176
174 177
174 178
174 179
174 180
174 278
174 280
174 281
174 282
174 283
174 284
174 285
174 287
174 289
174 290
174 292
174 293
174 295
174 301
174 306
174 307
174 346
174 347
174 348
174 349
174 350
174 352
174 353
174 354
174 355
174 356
174 358
174 359
174 361
174 362
174 363
174 366
174 368
174 369
174 370
174 371
174 372
175 176
175 178
175 179
175 182
175 183
175 184
175 185
175 279
175 280
175 281
175 282
175 283
175 284
175 285
175 286
175 287
175 288
175 289
175 290
175 291
175 292
175 301
175 305
175 307
175 309
175 341
175 347
175 348
175 349
175 350
175 353
175 354
175 356
175 357
175 358
175 359
175 360
175 361
175 362
175 363
175 364
175 365
175 366
175 368
175 369
175 370
175 371
175 372
176 177
176 178
176 179
176 180
176 181
176 183
176 184
176 185
176 277
176 278
176 280
176 282
176 283
176 284
176 285
176 286
176 287
176 288
176 290
176 291
176 292
176 293
176 294
176 295
176 302
176 306
176 310
176 342
176 346
176 347
176 348
176 350
176 351
176 352
176 354
176 355
176 357
176 358
176 360
176 361
176 362
176 363
176 364
176 367
176 368
176 369
176 370
176 371
176 373
177 178
177 179
177 180
177 181
177 182
177 184
177 185
177 278
177 281
177 282
177 283
177 284
177 285
177 287
177 289
177 290
177 291
177 292
177 293
177 294
177 306
177 308
177 309
177 310
177 344
177 345
177 346
177 347
177 350
177 351
177 352
177 354
177 355
177 356
177 357
177 358
177 359
177 361
177 362
177 363
177 364
177 365
177 366
177 367
177 368
177 369
177 370
177 371
177 372
178 179
178 180
178 181
178 182
178 183
178 184
178 185
178 279
178 282
178 284
178 285
178 287
178 288
178 290
178 292
178 294
178 304
178 305
178 306
178 307
178 308
178 310
178 342
178 343
178 348
178 350
178 351
178 352
178 353
178 354
178 355
178 357
178 358
178 359
178 360
178 361
178 363
178 365
178 366
178 367
178 368
178 369
178 370
178 371
178 372
178 373
179 180
179 181
179 183
179 184
179 185
179 277
179 279
179 280
179 282
179 283
179 284
179 286
179 287
179 289
179 290
179 291
179 292
179 301
179 302
179 304
179 305
179 308
179 309
179 342
179 344
179 345
179 347
179 350
179 351
179 352
179 354
179 355
179 356
179 357
179 358
179 359
179 360
179 361
179 362
179 363
179 364
179 365
179 366
179 367
179 368
179 369
179 370
179 371
179 372
179 373
180 181
180 182
180 183
180 184
180 185
180 276
180 277
180 282
180 283
180 284
180 285
180 290
180 291
180 292
180 293
180 294
180 306
180 308
180 309
180 310
180 342
180 344
180 346
180 347
180 349
180 350
180 351
180 353
180 354
180 355
180 356
180 357
180 358
180 359
180 362
180 364
180 365
180 367
180 368
180 369
180 370
180 371
180 372
180 373
181 182
181 183
181 184
181 185
181 275
181 278
181 279
181 280
181 281
181 283
181 286
181 287
181 288
181 289
181 291
181 292
181 293
181 294
181 306
181 308
181 309
181 310
181 311
181 343
181 346
181 347
181 348
181 349
181 350
181 351
181 352
181 353
181 355
181 356
181 357
181 358
181 359
181 360
181 361
181 362
181 363
181 364
181 365
181 366
181 367
181 368
181 370
181 371
181 372
182 183
182 189
182 225
182 226
182 276
182 279
182 282
182 283
182 284
182 285
182 286
182 287
182 288
182 289
182 290
182 291
182 292
182 293
182 294
182 295
182 305
182 307
182 309
182 344
182 345
182 347
182 348
182 349
182 351
182 352
182 353
182 354
182 355
182 356
182 357
182 358
182 359
182 360
182 361
182 363
182 364
182 365
182 366
182 367
182 368
182 369
182 370
182 371
182 372
182 374
183 184
183 185
183 278
183 280
183 281
183 282
183 283
183 284
183 285
183 286
183 287
183 288
183 289
183 291
183 292
183 293
183 294
183 301
183 305
183 306
183 308
183 309
183 310
183 311
183 343
183 345
183 346
183 347
183 348
183 349
183 350
183 351
183 352
183 353
183 354
183 355
183 356
183 357
183 358
183 359
183 360
183 361
183 362
183 363
183 364
183 365
183 366
183 367
183 368
183 369
183 370
183 371
183 372
183 430
184 185
184 279
184 281
184 282
184 283
184 285
184 287
184 288
184 289
184 290
184 291
184 292
184 293
184 304
184 305
184 306
184 308
184 309
184 310
184 312
184 344
184 347
184 348
184 349
184 350
184 351
184 352
184 353
184 354
184 356
184 357
184 358
184 359
184 360
184 361
184 362
184 363
184 364
184 365
184 366
184 367
184 368
184 369
184 370
184 371
184 373
185 277
185 280
185 282
185 283
185 284
185 285
185 286
185 287
185 288
185 289
185 290
185 291
185 292
185 293
185 294
185 303
185 304
185 306
185 308
185 309
185 310
185 311
185 343
185 347
185 348
185 349
185 351
185 352
185 353
185 354
185 355
185 356
185 357
185 358
185 359
185 360
185 361
185 362
185 363
185 364
185 365
185 366
185 367
185 368
185 369
185 370
185 371
185 372
186 279
186 290
186 292
186 309
186 360
186 361
186 365
186 366
186 367
186 368
186 369
186 370
186 371
186 372
186 373
187 366
187 367
187 368
187 369
187 370
187 372
188 297
188 368
188 373
191 366
192 370
193 368
202 363
203 369
204 290
204 347
204 362
204 365
204 368
204 369
204 371
205 369
205 371
205 372
206 367
206 369
206 371
206 435
207 368
207 369
208 370
209 367
215 424
216 368
218 245
219 323
223 366
224 362
225 293
225 371
226 366
226 371
227 363
227 368
227 371
228 370
228 373
229 298
242 287
243 364
244 361
244 362
244 364
244 369
245 364
245 370
245 372
246 352
246 371
247 362
248 371
251 370
252 367
252 369
255 359
256 369
256 370
257 371
257 374
260 362
260 369
261 344
262 371
269 367
269 370
269 372
270 370
270 371
271 309
272 361
273 304
273 370
274 368
275 291
275 309
275 341
275 351
275 368
275 371
276 287
276 289
276 290
276 300
276 301
276 306
276 310
276 349
276 355
277 279
277 280
277 286
277 290
277 294
277 301
277 308
277 345
277 349
277 353
277 354
277 357
277 364
277 367
277 371
278 284
278 285
278 286
278 288
278 290
278 294
278 306
278 308
278 342
278 343
278 344
278 347
278 348
278 351
278 354
278 355
278 363
278 364
278 366
278 373
279 283
279 286
279 287
279 288
279 289
279 292
279 293
279 302
279 303
279 307
279 308
279 310
279 341
279 344
279 345
279 346
279 347
279 350
279 351
279 353
279 355
279 356
279 359
279 363
279 366
279 368
279 371
279 372
280 281
280 282
280 283
280 285
280 289
280 291
280 293
280 305
280 306
280 307
280 308
280 309
280 310
280 343
280 344
280 345
280 348
280 349
280 350
280 351
280 353
280 354
280 355
280 356
280 360
280 361
280 363
280 365
280 367
280 368
280 371
281 282
281 283
281 284
281 285
281 286
281 287
281 288
281 290
281 291
281 293
281 294
281 301
281 305
281 306
281 307
281 308
281 309
281 310
281 343
281 345
281 347
281 348
281 351
281 353
281 354
281 355
281 356
281 360
281 361
281 363
281 364
281 365
281 366
281 370
282 284
282 285
282 286
282 287
282 288
282 289
282 290
282 291
282 292
282 293
282 303
282 304
282 309
282 344
282 350
282 351
282 352
282 353
282 354
282 357
282 358
282 360
282 361
282 362
282 363
282 365
282 367
282 368
282 369
282 370
282 371
282 372
283 284
283 285
283 286
283 287
283 288
283 289
283 290
283 291
283 292
283 294
283 304
283 305
283 307
283 308
283 347
283 349
283 350
283 351
283 354
283 355
283 356
283 357
283 359
283 360
283 361
283 362
283 364
283 365
283 366
283 368
283 370
283 372
284 285
284 286
284 287
284 288
284 289
284 290
284 291
284 292
284 293
284 294
284 305
284 306
284 307
284 308
284 309
284 310
284 342
284 345
284 346
284 348
284 349
284 351
284 352
284 353
284 355
284 360
284 361
284 362
284 363
284 365
284 366
284 367
284 368
284 369
284 370
284 371
284 372
285 286
285 287
285 288
285 289
285 290
285 291
285 292
285 294
285 302
285 303
285 305
285 307
285 310
285 311
285 346
285 347
285 348
285 351
285 352
285 353
285 354
285 355
285 356
285 358
285 359
285 361
285 362
285 363
285 364
285 365
285 367
285 368
285 370
285 371
285 372
285 373
286 287
286 288
286 289
286 290
286 291
286 292
286 293
286 294
286 302
286 303
286 305
286 306
286 307
286 309
286 343
286 345
286 346
286 347
286 348
286 349
286 350
286 351
286 352
286 353
286 354
286 355
286 356
286 358
286 360
286 361
286 362
286 363
286 364
286 365
286 366
286 367
286 368
286 370
286 371
286 372
287 288
287 291
287 292
287 293
287 294
287 295
287 296
287 302
287 305
287 306
287 307
287 308
287 309
287 310
287 311
287 346
287 349
287 350
287 351
287 352
287 353
287 354
287 356
287 358
287 359
287 360
287 361
287 362
287 363
287 365
287 366
287 367
287 368
287 370
287 372
288 289
288 290
288 291
288 292
288 293
288 294
288 303
288 304
288 307
288 308
288 310
288 344
288 346
288 349
288 350
288 351
288 352
288 353
288 354
288 355
288 356
288 357
288 358
288 359
288 360
288 361
288 362
288 363
288 364
288 365
288 366
288 367
288 368
288 369
288 370
288 371
288 372
289 290
289 291
289 292
289 293
289 294
289 305
289 306
289 307
289 308
289 310
289 344
289 345
289 347
289 348
289 349
289 351
289 352
289 353
289 354
289 355
289 356
289 357
289 358
289 359
289 360
289 361
289 362
289 363
289 364
289 365
289 366
289 367
289 368
289 369
289 370
289 371
289 372
289 373
290 291
290 292
290 293
290 294
290 304
290 305
290 306
290 307
290 309
290 310
290 311
290 343
290 345
290 346
290 347
290 348
290 350
290 351
290 352
290 353
290 354
290 355
290 356
290 357
290 358
290 359
290 360
290 361
290 362
290 363
290 364
290 365
290 366
290 367
290 368
290 369
290 370
290 371
290 372
290 375
291 292
291 293
291 294
291 305
291 306
291 307
291 308
291 309
291 310
291 344
291 345
291 347
291 348
291 349
291 350
291 351
291 352
291 353
291 354
291 355
291 356
291 357
291 358
291 359
291 360
291 361
291 362
291 363
291 364
291 365
291 366
291 367
291 368
291 369
291 370
291 371
291 372
291 373
292 293
292 294
292 296
292 305
292 306
292 307
292 308
292 309
292 310
292 342
292 343
292 345
292 346
292 347
292 348
292 349
292 350
292 351
292 352
292 354
292 355
292 356
292 357
292 358
292 359
292 360
292 361
292 362
292 363
292 364
292 365
292 366
292 367
292 368
292 369
292 370
292 371
292 372
292 373
292 429
293 294
293 300
293 306
293 308
293 309
293 310
293 311
293 343
293 345
293 346
293 347
293 348
293 349
293 350
293 351
293 352
293 353
293 354
293 355
293 356
293 358
293 359
293 360
293 361
293 362
293 363
293 364
293 365
293 366
293 367
293 368
293 369
293 370
293 371
293 372
293 373
294 295
294 302
294 303
294 305
294 306
294 307
294 308
294 309
294 310
294 342
294 344
294 345
294 346
294 347
294 349
294 350
294 351
294 354
294 355
294 356
294 358
294 359
294 361
294 362
294 364
294 365
294 367
294 368
294 369
294 370
294 371
294 372
294 373
294 374
295 308
295 310
295 350
295 359
295 360
295 361
295 363
295 365
295 366
295 367
295 368
295 369
295 370
295 371
295 372
296 309
296 358
296 365
296 366
296 367
296 368
296 369
296 370
296 371
296 372
297 366
297 367
297 369
297 370
297 371
297 372
298 367
298 371
299 372
300 363
301 350
301 359
301 369
302 308
302 310
302 340
302 347
302 352
302 359
302 363
302 365
302 369
302 370
302 373
303 305
303 310
303 344
303 348
303 354
303 358
303 360
303 365
303 366
303 368
303 370
303 371
303 373
303 402
304 306
304 307
304 342
304 343
304 347
304 349
304 353
304 355
304 356
304 358
304 359
304 360
304 361
304 365
304 367
304 370
304 371
305 308
305 309
305 310
305 342
305 343
305 346
305 348
305 351
305 352
305 353
305 357
305 358
305 360
305 361
305 362
305 363
305 366
305 367
305 368
305 370
305 373
306 308
306 309
306 310
306 343
306 345
306 350
306 351
306 352
306 353
306 354
306 355
306 356
306 357
306 359
306 361
306 364
306 366
306 367
306 368
306 369
306 370
306 371
306 372
307 309
307 310
307 345
307 346
307 347
307 348
307 349
307 351
307 352
307 353
307 355
307 356
307 358
307 359
307 362
307 363
307 368
307 369
307 370
307 371
307 372
308 346
308 347
308 348
308 352
308 353
308 354
308 358
308 360
308 361
308 362
308 363
308 366
308 369
308 370
308 371
308 372
309 346
309 347
309 349
309 351
309 352
309 353
309 354
309 355
309 357
309 359
309 360
309 361
309 362
309 363
309 364
309 366
309 367
309 368
309 369
309 371
309 372
310 342
310 344
310 345
310 349
310 350
310 352
310 354
310 355
310 357
310 358
310 359
310 360
310 361
310 363
310 364
310 365
310 366
310 367
310 368
310 369
310 371
310 372
310 373
311 350
311 354
311 356
311 359
311 361
311 362
311 363
311 365
311 366
311 367
311 368
312 356
312 360
312 362
312 363
312 368
312 369
312 370
312 371
312 372
312 373
313 353
313 363
313 364
313 365
313 368
313 370
313 372
313 374
314 368
314 369
314 371
315 370
315 372
316 374
319 366
320 375
321 368
321 369
322 370
324 359
324 365
326 368
326 372
327 351
327 403
331 372
333 373
340 360
341 355
341 360
341 369
341 371
341 372
342 343
342 344
342 352
342 353
342 355
342 365
342 366
342 370
342 371
342 374
343 344
343 347
343 348
343 350
343 351
343 352
343 359
343 363
343 365
343 371
343 372
343 373
344 345
344 348
344 350
344 352
344 353
344 356
344 358
344 361
344 362
344 369
344 370
344 372
345 346
345 347
345 348
345 349
345 353
345 356
345 357
345 358
345 359
345 360
345 362
345 364
345 366
345 370
345 372
345 373
345 429
346 347
346 350
346 351
346 352
346 353
346 358
346 360
346 364
346 368
346 369
346 370
346 371
346 372
346 373
347 348
347 349
347 350
347 351
347 352
347 353
347 354
347 356
347 358
347 359
347 360
347 361
347 362
347 363
347 364
347 365
347 366
347 368
347 369
347 371
347 372
348 350
348 351
348 352
348 353
348 354
348 358
348 359
348 361
348 362
348 364
348 367
348 368
348 370
348 371
348 372
349 350
349 351
349 352
349 353
349 354
349 355
349 356
349 357
349 358
349 360
349 364
349 366
349 367
349 369
349 370
349 372
349 373
350 351
350 352
350 353
350 355
350 356
350 357
350 359
350 360
350 361
350 362
350 363
350 364
350 365
350 366
350 367
350 368
350 369
350 370
350 372
351 352
351 353
351 354
351 355
351 356
351 357
351 358
351 359
351 360
351 361
351 362
351 363
351 364
351 365
351 367
351 368
351 370
351 371
351 372
351 373
352 353
352 354
352 355
352 356
352 357
352 358
352 359
352 360
352 361
352 362
352 363
352 364
352 365
352 366
352 367
352 368
352 369
352 370
352 371
352 372
352 373
352 431
353 354
353 355
353 357
353 358
353 359
353 360
353 361
353 362
353 363
353 365
353 366
353 367
353 368
353 369
353 370
353 371
353 372
353 373
354 355
354 356
354 357
354 358
354 359
354 362
354 363
354 364
354 365
354 366
354 367
354 368
354 369
354 370
354 371
354 372
354 373
354 412
355 356
355 357
355 358
355 359
355 360
355 361
355 362
355 363
355 364
355 365
355 366
355 367
355 368
355 369
355 370
355 371
355 372
356 357
356 358
356 359
356 360
356 361
356 362
356 363
356 364
356 365
356 366
356 367
356 368
356 369
356 370
356 371
356 372
356 373
356 374
357 358
357 359
357 360
357 361
357 362
357 363
357 364
357 365
357 366
357 367
357 368
357 369
357 370
357 371
357 372
358 359
358 360
358 361
358 362
358 363
358 364
358 365
358 366
358 367
358 368
358 369
358 370
358 371
358 372
358 373
359 360
359 361
359 362
359 363
359 364
359 365
359 366
359 367
359 368
359 369
359 370
359 371
359 372
359 373
360 361
360 362
360 363
360 364
360 365
360 366
360 367
360 368
360 369
360 370
360 371
360 372
360 373
361 362
361 363
361 364
361 365
361 366
361 367
361 368
361 369
361 370
361 371
361 372
361 373
361 374
362 363
362 364
362 365
362 366
362 367
362 368
362 369
362 370
362 371
362 372
362 373
362 432
363 364
363 365
363 366
363 367
363 368
363 369
363 370
363 371
363 372
363 373
363 374
364 365
364 366
364 367
364 368
364 369
364 370
364 371
364 372
364 373
364 430
364 431
365 366
365 367
365 368
365 369
365 370
365 371
365 372
365 373
365 405
365 420
366 367
366 368
366 369
366 370
366 371
366 372
366 373
366 374
366 396
366 421
367 368
367 369
367 370
367 371
367 372
367 373
367 382
367 387
367 412
367 431
368 369
368 370
368 371
368 372
368 373
368 374
368 381
368 392
368 397
368 437
369 370
369 371
369 372
369 373
369 374
369 375
369 401
369 407
369 411
369 413
369 415
369 431
369 432
370 371
370 372
370 373
370 374
370 375
370 408
370 422
370 431
370 432
371 372
371 373
371 374
371 376
371 387
371 401
371 413
371 416
371 422
371 423
371 431
371 432
371 433
371 438
372 373
372 374
372 383
372 390
372 433
373 374
373 415
373 427
375 388
375 413
