1 16
1 34
1 42
1 53
1 54
1 64
1 69
1 77
1 155
1 157
1 158
1 168
2 5
2 9
2 10
2 11
2 12
2 13
2 14
2 16
2 30
2 32
2 35
2 36
2 37
2 46
2 48
2 55
2 57
2 70
2 71
2 72
2 76
2 78
2 80
2 84
2 156
2 158
2 161
2 165
2 167
2 284
2 353
2 355
2 428
3 4
3 6
3 9
3 10
3 11
3 13
3 14
3 16
3 30
3 31
3 32
3 34
3 35
3 36
3 37
3 38
3 39
3 40
3 41
3 42
3 45
3 46
3 47
3 48
3 49
3 53
3 54
3 63
3 64
3 66
3 67
3 68
3 70
3 74
3 75
3 76
3 78
3 80
3 143
3 144
3 145
3 149
3 151
3 153
3 156
3 157
3 158
3 159
3 160
3 161
3 163
3 167
3 168
3 169
3 351
3 352
3 353
3 354
4 6
4 9
4 10
4 11
4 13
4 14
4 15
4 16
4 29
4 31
4 32
4 35
4 36
4 37
4 39
4 41
4 47
4 49
4 53
4 54
4 55
4 63
4 67
4 68
4 71
4 73
4 74
4 75
4 78
4 79
4 82
4 144
4 145
4 146
4 147
4 148
4 149
4 150
4 153
4 154
4 155
4 156
4 158
4 159
4 162
4 164
4 167
4 168
4 286
4 350
4 351
4 354
5 8
5 11
5 12
5 13
5 14
5 15
5 30
5 31
5 32
5 33
5 34
5 35
5 36
5 37
5 38
5 40
5 42
5 44
5 46
5 49
5 51
5 53
5 54
5 56
5 64
5 65
5 66
5 67
5 68
5 69
5 70
5 71
5 72
5 73
5 74
5 75
5 76
5 77
5 78
5 80
5 81
5 82
5 144
5 145
5 146
5 147
5 148
5 149
5 150
5 151
5 153
5 155
5 156
5 158
5 159
5 160
5 161
5 162
5 163
5 164
5 166
5 167
5 352
5 353
5 354
5 357
5 406
6 7
6 8
6 9
6 10
6 11
6 12
6 13
6 14
6 15
6 16
6 29
6 31
6 32
6 33
6 34
6 35
6 36
6 37
6 38
6 39
6 40
6 41
6 42
6 43
6 44
6 45
6 46
6 47
6 48
6 49
6 50
6 51
6 52
6 53
6 55
6 61
6 62
6 63
6 65
6 66
6 67
6 68
6 69
6 70
6 71
6 72
6 73
6 74
6 75
6 76
6 77
6 78
6 79
6 80
6 82
6 83
6 143
6 144
6 145
6 146
6 147
6 148
6 149
6 150
6 151
6 152
6 153
6 154
6 155
6 156
6 157
6 158
6 160
6 162
6 164
6 165
6 351
6 354
6 355
7 8
7 9
7 10
7 11
7 12
7 13
7 14
7 15
7 16
7 32
7 34
7 35
7 36
7 37
7 38
7 40
7 41
7 42
7 44
7 45
7 46
7 47
7 48
7 49
7 50
7 51
7 52
7 53
7 54
7 55
7 62
7 65
7 67
7 68
7 69
7 70
7 71
7 72
7 73
7 74
7 75
7 76
7 77
7 78
7 79
7 80
7 81
7 82
7 147
7 148
7 150
7 151
7 152
7 153
7 154
7 155
7 156
7 157
7 158
7 159
7 160
7 161
7 162
7 163
7 164
7 165
7 166
7 167
7 350
7 351
7 353
7 357
8 9
8 10
8 11
8 12
8 13
8 14
8 15
8 16
8 17
8 30
8 32
8 33
8 34
8 35
8 36
8 37
8 38
8 39
8 40
8 41
8 42
8 43
8 44
8 45
8 46
8 47
8 48
8 49
8 50
8 51
8 52
8 53
8 54
8 55
8 63
8 64
8 65
8 67
8 69
8 70
8 71
8 72
8 73
8 75
8 76
8 77
8 78
8 79
8 81
8 82
8 83
8 144
8 146
8 147
8 148
8 149
8 152
8 154
8 155
8 156
8 157
8 159
8 160
8 162
8 164
8 165
8 166
8 167
8 168
8 351
8 353
8 355
8 356
8 429
9 10
9 11
9 12
9 13
9 14
9 15
9 16
9 31
9 32
9 33
9 36
9 37
9 38
9 39
9 40
9 41
9 42
9 43
9 44
9 45
9 46
9 47
9 48
9 49
9 50
9 51
9 52
9 53
9 54
9 55
9 63
9 66
9 67
9 68
9 69
9 70
9 71
9 72
9 74
9 75
9 76
9 77
9 78
9 79
9 80
9 81
9 82
9 144
9 146
9 147
9 150
9 151
9 152
9 153
9 154
9 155
9 157
9 158
9 159
9 160
9 161
9 162
9 163
9 164
9 165
9 166
9 354
9 356
9 411
9 433
10 11
10 12
10 13
10 14
10 15
10 16
10 17
10 30
10 32
10 33
10 34
10 35
10 36
10 37
10 38
10 39
10 40
10 41
10 42
10 43
10 44
10 45
10 46
10 47
10 48
10 49
10 50
10 51
10 52
10 53
10 54
10 55
10 63
10 66
10 67
10 68
10 69
10 70
10 71
10 72
10 73
10 74
10 75
10 76
10 77
10 78
10 79
10 80
10 81
10 82
10 143
10 145
10 146
10 147
10 149
10 150
10 151
10 152
10 153
10 154
10 155
10 156
10 157
10 158
10 159
10 160
10 161
10 162
10 163
10 164
10 165
10 166
10 167
10 168
10 351
10 354
10 355
10 356
10 432
11 12
11 13
11 14
11 15
11 16
11 28
11 33
11 34
11 35
11 36
11 37
11 38
11 39
11 40
11 41
11 42
11 43
11 44
11 46
11 47
11 48
11 49
11 50
11 51
11 52
11 53
11 54
11 55
11 62
11 63
11 64
11 66
11 67
11 68
11 69
11 70
11 71
11 72
11 73
11 74
11 75
11 76
11 77
11 78
11 79
11 80
11 81
11 82
11 88
11 147
11 149
11 150
11 151
11 152
11 153
11 154
11 155
11 156
11 157
11 159
11 160
11 161
11 162
11 163
11 164
11 165
11 166
11 167
11 275
11 353
11 354
11 355
11 356
11 357
12 13
12 14
12 15
12 16
12 17
12 31
12 33
12 34
12 35
12 36
12 37
12 38
12 39
12 40
12 41
12 42
12 43
12 44
12 45
12 46
12 47
12 48
12 49
12 50
12 51
12 52
12 53
12 54
12 55
12 62
12 63
12 64
12 65
12 67
12 68
12 69
12 70
12 71
12 72
12 73
12 74
12 75
12 76
12 77
12 78
12 79
12 80
12 81
12 82
12 148
12 149
12 150
12 151
12 152
12 153
12 154
12 155
12 156
12 157
12 158
12 159
12 160
12 161
12 162
12 163
12 164
12 165
12 166
12 167
12 286
12 353
12 354
12 355
12 433
13 14
13 15
13 16
13 17
13 18
13 29
13 31
13 32
13 33
13 34
13 35
13 36
13 37
13 38
13 39
13 40
13 41
13 42
13 43
13 44
13 45
13 46
13 47
13 48
13 49
13 50
13 51
13 52
13 53
13 54
13 55
13 63
13 64
13 65
13 66
13 67
13 68
13 69
13 70
13 71
13 72
13 73
13 74
13 75
13 76
13 77
13 78
13 79
13 80
13 81
13 82
13 145
13 146
13 147
13 149
13 150
13 151
13 152
13 153
13 154
13 155
13 156
13 157
13 158
13 159
13 160
13 161
13 162
13 163
13 164
13 165
13 166
13 167
13 169
13 285
13 350
13 355
13 357
13 358
13 375
14 15
14 16
14 31
14 32
14 33
14 34
14 35
14 36
14 37
14 38
14 39
14 40
14 41
14 42
14 43
14 44
14 45
14 46
14 47
14 48
14 49
14 50
14 51
14 52
14 53
14 54
14 55
14 62
14 65
14 66
14 68
14 69
14 70
14 71
14 72
14 73
14 74
14 75
14 76
14 77
14 78
14 79
14 80
14 81
14 82
14 144
14 148
14 151
14 152
14 153
14 154
14 155
14 156
14 157
14 158
14 159
14 160
14 161
14 162
14 163
14 164
14 165
14 166
14 167
14 205
14 287
14 299
14 352
14 353
14 354
14 355
15 16
15 18
15 29
15 30
15 32
15 33
15 34
15 35
15 36
15 37
15 38
15 39
15 40
15 41
15 42
15 43
15 44
15 45
15 46
15 47
15 48
15 49
15 50
15 51
15 52
15 53
15 54
15 55
15 62
15 63
15 65
15 66
15 67
15 68
15 69
15 70
15 71
15 72
15 73
15 74
15 75
15 76
15 77
15 78
15 79
15 80
15 81
15 82
15 135
15 143
15 144
15 145
15 146
15 147
15 149
15 150
15 151
15 152
15 153
15 154
15 155
15 156
15 157
15 158
15 159
15 160
15 161
15 162
15 163
15 164
15 165
15 166
15 167
15 168
15 351
15 352
15 353
15 354
15 355
16 28
16 31
16 32
16 33
16 34
16 35
16 36
16 37
16 38
16 39
16 40
16 41
16 42
16 43
16 44
16 45
16 46
16 47
16 48
16 49
16 50
16 51
16 52
16 53
16 54
16 55
16 63
16 64
16 65
16 66
16 67
16 68
16 69
16 70
16 71
16 72
16 73
16 74
16 75
16 76
16 77
16 78
16 79
16 80
16 81
16 82
16 143
16 144
16 145
16 148
16 149
16 150
16 151
16 152
16 153
16 154
16 155
16 156
16 157
16 158
16 159
16 160
16 161
16 162
16 163
16 165
16 166
16 167
16 182
16 434
17 31
17 33
17 36
17 40
17 41
17 43
17 44
17 48
17 49
17 50
17 51
17 52
17 53
17 54
17 68
17 70
17 71
17 76
17 77
17 79
17 81
17 82
17 153
17 159
17 160
17 162
17 163
17 164
17 165
17 166
18 36
18 46
18 47
18 48
18 50
18 51
18 52
18 53
18 54
18 55
18 76
18 161
18 166
18 323
19 20
19 51
19 53
19 57
19 78
19 163
19 165
19 167
20 260
20 401
20 415
21 242
21 297
27 53
27 152
27 153
27 159
27 164
28 33
28 41
28 42
28 46
28 47
28 50
28 53
28 64
28 65
28 66
28 67
28 69
28 76
28 78
28 81
28 82
28 143
28 147
28 149
28 152
28 153
28 157
28 158
28 159
28 162
28 163
28 184
28 350
28 355
29 36
29 37
29 38
29 39
29 40
29 42
29 47
29 49
29 50
29 51
29 52
29 53
29 55
29 73
29 74
29 76
29 78
29 79
29 80
29 146
29 148
29 153
29 156
29 160
29 162
29 163
29 164
29 165
29 167
29 294
29 354
29 430
30 31
30 32
30 33
30 34
30 36
30 38
30 39
30 41
30 44
30 45
30 47
30 48
30 49
30 50
30 51
30 52
30 54
30 62
30 63
30 65
30 66
30 67
30 69
30 71
30 72
30 76
30 78
30 80
30 81
30 82
30 97
30 145
30 147
30 148
30 151
30 152
30 153
30 155
30 156
30 157
30 158
30 160
30 161
30 162
30 163
30 164
30 165
30 166
30 167
30 350
30 351
30 352
30 355
30 356
30 408
31 32
31 33
31 34
31 35
31 37
31 38
31 39
31 41
31 43
31 49
31 50
31 53
31 55
31 62
31 63
31 66
31 67
31 70
31 71
31 72
31 73
31 75
31 76
31 78
31 79
31 80
31 81
31 82
31 147
31 149
31 150
31 153
31 154
31 155
31 157
31 160
31 161
31 163
31 164
31 165
31 167
31 352
31 353
31 357
32 33
32 35
32 36
32 37
32 38
32 39
32 40
32 41
32 42
32 43
32 45
32 48
32 49
32 50
32 51
32 52
32 53
32 54
32 55
32 63
32 65
32 66
32 67
32 69
32 70
32 71
32 73
32 74
32 75
32 76
32 77
32 78
32 80
32 81
32 82
32 143
32 145
32 146
32 147
32 149
32 150
32 151
32 152
32 153
32 154
32 156
32 159
32 160
32 161
32 162
32 164
32 165
32 167
32 294
32 353
32 354
32 433
33 34
33 35
33 37
33 38
33 40
33 41
33 42
33 43
33 44
33 45
33 46
33 47
33 48
33 49
33 50
33 51
33 52
33 53
33 54
33 55
33 62
33 63
33 64
33 65
33 68
33 69
33 70
33 71
33 72
33 74
33 75
33 76
33 77
33 79
33 80
33 81
33 142
33 144
33 145
33 146
33 147
33 148
33 149
33 150
33 151
33 152
33 153
33 154
33 155
33 156
33 157
33 158
33 159
33 160
33 162
33 165
33 166
33 168
33 353
33 355
33 430
33 431
34 35
34 36
34 37
34 38
34 39
34 40
34 41
34 42
34 43
34 44
34 45
34 46
34 47
34 48
34 49
34 50
34 51
34 52
34 53
34 54
34 55
34 56
34 61
34 65
34 66
34 67
34 68
34 69
34 70
34 71
34 72
34 74
34 75
34 76
34 77
34 78
34 79
34 81
34 146
34 147
34 148
34 149
34 150
34 151
34 152
34 153
34 154
34 155
34 156
34 157
34 158
34 160
34 161
34 162
34 163
34 165
34 166
34 167
34 286
34 352
34 354
34 416
35 36
35 37
35 38
35 39
35 40
35 41
35 42
35 43
35 44
35 46
35 47
35 48
35 49
35 50
35 51
35 52
35 53
35 54
35 55
35 65
35 66
35 68
35 69
35 70
35 71
35 72
35 73
35 74
35 75
35 76
35 77
35 78
35 79
35 80
35 81
35 82
35 113
35 147
35 149
35 150
35 151
35 152
35 154
35 155
35 156
35 157
35 158
35 159
35 160
35 161
35 162
35 163
35 165
35 166
35 167
35 171
35 352
35 353
35 354
35 412
35 434
36 37
36 38
36 39
36 40
36 41
36 42
36 43
36 44
36 45
36 46
36 47
36 48
36 49
36 50
36 51
36 52
36 53
36 54
36 55
36 64
36 65
36 66
36 67
36 68
36 69
36 70
36 71
36 72
36 73
36 74
36 75
36 76
36 77
36 78
36 79
36 80
36 81
36 82
36 145
36 146
36 147
36 148
36 149
36 150
36 151
36 152
36 153
36 154
36 155
36 157
36 158
36 159
36 160
36 161
36 162
36 163
36 164
36 165
36 166
36 167
36 289
36 352
36 355
36 406
36 429
36 430
36 433
37 38
37 39
37 40
37 41
37 42
37 43
37 44
37 45
37 46
37 47
37 48
37 49
37 50
37 51
37 52
37 53
37 54
37 55
37 64
37 65
37 66
37 67
37 68
37 69
37 70
37 71
37 72
37 74
37 75
37 76
37 77
37 78
37 79
37 80
37 81
37 82
37 146
37 148
37 149
37 150
37 151
37 152
37 153
37 154
37 155
37 156
37 157
37 158
37 160
37 161
37 162
37 163
37 164
37 165
37 166
37 167
37 237
37 274
37 353
37 354
37 357
37 361
38 39
38 40
38 41
38 42
38 43
38 44
38 45
38 46
38 47
38 48
38 49
38 50
38 51
38 52
38 53
38 54
38 55
38 56
38 64
38 66
38 67
38 68
38 69
38 70
38 71
38 72
38 73
38 74
38 75
38 76
38 77
38 78
38 79
38 80
38 81
38 144
38 145
38 146
38 147
38 148
38 150
38 152
38 153
38 154
38 155
38 156
38 157
38 158
38 159
38 160
38 161
38 162
38 163
38 164
38 165
38 166
38 167
38 221
38 351
38 353
38 354
38 355
38 387
39 40
39 41
39 42
39 44
39 45
39 46
39 47
39 48
39 49
39 50
39 51
39 52
39 53
39 54
39 55
39 64
39 65
39 66
39 67
39 69
39 70
39 71
39 72
39 73
39 74
39 75
39 76
39 77
39 78
39 79
39 80
39 81
39 82
39 147
39 148
39 149
39 150
39 151
39 152
39 153
39 154
39 155
39 156
39 157
39 158
39 159
39 160
39 161
39 162
39 163
39 164
39 165
39 166
39 167
39 293
39 302
39 353
39 354
39 355
40 41
40 42
40 43
40 44
40 45
40 46
40 47
40 48
40 49
40 50
40 51
40 52
40 53
40 54
40 55
40 63
40 65
40 68
40 69
40 70
40 71
40 72
40 73
40 74
40 75
40 76
40 77
40 78
40 80
40 81
40 82
40 144
40 146
40 147
40 148
40 149
40 150
40 151
40 152
40 153
40 154
40 155
40 156
40 157
40 158
40 159
40 160
40 161
40 162
40 163
40 164
40 165
40 166
40 167
40 294
40 350
40 353
40 355
40 356
40 397
40 399
40 430
41 42
41 43
41 44
41 45
41 46
41 47
41 48
41 49
41 50
41 51
41 52
41 53
41 54
41 55
41 64
41 65
41 66
41 67
41 68
41 70
41 71
41 72
41 73
41 74
41 75
41 76
41 77
41 78
41 79
41 80
41 81
41 82
41 130
41 147
41 148
41 149
41 150
41 151
41 152
41 153
41 154
41 155
41 156
41 157
41 158
41 159
41 160
41 161
41 162
41 163
41 164
41 165
41 166
41 167
41 352
41 354
41 355
41 356
41 357
42 43
42 44
42 45
42 46
42 47
42 48
42 49
42 50
42 51
42 52
42 53
42 54
42 55
42 64
42 65
42 66
42 67
42 68
42 69
42 70
42 71
42 72
42 73
42 74
42 75
42 76
42 77
42 78
42 79
42 80
42 81
42 82
42 146
42 147
42 148
42 150
42 151
42 152
42 153
42 154
42 155
42 156
42 157
42 158
42 159
42 160
42 161
42 162
42 163
42 164
42 165
42 166
42 167
42 294
42 351
42 353
42 355
42 356
42 433
42 434
43 44
43 45
43 46
43 47
43 48
43 49
43 50
43 51
43 52
43 53
43 54
43 55
43 63
43 64
43 66
43 67
43 69
43 70
43 71
43 72
43 73
43 74
43 75
43 76
43 77
43 78
43 79
43 80
43 81
43 82
43 89
43 143
43 144
43 145
43 146
43 149
43 150
43 151
43 152
43 153
43 154
43 155
43 156
43 157
43 158
43 159
43 160
43 161
43 162
43 163
43 164
43 165
43 166
43 167
43 168
43 353
43 354
43 355
43 356
43 357
43 430
43 433
44 45
44 46
44 47
44 48
44 49
44 50
44 51
44 52
44 53
44 54
44 55
44 57
44 64
44 65
44 66
44 67
44 68
44 69
44 70
44 71
44 72
44 73
44 74
44 75
44 76
44 77
44 78
44 79
44 80
44 81
44 82
44 143
44 145
44 146
44 147
44 148
44 149
44 150
44 151
44 152
44 153
44 154
44 155
44 156
44 157
44 158
44 159
44 160
44 161
44 162
44 163
44 164
44 165
44 166
44 167
44 275
44 287
44 295
44 352
44 353
44 354
44 355
44 412
45 46
45 47
45 48
45 49
45 50
45 51
45 52
45 53
45 54
45 55
45 64
45 65
45 66
45 67
45 68
45 69
45 70
45 71
45 72
45 73
45 74
45 75
45 77
45 78
45 79
45 80
45 81
45 82
45 146
45 147
45 148
45 149
45 150
45 152
45 153
45 154
45 155
45 156
45 157
45 158
45 159
45 160
45 161
45 162
45 163
45 164
45 165
45 166
45 167
45 351
45 353
46 47
46 48
46 49
46 50
46 51
46 52
46 53
46 54
46 55
46 62
46 65
46 66
46 68
46 69
46 70
46 71
46 72
46 73
46 74
46 75
46 76
46 77
46 78
46 79
46 80
46 81
46 82
46 83
46 84
46 111
46 145
46 147
46 149
46 150
46 151
46 152
46 153
46 154
46 155
46 156
46 157
46 158
46 159
46 160
46 161
46 162
46 163
46 164
46 165
46 166
46 167
46 170
46 219
46 245
46 287
46 353
46 354
46 355
46 356
46 407
47 48
47 49
47 50
47 51
47 52
47 53
47 54
47 55
47 62
47 65
47 66
47 68
47 69
47 70
47 71
47 72
47 73
47 74
47 75
47 76
47 77
47 78
47 79
47 80
47 81
47 82
47 144
47 145
47 146
47 147
47 148
47 149
47 150
47 151
47 152
47 153
47 154
47 155
47 156
47 157
47 158
47 159
47 160
47 161
47 162
47 163
47 164
47 165
47 166
47 167
47 168
47 350
47 358
47 387
47 388
48 49
48 50
48 51
48 52
48 53
48 54
48 55
48 65
48 66
48 67
48 68
48 69
48 70
48 71
48 72
48 73
48 74
48 75
48 76
48 77
48 78
48 79
48 80
48 81
48 82
48 83
48 111
48 144
48 146
48 149
48 150
48 151
48 152
48 153
48 154
48 155
48 156
48 157
48 158
48 159
48 160
48 161
48 162
48 163
48 164
48 165
48 166
48 167
48 168
48 169
48 207
48 225
48 351
48 352
48 354
48 355
48 356
48 357
48 406
49 50
49 51
49 52
49 53
49 54
49 55
49 56
49 57
49 67
49 69
49 70
49 71
49 72
49 73
49 74
49 75
49 76
49 77
49 78
49 79
49 80
49 81
49 82
49 83
49 84
49 91
49 144
49 145
49 147
49 148
49 150
49 151
49 152
49 153
49 154
49 155
49 156
49 157
49 158
49 159
49 160
49 161
49 162
49 163
49 164
49 165
49 166
49 167
49 168
49 295
49 350
49 354
49 356
50 51
50 52
50 53
50 54
50 55
50 56
50 61
50 64
50 65
50 66
50 67
50 68
50 69
50 70
50 71
50 72
50 73
50 74
50 75
50 76
50 77
50 78
50 79
50 80
50 81
50 82
50 83
50 91
50 132
50 144
50 145
50 146
50 147
50 148
50 149
50 150
50 151
50 152
50 153
50 154
50 155
50 156
50 157
50 158
50 159
50 160
50 161
50 162
50 163
50 164
50 165
50 166
50 167
50 168
50 274
50 307
50 351
50 352
50 354
50 355
50 357
50 400
50 412
50 432
51 52
51 53
51 54
51 55
51 56
51 64
51 65
51 66
51 68
51 69
51 70
51 72
51 73
51 74
51 75
51 76
51 77
51 78
51 79
51 80
51 81
51 82
51 83
51 92
51 100
51 126
51 131
51 143
51 145
51 146
51 147
51 148
51 149
51 150
51 151
51 152
51 153
51 154
51 155
51 156
51 157
51 158
51 159
51 160
51 161
51 162
51 163
51 164
51 165
51 166
51 167
51 168
51 183
51 249
51 295
51 296
51 323
51 355
51 357
51 358
51 359
51 374
51 378
51 407
51 408
51 413
51 434
51 435
51 440
51 441
52 53
52 54
52 55
52 56
52 57
52 65
52 66
52 67
52 68
52 69
52 70
52 71
52 72
52 73
52 74
52 75
52 76
52 77
52 78
52 79
52 80
52 81
52 82
52 83
52 84
52 91
52 112
52 117
52 145
52 147
52 148
52 149
52 150
52 151
52 152
52 153
52 154
52 155
52 156
52 157
52 158
52 159
52 160
52 161
52 162
52 163
52 164
52 165
52 166
52 167
52 168
52 169
52 220
52 241
52 250
52 274
52 276
52 289
52 296
52 351
52 354
52 355
52 357
52 358
52 387
52 389
52 397
52 398
52 399
52 400
52 414
52 433
52 439
53 54
53 55
53 56
53 63
53 64
53 65
53 66
53 69
53 70
53 71
53 73
53 74
53 75
53 76
53 77
53 78
53 79
53 80
53 81
53 82
53 83
53 91
53 112
53 132
53 136
53 145
53 147
53 148
53 149
53 150
53 151
53 152
53 153
53 154
53 155
53 156
53 157
53 158
53 159
53 160
53 161
53 162
53 163
53 164
53 165
53 166
53 167
53 168
53 169
53 207
53 212
53 272
53 277
53 288
53 294
53 297
53 300
53 339
53 347
53 353
53 354
53 356
53 359
53 363
53 390
53 398
53 401
53 413
53 428
53 431
53 432
53 435
54 55
54 56
54 65
54 66
54 67
54 68
54 69
54 70
54 71
54 72
54 73
54 74
54 75
54 76
54 77
54 78
54 79
54 80
54 81
54 82
54 83
54 119
54 144
54 145
54 147
54 148
54 149
54 150
54 151
54 152
54 153
54 154
54 155
54 156
54 157
54 158
54 159
54 160
54 161
54 162
54 163
54 164
54 165
54 166
54 167
54 168
54 169
54 170
54 178
54 206
54 227
54 242
54 276
54 286
54 325
54 326
54 340
54 352
54 354
54 356
54 359
54 400
54 412
54 413
54 430
54 432
54 433
54 440
54 441
55 56
55 61
55 62
55 65
55 66
55 67
55 68
55 69
55 70
55 72
55 73
55 74
55 75
55 76
55 77
55 78
55 79
55 80
55 81
55 82
55 90
55 143
55 146
55 147
55 148
55 149
55 150
55 151
55 153
55 154
55 155
55 156
55 157
55 158
55 159
55 160
55 161
55 162
55 163
55 164
55 165
55 166
55 167
55 168
55 169
55 226
55 235
55 287
55 352
55 353
55 354
55 411
55 442
56 72
56 73
56 74
56 80
56 83
56 84
56 160
56 161
56 162
56 163
56 164
56 165
56 166
56 167
56 168
56 207
56 298
56 329
56 375
56 429
56 434
57 93
57 163
57 208
57 393
58 166
58 170
58 341
58 424
59 201
61 167
62 70
62 71
62 73
62 78
62 79
62 82
62 145
62 147
62 148
62 149
62 151
62 152
62 167
63 66
63 68
63 70
63 74
63 75
63 76
63 79
63 80
63 143
63 148
63 149
63 152
63 153
63 154
63 158
63 159
63 161
63 162
63 165
63 166
63 351
63 353
64 66
64 69
64 71
64 72
64 73
64 74
64 76
64 77
64 78
64 79
64 80
64 81
64 144
64 145
64 147
64 148
64 150
64 152
64 153
64 154
64 158
64 159
64 161
64 165
64 167
64 351
64 353
64 355
65 67
65 68
65 69
65 70
65 71
65 72
65 74
65 75
65 78
65 79
65 81
65 145
65 146
65 149
65 150
65 151
65 152
65 153
65 155
65 158
65 159
65 161
65 163
65 164
65 351
65 352
65 353
65 354
65 431
66 67
66 68
66 69
66 70
66 71
66 74
66 75
66 77
66 78
66 79
66 80
66 81
66 82
66 144
66 145
66 146
66 147
66 148
66 149
66 150
66 151
66 153
66 154
66 155
66 156
66 157
66 158
66 159
66 160
66 161
66 162
66 164
66 165
66 166
66 167
66 294
66 351
66 429
67 68
67 69
67 70
67 71
67 72
67 73
67 74
67 75
67 76
67 77
67 78
67 79
67 80
67 81
67 82
67 144
67 145
67 146
67 147
67 148
67 151
67 152
67 153
67 154
67 155
67 156
67 157
67 158
67 159
67 160
67 161
67 162
67 163
67 165
67 166
67 167
67 351
67 352
67 353
67 354
67 355
67 360
67 431
68 70
68 71
68 72
68 74
68 75
68 76
68 77
68 78
68 80
68 81
68 145
68 149
68 151
68 153
68 154
68 155
68 156
68 157
68 158
68 159
68 160
68 162
68 163
68 164
68 165
68 166
68 167
68 351
68 352
68 353
68 398
68 430
69 70
69 71
69 72
69 73
69 74
69 75
69 76
69 77
69 78
69 79
69 80
69 81
69 82
69 145
69 146
69 149
69 150
69 152
69 153
69 154
69 155
69 156
69 157
69 158
69 159
69 160
69 161
69 162
69 163
69 164
69 165
69 167
69 354
69 355
70 71
70 72
70 73
70 74
70 75
70 76
70 77
70 78
70 79
70 80
70 81
70 82
70 148
70 149
70 151
70 152
70 153
70 154
70 155
70 156
70 157
70 158
70 159
70 160
70 161
70 162
70 163
70 164
70 165
70 166
70 167
70 287
70 352
70 354
70 355
70 388
70 405
70 439
71 72
71 73
71 74
71 75
71 76
71 77
71 78
71 79
71 80
71 81
71 82
71 145
71 146
71 148
71 149
71 150
71 151
71 152
71 153
71 154
71 155
71 156
71 157
71 158
71 159
71 160
71 161
71 162
71 163
71 164
71 165
71 166
71 167
71 286
71 353
71 355
71 356
71 374
71 432
72 73
72 74
72 75
72 76
72 77
72 78
72 79
72 80
72 81
72 82
72 143
72 144
72 145
72 148
72 149
72 150
72 151
72 152
72 153
72 154
72 155
72 156
72 157
72 158
72 159
72 160
72 161
72 162
72 163
72 164
72 165
72 166
72 167
72 355
72 356
72 431
73 74
73 75
73 76
73 77
73 78
73 79
73 80
73 81
73 82
73 89
73 123
73 146
73 147
73 149
73 150
73 151
73 152
73 153
73 154
73 155
73 156
73 157
73 158
73 159
73 160
73 161
73 162
73 163
73 164
73 165
73 166
73 167
73 168
73 287
73 350
73 351
73 352
73 355
73 356
73 433
74 75
74 76
74 77
74 78
74 79
74 80
74 82
74 83
74 145
74 149
74 150
74 151
74 152
74 153
74 154
74 155
74 156
74 157
74 158
74 159
74 160
74 161
74 162
74 163
74 164
74 165
74 166
74 167
74 259
74 275
74 352
74 353
74 357
74 411
74 430
75 76
75 77
75 78
75 79
75 80
75 81
75 143
75 145
75 146
75 147
75 148
75 149
75 150
75 151
75 152
75 153
75 154
75 155
75 156
75 157
75 158
75 159
75 160
75 161
75 162
75 163
75 164
75 165
75 166
75 167
75 206
75 295
75 352
75 353
75 354
75 355
75 356
75 428
75 431
76 77
76 78
76 79
76 80
76 81
76 82
76 90
76 145
76 146
76 147
76 148
76 149
76 150
76 151
76 152
76 153
76 154
76 155
76 156
76 157
76 158
76 159
76 160
76 161
76 162
76 163
76 164
76 165
76 166
76 167
76 169
76 258
76 294
76 353
77 78
77 79
77 80
77 81
77 82
77 83
77 144
77 145
77 148
77 149
77 150
77 151
77 152
77 153
77 154
77 155
77 156
77 157
77 158
77 159
77 160
77 161
77 162
77 163
77 164
77 165
77 166
77 167
77 168
77 352
77 354
77 355
77 356
78 79
78 80
78 81
78 82
78 145
78 147
78 148
78 150
78 151
78 152
78 153
78 154
78 155
78 156
78 157
78 158
78 159
78 160
78 161
78 162
78 163
78 164
78 165
78 166
78 167
78 168
78 351
78 352
78 353
78 356
79 80
79 81
79 82
79 83
79 143
79 145
79 147
79 149
79 150
79 151
79 152
79 153
79 154
79 155
79 156
79 157
79 158
79 159
79 160
79 161
79 162
79 163
79 164
79 165
79 166
79 167
79 287
79 350
79 351
79 353
79 354
79 356
79 388
79 398
80 81
80 82
80 83
80 98
80 111
80 125
80 131
80 144
80 148
80 149
80 150
80 151
80 152
80 153
80 154
80 155
80 156
80 157
80 158
80 159
80 160
80 161
80 162
80 163
80 164
80 165
80 166
80 167
80 168
80 275
80 287
80 294
80 295
80 296
80 352
80 353
80 354
80 355
80 356
80 357
80 358
80 374
80 412
80 430
81 82
81 148
81 149
81 150
81 151
81 152
81 153
81 154
81 155
81 156
81 157
81 158
81 159
81 160
81 161
81 162
81 163
81 164
81 165
81 166
81 167
81 168
81 169
81 352
81 354
81 357
82 143
82 144
82 148
82 149
82 151
82 152
82 153
82 154
82 155
82 156
82 157
82 159
82 160
82 161
82 162
82 163
82 164
82 165
82 166
82 167
82 288
82 296
82 353
82 431
83 149
83 163
83 164
83 165
83 166
83 167
83 170
83 291
83 292
84 99
84 363
84 409
84 440
85 168
85 236
85 360
86 184
89 165
90 166
90 295
91 168
92 166
92 225
92 246
93 167
94 168
99 167
100 358
101 118
108 161
112 156
113 132
116 161
131 165
131 166
132 413
133 169
135 162
143 148
143 152
143 164
143 165
143 166
143 351
144 146
144 147
144 148
144 149
144 150
144 151
144 153
144 158
144 161
144 162
144 164
144 165
144 166
144 167
144 352
144 354
144 398
145 146
145 147
145 149
145 150
145 152
145 155
145 156
145 158
145 160
145 161
145 162
145 352
145 355
146 147
146 148
146 149
146 150
146 151
146 152
146 154
146 155
146 156
146 159
146 160
146 161
146 162
146 163
146 165
146 166
146 352
146 353
146 354
147 148
147 149
147 151
147 152
147 153
147 155
147 158
147 159
147 160
147 161
147 164
147 165
147 166
147 167
147 257
147 354
147 355
148 149
148 150
148 151
148 152
148 153
148 154
148 155
148 157
148 158
148 159
148 160
148 161
148 162
148 165
148 166
148 353
148 356
149 151
149 152
149 155
149 156
149 157
149 158
149 159
149 161
149 162
149 163
149 164
149 165
149 166
149 167
149 398
150 151
150 152
150 153
150 154
150 155
150 156
150 157
150 158
150 159
150 160
150 161
150 162
150 163
150 164
150 165
150 167
150 351
150 352
150 354
150 355
150 406
151 152
151 153
151 154
151 156
151 157
151 158
151 159
151 161
151 162
151 164
151 165
151 166
151 167
151 338
151 351
151 352
151 353
151 354
151 355
152 153
152 154
152 155
152 156
152 157
152 158
152 159
152 160
152 161
152 162
152 163
152 164
152 165
152 166
152 167
152 350
152 353
152 355
152 356
152 398
152 431
152 434
153 154
153 155
153 156
153 157
153 158
153 159
153 160
153 161
153 162
153 163
153 164
153 165
153 166
153 167
153 168
153 285
153 352
153 356
153 431
154 155
154 156
154 157
154 158
154 159
154 160
154 161
154 162
154 163
154 164
154 165
154 166
154 167
154 168
154 169
154 352
154 353
154 354
154 355
154 356
154 399
155 156
155 157
155 158
155 159
155 160
155 161
155 162
155 163
155 164
155 165
155 166
155 167
155 351
155 352
155 353
155 354
155 355
155 356
155 445
156 157
156 158
156 159
156 160
156 161
156 162
156 163
156 164
156 165
156 166
156 167
156 274
156 351
156 354
156 355
156 356
156 432
157 158
157 159
157 160
157 161
157 162
157 163
157 164
157 165
157 166
157 167
157 352
157 353
157 354
157 355
157 399
157 431
157 432
158 159
158 160
158 161
158 162
158 163
158 164
158 165
158 166
158 167
158 353
158 354
158 355
158 431
158 432
159 160
159 161
159 162
159 163
159 164
159 165
159 166
159 167
159 168
159 295
159 352
159 353
159 354
159 355
159 407
159 432
159 433
160 161
160 162
160 163
160 164
160 165
160 166
160 167
160 355
160 356
160 358
160 399
160 411
160 433
161 162
161 163
161 164
161 165
161 166
161 167
161 168
161 258
161 275
161 352
161 353
161 354
161 356
161 426
161 431
161 432
162 163
162 164
162 165
162 166
162 167
162 206
162 274
162 287
162 291
162 295
162 296
162 301
162 353
162 354
162 399
162 413
162 432
163 164
163 165
163 166
163 167
163 179
163 275
163 276
163 296
163 351
163 352
163 354
163 356
163 357
163 432
164 165
164 166
164 167
164 168
164 246
164 259
164 275
164 276
164 286
164 287
164 288
164 351
164 352
164 353
164 355
164 360
164 399
164 408
164 412
164 430
164 431
165 166
165 167
165 168
165 206
165 243
165 275
165 353
165 354
165 389
165 412
165 432
165 434
166 167
166 168
166 184
166 250
166 259
166 287
166 288
166 351
166 353
166 356
166 357
166 359
166 377
166 399
166 400
166 412
166 413
166 430
166 431
166 432
166 433
167 168
167 177
167 241
167 275
167 353
167 354
167 355
167 357
167 361
167 399
167 407
167 432
167 433
168 358
168 426
168 428
168 435
169 313
169 364
170 402
171 379
172 353
183 352
185 213
207 359
208 356
214 243
224 277
228 251
244 290
247 355
252 434
257 446
262 361
267 402
273 436
276 297
278 389
289 413
292 362
294 352
301 414
324 414
327 436
351 352
351 400
352 353
352 355
352 406
353 354
353 355
358 359
358 431
360 401
388 390
401 414
429 435
435 445
