1 38
1 115
1 282
2 118
4 118
5 15
5 17
5 29
5 93
5 115
5 177
5 182
5 208
5 247
5 277
6 7
6 22
6 28
6 32
6 33
6 36
6 38
6 82
6 89
6 90
6 98
6 99
6 101
6 102
6 104
6 108
6 111
6 114
6 116
6 118
6 119
6 183
6 199
6 208
6 212
6 221
6 246
6 247
6 254
6 259
6 260
6 271
6 276
6 278
7 9
7 10
7 11
7 12
7 15
7 17
7 20
7 23
7 26
7 32
7 33
7 82
7 87
7 88
7 89
7 91
7 93
7 96
7 97
7 98
7 101
7 106
7 112
7 115
7 117
7 176
7 182
7 184
7 185
7 192
7 193
7 194
7 195
7 201
7 202
7 206
7 207
7 209
7 212
7 213
7 221
7 247
7 253
7 256
7 257
7 260
7 264
7 265
7 267
7 271
7 272
7 274
7 277
8 12
8 15
8 18
8 20
8 21
8 22
8 24
8 26
8 32
8 33
8 35
8 37
8 38
8 86
8 92
8 94
8 95
8 96
8 97
8 100
8 102
8 105
8 109
8 112
8 113
8 115
8 176
8 177
8 178
8 179
8 180
8 181
8 182
8 183
8 184
8 185
8 186
8 188
8 189
8 191
8 193
8 197
8 204
8 205
8 207
8 208
8 210
8 212
8 218
8 221
8 245
8 247
8 248
8 250
8 252
8 253
8 255
8 256
8 264
8 265
8 267
8 271
8 272
8 273
8 276
8 277
9 14
9 16
9 17
9 23
9 25
9 27
9 28
9 31
9 33
9 35
9 36
9 86
9 90
9 94
9 95
9 98
9 101
9 102
9 103
9 104
9 106
9 108
9 112
9 114
9 116
9 118
9 119
9 144
9 179
9 180
9 182
9 183
9 185
9 188
9 189
9 190
9 191
9 193
9 195
9 197
9 201
9 202
9 203
9 204
9 205
9 206
9 208
9 211
9 214
9 216
9 217
9 243
9 244
9 245
9 246
9 247
9 249
9 250
9 251
9 252
9 261
9 262
9 264
9 265
9 268
9 272
9 273
9 274
9 275
9 277
9 278
10 13
10 16
10 17
10 18
10 21
10 24
10 25
10 26
10 28
10 29
10 30
10 31
10 32
10 33
10 34
10 36
10 37
10 38
10 83
10 84
10 85
10 88
10 91
10 92
10 93
10 94
10 97
10 98
10 99
10 100
10 103
10 105
10 106
10 107
10 108
10 109
10 110
10 113
10 114
10 117
10 181
10 183
10 184
10 187
10 189
10 190
10 191
10 192
10 193
10 194
10 195
10 198
10 200
10 201
10 203
10 206
10 208
10 209
10 210
10 212
10 213
10 216
10 217
10 218
10 220
10 221
10 244
10 245
10 247
10 249
10 252
10 254
10 255
10 256
10 257
10 258
10 260
10 261
10 262
10 263
10 266
10 267
10 268
10 271
10 273
10 275
10 276
10 278
10 418
11 12
11 14
11 17
11 18
11 19
11 20
11 21
11 22
11 23
11 24
11 26
11 28
11 29
11 30
11 32
11 33
11 34
11 35
11 36
11 38
11 82
11 84
11 85
11 86
11 87
11 88
11 89
11 90
11 92
11 93
11 94
11 95
11 97
11 104
11 105
11 107
11 108
11 109
11 110
11 111
11 112
11 114
11 116
11 118
11 179
11 180
11 181
11 182
11 183
11 184
11 185
11 188
11 190
11 192
11 193
11 194
11 196
11 197
11 198
11 199
11 200
11 201
11 202
11 203
11 204
11 205
11 206
11 207
11 208
11 209
11 210
11 212
11 214
11 216
11 223
11 245
11 246
11 247
11 248
11 250
11 251
11 252
11 253
11 254
11 256
11 260
11 261
11 262
11 265
11 266
11 267
11 268
11 269
11 270
11 273
11 275
12 15
12 16
12 17
12 18
12 21
12 22
12 23
12 24
12 25
12 26
12 27
12 28
12 30
12 31
12 32
12 33
12 34
12 35
12 37
12 39
12 82
12 84
12 85
12 86
12 87
12 88
12 89
12 91
12 92
12 93
12 94
12 96
12 97
12 98
12 99
12 100
12 102
12 103
12 104
12 105
12 106
12 107
12 108
12 109
12 111
12 112
12 113
12 114
12 115
12 116
12 117
12 118
12 176
12 178
12 179
12 181
12 182
12 184
12 186
12 189
12 193
12 194
12 195
12 196
12 197
12 198
12 199
12 201
12 202
12 206
12 207
12 208
12 209
12 210
12 211
12 212
12 213
12 214
12 215
12 216
12 217
12 218
12 219
12 220
12 221
12 222
12 223
12 243
12 245
12 246
12 247
12 248
12 249
12 250
12 251
12 253
12 254
12 255
12 256
12 257
12 258
12 259
12 261
12 262
12 263
12 264
12 266
12 268
12 270
12 271
12 272
12 276
12 277
12 278
13 15
13 16
13 17
13 18
13 19
13 20
13 21
13 22
13 23
13 24
13 25
13 26
13 27
13 28
13 29
13 30
13 31
13 33
13 34
13 36
13 37
13 38
13 39
13 82
13 86
13 89
13 90
13 91
13 92
13 93
13 95
13 96
13 97
13 98
13 99
13 102
13 104
13 106
13 107
13 108
13 109
13 110
13 111
13 112
13 113
13 114
13 115
13 117
13 118
13 178
13 182
13 183
13 184
13 185
13 186
13 187
13 189
13 190
13 191
13 192
13 194
13 196
13 197
13 199
13 202
13 203
13 204
13 205
13 206
13 207
13 208
13 209
13 210
13 211
13 213
13 214
13 215
13 216
13 218
13 219
13 220
13 221
13 245
13 247
13 248
13 249
13 250
13 251
13 252
13 253
13 254
13 255
13 257
13 259
13 260
13 261
13 262
13 264
13 265
13 266
13 268
13 269
13 270
13 272
13 273
13 274
13 275
13 276
13 277
13 278
13 289
14 15
14 16
14 17
14 18
14 20
14 21
14 22
14 23
14 24
14 25
14 26
14 27
14 28
14 29
14 30
14 31
14 32
14 34
14 35
14 36
14 37
14 64
14 66
14 81
14 84
14 86
14 88
14 90
14 91
14 92
14 93
14 94
14 95
14 96
14 98
14 99
14 100
14 101
14 102
14 103
14 105
14 106
14 108
14 109
14 110
14 111
14 112
14 113
14 114
14 115
14 117
14 118
14 180
14 181
14 182
14 183
14 184
14 185
14 187
14 189
14 190
14 191
14 192
14 194
14 195
14 197
14 198
14 199
14 200
14 201
14 202
14 203
14 204
14 205
14 206
14 207
14 208
14 211
14 212
14 213
14 214
14 216
14 219
14 220
14 222
14 244
14 245
14 248
14 249
14 252
14 253
14 254
14 255
14 256
14 257
14 259
14 261
14 262
14 265
14 266
14 267
14 268
14 269
14 270
14 271
14 272
14 273
14 274
14 275
14 276
14 278
15 16
15 17
15 18
15 19
15 21
15 22
15 23
15 24
15 25
15 26
15 27
15 28
15 29
15 31
15 32
15 33
15 34
15 35
15 36
15 37
15 38
15 83
15 84
15 86
15 87
15 88
15 89
15 90
15 91
15 92
15 93
15 94
15 95
15 96
15 97
15 99
15 100
15 101
15 102
15 103
15 104
15 105
15 107
15 108
15 109
15 110
15 111
15 113
15 114
15 115
15 116
15 117
15 118
15 180
15 181
15 182
15 183
15 184
15 185
15 186
15 187
15 188
15 189
15 190
15 191
15 192
15 194
15 195
15 196
15 197
15 198
15 199
15 200
15 202
15 203
15 204
15 205
15 206
15 207
15 208
15 209
15 211
15 212
15 213
15 214
15 216
15 217
15 218
15 219
15 220
15 221
15 244
15 248
15 250
15 251
15 252
15 254
15 257
15 258
15 259
15 260
15 261
15 262
15 263
15 265
15 266
15 267
15 268
15 269
15 271
15 272
15 273
15 274
15 275
15 277
15 278
16 17
16 19
16 20
16 21
16 22
16 23
16 24
16 25
16 27
16 28
16 29
16 30
16 31
16 33
16 35
16 36
16 37
16 38
16 85
16 86
16 87
16 89
16 92
16 93
16 95
16 96
16 97
16 98
16 99
16 100
16 101
16 102
16 103
16 104
16 105
16 106
16 107
16 108
16 110
16 113
16 114
16 115
16 116
16 117
16 118
16 176
16 178
16 180
16 182
16 183
16 184
16 185
16 187
16 188
16 189
16 190
16 191
16 192
16 193
16 194
16 197
16 198
16 199
16 200
16 201
16 202
16 203
16 204
16 205
16 206
16 208
16 209
16 210
16 211
16 212
16 214
16 215
16 216
16 217
16 218
16 219
16 220
16 221
16 245
16 246
16 248
16 249
16 250
16 252
16 253
16 254
16 255
16 256
16 257
16 258
16 260
16 261
16 262
16 263
16 264
16 265
16 266
16 267
16 268
16 269
16 270
16 271
16 272
16 273
16 275
16 278
16 279
17 18
17 19
17 20
17 21
17 22
17 23
17 24
17 25
17 26
17 27
17 28
17 30
17 31
17 32
17 33
17 34
17 35
17 36
17 37
17 38
17 39
17 83
17 85
17 87
17 88
17 90
17 91
17 94
17 95
17 96
17 97
17 98
17 99
17 100
17 101
17 102
17 103
17 104
17 105
17 106
17 107
17 108
17 109
17 110
17 111
17 112
17 113
17 114
17 115
17 116
17 117
17 118
17 119
17 180
17 181
17 182
17 185
17 186
17 187
17 188
17 189
17 190
17 191
17 192
17 193
17 194
17 195
17 197
17 198
17 199
17 200
17 201
17 202
17 203
17 204
17 205
17 206
17 207
17 208
17 209
17 210
17 211
17 212
17 213
17 214
17 215
17 216
17 217
17 218
17 219
17 220
17 221
17 222
17 247
17 250
17 251
17 252
17 253
17 255
17 257
17 259
17 260
17 261
17 262
17 263
17 265
17 266
17 267
17 268
17 269
17 270
17 271
17 273
17 274
17 275
17 276
17 277
17 278
18 19
18 20
18 21
18 22
18 23
18 24
18 25
18 26
18 28
18 29
18 30
18 31
18 32
18 34
18 35
18 36
18 37
18 38
18 39
18 82
18 83
18 85
18 87
18 88
18 90
18 91
18 92
18 93
18 94
18 95
18 96
18 97
18 98
18 99
18 100
18 101
18 102
18 103
18 105
18 106
18 108
18 110
18 111
18 112
18 113
18 114
18 115
18 116
18 117
18 118
18 119
18 176
18 180
18 181
18 182
18 184
18 185
18 186
18 187
18 188
18 189
18 190
18 191
18 192
18 193
18 194
18 196
18 197
18 198
18 199
18 200
18 201
18 202
18 203
18 205
18 206
18 207
18 208
18 209
18 210
18 211
18 212
18 213
18 214
18 215
18 216
18 217
18 218
18 219
18 221
18 222
18 248
18 249
18 250
18 251
18 252
18 253
18 254
18 255
18 256
18 257
18 258
18 259
18 260
18 261
18 262
18 264
18 265
18 266
18 267
18 268
18 269
18 270
18 271
18 272
18 273
18 274
18 275
18 276
18 277
18 278
19 20
19 21
19 22
19 23
19 24
19 25
19 26
19 27
19 28
19 29
19 30
19 31
19 32
19 33
19 34
19 35
19 36
19 37
19 38
19 39
19 63
19 83
19 84
19 86
19 87
19 88
19 89
19 90
19 91
19 92
19 93
19 95
19 96
19 97
19 98
19 99
19 100
19 101
19 102
19 103
19 104
19 105
19 107
19 108
19 109
19 110
19 111
19 112
19 113
19 114
19 117
19 118
19 119
19 182
19 183
19 184
19 185
19 186
19 187
19 188
19 189
19 190
19 191
19 192
19 193
19 194
19 195
19 196
19 197
19 198
19 199
19 200
19 201
19 202
19 203
19 204
19 205
19 206
19 207
19 208
19 209
19 210
19 211
19 212
19 213
19 214
19 215
19 216
19 217
19 218
19 219
19 220
19 221
19 222
19 244
19 245
19 246
19 247
19 249
19 250
19 251
19 252
19 253
19 254
19 255
19 256
19 257
19 258
19 259
19 260
19 261
19 262
19 263
19 264
19 265
19 266
19 267
19 268
19 269
19 270
19 271
19 272
19 273
19 274
19 275
19 276
19 277
20 21
20 22
20 23
20 24
20 25
20 26
20 27
20 28
20 30
20 31
20 32
20 33
20 34
20 35
20 36
20 37
20 38
20 86
20 87
20 88
20 89
20 90
20 91
20 92
20 93
20 94
20 95
20 96
20 97
20 98
20 99
20 100
20 101
20 102
20 103
20 104
20 105
20 106
20 107
20 108
20 109
20 110
20 111
20 112
20 113
20 114
20 115
20 116
20 117
20 118
20 119
20 179
20 180
20 183
20 185
20 186
20 187
20 188
20 190
20 191
20 192
20 193
20 194
20 195
20 196
20 197
20 198
20 199
20 200
20 201
20 202
20 203
20 204
20 205
20 206
20 207
20 208
20 209
20 210
20 211
20 212
20 214
20 215
20 216
20 217
20 218
20 219
20 220
20 221
20 222
20 249
20 250
20 251
20 252
20 253
20 254
20 256
20 257
20 258
20 259
20 260
20 261
20 262
20 263
20 264
20 265
20 266
20 267
20 268
20 269
20 270
20 271
20 272
20 273
20 274
20 275
20 276
20 277
20 278
21 22
21 23
21 24
21 25
21 26
21 27
21 28
21 29
21 30
21 31
21 32
21 33
21 34
21 35
21 36
21 37
21 38
21 39
21 82
21 84
21 85
21 86
21 87
21 88
21 89
21 90
21 91
21 92
21 93
21 94
21 95
21 96
21 97
21 98
21 99
21 100
21 101
21 102
21 103
21 104
21 105
21 106
21 107
21 108
21 109
21 110
21 111
21 112
21 113
21 114
21 115
21 116
21 117
21 118
21 119
21 178
21 179
21 180
21 181
21 182
21 183
21 184
21 186
21 187
21 188
21 189
21 190
21 191
21 192
21 193
21 194
21 195
21 196
21 197
21 198
21 199
21 200
21 202
21 203
21 204
21 205
21 206
21 207
21 208
21 209
21 210
21 211
21 212
21 213
21 214
21 215
21 216
21 217
21 218
21 219
21 221
21 222
21 244
21 247
21 248
21 249
21 250
21 251
21 252
21 253
21 254
21 255
21 256
21 258
21 259
21 260
21 261
21 262
21 263
21 264
21 265
21 266
21 267
21 268
21 269
21 270
21 271
21 272
21 273
21 274
21 275
21 276
21 277
21 278
22 23
22 24
22 25
22 26
22 27
22 28
22 29
22 30
22 31
22 32
22 33
22 34
22 35
22 36
22 37
22 38
22 83
22 87
22 88
22 90
22 91
22 92
22 93
22 94
22 95
22 96
22 97
22 99
22 100
22 101
22 102
22 104
22 105
22 106
22 107
22 108
22 109
22 110
22 111
22 112
22 113
22 114
22 115
22 116
22 117
22 118
22 119
22 177
22 179
22 180
22 182
22 184
22 185
22 186
22 187
22 188
22 189
22 190
22 191
22 192
22 193
22 194
22 195
22 196
22 197
22 198
22 199
22 200
22 201
22 202
22 203
22 204
22 205
22 206
22 207
22 208
22 209
22 210
22 211
22 212
22 213
22 214
22 215
22 216
22 217
22 218
22 219
22 220
22 221
22 222
22 247
22 248
22 249
22 250
22 252
22 253
22 254
22 255
22 256
22 257
22 258
22 259
22 260
22 261
22 262
22 263
22 264
22 265
22 267
22 268
22 269
22 270
22 271
22 272
22 273
22 274
22 275
22 276
22 277
22 278
22 286
23 24
23 25
23 26
23 27
23 28
23 29
23 30
23 31
23 32
23 33
23 34
23 35
23 36
23 37
23 38
23 86
23 87
23 88
23 89
23 90
23 91
23 92
23 93
23 94
23 95
23 96
23 97
23 98
23 99
23 100
23 101
23 102
23 103
23 104
23 105
23 106
23 107
23 108
23 109
23 110
23 111
23 112
23 113
23 114
23 115
23 116
23 117
23 118
23 119
23 177
23 178
23 179
23 181
23 183
23 184
23 185
23 186
23 187
23 188
23 189
23 190
23 191
23 192
23 193
23 194
23 196
23 197
23 198
23 199
23 200
23 201
23 202
23 203
23 204
23 205
23 206
23 207
23 209
23 211
23 212
23 213
23 216
23 217
23 218
23 219
23 220
23 221
23 245
23 247
23 248
23 249
23 250
23 252
23 253
23 254
23 255
23 256
23 257
23 258
23 259
23 260
23 261
23 262
23 263
23 264
23 265
23 266
23 267
23 268
23 269
23 270
23 271
23 272
23 273
23 274
23 275
23 276
23 277
23 368
23 444
24 25
24 26
24 27
24 28
24 29
24 30
24 31
24 32
24 33
24 34
24 35
24 36
24 37
24 38
24 83
24 85
24 86
24 88
24 89
24 90
24 91
24 92
24 93
24 94
24 95
24 96
24 97
24 98
24 99
24 100
24 101
24 102
24 103
24 104
24 105
24 106
24 107
24 108
24 109
24 110
24 111
24 112
24 113
24 114
24 115
24 116
24 117
24 118
24 119
24 176
24 178
24 179
24 181
24 182
24 183
24 184
24 185
24 186
24 187
24 188
24 189
24 190
24 191
24 192
24 193
24 194
24 195
24 196
24 197
24 198
24 199
24 200
24 201
24 202
24 203
24 205
24 206
24 207
24 209
24 210
24 211
24 212
24 213
24 214
24 215
24 216
24 217
24 218
24 219
24 220
24 221
24 222
24 245
24 246
24 248
24 249
24 251
24 252
24 253
24 254
24 255
24 257
24 258
24 259
24 260
24 261
24 262
24 263
24 264
24 265
24 266
24 267
24 268
24 269
24 270
24 271
24 272
24 273
24 274
24 275
24 276
24 277
24 278
24 281
25 26
25 27
25 28
25 29
25 30
25 31
25 32
25 33
25 34
25 35
25 36
25 37
25 38
25 39
25 82
25 84
25 85
25 86
25 88
25 89
25 90
25 91
25 92
25 94
25 95
25 96
25 97
25 98
25 99
25 100
25 101
25 102
25 103
25 104
25 105
25 106
25 107
25 108
25 109
25 110
25 111
25 112
25 113
25 114
25 115
25 116
25 117
25 118
25 176
25 177
25 179
25 182
25 183
25 185
25 186
25 188
25 189
25 190
25 191
25 192
25 193
25 194
25 195
25 196
25 197
25 198
25 199
25 200
25 201
25 202
25 203
25 204
25 205
25 206
25 207
25 208
25 209
25 210
25 211
25 212
25 213
25 214
25 215
25 216
25 217
25 218
25 219
25 220
25 221
25 222
25 245
25 246
25 247
25 249
25 250
25 252
25 253
25 254
25 255
25 256
25 257
25 258
25 259
25 260
25 261
25 262
25 263
25 264
25 265
25 266
25 267
25 268
25 269
25 270
25 271
25 272
25 273
25 274
25 275
25 276
25 277
25 278
25 436
26 27
26 28
26 29
26 30
26 31
26 32
26 33
26 34
26 35
26 36
26 37
26 38
26 39
26 41
26 86
26 87
26 89
26 90
26 91
26 92
26 93
26 94
26 95
26 97
26 98
26 99
26 100
26 101
26 102
26 103
26 104
26 105
26 106
26 107
26 108
26 109
26 110
26 111
26 112
26 113
26 114
26 115
26 116
26 117
26 118
26 119
26 178
26 179
26 180
26 181
26 182
26 183
26 186
26 187
26 188
26 189
26 190
26 191
26 192
26 193
26 194
26 195
26 196
26 197
26 198
26 199
26 200
26 201
26 202
26 203
26 204
26 205
26 206
26 207
26 208
26 209
26 210
26 211
26 212
26 213
26 214
26 215
26 216
26 217
26 218
26 219
26 220
26 221
26 222
26 247
26 250
26 251
26 252
26 253
26 255
26 256
26 257
26 258
26 259
26 260
26 261
26 262
26 263
26 264
26 265
26 266
26 267
26 268
26 269
26 270
26 271
26 272
26 273
26 274
26 275
26 276
26 277
26 278
27 28
27 29
27 30
27 31
27 32
27 33
27 34
27 35
27 36
27 37
27 38
27 39
27 84
27 87
27 88
27 90
27 91
27 92
27 94
27 95
27 96
27 97
27 98
27 99
27 100
27 101
27 102
27 103
27 104
27 105
27 106
27 107
27 108
27 109
27 110
27 111
27 112
27 113
27 114
27 115
27 116
27 117
27 118
27 119
27 177
27 179
27 180
27 182
27 184
27 185
27 186
27 187
27 188
27 190
27 191
27 192
27 193
27 194
27 195
27 196
27 197
27 198
27 199
27 200
27 201
27 202
27 203
27 204
27 205
27 206
27 207
27 208
27 209
27 210
27 211
27 212
27 213
27 214
27 215
27 216
27 217
27 218
27 219
27 220
27 221
27 247
27 248
27 250
27 252
27 253
27 254
27 255
27 256
27 257
27 258
27 259
27 260
27 261
27 262
27 264
27 265
27 266
27 267
27 268
27 269
27 270
27 271
27 272
27 273
27 274
27 275
27 276
27 277
27 278
28 29
28 30
28 31
28 32
28 33
28 34
28 35
28 36
28 37
28 38
28 40
28 87
28 88
28 89
28 90
28 91
28 92
28 93
28 94
28 96
28 97
28 98
28 99
28 100
28 101
28 102
28 103
28 104
28 105
28 106
28 107
28 108
28 109
28 110
28 111
28 112
28 113
28 114
28 115
28 116
28 117
28 118
28 119
28 177
28 179
28 180
28 183
28 185
28 186
28 187
28 188
28 189
28 190
28 191
28 192
28 193
28 194
28 195
28 196
28 197
28 198
28 199
28 200
28 201
28 202
28 203
28 204
28 205
28 206
28 207
28 208
28 209
28 210
28 211
28 212
28 213
28 214
28 215
28 216
28 217
28 218
28 219
28 220
28 221
28 222
28 244
28 246
28 247
28 250
28 254
28 255
28 256
28 257
28 258
28 259
28 260
28 261
28 262
28 263
28 264
28 265
28 266
28 268
28 269
28 270
28 271
28 272
28 273
28 274
28 275
28 276
28 277
28 278
28 444
29 30
29 31
29 32
29 33
29 34
29 35
29 36
29 37
29 38
29 39
29 82
29 83
29 84
29 86
29 87
29 88
29 90
29 91
29 92
29 93
29 94
29 95
29 96
29 97
29 98
29 99
29 100
29 101
29 102
29 103
29 104
29 105
29 106
29 107
29 108
29 109
29 110
29 111
29 112
29 113
29 114
29 115
29 116
29 117
29 118
29 177
29 178
29 179
29 180
29 181
29 182
29 183
29 184
29 186
29 187
29 188
29 189
29 190
29 191
29 192
29 193
29 194
29 195
29 196
29 197
29 198
29 199
29 200
29 201
29 202
29 203
29 204
29 205
29 206
29 207
29 209
29 210
29 211
29 212
29 213
29 214
29 215
29 216
29 217
29 218
29 219
29 220
29 221
29 222
29 245
29 246
29 247
29 248
29 249
29 250
29 251
29 252
29 253
29 254
29 255
29 256
29 257
29 258
29 259
29 260
29 261
29 262
29 263
29 264
29 265
29 266
29 267
29 268
29 269
29 270
29 271
29 272
29 273
29 274
29 275
29 276
29 277
29 278
29 280
29 315
30 31
30 32
30 33
30 34
30 35
30 36
30 37
30 38
30 39
30 83
30 85
30 86
30 87
30 88
30 91
30 92
30 93
30 95
30 96
30 97
30 98
30 99
30 100
30 101
30 102
30 103
30 104
30 105
30 106
30 107
30 108
30 109
30 110
30 111
30 112
30 113
30 114
30 115
30 116
30 117
30 118
30 119
30 176
30 179
30 180
30 181
30 182
30 183
30 184
30 185
30 186
30 187
30 188
30 190
30 191
30 192
30 193
30 194
30 195
30 196
30 197
30 198
30 199
30 200
30 201
30 202
30 203
30 204
30 205
30 206
30 207
30 208
30 210
30 211
30 213
30 214
30 215
30 216
30 217
30 218
30 219
30 220
30 221
30 222
30 248
30 249
30 250
30 251
30 252
30 253
30 254
30 255
30 256
30 257
30 258
30 259
30 261
30 262
30 263
30 264
30 265
30 266
30 267
30 268
30 269
30 270
30 271
30 272
30 273
30 274
30 275
30 276
30 277
30 278
31 32
31 33
31 34
31 35
31 36
31 37
31 38
31 85
31 86
31 87
31 88
31 90
31 92
31 93
31 94
31 95
31 96
31 97
31 98
31 99
31 100
31 101
31 102
31 103
31 104
31 105
31 106
31 107
31 108
31 109
31 110
31 111
31 112
31 113
31 114
31 115
31 116
31 117
31 118
31 119
31 179
31 181
31 182
31 183
31 185
31 186
31 188
31 189
31 190
31 191
31 192
31 193
31 194
31 195
31 196
31 197
31 198
31 199
31 200
31 201
31 202
31 203
31 204
31 205
31 206
31 207
31 208
31 209
31 210
31 211
31 212
31 213
31 214
31 215
31 216
31 217
31 218
31 219
31 220
31 221
31 222
31 223
31 224
31 250
31 252
31 253
31 254
31 255
31 256
31 257
31 258
31 259
31 260
31 261
31 262
31 263
31 264
31 265
31 266
31 267
31 268
31 269
31 270
31 271
31 272
31 273
31 274
31 275
31 276
31 277
31 443
32 33
32 34
32 35
32 36
32 37
32 38
32 39
32 81
32 85
32 87
32 88
32 89
32 90
32 92
32 93
32 94
32 95
32 96
32 97
32 98
32 99
32 100
32 101
32 102
32 103
32 104
32 105
32 106
32 107
32 108
32 109
32 110
32 111
32 112
32 113
32 114
32 115
32 116
32 117
32 118
32 119
32 177
32 179
32 180
32 181
32 182
32 184
32 185
32 186
32 188
32 189
32 190
32 191
32 192
32 193
32 194
32 195
32 196
32 197
32 198
32 199
32 200
32 201
32 202
32 203
32 204
32 205
32 206
32 207
32 208
32 209
32 210
32 211
32 212
32 213
32 214
32 215
32 216
32 217
32 218
32 219
32 220
32 221
32 222
32 244
32 246
32 248
32 249
32 250
32 251
32 252
32 253
32 254
32 255
32 256
32 257
32 259
32 260
32 261
32 262
32 263
32 264
32 265
32 266
32 267
32 268
32 269
32 270
32 271
32 272
32 273
32 274
32 275
32 276
32 277
32 278
32 279
32 430
32 443
33 34
33 35
33 36
33 37
33 38
33 39
33 84
33 85
33 86
33 88
33 89
33 90
33 92
33 93
33 95
33 96
33 97
33 98
33 99
33 100
33 101
33 102
33 103
33 104
33 105
33 106
33 107
33 108
33 109
33 110
33 111
33 112
33 113
33 114
33 115
33 116
33 117
33 118
33 119
33 180
33 183
33 185
33 186
33 187
33 188
33 189
33 190
33 191
33 192
33 193
33 194
33 195
33 196
33 197
33 198
33 199
33 200
33 201
33 202
33 203
33 204
33 205
33 206
33 207
33 208
33 209
33 210
33 211
33 212
33 213
33 214
33 215
33 216
33 217
33 218
33 219
33 220
33 221
33 222
33 244
33 245
33 246
33 248
33 250
33 251
33 252
33 253
33 254
33 255
33 256
33 257
33 258
33 259
33 260
33 261
33 262
33 263
33 264
33 265
33 266
33 267
33 268
33 269
33 270
33 271
33 272
33 273
33 274
33 275
33 276
33 277
33 278
33 444
34 35
34 36
34 37
34 38
34 81
34 84
34 86
34 87
34 88
34 89
34 90
34 92
34 93
34 94
34 95
34 96
34 97
34 98
34 99
34 100
34 101
34 102
34 103
34 104
34 105
34 106
34 107
34 108
34 109
34 110
34 111
34 112
34 113
34 114
34 115
34 116
34 117
34 118
34 119
34 178
34 179
34 180
34 181
34 182
34 183
34 184
34 185
34 188
34 189
34 190
34 191
34 192
34 193
34 194
34 195
34 196
34 197
34 198
34 199
34 200
34 201
34 202
34 203
34 204
34 205
34 206
34 207
34 209
34 210
34 211
34 212
34 213
34 214
34 215
34 216
34 217
34 218
34 219
34 220
34 221
34 222
34 247
34 248
34 249
34 250
34 251
34 252
34 253
34 254
34 255
34 256
34 257
34 258
34 259
34 260
34 261
34 262
34 263
34 264
34 265
34 266
34 267
34 268
34 269
34 270
34 271
34 272
34 273
34 274
34 275
34 276
34 277
34 279
35 36
35 37
35 38
35 39
35 40
35 85
35 86
35 87
35 88
35 89
35 90
35 91
35 92
35 93
35 94
35 95
35 96
35 97
35 98
35 99
35 100
35 101
35 102
35 103
35 104
35 105
35 106
35 107
35 108
35 109
35 110
35 111
35 112
35 113
35 114
35 115
35 116
35 117
35 118
35 119
35 178
35 180
35 183
35 184
35 185
35 186
35 187
35 188
35 189
35 190
35 191
35 192
35 193
35 194
35 195
35 196
35 197
35 198
35 199
35 200
35 201
35 202
35 203
35 204
35 205
35 206
35 207
35 208
35 209
35 210
35 211
35 212
35 213
35 214
35 215
35 216
35 217
35 218
35 219
35 220
35 221
35 222
35 246
35 247
35 249
35 250
35 252
35 254
35 255
35 256
35 258
35 259
35 260
35 261
35 262
35 263
35 264
35 265
35 266
35 267
35 268
35 269
35 270
35 271
35 272
35 273
35 274
35 275
35 276
35 277
35 278
35 446
36 37
36 38
36 84
36 86
36 87
36 88
36 89
36 90
36 91
36 93
36 94
36 95
36 96
36 97
36 98
36 99
36 100
36 101
36 102
36 103
36 104
36 105
36 106
36 107
36 108
36 109
36 110
36 111
36 112
36 113
36 114
36 115
36 116
36 117
36 118
36 119
36 179
36 180
36 182
36 183
36 184
36 185
36 186
36 187
36 188
36 189
36 190
36 191
36 192
36 193
36 194
36 195
36 196
36 197
36 198
36 199
36 200
36 201
36 202
36 203
36 204
36 205
36 206
36 207
36 208
36 209
36 210
36 211
36 212
36 213
36 214
36 215
36 216
36 217
36 218
36 219
36 220
36 221
36 222
36 247
36 249
36 250
36 254
36 255
36 256
36 257
36 258
36 259
36 260
36 261
36 262
36 263
36 264
36 265
36 266
36 267
36 268
36 269
36 270
36 271
36 272
36 273
36 274
36 275
36 276
36 277
36 278
36 418
36 428
37 38
37 39
37 40
37 46
37 82
37 87
37 88
37 89
37 90
37 91
37 92
37 93
37 94
37 95
37 96
37 97
37 98
37 99
37 100
37 101
37 102
37 103
37 104
37 105
37 106
37 107
37 108
37 109
37 110
37 111
37 112
37 113
37 114
37 115
37 116
37 117
37 118
37 119
37 177
37 180
37 181
37 182
37 183
37 184
37 185
37 187
37 188
37 189
37 190
37 193
37 194
37 195
37 196
37 197
37 198
37 199
37 200
37 201
37 202
37 203
37 204
37 205
37 206
37 207
37 208
37 209
37 210
37 211
37 212
37 213
37 214
37 215
37 216
37 217
37 218
37 219
37 220
37 221
37 222
37 249
37 250
37 253
37 254
37 255
37 256
37 257
37 258
37 259
37 260
37 261
37 262
37 264
37 265
37 266
37 267
37 268
37 269
37 270
37 271
37 272
37 273
37 274
37 275
37 276
37 277
38 39
38 68
38 86
38 87
38 88
38 91
38 92
38 93
38 94
38 95
38 96
38 97
38 99
38 100
38 101
38 103
38 104
38 105
38 106
38 107
38 108
38 109
38 110
38 111
38 112
38 113
38 114
38 115
38 116
38 117
38 118
38 119
38 120
38 123
38 142
38 178
38 179
38 180
38 182
38 183
38 184
38 187
38 188
38 189
38 190
38 191
38 192
38 193
38 194
38 195
38 196
38 197
38 198
38 199
38 200
38 201
38 202
38 203
38 204
38 205
38 206
38 207
38 208
38 209
38 210
38 211
38 212
38 214
38 215
38 216
38 217
38 218
38 219
38 220
38 221
38 222
38 223
38 245
38 247
38 248
38 249
38 250
38 252
38 253
38 254
38 255
38 256
38 257
38 258
38 259
38 260
38 261
38 262
38 263
38 264
38 265
38 266
38 267
38 268
38 269
38 270
38 271
38 272
38 273
38 274
38 275
38 276
38 277
38 280
38 441
39 45
39 91
39 93
39 97
39 101
39 102
39 103
39 105
39 106
39 107
39 108
39 110
39 111
39 112
39 113
39 114
39 115
39 116
39 117
39 118
39 119
39 120
39 121
39 185
39 186
39 187
39 188
39 191
39 192
39 194
39 196
39 199
39 200
39 201
39 203
39 204
39 206
39 209
39 211
39 212
39 213
39 215
39 216
39 217
39 218
39 220
39 248
39 249
39 250
39 252
39 253
39 255
39 256
39 257
39 258
39 259
39 264
39 266
39 267
39 270
39 271
39 272
39 274
39 275
39 279
39 341
40 95
40 112
40 113
40 114
40 115
40 116
40 117
40 118
40 119
40 159
40 205
40 212
40 214
40 222
40 231
40 271
40 273
41 116
41 117
41 223
41 273
41 324
42 119
42 226
49 210
50 224
60 101
60 264
61 107
61 115
61 116
61 205
62 109
62 119
63 203
63 208
64 102
64 110
64 118
64 196
64 214
64 270
64 272
65 102
65 115
65 205
65 260
65 269
65 274
65 278
66 112
66 114
66 117
67 280
73 117
74 114
80 259
80 302
81 105
81 186
81 196
81 198
81 199
81 200
81 207
81 213
81 262
81 265
81 270
82 85
82 89
82 91
82 99
82 118
82 179
82 184
82 199
82 201
82 204
82 215
82 219
82 249
82 251
82 255
82 259
82 260
82 270
83 86
83 88
83 90
83 92
83 99
83 106
83 107
83 109
83 110
83 112
83 113
83 178
83 181
83 182
83 184
83 189
83 192
83 193
83 198
83 208
83 215
83 216
83 221
83 245
83 247
83 248
83 252
83 256
83 257
83 259
83 262
83 273
83 274
83 275
83 442
84 86
84 87
84 88
84 89
84 91
84 96
84 99
84 101
84 105
84 106
84 107
84 115
84 118
84 177
84 180
84 181
84 183
84 188
84 189
84 190
84 192
84 193
84 196
84 197
84 203
84 204
84 205
84 207
84 210
84 211
84 212
84 213
84 214
84 216
84 218
84 220
84 245
84 246
84 248
84 252
84 253
84 264
84 267
84 269
84 271
84 274
84 275
84 276
84 277
85 93
85 94
85 95
85 96
85 100
85 101
85 102
85 103
85 104
85 107
85 108
85 109
85 110
85 111
85 112
85 114
85 115
85 118
85 178
85 180
85 181
85 183
85 185
85 186
85 187
85 189
85 194
85 197
85 199
85 201
85 202
85 204
85 206
85 207
85 208
85 210
85 211
85 212
85 213
85 214
85 215
85 217
85 220
85 245
85 246
85 249
85 258
85 259
85 260
85 264
85 265
85 266
85 268
85 270
85 271
85 272
85 274
85 275
85 276
86 87
86 95
86 97
86 98
86 99
86 100
86 101
86 102
86 103
86 104
86 106
86 107
86 110
86 112
86 113
86 114
86 115
86 116
86 117
86 182
86 183
86 186
86 188
86 189
86 190
86 192
86 193
86 195
86 197
86 198
86 199
86 201
86 202
86 203
86 204
86 206
86 207
86 208
86 211
86 212
86 218
86 243
86 244
86 247
86 248
86 249
86 250
86 252
86 253
86 254
86 255
86 256
86 257
86 259
86 260
86 261
86 266
86 267
86 268
86 269
86 270
86 271
86 272
86 273
86 276
86 277
86 278
87 88
87 89
87 90
87 91
87 92
87 93
87 96
87 97
87 99
87 100
87 101
87 103
87 104
87 105
87 106
87 107
87 108
87 109
87 110
87 111
87 112
87 113
87 114
87 116
87 117
87 179
87 180
87 181
87 182
87 183
87 185
87 186
87 187
87 192
87 193
87 195
87 196
87 197
87 198
87 199
87 200
87 203
87 204
87 205
87 208
87 210
87 211
87 212
87 213
87 214
87 217
87 219
87 221
87 243
87 245
87 246
87 248
87 249
87 250
87 251
87 252
87 254
87 255
87 256
87 258
87 259
87 260
87 261
87 262
87 263
87 265
87 266
87 268
87 269
87 275
87 277
87 278
88 92
88 93
88 94
88 95
88 96
88 97
88 98
88 99
88 100
88 101
88 102
88 103
88 104
88 106
88 108
88 110
88 113
88 117
88 118
88 177
88 178
88 182
88 184
88 185
88 187
88 188
88 189
88 190
88 191
88 192
88 194
88 195
88 196
88 197
88 198
88 199
88 200
88 201
88 203
88 205
88 207
88 208
88 210
88 211
88 214
88 215
88 216
88 217
88 218
88 220
88 221
88 222
88 244
88 245
88 246
88 247
88 248
88 249
88 250
88 251
88 252
88 253
88 255
88 256
88 257
88 258
88 259
88 260
88 262
88 265
88 266
88 267
88 268
88 269
88 271
88 272
88 276
89 93
89 94
89 95
89 96
89 97
89 98
89 99
89 100
89 102
89 103
89 104
89 105
89 106
89 107
89 108
89 109
89 110
89 111
89 113
89 114
89 115
89 117
89 118
89 120
89 181
89 182
89 183
89 184
89 185
89 187
89 188
89 189
89 191
89 192
89 193
89 194
89 195
89 197
89 198
89 199
89 200
89 201
89 203
89 204
89 205
89 207
89 208
89 209
89 212
89 213
89 214
89 215
89 219
89 220
89 245
89 246
89 248
89 249
89 250
89 251
89 252
89 254
89 255
89 256
89 258
89 260
89 261
89 263
89 264
89 266
89 267
89 268
89 269
89 270
89 272
89 274
89 275
89 276
89 277
90 91
90 93
90 94
90 97
90 99
90 100
90 101
90 102
90 104
90 105
90 106
90 107
90 108
90 110
90 113
90 114
90 115
90 118
90 179
90 180
90 182
90 183
90 184
90 185
90 186
90 187
90 188
90 189
90 190
90 193
90 195
90 196
90 197
90 198
90 199
90 200
90 202
90 203
90 205
90 207
90 208
90 209
90 210
90 211
90 212
90 214
90 215
90 216
90 218
90 219
90 220
90 222
90 245
90 246
90 249
90 250
90 252
90 253
90 254
90 255
90 256
90 257
90 258
90 260
90 261
90 262
90 264
90 265
90 266
90 267
90 268
90 269
90 270
90 271
90 272
90 273
90 274
90 275
90 276
90 277
90 278
90 279
91 93
91 95
91 96
91 97
91 98
91 100
91 101
91 102
91 103
91 104
91 105
91 106
91 107
91 108
91 109
91 110
91 111
91 112
91 113
91 114
91 116
91 117
91 118
91 119
91 122
91 177
91 181
91 183
91 185
91 186
91 187
91 188
91 189
91 191
91 192
91 194
91 195
91 196
91 199
91 200
91 201
91 202
91 203
91 204
91 205
91 208
91 209
91 210
91 211
91 212
91 213
91 214
91 216
91 217
91 218
91 219
91 220
91 222
91 246
91 247
91 248
91 249
91 251
91 252
91 253
91 254
91 255
91 256
91 258
91 259
91 260
91 263
91 264
91 265
91 266
91 267
91 268
91 271
91 272
91 273
91 275
91 276
91 278
92 93
92 94
92 96
92 97
92 98
92 99
92 100
92 101
92 102
92 103
92 104
92 105
92 106
92 108
92 109
92 110
92 111
92 113
92 114
92 115
92 116
92 117
92 118
92 179
92 180
92 181
92 182
92 183
92 184
92 186
92 187
92 188
92 189
92 190
92 191
92 192
92 193
92 194
92 195
92 196
92 197
92 198
92 199
92 200
92 201
92 202
92 203
92 204
92 205
92 206
92 207
92 208
92 209
92 210
92 211
92 212
92 213
92 217
92 218
92 219
92 220
92 221
92 243
92 246
92 247
92 249
92 250
92 251
92 252
92 253
92 254
92 255
92 256
92 257
92 258
92 260
92 261
92 262
92 263
92 264
92 265
92 266
92 267
92 269
92 270
92 271
92 272
92 273
92 275
92 276
93 94
93 95
93 97
93 98
93 100
93 101
93 102
93 103
93 104
93 106
93 108
93 109
93 110
93 111
93 112
93 114
93 115
93 116
93 117
93 118
93 119
93 180
93 183
93 184
93 185
93 186
93 187
93 188
93 189
93 190
93 191
93 192
93 193
93 194
93 195
93 196
93 197
93 198
93 199
93 200
93 201
93 202
93 203
93 204
93 205
93 206
93 207
93 208
93 209
93 210
93 211
93 212
93 213
93 214
93 215
93 216
93 218
93 219
93 220
93 221
93 245
93 246
93 248
93 249
93 253
93 254
93 255
93 256
93 257
93 258
93 259
93 260
93 261
93 262
93 263
93 264
93 265
93 266
93 267
93 268
93 269
93 270
93 271
93 272
93 273
93 274
93 275
93 276
93 277
93 278
94 95
94 96
94 97
94 98
94 99
94 100
94 101
94 102
94 103
94 104
94 106
94 107
94 109
94 110
94 111
94 112
94 113
94 114
94 115
94 116
94 117
94 118
94 119
94 178
94 180
94 183
94 184
94 185
94 186
94 187
94 189
94 190
94 191
94 192
94 193
94 194
94 196
94 197
94 198
94 199
94 200
94 201
94 202
94 203
94 204
94 205
94 206
94 207
94 208
94 209
94 210
94 211
94 212
94 213
94 214
94 215
94 216
94 217
94 218
94 220
94 221
94 222
94 223
94 243
94 245
94 246
94 247
94 248
94 249
94 251
94 253
94 254
94 255
94 256
94 257
94 258
94 259
94 261
94 262
94 263
94 264
94 265
94 266
94 267
94 268
94 269
94 270
94 271
94 272
94 273
94 274
94 275
94 276
94 277
94 278
95 96
95 97
95 98
95 99
95 100
95 101
95 102
95 103
95 104
95 105
95 106
95 107
95 108
95 109
95 110
95 111
95 113
95 114
95 115
95 116
95 117
95 118
95 119
95 176
95 179
95 180
95 182
95 183
95 185
95 186
95 187
95 188
95 189
95 190
95 191
95 192
95 193
95 194
95 195
95 196
95 197
95 198
95 199
95 200
95 201
95 202
95 203
95 204
95 205
95 206
95 207
95 208
95 209
95 210
95 211
95 212
95 213
95 215
95 216
95 217
95 219
95 221
95 222
95 243
95 245
95 246
95 248
95 249
95 251
95 252
95 253
95 254
95 255
95 256
95 257
95 258
95 259
95 260
95 261
95 262
95 264
95 265
95 266
95 267
95 268
95 269
95 270
95 271
95 272
95 273
95 274
95 275
95 276
95 277
95 278
96 98
96 99
96 100
96 101
96 102
96 103
96 104
96 105
96 106
96 107
96 108
96 109
96 110
96 112
96 113
96 114
96 115
96 116
96 117
96 118
96 183
96 184
96 185
96 186
96 187
96 188
96 189
96 190
96 191
96 192
96 193
96 195
96 197
96 198
96 199
96 200
96 201
96 202
96 203
96 204
96 205
96 206
96 207
96 209
96 210
96 211
96 212
96 213
96 214
96 215
96 216
96 217
96 218
96 219
96 220
96 221
96 222
96 223
96 245
96 248
96 249
96 250
96 251
96 253
96 254
96 255
96 256
96 257
96 258
96 259
96 260
96 261
96 262
96 263
96 264
96 266
96 267
96 268
96 269
96 270
96 271
96 272
96 273
96 274
96 275
96 276
96 277
97 98
97 99
97 100
97 101
97 102
97 103
97 104
97 105
97 106
97 107
97 108
97 109
97 110
97 111
97 112
97 113
97 114
97 115
97 116
97 117
97 118
97 119
97 120
97 178
97 180
97 181
97 182
97 183
97 184
97 185
97 186
97 187
97 188
97 189
97 190
97 191
97 192
97 193
97 194
97 195
97 196
97 197
97 198
97 200
97 201
97 202
97 203
97 204
97 205
97 206
97 207
97 208
97 209
97 211
97 212
97 213
97 214
97 216
97 217
97 218
97 219
97 220
97 221
97 222
97 244
97 247
97 250
97 251
97 252
97 253
97 255
97 256
97 257
97 258
97 259
97 260
97 261
97 262
97 263
97 264
97 265
97 266
97 267
97 268
97 269
97 270
97 271
97 272
97 273
97 274
97 275
97 276
97 277
97 278
98 99
98 100
98 101
98 102
98 103
98 104
98 105
98 106
98 107
98 108
98 109
98 110
98 111
98 112
98 113
98 114
98 115
98 116
98 117
98 118
98 119
98 178
98 179
98 180
98 181
98 182
98 183
98 184
98 185
98 186
98 187
98 188
98 189
98 190
98 191
98 192
98 193
98 194
98 195
98 196
98 197
98 198
98 199
98 201
98 202
98 203
98 204
98 205
98 206
98 207
98 208
98 209
98 210
98 211
98 212
98 213
98 214
98 215
98 216
98 217
98 218
98 219
98 220
98 221
98 222
98 245
98 246
98 248
98 250
98 251
98 253
98 254
98 255
98 256
98 257
98 258
98 259
98 260
98 261
98 262
98 263
98 264
98 265
98 266
98 267
98 268
98 269
98 270
98 271
98 272
98 273
98 274
98 275
98 276
98 277
98 278
98 445
99 100
99 101
99 102
99 103
99 104
99 106
99 107
99 108
99 110
99 112
99 113
99 114
99 115
99 116
99 117
99 118
99 119
99 177
99 180
99 181
99 182
99 184
99 185
99 186
99 187
99 188
99 189
99 190
99 191
99 192
99 193
99 194
99 195
99 196
99 197
99 198
99 199
99 200
99 201
99 202
99 203
99 204
99 205
99 206
99 207
99 208
99 209
99 210
99 211
99 212
99 213
99 214
99 215
99 216
99 217
99 218
99 219
99 220
99 221
99 222
99 223
99 244
99 245
99 247
99 250
99 251
99 252
99 253
99 254
99 255
99 256
99 257
99 258
99 259
99 260
99 261
99 262
99 263
99 264
99 265
99 266
99 267
99 268
99 269
99 270
99 271
99 272
99 273
99 274
99 275
99 276
99 277
99 278
99 281
100 101
100 102
100 103
100 104
100 105
100 106
100 107
100 108
100 109
100 110
100 111
100 113
100 114
100 115
100 116
100 117
100 118
100 119
100 179
100 180
100 182
100 184
100 185
100 186
100 187
100 188
100 189
100 190
100 191
100 192
100 193
100 194
100 195
100 196
100 197
100 198
100 199
100 200
100 201
100 202
100 203
100 204
100 205
100 206
100 207
100 208
100 209
100 210
100 211
100 212
100 213
100 214
100 215
100 216
100 217
100 218
100 219
100 220
100 221
100 247
100 248
100 249
100 250
100 251
100 252
100 253
100 254
100 255
100 256
100 257
100 258
100 259
100 260
100 261
100 262
100 263
100 264
100 265
100 266
100 267
100 268
100 269
100 270
100 271
100 272
100 273
100 274
100 275
100 276
100 277
100 278
101 102
101 103
101 104
101 105
101 106
101 107
101 108
101 109
101 110
101 111
101 112
101 113
101 114
101 115
101 116
101 117
101 118
101 119
101 178
101 180
101 182
101 183
101 184
101 185
101 186
101 187
101 188
101 189
101 191
101 192
101 193
101 194
101 195
101 196
101 197
101 198
101 199
101 200
101 201
101 202
101 203
101 204
101 205
101 206
101 207
101 208
101 209
101 210
101 211
101 212
101 213
101 214
101 215
101 216
101 217
101 218
101 219
101 220
101 221
101 222
101 244
101 248
101 249
101 251
101 253
101 254
101 255
101 256
101 257
101 258
101 259
101 260
101 261
101 262
101 263
101 264
101 265
101 266
101 267
101 268
101 269
101 270
101 271
101 272
101 273
101 274
101 275
101 276
101 277
101 278
101 279
101 295
102 103
102 104
102 105
102 106
102 107
102 108
102 109
102 110
102 111
102 112
102 113
102 114
102 115
102 116
102 117
102 118
102 119
102 181
102 182
102 184
102 185
102 186
102 187
102 188
102 189
102 190
102 191
102 192
102 193
102 194
102 195
102 196
102 197
102 198
102 199
102 200
102 201
102 202
102 203
102 204
102 205
102 206
102 207
102 208
102 209
102 210
102 211
102 212
102 213
102 214
102 215
102 216
102 217
102 218
102 219
102 220
102 221
102 222
102 246
102 249
102 250
102 251
102 252
102 253
102 254
102 255
102 256
102 257
102 258
102 259
102 260
102 261
102 262
102 263
102 264
102 265
102 266
102 267
102 268
102 269
102 270
102 271
102 272
102 273
102 274
102 275
102 276
102 277
102 278
103 104
103 105
103 106
103 107
103 108
103 109
103 110
103 111
103 112
103 113
103 114
103 115
103 116
103 117
103 118
103 119
103 181
103 184
103 185
103 186
103 187
103 188
103 189
103 190
103 191
103 192
103 193
103 194
103 195
103 196
103 197
103 198
103 199
103 200
103 201
103 202
103 203
103 204
103 205
103 206
103 207
103 209
103 210
103 211
103 212
103 213
103 214
103 215
103 216
103 217
103 218
103 219
103 220
103 221
103 222
103 246
103 247
103 248
103 249
103 250
103 251
103 253
103 254
103 255
103 256
103 257
103 258
103 259
103 260
103 261
103 262
103 263
103 264
103 265
103 266
103 267
103 268
103 269
103 270
103 271
103 272
103 273
103 274
103 275
103 276
103 277
104 105
104 106
104 107
104 108
104 109
104 110
104 111
104 112
104 113
104 114
104 115
104 116
104 117
104 118
104 119
104 120
104 177
104 178
104 181
104 182
104 184
104 186
104 187
104 188
104 189
104 190
104 191
104 192
104 193
104 194
104 195
104 196
104 197
104 198
104 199
104 200
104 201
104 202
104 203
104 204
104 205
104 206
104 207
104 208
104 209
104 210
104 211
104 212
104 213
104 214
104 215
104 216
104 217
104 218
104 219
104 220
104 221
104 246
104 247
104 249
104 251
104 252
104 253
104 254
104 255
104 256
104 257
104 258
104 259
104 260
104 261
104 262
104 263
104 264
104 265
104 266
104 267
104 268
104 269
104 270
104 271
104 272
104 273
104 274
104 275
104 276
104 277
105 106
105 107
105 108
105 109
105 110
105 111
105 112
105 113
105 114
105 115
105 116
105 117
105 118
105 178
105 181
105 182
105 183
105 184
105 185
105 186
105 187
105 188
105 190
105 191
105 192
105 193
105 194
105 195
105 196
105 197
105 198
105 199
105 200
105 201
105 202
105 203
105 204
105 205
105 206
105 207
105 208
105 209
105 210
105 211
105 212
105 213
105 214
105 215
105 216
105 217
105 218
105 219
105 220
105 221
105 222
105 223
105 244
105 246
105 247
105 248
105 251
105 252
105 253
105 254
105 255
105 256
105 257
105 258
105 259
105 260
105 261
105 262
105 263
105 264
105 265
105 266
105 267
105 268
105 269
105 270
105 271
105 272
105 273
105 274
105 275
105 276
105 277
105 279
106 107
106 108
106 109
106 110
106 111
106 112
106 113
106 114
106 115
106 116
106 117
106 118
106 119
106 180
106 183
106 184
106 186
106 188
106 189
106 190
106 191
106 192
106 193
106 194
106 195
106 196
106 197
106 198
106 199
106 200
106 201
106 202
106 203
106 204
106 205
106 206
106 208
106 209
106 210
106 211
106 212
106 213
106 214
106 215
106 216
106 217
106 218
106 219
106 220
106 221
106 243
106 245
106 246
106 247
106 248
106 250
106 251
106 252
106 254
106 255
106 257
106 258
106 259
106 260
106 261
106 262
106 263
106 264
106 265
106 266
106 267
106 268
106 269
106 270
106 271
106 272
106 273
106 274
106 275
106 276
106 277
106 278
107 108
107 109
107 110
107 111
107 112
107 113
107 114
107 115
107 116
107 117
107 118
107 119
107 182
107 183
107 184
107 185
107 187
107 188
107 189
107 190
107 191
107 192
107 193
107 194
107 195
107 196
107 197
107 198
107 199
107 200
107 201
107 202
107 203
107 204
107 205
107 206
107 207
107 208
107 209
107 210
107 211
107 212
107 213
107 214
107 215
107 216
107 217
107 218
107 219
107 220
107 221
107 222
107 246
107 249
107 250
107 251
107 252
107 253
107 254
107 255
107 256
107 257
107 258
107 259
107 260
107 261
107 262
107 263
107 264
107 265
107 266
107 267
107 268
107 269
107 270
107 271
107 272
107 273
107 274
107 275
107 276
107 277
107 278
107 443
108 109
108 110
108 111
108 112
108 113
108 114
108 115
108 116
108 117
108 118
108 119
108 122
108 178
108 180
108 182
108 183
108 184
108 185
108 187
108 188
108 189
108 190
108 191
108 192
108 193
108 194
108 195
108 196
108 197
108 198
108 199
108 200
108 201
108 202
108 203
108 204
108 205
108 206
108 207
108 208
108 209
108 210
108 211
108 212
108 213
108 214
108 215
108 216
108 217
108 218
108 219
108 220
108 221
108 222
108 246
108 247
108 248
108 249
108 250
108 252
108 253
108 254
108 255
108 256
108 257
108 258
108 259
108 260
108 261
108 262
108 263
108 264
108 265
108 266
108 267
108 268
108 269
108 270
108 271
108 272
108 273
108 274
108 275
108 276
108 277
108 278
108 279
109 110
109 111
109 112
109 113
109 114
109 115
109 116
109 117
109 118
109 119
109 178
109 180
109 181
109 185
109 187
109 188
109 189
109 190
109 191
109 192
109 193
109 194
109 195
109 196
109 197
109 198
109 199
109 200
109 201
109 202
109 203
109 204
109 205
109 206
109 207
109 208
109 209
109 210
109 211
109 212
109 213
109 214
109 215
109 216
109 217
109 218
109 219
109 220
109 221
109 222
109 245
109 246
109 249
109 250
109 251
109 252
109 254
109 255
109 256
109 257
109 258
109 259
109 260
109 261
109 262
109 263
109 264
109 265
109 266
109 267
109 268
109 269
109 270
109 271
109 272
109 273
109 274
109 275
109 276
109 277
109 444
110 111
110 112
110 113
110 114
110 115
110 116
110 117
110 118
110 119
110 170
110 176
110 179
110 182
110 184
110 185
110 186
110 187
110 188
110 189
110 190
110 191
110 192
110 193
110 194
110 195
110 196
110 197
110 198
110 199
110 200
110 201
110 202
110 203
110 204
110 205
110 206
110 207
110 208
110 210
110 211
110 212
110 213
110 214
110 215
110 216
110 217
110 218
110 219
110 220
110 221
110 222
110 223
110 229
110 246
110 247
110 248
110 249
110 250
110 251
110 252
110 253
110 254
110 256
110 257
110 258
110 259
110 260
110 261
110 262
110 263
110 264
110 265
110 266
110 267
110 268
110 269
110 270
110 271
110 272
110 273
110 274
110 275
110 276
110 277
110 278
110 279
110 284
110 379
110 442
110 443
111 112
111 113
111 114
111 115
111 116
111 117
111 118
111 119
111 176
111 177
111 179
111 180
111 181
111 182
111 183
111 185
111 186
111 187
111 188
111 189
111 190
111 191
111 192
111 193
111 194
111 195
111 196
111 197
111 198
111 199
111 200
111 201
111 202
111 203
111 204
111 205
111 206
111 207
111 208
111 209
111 210
111 211
111 212
111 213
111 214
111 215
111 216
111 217
111 218
111 219
111 220
111 221
111 222
111 246
111 247
111 248
111 249
111 250
111 251
111 252
111 254
111 255
111 256
111 257
111 258
111 259
111 260
111 261
111 262
111 263
111 264
111 265
111 266
111 267
111 268
111 269
111 270
111 271
111 272
111 273
111 274
111 275
111 276
111 277
111 278
111 280
111 323
111 429
112 113
112 114
112 115
112 116
112 117
112 118
112 119
112 121
112 177
112 179
112 181
112 182
112 183
112 185
112 186
112 187
112 188
112 189
112 190
112 191
112 192
112 193
112 194
112 195
112 196
112 197
112 198
112 199
112 200
112 201
112 202
112 203
112 204
112 205
112 206
112 207
112 208
112 209
112 210
112 211
112 212
112 213
112 214
112 215
112 216
112 217
112 218
112 219
112 220
112 221
112 222
112 223
112 225
112 246
112 247
112 248
112 250
112 251
112 252
112 253
112 254
112 255
112 256
112 257
112 258
112 259
112 260
112 261
112 262
112 263
112 264
112 265
112 266
112 267
112 268
112 269
112 270
112 271
112 272
112 273
112 274
112 275
112 276
112 277
112 278
112 350
113 114
113 115
113 116
113 117
113 118
113 119
113 120
113 123
113 157
113 175
113 177
113 180
113 181
113 182
113 183
113 184
113 185
113 186
113 187
113 188
113 189
113 190
113 191
113 192
113 193
113 194
113 195
113 196
113 197
113 198
113 199
113 200
113 201
113 202
113 203
113 204
113 205
113 206
113 207
113 208
113 210
113 211
113 212
113 213
113 214
113 215
113 216
113 217
113 218
113 219
113 220
113 221
113 222
113 223
113 246
113 247
113 248
113 250
113 251
113 253
113 254
113 255
113 257
113 258
113 259
113 260
113 261
113 262
113 263
113 264
113 265
113 266
113 267
113 268
113 269
113 270
113 271
113 272
113 273
113 274
113 275
113 276
113 277
113 278
113 316
113 419
113 444
114 115
114 116
114 117
114 118
114 119
114 120
114 142
114 180
114 181
114 182
114 183
114 184
114 186
114 187
114 188
114 189
114 190
114 191
114 192
114 193
114 194
114 195
114 196
114 197
114 198
114 199
114 200
114 201
114 202
114 203
114 204
114 205
114 206
114 207
114 208
114 209
114 210
114 211
114 212
114 213
114 214
114 215
114 216
114 217
114 218
114 219
114 220
114 221
114 222
114 223
114 244
114 245
114 248
114 249
114 251
114 253
114 254
114 255
114 256
114 257
114 258
114 259
114 260
114 261
114 262
114 263
114 264
114 265
114 266
114 267
114 268
114 269
114 270
114 271
114 272
114 273
114 274
114 275
114 276
114 277
114 278
114 341
115 116
115 117
115 118
115 119
115 120
115 124
115 141
115 167
115 171
115 178
115 182
115 183
115 184
115 185
115 186
115 187
115 188
115 189
115 190
115 191
115 192
115 193
115 194
115 195
115 196
115 197
115 198
115 199
115 200
115 201
115 202
115 203
115 204
115 205
115 206
115 207
115 208
115 209
115 210
115 211
115 212
115 213
115 214
115 215
115 216
115 217
115 218
115 219
115 220
115 221
115 222
115 223
115 245
115 246
115 247
115 248
115 249
115 250
115 251
115 252
115 253
115 254
115 255
115 256
115 257
115 258
115 259
115 260
115 261
115 262
115 263
115 264
115 265
115 266
115 267
115 268
115 269
115 270
115 271
115 272
115 273
115 274
115 275
115 276
115 277
115 278
115 279
115 286
115 287
115 296
115 351
115 370
115 388
115 406
115 446
116 117
116 118
116 119
116 120
116 168
116 170
116 177
116 180
116 182
116 183
116 186
116 188
116 189
116 190
116 191
116 192
116 193
116 194
116 195
116 196
116 197
116 198
116 199
116 200
116 201
116 202
116 203
116 204
116 205
116 206
116 207
116 208
116 209
116 210
116 211
116 212
116 213
116 214
116 215
116 216
116 217
116 218
116 219
116 220
116 221
116 222
116 223
116 228
116 247
116 248
116 249
116 250
116 251
116 252
116 253
116 254
116 255
116 259
116 260
116 261
116 262
116 263
116 264
116 265
116 266
116 267
116 268
116 269
116 270
116 271
116 272
116 273
116 274
116 275
116 276
116 277
116 278
116 280
116 281
116 287
116 288
116 296
116 297
116 307
116 351
116 369
116 380
116 430
117 118
117 119
117 124
117 141
117 158
117 180
117 183
117 184
117 185
117 186
117 187
117 188
117 189
117 190
117 191
117 192
117 193
117 194
117 195
117 196
117 197
117 198
117 199
117 200
117 201
117 202
117 203
117 204
117 205
117 206
117 207
117 208
117 209
117 210
117 211
117 212
117 213
117 214
117 215
117 216
117 217
117 218
117 219
117 220
117 221
117 222
117 223
117 224
117 225
117 229
117 246
117 247
117 248
117 249
117 250
117 251
117 252
117 254
117 256
117 257
117 258
117 259
117 260
117 261
117 262
117 263
117 264
117 265
117 266
117 267
117 268
117 269
117 270
117 271
117 272
117 273
117 274
117 275
117 276
117 277
117 278
117 279
117 280
117 290
117 296
117 297
117 338
117 367
117 444
117 446
117 448
118 119
118 120
118 177
118 179
118 181
118 182
118 184
118 185
118 186
118 187
118 188
118 189
118 190
118 191
118 192
118 193
118 194
118 195
118 196
118 197
118 198
118 199
118 200
118 201
118 202
118 203
118 204
118 205
118 206
118 207
118 208
118 209
118 210
118 211
118 212
118 213
118 214
118 215
118 216
118 217
118 218
118 219
118 220
118 221
118 222
118 223
118 224
118 230
118 246
118 247
118 248
118 249
118 250
118 253
118 254
118 256
118 257
118 258
118 259
118 260
118 261
118 262
118 263
118 264
118 265
118 266
118 267
118 268
118 269
118 270
118 271
118 272
118 273
118 274
118 275
118 276
118 277
118 278
118 280
118 286
118 287
118 288
118 297
118 341
118 342
118 379
118 389
118 407
118 429
118 444
119 130
119 171
119 176
119 178
119 180
119 183
119 184
119 185
119 186
119 187
119 188
119 189
119 190
119 191
119 192
119 193
119 194
119 195
119 196
119 197
119 198
119 199
119 200
119 201
119 202
119 203
119 204
119 205
119 206
119 207
119 208
119 209
119 210
119 211
119 212
119 214
119 215
119 216
119 217
119 218
119 219
119 220
119 221
119 222
119 244
119 248
119 249
119 252
119 253
119 255
119 257
119 259
119 260
119 261
119 262
119 263
119 264
119 265
119 266
119 267
119 268
119 270
119 271
119 272
119 273
119 274
119 275
119 276
119 277
119 278
119 301
119 316
119 342
119 380
119 444
119 445
120 143
120 172
120 183
120 207
120 209
120 211
120 216
120 220
120 256
120 276
120 277
120 280
120 365
120 368
120 444
121 285
121 298
121 300
121 352
122 286
123 271
124 399
143 279
157 190
158 317
169 252
170 207
175 184
175 185
175 190
176 177
176 179
176 181
176 191
176 193
176 203
176 204
176 213
176 214
176 215
176 250
176 268
176 272
176 275
177 179
177 185
177 192
177 194
177 195
177 201
177 203
177 206
177 212
177 217
177 218
177 248
177 255
177 258
177 264
177 271
177 274
177 275
178 179
178 180
178 181
178 186
178 192
178 194
178 195
178 196
178 197
178 198
178 200
178 201
178 204
178 208
178 210
178 211
178 214
178 217
178 218
178 219
178 222
178 246
178 250
178 254
178 256
178 259
178 261
178 263
178 264
178 265
178 267
178 269
178 272
178 273
178 276
179 180
179 181
179 183
179 184
179 185
179 186
179 187
179 188
179 191
179 193
179 195
179 196
179 197
179 198
179 199
179 200
179 202
179 205
179 207
179 208
179 209
179 210
179 211
179 213
179 215
179 217
179 220
179 245
179 247
179 252
179 253
179 254
179 255
179 256
179 259
179 260
179 261
179 262
179 265
179 269
179 271
179 272
179 273
179 275
179 277
179 278
180 181
180 184
180 189
180 190
180 191
180 193
180 194
180 195
180 197
180 198
180 200
180 201
180 202
180 203
180 204
180 205
180 209
180 210
180 211
180 212
180 213
180 214
180 216
180 218
180 219
180 220
180 246
180 248
180 250
180 251
180 253
180 254
180 255
180 256
180 258
180 259
180 262
180 263
180 264
180 265
180 268
180 271
180 274
180 275
181 182
181 184
181 185
181 186
181 187
181 188
181 190
181 191
181 193
181 194
181 196
181 199
181 200
181 201
181 202
181 203
181 207
181 208
181 212
181 213
181 214
181 216
181 219
181 220
181 221
181 222
181 245
181 247
181 248
181 251
181 252
181 254
181 255
181 256
181 258
181 259
181 262
181 263
181 264
181 265
181 266
181 267
181 268
181 269
181 270
181 273
181 274
181 276
181 278
182 183
182 184
182 187
182 188
182 189
182 191
182 192
182 193
182 195
182 196
182 197
182 198
182 200
182 201
182 205
182 206
182 207
182 209
182 211
182 213
182 214
182 216
182 220
182 223
182 244
182 248
182 249
182 251
182 252
182 253
182 254
182 256
182 257
182 258
182 259
182 260
182 261
182 263
182 264
182 265
182 266
182 267
182 269
182 270
182 271
182 272
182 273
182 274
182 275
182 277
183 184
183 185
183 186
183 187
183 188
183 189
183 191
183 192
183 193
183 194
183 195
183 196
183 197
183 199
183 200
183 201
183 202
183 204
183 205
183 206
183 207
183 209
183 210
183 212
183 213
183 214
183 215
183 216
183 217
183 218
183 219
183 221
183 222
183 249
183 250
183 251
183 253
183 256
183 258
183 259
183 260
183 263
183 264
183 266
183 268
183 270
183 271
183 272
183 274
183 275
183 276
183 277
183 445
184 185
184 186
184 187
184 188
184 189
184 190
184 191
184 192
184 194
184 196
184 197
184 198
184 200
184 201
184 202
184 203
184 205
184 207
184 210
184 211
184 212
184 214
184 215
184 216
184 217
184 218
184 219
184 220
184 221
184 222
184 246
184 247
184 248
184 249
184 250
184 252
184 253
184 254
184 255
184 256
184 257
184 258
184 259
184 261
184 262
184 263
184 264
184 265
184 266
184 268
184 269
184 270
184 271
184 272
184 273
184 274
184 276
184 277
184 278
184 279
185 186
185 187
185 188
185 189
185 190
185 191
185 192
185 193
185 194
185 196
185 197
185 198
185 199
185 200
185 201
185 202
185 203
185 204
185 206
185 207
185 209
185 210
185 212
185 213
185 215
185 216
185 217
185 218
185 219
185 220
185 221
185 222
185 246
185 248
185 251
185 252
185 253
185 254
185 255
185 258
185 259
185 262
185 263
185 264
185 265
185 266
185 267
185 268
185 269
185 270
185 271
185 272
185 273
185 275
185 276
186 187
186 188
186 189
186 190
186 191
186 192
186 193
186 194
186 195
186 196
186 197
186 198
186 199
186 200
186 201
186 202
186 203
186 204
186 205
186 206
186 207
186 208
186 209
186 210
186 211
186 212
186 213
186 214
186 215
186 216
186 217
186 218
186 219
186 221
186 243
186 246
186 247
186 250
186 252
186 253
186 254
186 255
186 256
186 257
186 259
186 260
186 261
186 262
186 263
186 264
186 265
186 266
186 267
186 268
186 269
186 270
186 271
186 272
186 273
186 274
186 275
186 276
186 277
186 278
186 279
187 188
187 189
187 190
187 191
187 192
187 193
187 194
187 195
187 196
187 197
187 198
187 199
187 200
187 201
187 202
187 203
187 204
187 205
187 206
187 207
187 208
187 209
187 210
187 211
187 212
187 213
187 214
187 215
187 216
187 217
187 218
187 219
187 220
187 221
187 222
187 244
187 246
187 247
187 250
187 251
187 252
187 253
187 255
187 256
187 258
187 259
187 260
187 261
187 262
187 264
187 265
187 266
187 267
187 268
187 269
187 270
187 271
187 272
187 273
187 274
187 275
187 276
187 277
187 278
188 189
188 190
188 191
188 192
188 193
188 194
188 195
188 196
188 197
188 198
188 199
188 200
188 201
188 202
188 203
188 204
188 205
188 206
188 207
188 208
188 209
188 210
188 211
188 212
188 213
188 214
188 215
188 216
188 217
188 218
188 219
188 220
188 221
188 245
188 247
188 248
188 249
188 250
188 251
188 252
188 253
188 254
188 255
188 256
188 257
188 258
188 259
188 260
188 261
188 262
188 263
188 264
188 265
188 266
188 267
188 268
188 269
188 270
188 271
188 272
188 275
188 276
188 277
188 278
189 190
189 191
189 192
189 193
189 194
189 195
189 196
189 197
189 198
189 199
189 200
189 201
189 202
189 203
189 204
189 205
189 206
189 207
189 208
189 209
189 210
189 211
189 212
189 213
189 214
189 215
189 216
189 217
189 218
189 219
189 220
189 221
189 222
189 242
189 244
189 247
189 248
189 249
189 250
189 252
189 253
189 254
189 256
189 257
189 258
189 259
189 260
189 261
189 262
189 263
189 264
189 265
189 266
189 267
189 268
189 269
189 270
189 271
189 272
189 273
189 274
189 275
189 276
189 277
189 278
190 191
190 192
190 193
190 194
190 195
190 196
190 198
190 199
190 200
190 201
190 202
190 203
190 204
190 205
190 206
190 207
190 208
190 209
190 210
190 211
190 212
190 213
190 214
190 215
190 216
190 217
190 218
190 219
190 220
190 221
190 245
190 246
190 248
190 250
190 252
190 253
190 254
190 255
190 256
190 257
190 258
190 259
190 261
190 262
190 263
190 264
190 265
190 266
190 267
190 268
190 269
190 270
190 271
190 272
190 273
190 274
190 275
190 276
190 277
191 192
191 193
191 194
191 195
191 196
191 197
191 198
191 199
191 200
191 201
191 202
191 203
191 204
191 205
191 206
191 207
191 208
191 209
191 210
191 211
191 212
191 213
191 214
191 215
191 216
191 217
191 218
191 219
191 220
191 221
191 222
191 243
191 247
191 248
191 250
191 251
191 252
191 253
191 254
191 255
191 256
191 257
191 258
191 259
191 260
191 261
191 262
191 263
191 264
191 265
191 266
191 267
191 268
191 269
191 270
191 271
191 272
191 273
191 274
191 275
191 276
191 277
192 193
192 194
192 195
192 196
192 197
192 198
192 199
192 200
192 201
192 202
192 203
192 204
192 205
192 206
192 207
192 208
192 209
192 210
192 211
192 212
192 213
192 214
192 215
192 216
192 217
192 218
192 219
192 220
192 221
192 243
192 245
192 246
192 247
192 248
192 249
192 250
192 252
192 253
192 254
192 255
192 256
192 257
192 259
192 260
192 261
192 262
192 263
192 264
192 265
192 266
192 267
192 268
192 269
192 270
192 271
192 272
192 273
192 274
192 275
192 276
192 277
193 194
193 195
193 196
193 197
193 198
193 199
193 200
193 201
193 202
193 203
193 204
193 205
193 206
193 207
193 208
193 209
193 210
193 211
193 212
193 214
193 215
193 216
193 217
193 218
193 219
193 220
193 221
193 222
193 247
193 250
193 251
193 252
193 254
193 255
193 256
193 257
193 258
193 259
193 260
193 261
193 262
193 263
193 264
193 265
193 266
193 267
193 268
193 269
193 270
193 271
193 272
193 273
193 274
193 275
193 276
193 277
194 195
194 196
194 197
194 198
194 199
194 200
194 201
194 202
194 203
194 204
194 205
194 206
194 207
194 208
194 209
194 210
194 211
194 212
194 213
194 214
194 215
194 216
194 217
194 218
194 219
194 220
194 221
194 222
194 245
194 248
194 249
194 250
194 251
194 252
194 253
194 254
194 255
194 256
194 257
194 258
194 259
194 260
194 261
194 262
194 263
194 264
194 265
194 266
194 267
194 268
194 269
194 270
194 271
194 272
194 273
194 274
194 275
194 276
194 277
194 278
195 196
195 197
195 198
195 199
195 200
195 201
195 202
195 203
195 204
195 205
195 206
195 208
195 209
195 210
195 212
195 213
195 214
195 215
195 216
195 217
195 218
195 219
195 220
195 221
195 222
195 246
195 247
195 248
195 249
195 250
195 251
195 252
195 253
195 254
195 255
195 256
195 257
195 258
195 259
195 260
195 261
195 262
195 263
195 264
195 265
195 266
195 267
195 268
195 269
195 270
195 271
195 272
195 273
195 274
195 275
195 276
195 278
196 197
196 198
196 199
196 200
196 201
196 202
196 203
196 204
196 205
196 206
196 207
196 208
196 209
196 210
196 211
196 212
196 213
196 214
196 215
196 216
196 217
196 218
196 219
196 220
196 221
196 222
196 247
196 251
196 252
196 253
196 254
196 255
196 256
196 257
196 258
196 259
196 260
196 261
196 262
196 264
196 265
196 266
196 267
196 268
196 269
196 270
196 271
196 272
196 273
196 274
196 275
196 276
196 277
196 278
197 198
197 199
197 200
197 201
197 202
197 203
197 204
197 205
197 206
197 207
197 208
197 209
197 210
197 211
197 212
197 213
197 214
197 215
197 216
197 217
197 218
197 219
197 220
197 221
197 222
197 244
197 245
197 246
197 250
197 251
197 253
197 254
197 258
197 259
197 260
197 261
197 262
197 263
197 264
197 265
197 266
197 267
197 268
197 269
197 270
197 271
197 272
197 273
197 274
197 275
197 276
197 277
197 278
198 199
198 200
198 201
198 202
198 203
198 204
198 205
198 206
198 207
198 209
198 210
198 211
198 212
198 213
198 214
198 215
198 216
198 217
198 218
198 219
198 220
198 221
198 248
198 249
198 251
198 252
198 253
198 254
198 255
198 256
198 257
198 258
198 260
198 261
198 262
198 263
198 264
198 265
198 266
198 267
198 268
198 269
198 270
198 271
198 272
198 273
198 274
198 275
198 276
198 277
198 294
199 200
199 201
199 202
199 203
199 204
199 205
199 206
199 207
199 208
199 209
199 210
199 212
199 213
199 214
199 215
199 216
199 217
199 218
199 219
199 220
199 221
199 245
199 246
199 248
199 249
199 250
199 251
199 252
199 253
199 254
199 255
199 256
199 257
199 258
199 259
199 260
199 261
199 262
199 263
199 264
199 265
199 266
199 267
199 268
199 269
199 270
199 271
199 272
199 273
199 274
199 275
199 276
199 277
200 201
200 202
200 203
200 204
200 205
200 206
200 207
200 208
200 209
200 210
200 211
200 212
200 213
200 214
200 215
200 216
200 217
200 218
200 219
200 220
200 221
200 222
200 248
200 249
200 250
200 252
200 253
200 254
200 255
200 256
200 257
200 258
200 259
200 260
200 261
200 262
200 263
200 264
200 265
200 266
200 267
200 268
200 269
200 270
200 271
200 272
200 273
200 274
200 275
200 276
200 277
200 278
200 443
201 202
201 203
201 204
201 205
201 206
201 207
201 208
201 209
201 210
201 211
201 212
201 213
201 214
201 215
201 216
201 217
201 218
201 219
201 220
201 221
201 222
201 245
201 246
201 247
201 248
201 249
201 251
201 252
201 253
201 254
201 255
201 256
201 257
201 258
201 259
201 260
201 261
201 262
201 263
201 264
201 265
201 266
201 267
201 268
201 269
201 270
201 271
201 272
201 273
201 274
201 275
201 276
201 277
201 278
201 284
201 443
202 203
202 204
202 205
202 206
202 207
202 208
202 209
202 210
202 211
202 212
202 213
202 214
202 215
202 216
202 217
202 218
202 219
202 220
202 221
202 222
202 248
202 249
202 250
202 252
202 253
202 254
202 255
202 257
202 258
202 259
202 260
202 261
202 262
202 263
202 264
202 265
202 266
202 267
202 268
202 269
202 270
202 271
202 272
202 273
202 274
202 275
202 276
202 277
202 278
203 204
203 205
203 206
203 207
203 208
203 209
203 210
203 211
203 212
203 213
203 214
203 215
203 216
203 217
203 218
203 219
203 220
203 221
203 222
203 224
203 245
203 246
203 248
203 250
203 251
203 252
203 253
203 254
203 255
203 256
203 257
203 258
203 259
203 260
203 261
203 262
203 263
203 264
203 265
203 266
203 267
203 268
203 269
203 270
203 271
203 272
203 273
203 274
203 275
203 276
203 277
203 278
203 279
203 296
203 297
203 443
203 444
203 445
204 205
204 206
204 207
204 208
204 209
204 210
204 211
204 212
204 213
204 214
204 215
204 216
204 217
204 218
204 219
204 220
204 221
204 222
204 244
204 245
204 246
204 250
204 251
204 252
204 253
204 254
204 255
204 256
204 257
204 258
204 259
204 260
204 261
204 262
204 263
204 264
204 265
204 266
204 267
204 268
204 269
204 270
204 271
204 272
204 273
204 274
204 275
204 276
204 277
204 278
205 206
205 207
205 208
205 209
205 210
205 211
205 212
205 213
205 214
205 215
205 216
205 217
205 218
205 219
205 220
205 221
205 222
205 244
205 245
205 247
205 250
205 251
205 252
205 253
205 255
205 256
205 257
205 258
205 259
205 260
205 261
205 262
205 263
205 264
205 265
205 266
205 267
205 268
205 269
205 270
205 271
205 272
205 273
205 274
205 275
205 276
205 277
205 278
205 447
206 207
206 208
206 209
206 210
206 211
206 212
206 213
206 214
206 215
206 216
206 217
206 218
206 219
206 220
206 221
206 246
206 248
206 249
206 250
206 251
206 252
206 253
206 255
206 256
206 257
206 258
206 259
206 260
206 261
206 262
206 263
206 264
206 265
206 266
206 267
206 268
206 269
206 270
206 271
206 272
206 273
206 274
206 275
206 276
206 277
207 208
207 209
207 210
207 211
207 212
207 213
207 214
207 215
207 216
207 217
207 218
207 219
207 220
207 221
207 244
207 249
207 251
207 252
207 253
207 254
207 255
207 256
207 257
207 258
207 259
207 260
207 261
207 262
207 263
207 264
207 265
207 266
207 267
207 268
207 269
207 270
207 271
207 272
207 273
207 274
207 275
207 276
207 277
207 324
208 209
208 210
208 211
208 212
208 213
208 214
208 215
208 216
208 217
208 218
208 219
208 220
208 221
208 222
208 244
208 246
208 247
208 248
208 251
208 253
208 254
208 255
208 256
208 257
208 258
208 259
208 260
208 261
208 262
208 263
208 264
208 265
208 266
208 267
208 268
208 269
208 270
208 271
208 272
208 273
208 274
208 275
208 276
208 277
208 431
208 434
209 210
209 212
209 213
209 214
209 215
209 216
209 217
209 218
209 219
209 220
209 221
209 247
209 248
209 249
209 250
209 251
209 253
209 254
209 255
209 256
209 257
209 258
209 259
209 260
209 261
209 262
209 263
209 264
209 265
209 266
209 267
209 268
209 269
209 270
209 272
209 273
209 274
209 275
209 276
209 277
210 211
210 212
210 213
210 214
210 215
210 216
210 217
210 218
210 219
210 220
210 221
210 222
210 246
210 247
210 249
210 250
210 252
210 253
210 255
210 257
210 258
210 259
210 260
210 261
210 262
210 263
210 264
210 265
210 266
210 267
210 268
210 269
210 270
210 271
210 272
210 273
210 274
210 275
210 276
210 277
210 445
211 212
211 213
211 214
211 215
211 216
211 217
211 218
211 219
211 220
211 221
211 222
211 244
211 246
211 252
211 253
211 254
211 255
211 256
211 257
211 258
211 259
211 260
211 261
211 262
211 263
211 264
211 265
211 266
211 267
211 268
211 269
211 270
211 271
211 272
211 273
211 274
211 275
211 276
211 277
212 213
212 214
212 215
212 216
212 217
212 218
212 219
212 220
212 221
212 222
212 246
212 247
212 249
212 250
212 252
212 253
212 254
212 255
212 256
212 257
212 258
212 259
212 260
212 261
212 262
212 263
212 264
212 265
212 266
212 267
212 268
212 269
212 270
212 271
212 272
212 273
212 274
212 275
212 276
212 278
212 442
213 214
213 215
213 216
213 217
213 218
213 219
213 220
213 221
213 222
213 248
213 249
213 251
213 252
213 253
213 254
213 255
213 256
213 257
213 258
213 259
213 260
213 261
213 262
213 263
213 264
213 265
213 266
213 267
213 268
213 269
213 270
213 271
213 272
213 273
213 274
213 275
213 276
213 277
214 215
214 216
214 217
214 218
214 219
214 220
214 221
214 222
214 247
214 248
214 251
214 252
214 253
214 254
214 255
214 256
214 257
214 258
214 259
214 261
214 262
214 263
214 264
214 265
214 266
214 267
214 268
214 269
214 270
214 271
214 272
214 273
214 274
214 275
214 276
214 277
214 278
214 287
215 216
215 217
215 218
215 219
215 220
215 221
215 222
215 245
215 248
215 249
215 250
215 251
215 252
215 254
215 257
215 258
215 259
215 260
215 261
215 262
215 263
215 264
215 265
215 266
215 267
215 268
215 269
215 270
215 271
215 272
215 273
215 274
215 276
215 277
216 217
216 218
216 219
216 220
216 221
216 222
216 247
216 248
216 249
216 250
216 251
216 252
216 254
216 255
216 256
216 257
216 258
216 259
216 260
216 261
216 262
216 263
216 264
216 265
216 266
216 267
216 268
216 269
216 270
216 271
216 272
216 273
216 274
216 275
216 276
216 277
216 280
216 443
217 218
217 219
217 220
217 221
217 222
217 246
217 248
217 249
217 250
217 251
217 252
217 253
217 254
217 255
217 256
217 257
217 258
217 259
217 260
217 261
217 262
217 263
217 264
217 265
217 266
217 267
217 268
217 269
217 270
217 271
217 272
217 273
217 274
217 275
217 276
217 277
217 278
217 285
217 295
217 443
217 445
218 219
218 220
218 221
218 222
218 223
218 246
218 248
218 249
218 250
218 251
218 252
218 253
218 254
218 255
218 256
218 257
218 258
218 259
218 260
218 261
218 262
218 263
218 264
218 265
218 266
218 267
218 268
218 269
218 270
218 271
218 272
218 273
218 274
218 275
218 276
218 277
218 278
219 220
219 221
219 222
219 244
219 246
219 248
219 249
219 250
219 252
219 253
219 255
219 258
219 259
219 260
219 261
219 262
219 263
219 264
219 265
219 266
219 267
219 268
219 269
219 270
219 271
219 272
219 273
219 274
219 275
219 276
219 277
219 278
219 280
220 221
220 222
220 246
220 247
220 249
220 251
220 252
220 253
220 254
220 256
220 257
220 258
220 259
220 260
220 261
220 262
220 263
220 264
220 265
220 266
220 267
220 268
220 269
220 270
220 271
220 272
220 273
220 274
220 275
220 276
220 277
221 222
221 223
221 245
221 246
221 247
221 248
221 250
221 251
221 252
221 254
221 255
221 256
221 257
221 258
221 259
221 260
221 261
221 262
221 263
221 264
221 265
221 266
221 267
221 268
221 269
221 270
221 271
221 272
221 273
221 274
221 275
221 276
221 277
221 443
222 246
222 251
222 253
222 254
222 257
222 258
222 259
222 260
222 262
222 263
222 264
222 266
222 268
222 270
222 271
222 272
222 273
222 274
222 275
222 276
222 277
223 247
223 263
223 267
223 274
223 275
223 276
224 256
224 268
224 279
224 290
224 295
225 276
225 279
226 420
243 254
244 248
244 259
244 260
244 262
244 264
244 266
244 270
244 278
245 246
245 248
245 253
245 259
245 261
245 268
245 270
245 271
245 273
245 443
246 247
246 248
246 252
246 253
246 256
246 257
246 258
246 260
246 261
246 267
246 269
246 271
246 272
246 273
246 274
246 275
247 248
247 249
247 250
247 251
247 254
247 255
247 256
247 257
247 259
247 261
247 262
247 263
247 266
247 267
247 268
247 269
247 270
247 271
247 275
247 278
248 249
248 250
248 252
248 254
248 257
248 258
248 259
248 260
248 262
248 264
248 266
248 267
248 269
248 270
248 272
248 273
248 274
248 275
248 276
248 278
249 250
249 251
249 252
249 253
249 255
249 258
249 259
249 262
249 263
249 264
249 265
249 267
249 268
249 270
249 271
249 272
249 273
249 274
249 276
250 253
250 254
250 255
250 256
250 257
250 258
250 260
250 261
250 262
250 263
250 264
250 265
250 266
250 267
250 268
250 269
250 271
250 272
250 273
250 274
250 275
250 276
250 277
251 252
251 253
251 255
251 257
251 258
251 259
251 260
251 261
251 262
251 263
251 264
251 265
251 266
251 267
251 268
251 269
251 270
251 271
251 272
251 273
251 274
251 275
251 278
252 253
252 254
252 255
252 256
252 257
252 258
252 259
252 260
252 261
252 262
252 263
252 264
252 265
252 266
252 267
252 268
252 269
252 271
252 272
252 273
252 274
252 275
252 277
253 254
253 255
253 256
253 257
253 258
253 259
253 261
253 262
253 264
253 265
253 266
253 267
253 269
253 270
253 271
253 272
253 273
253 274
253 275
253 277
254 255
254 256
254 257
254 258
254 259
254 260
254 261
254 262
254 263
254 264
254 265
254 267
254 269
254 270
254 271
254 272
254 273
254 274
254 275
254 277
255 256
255 257
255 258
255 259
255 260
255 261
255 262
255 263
255 264
255 265
255 266
255 268
255 269
255 270
255 272
255 273
255 274
255 275
255 277
256 257
256 258
256 259
256 260
256 261
256 262
256 263
256 264
256 265
256 266
256 267
256 268
256 269
256 270
256 272
256 273
256 274
256 275
256 276
256 277
256 444
257 258
257 259
257 261
257 264
257 265
257 266
257 268
257 269
257 270
257 271
257 272
257 273
257 274
257 275
257 276
257 277
257 278
258 259
258 260
258 261
258 262
258 263
258 264
258 265
258 266
258 267
258 268
258 269
258 270
258 271
258 272
258 273
258 274
258 275
258 276
258 277
258 278
258 279
259 260
259 261
259 262
259 263
259 264
259 265
259 267
259 268
259 269
259 270
259 271
259 272
259 273
259 274
259 275
259 276
259 277
260 261
260 262
260 263
260 264
260 265
260 266
260 267
260 268
260 269
260 270
260 271
260 272
260 273
260 274
260 275
260 276
260 277
260 278
261 262
261 263
261 264
261 265
261 266
261 267
261 268
261 269
261 270
261 271
261 272
261 273
261 274
261 275
261 276
261 277
261 278
262 263
262 264
262 265
262 266
262 267
262 268
262 269
262 270
262 271
262 272
262 273
262 274
262 275
262 276
262 277
262 279
263 264
263 265
263 266
263 267
263 268
263 269
263 270
263 271
263 272
263 273
263 274
263 275
263 276
263 277
263 278
263 279
264 265
264 266
264 267
264 268
264 269
264 270
264 271
264 272
264 273
264 274
264 275
264 276
264 277
264 278
264 279
264 443
265 266
265 267
265 268
265 269
265 270
265 271
265 272
265 273
265 274
265 275
265 276
265 277
265 278
265 368
266 267
266 268
266 269
266 270
266 271
266 272
266 273
266 274
266 275
266 276
266 277
266 278
267 268
267 269
267 270
267 271
267 272
267 273
267 274
267 275
267 276
267 277
267 278
268 269
268 270
268 271
268 272
268 273
268 274
268 275
268 276
268 277
269 270
269 272
269 273
269 274
269 275
269 276
269 277
269 278
269 279
270 271
270 272
270 273
270 274
270 275
270 276
270 277
270 278
270 444
271 272
271 273
271 274
271 275
271 276
271 277
271 278
271 279
272 273
272 274
272 275
272 276
272 277
272 278
272 281
272 295
273 274
273 275
273 276
273 277
273 278
274 275
274 276
274 277
274 278
274 279
274 340
274 445
275 276
275 277
275 278
275 279
275 447
276 277
276 278
276 445
277 279
277 288
278 408
282 289
291 424
371 425
