1 109
1 112
2 190
2 244
7 109
8 67
15 103
23 376
26 120
29 85
34 107
46 198
46 264
46 462
47 106
47 111
47 113
47 115
47 166
47 192
47 275
48 88
48 118
49 111
49 191
50 109
51 107
51 112
52 366
53 179
58 106
59 375
60 174
60 181
60 210
61 116
61 182
61 186
61 191
61 363
61 459
62 108
62 109
62 293
62 364
62 375
62 462
62 465
62 467
63 105
63 110
63 111
63 120
63 182
63 187
63 462
64 107
64 109
64 178
64 179
64 183
64 190
65 109
65 110
65 191
65 193
66 122
66 249
69 86
69 111
69 158
69 160
69 208
69 259
69 375
70 74
70 95
70 104
70 105
70 106
70 117
70 159
70 165
70 169
70 170
70 173
70 174
70 183
70 188
70 194
70 195
70 199
70 201
70 205
70 210
70 265
70 361
70 370
70 375
70 378
70 445
70 450
70 456
70 458
70 462
70 463
71 74
71 77
71 78
71 80
71 82
71 84
71 85
71 92
71 100
71 101
71 108
71 116
71 118
71 154
71 156
71 170
71 171
71 172
71 175
71 178
71 179
71 187
71 208
71 209
71 210
71 212
71 257
71 262
71 266
71 268
71 269
71 355
71 356
71 357
71 358
71 365
71 446
71 450
71 455
71 459
72 74
72 77
72 79
72 80
72 81
72 84
72 89
72 91
72 92
72 94
72 95
72 99
72 103
72 110
72 113
72 116
72 120
72 155
72 156
72 158
72 164
72 166
72 171
72 174
72 175
72 176
72 177
72 178
72 179
72 185
72 187
72 191
72 193
72 195
72 196
72 199
72 200
72 207
72 208
72 211
72 214
72 260
72 264
72 265
72 267
72 268
72 269
72 273
72 333
72 363
72 366
72 367
72 369
72 370
72 371
72 376
72 443
72 444
72 446
72 447
72 448
72 449
72 451
72 452
72 454
72 455
72 456
72 458
72 462
72 465
73 74
73 80
73 84
73 85
73 89
73 90
73 91
73 92
73 94
73 96
73 98
73 102
73 108
73 111
73 112
73 115
73 116
73 117
73 119
73 120
73 156
73 158
73 160
73 161
73 163
73 169
73 170
73 171
73 173
73 174
73 175
73 176
73 179
73 183
73 184
73 185
73 189
73 190
73 191
73 194
73 196
73 199
73 200
73 201
73 203
73 208
73 209
73 211
73 212
73 261
73 265
73 266
73 267
73 269
73 270
73 271
73 333
73 358
73 362
73 364
73 365
73 367
73 369
73 373
73 444
73 449
73 452
73 453
73 455
73 456
73 458
73 461
73 462
73 463
73 466
74 75
74 77
74 78
74 82
74 84
74 85
74 86
74 87
74 89
74 91
74 92
74 95
74 96
74 98
74 101
74 102
74 103
74 104
74 107
74 108
74 109
74 110
74 111
74 113
74 114
74 118
74 119
74 155
74 156
74 159
74 162
74 163
74 164
74 167
74 168
74 169
74 171
74 174
74 176
74 177
74 178
74 181
74 184
74 185
74 186
74 192
74 193
74 195
74 197
74 199
74 200
74 207
74 209
74 211
74 212
74 261
74 263
74 266
74 267
74 268
74 269
74 271
74 333
74 356
74 360
74 362
74 363
74 369
74 373
74 376
74 377
74 444
74 446
74 448
74 449
74 450
74 451
74 453
74 455
74 456
74 457
74 460
74 461
74 462
75 77
75 79
75 80
75 81
75 83
75 87
75 90
75 91
75 93
75 95
75 96
75 97
75 98
75 99
75 102
75 104
75 105
75 106
75 108
75 109
75 111
75 113
75 118
75 119
75 153
75 156
75 159
75 162
75 165
75 166
75 168
75 169
75 170
75 172
75 173
75 175
75 176
75 177
75 178
75 179
75 180
75 181
75 182
75 183
75 184
75 189
75 190
75 192
75 194
75 195
75 196
75 198
75 199
75 205
75 207
75 208
75 209
75 210
75 211
75 212
75 213
75 214
75 258
75 261
75 263
75 264
75 266
75 267
75 268
75 269
75 270
75 271
75 272
75 335
75 355
75 361
75 362
75 363
75 364
75 365
75 367
75 370
75 371
75 444
75 447
75 448
75 452
75 453
75 454
75 457
75 458
75 459
75 461
75 462
75 463
75 464
75 466
75 467
76 77
76 78
76 79
76 80
76 81
76 83
76 84
76 85
76 86
76 87
76 89
76 90
76 91
76 94
76 95
76 97
76 98
76 99
76 100
76 102
76 104
76 105
76 106
76 107
76 108
76 109
76 110
76 111
76 112
76 113
76 114
76 116
76 119
76 157
76 158
76 160
76 162
76 164
76 165
76 167
76 169
76 170
76 171
76 172
76 173
76 174
76 176
76 178
76 179
76 180
76 181
76 182
76 183
76 185
76 187
76 189
76 190
76 191
76 193
76 194
76 195
76 197
76 198
76 200
76 203
76 205
76 206
76 208
76 210
76 211
76 212
76 213
76 259
76 260
76 264
76 265
76 267
76 268
76 269
76 270
76 271
76 273
76 358
76 360
76 361
76 362
76 363
76 365
76 367
76 368
76 369
76 370
76 371
76 373
76 374
76 375
76 376
76 377
76 444
76 446
76 447
76 449
76 451
76 454
76 458
76 464
76 466
76 467
76 468
77 78
77 79
77 80
77 82
77 83
77 84
77 85
77 86
77 88
77 89
77 90
77 91
77 92
77 93
77 94
77 96
77 97
77 98
77 99
77 100
77 101
77 102
77 104
77 105
77 106
77 107
77 108
77 111
77 112
77 113
77 114
77 115
77 116
77 118
77 119
77 120
77 156
77 158
77 159
77 164
77 165
77 166
77 168
77 169
77 170
77 171
77 172
77 173
77 176
77 177
77 179
77 180
77 183
77 184
77 186
77 187
77 188
77 189
77 190
77 191
77 192
77 194
77 196
77 198
77 202
77 205
77 207
77 209
77 210
77 212
77 213
77 259
77 261
77 262
77 265
77 266
77 269
77 270
77 271
77 272
77 359
77 360
77 361
77 365
77 367
77 368
77 369
77 372
77 374
77 375
77 376
77 377
77 448
77 449
77 450
77 451
77 452
77 453
77 454
77 455
77 456
77 457
77 460
77 463
77 464
77 466
77 467
78 79
78 81
78 84
78 85
78 86
78 87
78 88
78 89
78 91
78 92
78 93
78 94
78 96
78 97
78 99
78 100
78 101
78 102
78 103
78 105
78 106
78 107
78 108
78 109
78 110
78 113
78 114
78 116
78 117
78 118
78 154
78 155
78 156
78 157
78 158
78 159
78 160
78 161
78 162
78 163
78 166
78 167
78 168
78 169
78 170
78 171
78 172
78 174
78 175
78 176
78 177
78 178
78 179
78 181
78 182
78 183
78 184
78 185
78 186
78 188
78 189
78 190
78 191
78 192
78 193
78 194
78 197
78 199
78 200
78 202
78 206
78 207
78 208
78 209
78 210
78 211
78 212
78 213
78 258
78 261
78 262
78 263
78 264
78 267
78 268
78 269
78 270
78 271
78 273
78 335
78 355
78 361
78 362
78 364
78 365
78 366
78 368
78 369
78 370
78 371
78 372
78 373
78 374
78 375
78 377
78 445
78 446
78 447
78 450
78 451
78 452
78 453
78 454
78 455
78 457
78 458
78 459
78 460
78 462
78 464
78 465
78 466
79 80
79 82
79 83
79 85
79 86
79 87
79 88
79 89
79 91
79 92
79 95
79 96
79 97
79 98
79 99
79 100
79 101
79 102
79 103
79 104
79 105
79 106
79 107
79 108
79 109
79 111
79 112
79 113
79 114
79 115
79 116
79 117
79 118
79 119
79 121
79 154
79 160
79 164
79 165
79 167
79 168
79 170
79 171
79 173
79 174
79 175
79 176
79 177
79 178
79 180
79 182
79 183
79 184
79 185
79 187
79 188
79 192
79 193
79 194
79 195
79 196
79 197
79 199
79 202
79 203
79 207
79 209
79 210
79 211
79 212
79 213
79 257
79 261
79 262
79 264
79 265
79 266
79 267
79 268
79 269
79 271
79 333
79 359
79 361
79 362
79 364
79 365
79 366
79 367
79 368
79 369
79 372
79 374
79 375
79 377
79 449
79 450
79 451
79 452
79 453
79 454
79 455
79 456
79 457
79 458
79 459
79 460
79 461
79 462
79 464
79 465
79 467
80 81
80 82
80 83
80 84
80 85
80 86
80 88
80 89
80 90
80 91
80 92
80 93
80 94
80 95
80 96
80 97
80 98
80 99
80 100
80 101
80 103
80 104
80 105
80 106
80 107
80 109
80 111
80 112
80 113
80 114
80 115
80 116
80 118
80 119
80 120
80 157
80 158
80 159
80 162
80 163
80 165
80 166
80 167
80 168
80 169
80 170
80 171
80 172
80 173
80 174
80 175
80 177
80 178
80 179
80 181
80 183
80 184
80 185
80 186
80 187
80 188
80 189
80 190
80 192
80 193
80 195
80 196
80 197
80 198
80 199
80 200
80 203
80 205
80 206
80 209
80 212
80 257
80 259
80 262
80 264
80 267
80 269
80 270
80 271
80 272
80 332
80 358
80 362
80 363
80 364
80 365
80 366
80 367
80 368
80 369
80 370
80 371
80 372
80 373
80 374
80 375
80 376
80 447
80 448
80 449
80 450
80 452
80 454
80 455
80 456
80 458
80 459
80 460
80 462
80 463
80 464
80 465
80 466
80 467
81 82
81 83
81 84
81 86
81 87
81 88
81 89
81 90
81 91
81 93
81 94
81 96
81 98
81 99
81 100
81 101
81 102
81 103
81 105
81 106
81 107
81 108
81 109
81 110
81 111
81 112
81 113
81 114
81 115
81 117
81 118
81 120
81 156
81 157
81 162
81 163
81 164
81 165
81 166
81 167
81 168
81 169
81 170
81 171
81 172
81 174
81 175
81 176
81 177
81 179
81 180
81 181
81 182
81 183
81 184
81 185
81 186
81 187
81 189
81 190
81 191
81 192
81 193
81 195
81 196
81 197
81 198
81 199
81 201
81 203
81 206
81 208
81 209
81 210
81 211
81 213
81 214
81 257
81 259
81 263
81 264
81 265
81 267
81 268
81 269
81 270
81 271
81 272
81 273
81 357
81 358
81 359
81 360
81 361
81 363
81 364
81 365
81 366
81 367
81 369
81 370
81 372
81 373
81 374
81 375
81 376
81 377
81 446
81 447
81 448
81 449
81 450
81 451
81 453
81 454
81 455
81 456
81 457
81 458
81 459
81 461
81 462
81 463
81 464
81 465
81 466
81 467
81 468
81 495
82 83
82 84
82 85
82 86
82 87
82 88
82 90
82 91
82 92
82 93
82 94
82 95
82 96
82 97
82 98
82 99
82 100
82 101
82 102
82 103
82 104
82 105
82 106
82 107
82 109
82 110
82 111
82 112
82 113
82 115
82 116
82 117
82 118
82 119
82 120
82 156
82 159
82 162
82 164
82 165
82 166
82 168
82 169
82 170
82 171
82 172
82 173
82 174
82 175
82 176
82 177
82 179
82 180
82 181
82 182
82 183
82 184
82 185
82 186
82 187
82 189
82 190
82 191
82 192
82 193
82 195
82 196
82 197
82 198
82 199
82 202
82 203
82 205
82 209
82 211
82 212
82 213
82 214
82 260
82 261
82 262
82 264
82 265
82 266
82 267
82 268
82 270
82 271
82 272
82 273
82 358
82 360
82 361
82 363
82 364
82 365
82 366
82 367
82 368
82 369
82 370
82 371
82 372
82 373
82 374
82 375
82 376
82 377
82 446
82 448
82 449
82 452
82 453
82 454
82 455
82 457
82 458
82 459
82 460
82 462
82 463
82 464
82 466
82 467
83 84
83 85
83 86
83 87
83 88
83 89
83 90
83 91
83 92
83 94
83 95
83 96
83 97
83 98
83 99
83 100
83 101
83 102
83 103
83 104
83 106
83 107
83 108
83 109
83 110
83 111
83 112
83 113
83 114
83 115
83 116
83 117
83 118
83 119
83 120
83 153
83 159
83 161
83 163
83 164
83 165
83 166
83 167
83 168
83 169
83 170
83 171
83 172
83 173
83 174
83 175
83 176
83 177
83 178
83 179
83 180
83 181
83 182
83 183
83 184
83 185
83 186
83 187
83 188
83 189
83 190
83 191
83 192
83 193
83 194
83 195
83 196
83 197
83 198
83 199
83 203
83 204
83 206
83 208
83 210
83 212
83 213
83 214
83 263
83 266
83 267
83 268
83 269
83 270
83 271
83 272
83 359
83 360
83 361
83 362
83 363
83 364
83 366
83 367
83 368
83 369
83 370
83 371
83 373
83 374
83 375
83 376
83 377
83 379
83 445
83 446
83 450
83 451
83 452
83 453
83 454
83 455
83 456
83 457
83 458
83 459
83 460
83 461
83 463
83 465
83 466
83 467
84 85
84 86
84 87
84 88
84 89
84 90
84 91
84 92
84 93
84 94
84 95
84 96
84 97
84 98
84 99
84 100
84 101
84 102
84 103
84 104
84 105
84 106
84 107
84 108
84 109
84 110
84 111
84 112
84 113
84 114
84 115
84 116
84 117
84 118
84 119
84 120
84 153
84 156
84 157
84 158
84 160
84 161
84 162
84 163
84 164
84 165
84 166
84 167
84 168
84 169
84 170
84 171
84 172
84 173
84 174
84 175
84 176
84 177
84 178
84 179
84 181
84 182
84 183
84 184
84 185
84 186
84 187
84 188
84 189
84 190
84 191
84 192
84 193
84 194
84 196
84 197
84 198
84 199
84 204
84 205
84 206
84 207
84 208
84 210
84 211
84 213
84 260
84 263
84 264
84 265
84 266
84 268
84 270
84 271
84 272
84 357
84 358
84 362
84 364
84 366
84 367
84 368
84 369
84 371
84 372
84 373
84 374
84 375
84 376
84 377
84 378
84 443
84 447
84 452
84 454
84 456
84 457
84 458
84 459
84 460
84 461
84 462
84 463
84 464
84 465
84 466
84 467
84 468
84 469
85 86
85 87
85 88
85 89
85 90
85 91
85 92
85 93
85 94
85 95
85 96
85 97
85 98
85 99
85 100
85 101
85 102
85 103
85 104
85 105
85 106
85 107
85 108
85 109
85 110
85 111
85 113
85 114
85 115
85 116
85 117
85 118
85 119
85 120
85 155
85 160
85 161
85 162
85 163
85 165
85 166
85 167
85 168
85 169
85 170
85 171
85 172
85 173
85 174
85 175
85 176
85 177
85 178
85 179
85 180
85 181
85 182
85 183
85 184
85 185
85 186
85 187
85 188
85 189
85 190
85 191
85 192
85 193
85 194
85 195
85 196
85 197
85 198
85 199
85 200
85 203
85 205
85 207
85 208
85 210
85 211
85 212
85 260
85 261
85 263
85 264
85 265
85 266
85 267
85 268
85 269
85 271
85 272
85 273
85 354
85 356
85 357
85 358
85 359
85 362
85 363
85 364
85 365
85 366
85 367
85 368
85 369
85 370
85 371
85 372
85 373
85 374
85 375
85 376
85 377
85 446
85 448
85 449
85 450
85 451
85 452
85 453
85 454
85 455
85 456
85 457
85 458
85 459
85 460
85 461
85 462
85 463
85 464
85 465
85 466
85 467
86 87
86 88
86 89
86 90
86 91
86 92
86 93
86 94
86 95
86 96
86 98
86 99
86 100
86 101
86 102
86 103
86 104
86 105
86 106
86 107
86 108
86 109
86 110
86 111
86 112
86 113
86 114
86 115
86 116
86 117
86 118
86 119
86 120
86 156
86 158
86 160
86 163
86 164
86 165
86 167
86 168
86 169
86 170
86 171
86 173
86 174
86 175
86 176
86 177
86 178
86 179
86 180
86 181
86 182
86 183
86 184
86 185
86 186
86 187
86 188
86 189
86 190
86 191
86 192
86 193
86 196
86 197
86 198
86 199
86 200
86 203
86 206
86 207
86 209
86 210
86 211
86 212
86 213
86 260
86 263
86 266
86 267
86 268
86 269
86 270
86 271
86 272
86 273
86 355
86 356
86 358
86 359
86 360
86 362
86 365
86 366
86 368
86 369
86 370
86 371
86 372
86 373
86 374
86 375
86 376
86 377
86 443
86 444
86 445
86 446
86 448
86 449
86 450
86 451
86 452
86 453
86 454
86 455
86 456
86 457
86 458
86 459
86 460
86 461
86 462
86 463
86 464
86 465
86 466
86 467
86 468
87 88
87 89
87 90
87 91
87 92
87 93
87 94
87 95
87 96
87 97
87 98
87 99
87 100
87 101
87 102
87 103
87 104
87 105
87 106
87 107
87 108
87 109
87 110
87 111
87 112
87 113
87 114
87 115
87 116
87 117
87 118
87 119
87 120
87 121
87 157
87 158
87 159
87 160
87 161
87 162
87 163
87 164
87 165
87 166
87 167
87 168
87 169
87 170
87 171
87 172
87 173
87 174
87 175
87 176
87 177
87 178
87 179
87 180
87 181
87 182
87 183
87 184
87 185
87 186
87 187
87 188
87 189
87 190
87 191
87 192
87 193
87 194
87 195
87 196
87 197
87 198
87 199
87 200
87 201
87 204
87 205
87 207
87 209
87 210
87 211
87 212
87 213
87 214
87 260
87 261
87 262
87 263
87 264
87 265
87 266
87 268
87 269
87 271
87 272
87 273
87 334
87 357
87 358
87 359
87 361
87 362
87 363
87 364
87 365
87 366
87 367
87 368
87 369
87 370
87 371
87 372
87 373
87 374
87 375
87 376
87 377
87 378
87 446
87 447
87 448
87 449
87 450
87 451
87 452
87 453
87 454
87 455
87 456
87 457
87 458
87 459
87 460
87 461
87 462
87 463
87 465
87 466
87 467
88 89
88 90
88 91
88 92
88 93
88 94
88 95
88 96
88 97
88 98
88 99
88 100
88 101
88 102
88 103
88 104
88 105
88 106
88 107
88 108
88 109
88 110
88 111
88 112
88 113
88 114
88 115
88 116
88 117
88 118
88 119
88 120
88 157
88 160
88 162
88 163
88 164
88 165
88 166
88 167
88 168
88 169
88 170
88 171
88 172
88 173
88 174
88 175
88 176
88 177
88 178
88 179
88 180
88 181
88 182
88 183
88 184
88 185
88 186
88 187
88 188
88 189
88 190
88 191
88 192
88 193
88 194
88 195
88 196
88 197
88 198
88 199
88 200
88 203
88 204
88 206
88 207
88 208
88 209
88 210
88 211
88 212
88 258
88 262
88 264
88 266
88 267
88 268
88 269
88 270
88 271
88 272
88 286
88 333
88 335
88 358
88 361
88 362
88 364
88 365
88 366
88 367
88 369
88 370
88 371
88 372
88 373
88 374
88 375
88 376
88 377
88 378
88 449
88 451
88 452
88 453
88 454
88 455
88 456
88 457
88 458
88 459
88 460
88 461
88 462
88 463
88 464
88 465
88 466
88 467
88 468
88 494
89 90
89 91
89 92
89 93
89 94
89 95
89 96
89 97
89 98
89 99
89 100
89 101
89 102
89 103
89 104
89 105
89 106
89 107
89 108
89 109
89 110
89 111
89 112
89 113
89 114
89 115
89 116
89 117
89 118
89 119
89 120
89 156
89 158
89 159
89 160
89 161
89 162
89 163
89 166
89 167
89 168
89 169
89 170
89 171
89 172
89 173
89 174
89 175
89 176
89 177
89 178
89 179
89 180
89 181
89 182
89 183
89 184
89 185
89 186
89 187
89 188
89 189
89 190
89 191
89 192
89 193
89 194
89 195
89 196
89 197
89 198
89 199
89 204
89 206
89 207
89 208
89 209
89 210
89 211
89 212
89 262
89 265
89 266
89 267
89 269
89 270
89 271
89 272
89 358
89 359
89 360
89 361
89 364
89 365
89 366
89 367
89 368
89 369
89 370
89 371
89 372
89 373
89 374
89 375
89 376
89 377
89 380
89 446
89 449
89 450
89 452
89 454
89 455
89 456
89 457
89 458
89 459
89 460
89 461
89 462
89 463
89 464
89 465
89 466
89 467
89 468
90 91
90 92
90 93
90 94
90 95
90 96
90 97
90 98
90 99
90 100
90 101
90 102
90 103
90 104
90 105
90 106
90 107
90 108
90 109
90 110
90 111
90 112
90 113
90 114
90 115
90 116
90 117
90 118
90 119
90 120
90 156
90 157
90 159
90 163
90 164
90 166
90 167
90 168
90 170
90 171
90 172
90 173
90 174
90 175
90 176
90 177
90 178
90 179
90 180
90 181
90 182
90 183
90 184
90 185
90 186
90 187
90 188
90 189
90 190
90 191
90 192
90 193
90 194
90 195
90 196
90 197
90 198
90 199
90 200
90 201
90 202
90 203
90 204
90 206
90 207
90 209
90 211
90 212
90 214
90 261
90 262
90 264
90 265
90 266
90 267
90 268
90 269
90 270
90 272
90 355
90 356
90 358
90 359
90 360
90 361
90 362
90 363
90 365
90 366
90 367
90 368
90 369
90 370
90 371
90 372
90 373
90 374
90 375
90 376
90 377
90 445
90 449
90 451
90 452
90 453
90 454
90 455
90 456
90 457
90 458
90 459
90 460
90 461
90 462
90 463
90 464
90 465
90 466
90 467
91 92
91 93
91 94
91 95
91 96
91 97
91 98
91 99
91 100
91 101
91 102
91 103
91 104
91 105
91 106
91 107
91 108
91 109
91 110
91 111
91 112
91 113
91 114
91 115
91 116
91 117
91 118
91 119
91 120
91 158
91 159
91 160
91 161
91 162
91 163
91 164
91 165
91 166
91 167
91 168
91 169
91 170
91 171
91 172
91 173
91 174
91 175
91 176
91 177
91 178
91 179
91 180
91 181
91 182
91 183
91 184
91 185
91 186
91 187
91 188
91 189
91 190
91 191
91 192
91 193
91 194
91 195
91 196
91 197
91 198
91 199
91 200
91 203
91 205
91 207
91 209
91 211
91 212
91 213
91 214
91 215
91 259
91 261
91 262
91 264
91 266
91 267
91 268
91 269
91 270
91 271
91 272
91 356
91 357
91 359
91 361
91 362
91 364
91 365
91 367
91 368
91 369
91 370
91 371
91 372
91 373
91 374
91 375
91 376
91 377
91 378
91 380
91 443
91 445
91 447
91 449
91 451
91 452
91 453
91 454
91 455
91 456
91 457
91 458
91 459
91 460
91 461
91 462
91 463
91 464
91 465
91 466
91 467
91 468
92 93
92 94
92 95
92 96
92 97
92 98
92 99
92 100
92 101
92 102
92 103
92 104
92 105
92 106
92 107
92 108
92 109
92 110
92 111
92 112
92 113
92 114
92 115
92 116
92 117
92 118
92 119
92 120
92 156
92 158
92 159
92 160
92 161
92 163
92 166
92 167
92 168
92 169
92 170
92 171
92 172
92 173
92 174
92 175
92 176
92 177
92 178
92 179
92 180
92 181
92 182
92 183
92 184
92 185
92 186
92 187
92 188
92 189
92 190
92 191
92 192
92 193
92 194
92 195
92 196
92 197
92 198
92 199
92 200
92 206
92 207
92 210
92 211
92 214
92 216
92 258
92 263
92 265
92 266
92 269
92 270
92 271
92 272
92 281
92 332
92 333
92 360
92 361
92 362
92 364
92 365
92 366
92 367
92 368
92 369
92 370
92 371
92 372
92 373
92 374
92 375
92 376
92 379
92 417
92 446
92 448
92 450
92 451
92 452
92 453
92 454
92 455
92 456
92 457
92 458
92 459
92 460
92 461
92 462
92 463
92 464
92 465
92 466
92 467
93 94
93 95
93 96
93 97
93 98
93 99
93 100
93 101
93 102
93 103
93 104
93 105
93 106
93 107
93 108
93 109
93 110
93 111
93 112
93 113
93 114
93 115
93 116
93 117
93 118
93 119
93 120
93 158
93 159
93 160
93 161
93 163
93 164
93 165
93 166
93 168
93 169
93 170
93 171
93 172
93 173
93 174
93 175
93 176
93 177
93 178
93 179
93 180
93 181
93 182
93 183
93 184
93 185
93 186
93 187
93 188
93 189
93 190
93 191
93 192
93 193
93 194
93 195
93 196
93 197
93 198
93 199
93 200
93 203
93 205
93 207
93 209
93 210
93 211
93 212
93 213
93 233
93 260
93 263
93 265
93 266
93 267
93 269
93 270
93 271
93 272
93 357
93 359
93 360
93 361
93 362
93 363
93 364
93 366
93 367
93 368
93 369
93 370
93 371
93 372
93 373
93 374
93 375
93 376
93 377
93 445
93 447
93 448
93 452
93 453
93 454
93 455
93 456
93 457
93 458
93 459
93 460
93 461
93 462
93 463
93 464
93 465
93 466
93 467
93 468
94 95
94 96
94 97
94 98
94 99
94 100
94 101
94 102
94 103
94 104
94 105
94 106
94 107
94 108
94 109
94 110
94 111
94 112
94 113
94 114
94 115
94 116
94 117
94 118
94 119
94 120
94 158
94 159
94 160
94 162
94 164
94 165
94 166
94 167
94 168
94 169
94 170
94 171
94 172
94 173
94 174
94 175
94 176
94 177
94 178
94 179
94 180
94 181
94 182
94 183
94 184
94 185
94 186
94 187
94 188
94 189
94 190
94 191
94 192
94 193
94 194
94 195
94 196
94 197
94 198
94 199
94 200
94 201
94 203
94 204
94 205
94 206
94 207
94 210
94 212
94 213
94 214
94 261
94 263
94 264
94 265
94 268
94 269
94 271
94 272
94 273
94 358
94 359
94 360
94 361
94 363
94 364
94 365
94 367
94 368
94 369
94 370
94 371
94 372
94 373
94 374
94 375
94 376
94 377
94 447
94 448
94 451
94 452
94 453
94 454
94 455
94 456
94 457
94 458
94 459
94 460
94 461
94 462
94 463
94 464
94 465
94 466
94 467
95 96
95 97
95 98
95 99
95 100
95 101
95 102
95 103
95 104
95 105
95 106
95 107
95 108
95 109
95 110
95 111
95 112
95 113
95 114
95 115
95 116
95 117
95 118
95 119
95 120
95 157
95 158
95 162
95 163
95 164
95 165
95 166
95 167
95 168
95 169
95 170
95 171
95 172
95 173
95 174
95 175
95 176
95 177
95 178
95 179
95 180
95 181
95 182
95 183
95 184
95 185
95 186
95 187
95 188
95 189
95 190
95 191
95 192
95 193
95 194
95 195
95 196
95 197
95 198
95 199
95 201
95 204
95 205
95 207
95 209
95 210
95 212
95 213
95 214
95 261
95 263
95 265
95 266
95 267
95 268
95 269
95 270
95 271
95 272
95 356
95 357
95 361
95 363
95 364
95 365
95 366
95 367
95 368
95 369
95 370
95 371
95 372
95 374
95 375
95 376
95 377
95 378
95 444
95 445
95 446
95 448
95 451
95 452
95 454
95 455
95 456
95 457
95 458
95 459
95 461
95 462
95 463
95 464
95 465
95 466
95 467
95 469
95 480
96 97
96 98
96 99
96 100
96 101
96 102
96 103
96 104
96 105
96 106
96 107
96 108
96 109
96 110
96 111
96 112
96 113
96 114
96 115
96 116
96 117
96 118
96 119
96 120
96 121
96 155
96 160
96 161
96 162
96 163
96 164
96 165
96 166
96 167
96 168
96 169
96 171
96 172
96 173
96 174
96 175
96 176
96 177
96 178
96 179
96 180
96 181
96 182
96 183
96 184
96 185
96 186
96 187
96 188
96 189
96 190
96 191
96 192
96 193
96 194
96 195
96 196
96 197
96 198
96 199
96 200
96 205
96 206
96 207
96 208
96 209
96 210
96 211
96 212
96 213
96 215
96 232
96 257
96 260
96 261
96 262
96 263
96 264
96 265
96 266
96 267
96 268
96 269
96 270
96 272
96 355
96 357
96 359
96 360
96 361
96 362
96 363
96 365
96 366
96 367
96 368
96 369
96 370
96 371
96 372
96 373
96 374
96 375
96 376
96 377
96 446
96 447
96 448
96 449
96 453
96 454
96 455
96 456
96 457
96 458
96 459
96 460
96 461
96 462
96 463
96 464
96 465
96 466
96 467
96 468
96 497
97 98
97 99
97 100
97 101
97 102
97 103
97 104
97 105
97 106
97 107
97 108
97 109
97 110
97 111
97 112
97 113
97 114
97 115
97 116
97 117
97 118
97 119
97 120
97 121
97 158
97 159
97 160
97 161
97 163
97 164
97 165
97 166
97 167
97 168
97 169
97 170
97 171
97 172
97 173
97 174
97 175
97 176
97 177
97 178
97 179
97 180
97 181
97 182
97 183
97 184
97 185
97 186
97 187
97 188
97 189
97 190
97 191
97 192
97 193
97 194
97 195
97 196
97 197
97 198
97 199
97 204
97 205
97 207
97 208
97 210
97 211
97 212
97 213
97 214
97 215
97 258
97 260
97 262
97 263
97 264
97 265
97 266
97 268
97 270
97 271
97 273
97 335
97 356
97 357
97 359
97 360
97 361
97 362
97 363
97 364
97 365
97 366
97 367
97 368
97 369
97 370
97 371
97 372
97 373
97 374
97 375
97 376
97 377
97 379
97 445
97 447
97 448
97 449
97 450
97 451
97 452
97 453
97 455
97 456
97 457
97 458
97 459
97 460
97 461
97 462
97 463
97 464
97 465
97 466
97 467
98 99
98 100
98 101
98 102
98 103
98 104
98 105
98 106
98 107
98 108
98 109
98 110
98 111
98 112
98 113
98 114
98 115
98 116
98 117
98 118
98 119
98 120
98 154
98 158
98 159
98 161
98 162
98 164
98 165
98 166
98 167
98 168
98 169
98 170
98 171
98 172
98 173
98 174
98 175
98 176
98 177
98 178
98 179
98 180
98 181
98 182
98 183
98 184
98 185
98 186
98 187
98 188
98 189
98 190
98 191
98 192
98 193
98 194
98 195
98 196
98 197
98 198
98 199
98 200
98 201
98 204
98 205
98 207
98 208
98 209
98 210
98 211
98 262
98 264
98 265
98 266
98 268
98 269
98 270
98 271
98 272
98 273
98 337
98 352
98 357
98 358
98 359
98 361
98 363
98 365
98 366
98 367
98 368
98 369
98 370
98 371
98 372
98 373
98 374
98 375
98 376
98 377
98 378
98 380
98 448
98 449
98 450
98 452
98 453
98 454
98 455
98 457
98 458
98 460
98 461
98 462
98 463
98 464
98 465
98 466
98 467
99 100
99 101
99 102
99 103
99 104
99 105
99 106
99 107
99 108
99 109
99 110
99 111
99 112
99 113
99 114
99 115
99 116
99 117
99 118
99 119
99 120
99 156
99 157
99 159
99 160
99 161
99 162
99 163
99 164
99 165
99 166
99 168
99 169
99 170
99 171
99 172
99 173
99 174
99 175
99 176
99 177
99 178
99 179
99 180
99 181
99 182
99 183
99 184
99 185
99 186
99 187
99 188
99 189
99 190
99 191
99 192
99 193
99 194
99 195
99 196
99 197
99 198
99 199
99 200
99 206
99 208
99 209
99 210
99 211
99 212
99 259
99 262
99 263
99 264
99 266
99 267
99 268
99 269
99 270
99 271
99 272
99 333
99 335
99 336
99 358
99 360
99 361
99 367
99 368
99 369
99 370
99 371
99 372
99 373
99 374
99 375
99 376
99 377
99 379
99 446
99 447
99 449
99 450
99 451
99 452
99 453
99 454
99 455
99 456
99 457
99 458
99 459
99 460
99 461
99 462
99 463
99 464
99 465
99 466
99 467
99 468
100 101
100 102
100 103
100 104
100 105
100 106
100 107
100 108
100 109
100 110
100 111
100 112
100 113
100 114
100 115
100 116
100 117
100 118
100 119
100 120
100 156
100 159
100 160
100 161
100 162
100 164
100 165
100 167
100 168
100 169
100 170
100 171
100 172
100 173
100 174
100 175
100 176
100 177
100 178
100 179
100 180
100 181
100 182
100 183
100 184
100 185
100 186
100 187
100 188
100 189
100 190
100 191
100 192
100 193
100 194
100 195
100 196
100 197
100 198
100 199
100 200
100 203
100 205
100 206
100 207
100 210
100 211
100 212
100 213
100 214
100 232
100 263
100 265
100 267
100 268
100 269
100 271
100 272
100 334
100 361
100 362
100 363
100 364
100 365
100 366
100 367
100 368
100 369
100 370
100 371
100 372
100 373
100 374
100 375
100 376
100 377
100 378
100 444
100 447
100 448
100 450
100 451
100 452
100 454
100 455
100 456
100 457
100 458
100 459
100 460
100 461
100 462
100 463
100 464
100 465
100 466
100 467
100 469
101 102
101 103
101 104
101 105
101 106
101 107
101 108
101 109
101 110
101 111
101 112
101 113
101 114
101 115
101 116
101 117
101 118
101 119
101 120
101 154
101 155
101 157
101 159
101 162
101 164
101 165
101 166
101 167
101 168
101 169
101 170
101 171
101 172
101 173
101 174
101 175
101 176
101 177
101 178
101 179
101 180
101 181
101 182
101 183
101 184
101 185
101 186
101 187
101 188
101 189
101 190
101 191
101 192
101 193
101 194
101 195
101 196
101 197
101 198
101 199
101 200
101 203
101 207
101 209
101 210
101 211
101 212
101 213
101 214
101 247
101 261
101 262
101 263
101 264
101 266
101 268
101 269
101 270
101 271
101 272
101 273
101 359
101 360
101 361
101 363
101 365
101 366
101 368
101 369
101 370
101 371
101 372
101 373
101 374
101 375
101 376
101 377
101 378
101 379
101 443
101 446
101 447
101 448
101 449
101 450
101 453
101 455
101 456
101 457
101 459
101 460
101 461
101 462
101 463
101 464
101 465
101 466
101 467
102 103
102 104
102 105
102 106
102 107
102 108
102 109
102 110
102 111
102 112
102 113
102 114
102 115
102 116
102 117
102 118
102 119
102 120
102 148
102 154
102 156
102 157
102 158
102 160
102 161
102 163
102 164
102 165
102 166
102 167
102 168
102 169
102 170
102 171
102 172
102 173
102 174
102 175
102 176
102 177
102 178
102 179
102 180
102 181
102 182
102 183
102 184
102 185
102 186
102 187
102 188
102 189
102 190
102 191
102 192
102 193
102 194
102 195
102 196
102 197
102 198
102 199
102 200
102 205
102 206
102 207
102 209
102 210
102 211
102 212
102 213
102 214
102 215
102 260
102 263
102 264
102 266
102 267
102 268
102 270
102 271
102 272
102 273
102 336
102 356
102 359
102 363
102 364
102 367
102 369
102 370
102 371
102 372
102 373
102 374
102 375
102 376
102 377
102 378
102 446
102 447
102 449
102 450
102 452
102 453
102 454
102 455
102 456
102 457
102 458
102 459
102 461
102 462
102 463
102 464
102 465
102 466
102 467
102 468
103 104
103 105
103 106
103 107
103 108
103 109
103 110
103 111
103 112
103 113
103 114
103 115
103 116
103 117
103 118
103 119
103 120
103 121
103 147
103 157
103 159
103 162
103 163
103 164
103 165
103 167
103 168
103 169
103 170
103 171
103 172
103 173
103 174
103 175
103 176
103 177
103 178
103 179
103 180
103 181
103 182
103 183
103 184
103 185
103 186
103 187
103 188
103 189
103 190
103 191
103 192
103 193
103 194
103 195
103 196
103 197
103 198
103 199
103 200
103 201
103 206
103 207
103 209
103 211
103 212
103 213
103 230
103 261
103 263
103 264
103 266
103 267
103 268
103 269
103 271
103 272
103 273
103 355
103 356
103 360
103 361
103 362
103 364
103 365
103 366
103 367
103 368
103 369
103 370
103 371
103 372
103 373
103 374
103 375
103 376
103 377
103 378
103 415
103 443
103 446
103 448
103 451
103 452
103 454
103 455
103 456
103 457
103 458
103 459
103 460
103 461
103 462
103 463
103 464
103 465
103 466
103 467
103 468
104 105
104 106
104 107
104 108
104 109
104 110
104 111
104 112
104 113
104 114
104 115
104 116
104 117
104 118
104 119
104 120
104 121
104 145
104 146
104 153
104 159
104 161
104 163
104 164
104 165
104 166
104 167
104 168
104 169
104 170
104 171
104 172
104 173
104 174
104 175
104 176
104 177
104 178
104 179
104 180
104 181
104 182
104 183
104 184
104 185
104 186
104 187
104 188
104 189
104 190
104 191
104 192
104 193
104 194
104 195
104 196
104 197
104 198
104 199
104 200
104 202
104 204
104 205
104 207
104 208
104 209
104 211
104 214
104 215
104 233
104 258
104 263
104 264
104 265
104 266
104 267
104 268
104 269
104 270
104 271
104 354
104 358
104 360
104 362
104 363
104 364
104 365
104 366
104 367
104 368
104 369
104 370
104 371
104 372
104 373
104 374
104 375
104 376
104 377
104 448
104 449
104 450
104 451
104 452
104 453
104 454
104 456
104 457
104 458
104 459
104 460
104 461
104 462
104 463
104 464
104 465
104 466
104 467
104 468
105 106
105 107
105 108
105 109
105 110
105 111
105 112
105 113
105 114
105 115
105 116
105 117
105 118
105 119
105 120
105 121
105 153
105 155
105 157
105 159
105 160
105 161
105 163
105 164
105 166
105 167
105 168
105 169
105 170
105 171
105 172
105 173
105 174
105 175
105 176
105 177
105 178
105 179
105 180
105 181
105 182
105 183
105 184
105 185
105 186
105 187
105 188
105 189
105 190
105 191
105 192
105 193
105 194
105 195
105 196
105 197
105 198
105 200
105 203
105 208
105 210
105 211
105 212
105 213
105 260
105 261
105 262
105 264
105 266
105 267
105 268
105 269
105 270
105 271
105 273
105 275
105 360
105 361
105 362
105 365
105 366
105 367
105 369
105 370
105 371
105 372
105 373
105 374
105 375
105 376
105 377
105 379
105 389
105 443
105 445
105 447
105 448
105 449
105 450
105 451
105 452
105 453
105 454
105 455
105 456
105 457
105 458
105 459
105 460
105 461
105 462
105 463
105 464
105 465
105 466
105 467
105 468
105 469
106 107
106 108
106 109
106 110
106 111
106 112
106 113
106 114
106 115
106 116
106 117
106 118
106 119
106 120
106 121
106 145
106 159
106 160
106 161
106 162
106 163
106 164
106 165
106 166
106 167
106 168
106 169
106 170
106 172
106 173
106 174
106 175
106 176
106 177
106 178
106 179
106 180
106 181
106 182
106 183
106 184
106 185
106 186
106 187
106 188
106 189
106 190
106 191
106 192
106 193
106 194
106 195
106 196
106 197
106 198
106 199
106 200
106 201
106 208
106 209
106 210
106 213
106 214
106 233
106 260
106 261
106 262
106 265
106 266
106 267
106 268
106 269
106 270
106 271
106 272
106 332
106 334
106 336
106 355
106 357
106 360
106 361
106 362
106 363
106 364
106 365
106 366
106 367
106 368
106 369
106 370
106 371
106 372
106 373
106 375
106 376
106 377
106 378
106 416
106 444
106 445
106 447
106 449
106 450
106 451
106 452
106 453
106 454
106 455
106 456
106 457
106 458
106 459
106 460
106 461
106 462
106 463
106 464
106 465
106 466
106 467
106 468
106 469
107 108
107 109
107 110
107 111
107 112
107 113
107 114
107 115
107 116
107 117
107 118
107 119
107 120
107 121
107 122
107 156
107 159
107 160
107 161
107 162
107 163
107 164
107 165
107 166
107 167
107 168
107 169
107 171
107 172
107 173
107 174
107 175
107 176
107 177
107 178
107 179
107 180
107 181
107 182
107 183
107 184
107 185
107 186
107 187
107 188
107 189
107 190
107 191
107 192
107 193
107 194
107 195
107 196
107 197
107 198
107 199
107 200
107 201
107 202
107 203
107 207
107 210
107 211
107 212
107 213
107 215
107 216
107 232
107 258
107 259
107 260
107 262
107 263
107 264
107 265
107 266
107 267
107 268
107 269
107 270
107 271
107 272
107 273
107 275
107 317
107 341
107 355
107 359
107 360
107 361
107 362
107 363
107 364
107 365
107 366
107 367
107 368
107 369
107 370
107 371
107 372
107 373
107 374
107 375
107 376
107 377
107 378
107 379
107 386
107 404
107 444
107 446
107 447
107 449
107 450
107 451
107 454
107 455
107 456
107 457
107 458
107 459
107 460
107 461
107 462
107 463
107 464
107 465
107 466
107 467
107 468
107 469
107 472
107 488
108 109
108 110
108 111
108 112
108 113
108 114
108 115
108 116
108 117
108 118
108 119
108 120
108 121
108 156
108 159
108 160
108 162
108 163
108 164
108 165
108 166
108 167
108 169
108 170
108 171
108 172
108 173
108 174
108 175
108 176
108 177
108 178
108 179
108 180
108 181
108 182
108 183
108 184
108 185
108 186
108 187
108 188
108 189
108 190
108 191
108 192
108 193
108 194
108 195
108 196
108 197
108 198
108 199
108 200
108 203
108 204
108 205
108 208
108 209
108 210
108 211
108 212
108 215
108 216
108 243
108 259
108 262
108 263
108 264
108 265
108 267
108 268
108 269
108 270
108 271
108 272
108 274
108 275
108 286
108 287
108 295
108 297
108 335
108 336
108 342
108 354
108 360
108 361
108 362
108 364
108 365
108 366
108 367
108 368
108 369
108 370
108 371
108 372
108 373
108 374
108 375
108 376
108 377
108 378
108 380
108 447
108 449
108 450
108 451
108 452
108 454
108 456
108 457
108 458
108 459
108 460
108 461
108 462
108 463
108 464
108 465
108 466
108 467
108 468
108 469
108 470
108 480
108 495
109 110
109 111
109 112
109 113
109 114
109 115
109 116
109 117
109 118
109 119
109 120
109 121
109 147
109 155
109 156
109 157
109 158
109 160
109 163
109 165
109 166
109 167
109 168
109 169
109 170
109 171
109 172
109 173
109 174
109 175
109 176
109 177
109 178
109 179
109 180
109 181
109 182
109 183
109 184
109 185
109 186
109 187
109 188
109 189
109 190
109 191
109 192
109 193
109 194
109 195
109 196
109 197
109 198
109 199
109 200
109 201
109 203
109 204
109 206
109 207
109 209
109 210
109 212
109 213
109 215
109 216
109 225
109 231
109 257
109 258
109 263
109 264
109 266
109 267
109 268
109 269
109 270
109 271
109 272
109 274
109 299
109 334
109 337
109 355
109 359
109 361
109 363
109 364
109 365
109 367
109 368
109 369
109 370
109 371
109 372
109 373
109 374
109 375
109 376
109 377
109 378
109 379
109 380
109 417
109 447
109 448
109 450
109 452
109 453
109 455
109 456
109 457
109 458
109 459
109 460
109 461
109 462
109 463
109 464
109 465
109 466
109 467
109 468
109 469
109 470
110 111
110 112
110 113
110 114
110 115
110 116
110 117
110 118
110 119
110 120
110 121
110 122
110 130
110 136
110 146
110 147
110 157
110 160
110 162
110 163
110 164
110 165
110 166
110 167
110 168
110 169
110 170
110 171
110 172
110 173
110 174
110 175
110 176
110 177
110 178
110 179
110 180
110 181
110 182
110 183
110 184
110 185
110 186
110 187
110 188
110 189
110 190
110 191
110 192
110 193
110 194
110 195
110 196
110 197
110 198
110 199
110 200
110 201
110 203
110 206
110 207
110 208
110 209
110 211
110 212
110 213
110 215
110 216
110 217
110 253
110 259
110 260
110 263
110 264
110 265
110 266
110 267
110 268
110 269
110 270
110 271
110 273
110 274
110 276
110 287
110 297
110 335
110 336
110 358
110 359
110 360
110 361
110 362
110 363
110 364
110 365
110 366
110 367
110 368
110 369
110 370
110 371
110 372
110 373
110 374
110 375
110 376
110 377
110 378
110 379
110 380
110 381
110 403
110 404
110 418
110 444
110 449
110 450
110 453
110 454
110 455
110 456
110 457
110 458
110 459
110 460
110 461
110 462
110 463
110 464
110 465
110 466
110 467
110 468
110 471
111 112
111 113
111 114
111 115
111 116
111 117
111 118
111 119
111 120
111 121
111 154
111 155
111 159
111 160
111 162
111 163
111 164
111 165
111 166
111 167
111 168
111 169
111 170
111 171
111 172
111 173
111 174
111 175
111 176
111 177
111 178
111 179
111 180
111 181
111 182
111 183
111 184
111 185
111 186
111 187
111 188
111 189
111 190
111 191
111 192
111 193
111 194
111 195
111 196
111 197
111 198
111 199
111 200
111 201
111 204
111 205
111 206
111 207
111 208
111 209
111 210
111 212
111 214
111 217
111 234
111 258
111 261
111 262
111 264
111 266
111 267
111 268
111 269
111 270
111 271
111 272
111 273
111 275
111 278
111 296
111 316
111 332
111 337
111 340
111 361
111 362
111 363
111 364
111 365
111 366
111 367
111 368
111 369
111 370
111 371
111 372
111 373
111 374
111 375
111 376
111 377
111 378
111 379
111 380
111 398
111 399
111 405
111 415
111 445
111 447
111 449
111 450
111 451
111 452
111 453
111 455
111 456
111 457
111 458
111 459
111 460
111 461
111 462
111 463
111 464
111 465
111 466
111 467
111 468
111 469
111 479
111 481
112 113
112 114
112 115
112 116
112 117
112 118
112 119
112 120
112 148
112 153
112 155
112 158
112 161
112 162
112 163
112 164
112 165
112 166
112 167
112 168
112 169
112 170
112 171
112 172
112 173
112 174
112 175
112 176
112 177
112 178
112 179
112 180
112 181
112 182
112 183
112 184
112 185
112 186
112 187
112 188
112 189
112 190
112 191
112 192
112 193
112 194
112 195
112 196
112 197
112 198
112 199
112 200
112 201
112 203
112 205
112 207
112 208
112 209
112 210
112 211
112 212
112 213
112 254
112 258
112 259
112 260
112 261
112 265
112 266
112 267
112 268
112 269
112 270
112 271
112 272
112 283
112 332
112 333
112 354
112 358
112 360
112 361
112 363
112 364
112 365
112 366
112 367
112 368
112 369
112 370
112 371
112 372
112 373
112 374
112 375
112 376
112 377
112 378
112 379
112 443
112 444
112 446
112 449
112 450
112 451
112 452
112 453
112 455
112 456
112 457
112 458
112 459
112 460
112 461
112 462
112 463
112 464
112 465
112 466
112 467
112 468
112 471
113 114
113 115
113 116
113 117
113 118
113 119
113 120
113 121
113 154
113 155
113 156
113 159
113 161
113 162
113 164
113 165
113 166
113 168
113 169
113 170
113 171
113 172
113 173
113 174
113 175
113 176
113 177
113 178
113 179
113 180
113 181
113 182
113 183
113 184
113 185
113 186
113 187
113 188
113 189
113 190
113 191
113 192
113 193
113 194
113 195
113 196
113 197
113 198
113 199
113 200
113 201
113 206
113 207
113 209
113 210
113 212
113 259
113 260
113 261
113 262
113 263
113 265
113 266
113 267
113 268
113 269
113 271
113 272
113 274
113 333
113 355
113 359
113 361
113 362
113 363
113 365
113 366
113 367
113 368
113 369
113 370
113 371
113 372
113 373
113 374
113 375
113 377
113 378
113 447
113 448
113 449
113 451
113 452
113 453
113 455
113 456
113 457
113 458
113 459
113 460
113 461
113 462
113 463
113 464
113 465
113 466
113 467
113 468
113 469
113 491
114 115
114 116
114 117
114 118
114 119
114 120
114 152
114 155
114 158
114 159
114 160
114 162
114 165
114 166
114 167
114 169
114 170
114 171
114 172
114 173
114 174
114 175
114 176
114 177
114 178
114 179
114 180
114 181
114 182
114 183
114 184
114 185
114 186
114 187
114 188
114 189
114 190
114 191
114 192
114 193
114 194
114 195
114 196
114 197
114 198
114 199
114 200
114 202
114 203
114 204
114 207
114 208
114 209
114 210
114 211
114 213
114 259
114 260
114 264
114 265
114 266
114 268
114 269
114 270
114 272
114 274
114 275
114 353
114 358
114 359
114 361
114 363
114 364
114 365
114 366
114 367
114 368
114 369
114 370
114 371
114 372
114 373
114 374
114 375
114 376
114 377
114 433
114 445
114 448
114 450
114 451
114 452
114 453
114 454
114 455
114 456
114 457
114 458
114 459
114 460
114 461
114 462
114 463
114 464
114 465
114 466
114 467
115 116
115 117
115 118
115 119
115 120
115 153
115 154
115 156
115 157
115 159
115 160
115 161
115 162
115 163
115 164
115 166
115 167
115 168
115 169
115 170
115 171
115 172
115 173
115 174
115 175
115 176
115 177
115 178
115 179
115 180
115 181
115 182
115 183
115 184
115 185
115 186
115 187
115 188
115 189
115 190
115 191
115 192
115 193
115 194
115 195
115 196
115 197
115 198
115 199
115 201
115 206
115 207
115 209
115 211
115 213
115 214
115 258
115 259
115 263
115 266
115 267
115 268
115 269
115 270
115 271
115 272
115 273
115 336
115 358
115 359
115 360
115 362
115 363
115 364
115 365
115 366
115 367
115 368
115 369
115 370
115 371
115 372
115 373
115 374
115 375
115 376
115 377
115 378
115 446
115 447
115 449
115 450
115 451
115 453
115 454
115 455
115 456
115 457
115 458
115 459
115 460
115 461
115 462
115 463
115 464
115 465
115 466
115 467
115 468
115 469
116 117
116 118
116 119
116 120
116 121
116 122
116 144
116 155
116 156
116 159
116 160
116 161
116 162
116 164
116 165
116 167
116 168
116 169
116 170
116 171
116 172
116 173
116 174
116 175
116 176
116 177
116 178
116 179
116 180
116 181
116 182
116 183
116 184
116 185
116 186
116 187
116 188
116 189
116 190
116 191
116 192
116 193
116 194
116 195
116 196
116 197
116 198
116 199
116 200
116 201
116 202
116 205
116 206
116 208
116 209
116 210
116 211
116 212
116 213
116 214
116 262
116 263
116 264
116 265
116 266
116 267
116 268
116 269
116 270
116 271
116 272
116 273
116 274
116 334
116 355
116 362
116 363
116 364
116 365
116 366
116 367
116 368
116 369
116 370
116 371
116 372
116 373
116 375
116 376
116 377
116 444
116 445
116 447
116 448
116 449
116 450
116 451
116 452
116 454
116 455
116 456
116 457
116 458
116 459
116 460
116 461
116 462
116 463
116 464
116 465
116 466
116 467
116 468
116 470
116 498
117 118
117 119
117 120
117 135
117 157
117 158
117 159
117 160
117 161
117 162
117 163
117 164
117 165
117 166
117 167
117 168
117 169
117 170
117 171
117 172
117 173
117 174
117 175
117 176
117 177
117 178
117 179
117 180
117 181
117 182
117 183
117 184
117 185
117 186
117 187
117 188
117 189
117 190
117 191
117 192
117 193
117 194
117 195
117 196
117 197
117 198
117 199
117 200
117 202
117 204
117 205
117 206
117 208
117 209
117 210
117 211
117 212
117 213
117 258
117 259
117 260
117 262
117 265
117 266
117 268
117 269
117 270
117 271
117 272
117 273
117 274
117 335
117 356
117 357
117 358
117 360
117 362
117 363
117 364
117 365
117 366
117 367
117 368
117 369
117 370
117 371
117 372
117 373
117 374
117 375
117 376
117 377
117 445
117 446
117 448
117 449
117 451
117 452
117 453
117 454
117 455
117 456
117 457
117 458
117 459
117 460
117 461
117 462
117 463
117 464
117 465
117 466
117 467
117 468
118 119
118 120
118 158
118 159
118 160
118 161
118 162
118 163
118 164
118 165
118 166
118 167
118 168
118 169
118 170
118 171
118 172
118 173
118 174
118 175
118 176
118 177
118 178
118 179
118 180
118 181
118 182
118 183
118 184
118 185
118 186
118 187
118 188
118 189
118 190
118 191
118 192
118 193
118 194
118 195
118 196
118 197
118 198
118 199
118 200
118 201
118 203
118 204
118 206
118 207
118 208
118 211
118 212
118 213
118 216
118 262
118 264
118 266
118 267
118 268
118 270
118 271
118 272
118 273
118 356
118 357
118 358
118 359
118 360
118 361
118 362
118 363
118 365
118 366
118 367
118 368
118 369
118 370
118 371
118 372
118 373
118 374
118 375
118 376
118 378
118 381
118 445
118 447
118 448
118 449
118 450
118 451
118 453
118 454
118 455
118 456
118 457
118 458
118 459
118 460
118 461
118 462
118 463
118 464
118 465
118 466
118 467
118 468
118 470
119 120
119 121
119 155
119 157
119 158
119 159
119 160
119 162
119 164
119 165
119 166
119 167
119 168
119 169
119 170
119 171
119 172
119 173
119 174
119 175
119 176
119 177
119 178
119 179
119 180
119 181
119 182
119 183
119 184
119 185
119 186
119 187
119 188
119 189
119 190
119 191
119 192
119 193
119 194
119 195
119 196
119 197
119 198
119 199
119 200
119 203
119 205
119 207
119 208
119 209
119 210
119 211
119 212
119 213
119 227
119 259
119 260
119 263
119 267
119 268
119 269
119 270
119 271
119 272
119 273
119 274
119 282
119 331
119 335
119 361
119 362
119 363
119 365
119 366
119 367
119 368
119 369
119 370
119 371
119 372
119 374
119 375
119 376
119 377
119 378
119 405
119 446
119 448
119 449
119 451
119 452
119 453
119 454
119 455
119 456
119 457
119 458
119 459
119 460
119 461
119 462
119 463
119 464
119 465
119 466
119 467
119 469
120 155
120 157
120 160
120 161
120 162
120 163
120 164
120 167
120 168
120 169
120 170
120 171
120 172
120 173
120 175
120 176
120 177
120 178
120 179
120 180
120 181
120 182
120 183
120 184
120 185
120 186
120 187
120 188
120 189
120 190
120 191
120 192
120 193
120 194
120 195
120 196
120 197
120 198
120 199
120 200
120 203
120 207
120 208
120 209
120 210
120 211
120 212
120 213
120 256
120 258
120 260
120 263
120 264
120 266
120 268
120 269
120 270
120 272
120 359
120 361
120 363
120 367
120 368
120 369
120 370
120 372
120 373
120 374
120 375
120 376
120 377
120 400
120 406
120 438
120 447
120 448
120 450
120 452
120 453
120 454
120 455
120 456
120 457
120 458
120 459
120 460
120 461
120 462
120 463
120 464
120 465
120 466
120 467
120 468
121 166
121 181
121 184
121 190
121 192
121 195
121 196
121 198
121 318
121 365
121 377
121 460
122 148
122 149
122 194
122 440
123 203
123 205
131 284
143 181
144 195
144 450
145 218
146 179
146 375
146 382
147 175
147 195
149 368
152 191
152 197
152 265
152 358
152 376
152 454
153 156
153 162
153 163
153 167
153 180
153 183
153 200
153 268
153 269
153 354
153 371
153 445
153 446
153 454
153 456
153 466
154 158
154 159
154 163
154 165
154 169
154 174
154 175
154 179
154 187
154 191
154 192
154 194
154 196
154 206
154 258
154 264
154 271
154 357
154 358
154 359
154 362
154 363
154 376
154 450
154 452
154 456
154 460
154 464
155 156
155 162
155 166
155 174
155 175
155 177
155 178
155 181
155 182
155 186
155 187
155 197
155 202
155 204
155 208
155 210
155 258
155 260
155 267
155 269
155 273
155 332
155 358
155 359
155 365
155 369
155 374
155 375
155 376
155 377
155 443
155 447
155 455
155 456
155 457
155 459
155 464
156 157
156 158
156 160
156 162
156 167
156 168
156 169
156 173
156 174
156 176
156 184
156 186
156 195
156 197
156 202
156 206
156 207
156 213
156 259
156 263
156 333
156 356
156 359
156 370
156 373
156 377
156 445
156 446
156 447
156 450
156 451
156 452
156 456
156 460
156 461
156 463
156 465
156 467
157 158
157 160
157 161
157 163
157 170
157 172
157 173
157 174
157 176
157 177
157 178
157 181
157 183
157 186
157 188
157 190
157 194
157 195
157 197
157 198
157 199
157 203
157 204
157 207
157 208
157 209
157 213
157 256
157 260
157 264
157 265
157 266
157 267
157 268
157 356
157 359
157 362
157 364
157 365
157 366
157 367
157 368
157 370
157 371
157 372
157 374
157 375
157 377
157 378
157 445
157 446
157 447
157 448
157 450
157 451
157 452
157 453
157 457
157 459
157 462
157 463
157 464
157 466
157 467
158 160
158 161
158 163
158 164
158 167
158 169
158 171
158 172
158 173
158 175
158 176
158 179
158 183
158 186
158 187
158 190
158 195
158 196
158 198
158 201
158 202
158 203
158 204
158 205
158 207
158 209
158 211
158 213
158 257
158 261
158 264
158 266
158 267
158 268
158 269
158 270
158 271
158 272
158 273
158 356
158 358
158 361
158 365
158 366
158 368
158 370
158 373
158 374
158 375
158 376
158 443
158 445
158 447
158 448
158 449
158 452
158 454
158 456
158 458
158 462
158 464
159 161
159 162
159 163
159 166
159 167
159 170
159 171
159 172
159 173
159 175
159 178
159 180
159 182
159 184
159 185
159 187
159 188
159 189
159 190
159 194
159 196
159 197
159 198
159 199
159 203
159 206
159 207
159 208
159 209
159 212
159 258
159 261
159 262
159 263
159 264
159 265
159 267
159 269
159 271
159 272
159 360
159 361
159 363
159 364
159 366
159 367
159 368
159 369
159 370
159 373
159 375
159 376
159 445
159 447
159 448
159 449
159 451
159 452
159 456
159 458
159 461
159 462
159 463
159 464
159 468
160 161
160 162
160 164
160 165
160 166
160 167
160 168
160 169
160 171
160 172
160 173
160 175
160 176
160 178
160 179
160 180
160 181
160 182
160 184
160 185
160 186
160 188
160 196
160 199
160 200
160 204
160 205
160 206
160 207
160 208
160 209
160 210
160 211
160 212
160 213
160 260
160 261
160 262
160 266
160 267
160 268
160 271
160 272
160 358
160 359
160 360
160 361
160 362
160 363
160 364
160 366
160 367
160 369
160 372
160 373
160 374
160 376
160 444
160 449
160 451
160 452
160 453
160 454
160 455
160 456
160 457
160 458
160 459
160 461
160 462
160 464
160 465
160 468
161 163
161 164
161 166
161 167
161 168
161 169
161 170
161 171
161 173
161 174
161 176
161 178
161 180
161 181
161 183
161 184
161 186
161 187
161 188
161 189
161 190
161 192
161 194
161 196
161 198
161 199
161 200
161 203
161 204
161 206
161 207
161 208
161 209
161 211
161 212
161 213
161 215
161 259
161 262
161 263
161 266
161 267
161 271
161 332
161 359
161 361
161 362
161 363
161 365
161 368
161 369
161 370
161 371
161 372
161 373
161 374
161 376
161 377
161 378
161 445
161 448
161 449
161 450
161 451
161 453
161 455
161 456
161 457
161 458
161 459
161 460
161 461
161 463
161 464
161 465
161 466
161 467
162 163
162 164
162 165
162 166
162 168
162 169
162 171
162 172
162 173
162 174
162 175
162 176
162 177
162 178
162 179
162 182
162 183
162 184
162 185
162 187
162 188
162 190
162 191
162 192
162 193
162 194
162 195
162 196
162 197
162 198
162 200
162 204
162 207
162 208
162 209
162 212
162 213
162 215
162 259
162 264
162 265
162 266
162 267
162 268
162 269
162 270
162 271
162 272
162 286
162 334
162 355
162 359
162 360
162 361
162 363
162 365
162 366
162 367
162 368
162 369
162 370
162 373
162 374
162 375
162 376
162 377
162 445
162 446
162 448
162 449
162 450
162 452
162 453
162 456
162 457
162 458
162 459
162 461
162 462
162 463
162 464
162 466
162 467
163 165
163 166
163 167
163 168
163 169
163 170
163 171
163 172
163 173
163 175
163 176
163 177
163 178
163 179
163 180
163 181
163 182
163 183
163 184
163 185
163 186
163 187
163 188
163 189
163 190
163 193
163 195
163 196
163 197
163 198
163 199
163 204
163 205
163 206
163 207
163 208
163 209
163 210
163 211
163 212
163 213
163 259
163 262
163 265
163 266
163 267
163 268
163 269
163 270
163 271
163 272
163 333
163 358
163 359
163 362
163 365
163 366
163 367
163 369
163 370
163 371
163 372
163 373
163 374
163 375
163 376
163 377
163 446
163 449
163 450
163 451
163 452
163 454
163 456
163 457
163 458
163 459
163 460
163 462
163 463
163 464
163 465
163 466
163 467
164 165
164 166
164 168
164 170
164 171
164 172
164 173
164 174
164 175
164 176
164 177
164 178
164 179
164 180
164 182
164 183
164 184
164 185
164 187
164 188
164 189
164 191
164 192
164 193
164 194
164 195
164 196
164 198
164 199
164 200
164 204
164 205
164 206
164 208
164 211
164 212
164 213
164 243
164 262
164 263
164 264
164 265
164 266
164 267
164 268
164 269
164 270
164 271
164 272
164 273
164 356
164 359
164 360
164 362
164 363
164 364
164 365
164 368
164 369
164 370
164 371
164 372
164 373
164 374
164 375
164 376
164 377
164 379
164 446
164 447
164 448
164 449
164 451
164 452
164 453
164 454
164 455
164 456
164 457
164 459
164 460
164 461
164 462
164 463
164 464
164 465
164 466
164 467
165 167
165 168
165 169
165 170
165 171
165 172
165 173
165 174
165 175
165 176
165 177
165 178
165 179
165 180
165 182
165 183
165 184
165 185
165 186
165 187
165 188
165 189
165 190
165 191
165 192
165 193
165 194
165 195
165 196
165 202
165 205
165 206
165 208
165 209
165 210
165 211
165 259
165 262
165 265
165 266
165 267
165 268
165 269
165 270
165 271
165 272
165 273
165 334
165 356
165 360
165 361
165 362
165 363
165 366
165 367
165 368
165 369
165 370
165 371
165 372
165 373
165 374
165 376
165 377
165 393
165 446
165 447
165 448
165 450
165 451
165 453
165 454
165 455
165 456
165 457
165 458
165 459
165 461
165 462
165 463
165 464
165 465
165 467
165 468
166 167
166 168
166 169
166 170
166 171
166 172
166 173
166 174
166 175
166 177
166 178
166 179
166 180
166 181
166 182
166 183
166 184
166 185
166 186
166 187
166 189
166 190
166 191
166 192
166 193
166 194
166 195
166 196
166 197
166 198
166 199
166 201
166 205
166 206
166 207
166 208
166 209
166 211
166 212
166 260
166 265
166 267
166 268
166 269
166 270
166 272
166 356
166 357
166 361
166 363
166 364
166 365
166 366
166 367
166 368
166 370
166 371
166 372
166 373
166 374
166 375
166 446
166 448
166 449
166 450
166 452
166 453
166 454
166 455
166 456
166 457
166 458
166 459
166 460
166 461
166 462
166 463
166 464
166 465
166 466
166 467
167 168
167 169
167 170
167 171
167 173
167 174
167 175
167 176
167 177
167 178
167 179
167 180
167 181
167 182
167 183
167 184
167 185
167 187
167 188
167 189
167 190
167 191
167 192
167 193
167 194
167 195
167 196
167 197
167 198
167 199
167 201
167 204
167 205
167 206
167 207
167 208
167 209
167 210
167 211
167 212
167 213
167 261
167 263
167 264
167 265
167 267
167 268
167 269
167 270
167 271
167 273
167 355
167 356
167 358
167 359
167 362
167 363
167 364
167 365
167 366
167 367
167 368
167 369
167 370
167 371
167 372
167 374
167 375
167 376
167 377
167 378
167 446
167 447
167 448
167 449
167 450
167 451
167 453
167 454
167 456
167 457
167 458
167 459
167 460
167 461
167 462
167 463
167 464
167 465
167 466
167 467
168 169
168 170
168 171
168 172
168 173
168 174
168 175
168 176
168 177
168 178
168 179
168 180
168 181
168 182
168 183
168 184
168 186
168 187
168 188
168 189
168 190
168 191
168 192
168 193
168 194
168 195
168 196
168 197
168 198
168 199
168 203
168 205
168 206
168 207
168 210
168 211
168 212
168 213
168 257
168 261
168 262
168 263
168 264
168 267
168 268
168 269
168 271
168 272
168 273
168 356
168 358
168 359
168 361
168 363
168 365
168 367
168 368
168 369
168 370
168 371
168 372
168 374
168 375
168 376
168 377
168 444
168 445
168 446
168 449
168 450
168 451
168 452
168 453
168 454
168 455
168 456
168 457
168 458
168 459
168 460
168 461
168 462
168 463
168 464
168 465
168 466
168 467
168 468
169 170
169 171
169 172
169 173
169 175
169 176
169 177
169 178
169 179
169 180
169 181
169 182
169 183
169 184
169 185
169 186
169 187
169 188
169 189
169 190
169 191
169 192
169 193
169 194
169 195
169 196
169 197
169 198
169 199
169 200
169 204
169 207
169 208
169 209
169 210
169 212
169 213
169 215
169 259
169 260
169 261
169 263
169 264
169 265
169 266
169 267
169 269
169 270
169 271
169 272
169 295
169 356
169 357
169 359
169 363
169 364
169 365
169 366
169 367
169 368
169 369
169 370
169 371
169 372
169 373
169 374
169 375
169 376
169 377
169 444
169 445
169 450
169 451
169 452
169 453
169 454
169 455
169 456
169 457
169 458
169 459
169 460
169 461
169 462
169 463
169 465
169 467
170 171
170 172
170 173
170 174
170 175
170 176
170 177
170 178
170 179
170 180
170 181
170 182
170 183
170 184
170 185
170 186
170 187
170 188
170 189
170 191
170 192
170 193
170 194
170 195
170 196
170 197
170 198
170 199
170 203
170 204
170 205
170 207
170 208
170 211
170 212
170 213
170 214
170 259
170 261
170 266
170 268
170 269
170 270
170 271
170 272
170 358
170 362
170 363
170 365
170 367
170 368
170 369
170 370
170 371
170 372
170 373
170 374
170 375
170 376
170 377
170 378
170 446
170 448
170 449
170 450
170 451
170 452
170 453
170 454
170 455
170 456
170 457
170 458
170 459
170 460
170 461
170 462
170 463
170 465
170 467
171 172
171 173
171 174
171 175
171 176
171 177
171 178
171 179
171 180
171 181
171 182
171 183
171 184
171 185
171 186
171 187
171 188
171 189
171 190
171 191
171 192
171 193
171 194
171 195
171 196
171 197
171 198
171 199
171 200
171 202
171 205
171 206
171 208
171 209
171 210
171 211
171 212
171 213
171 259
171 264
171 265
171 266
171 267
171 268
171 269
171 271
171 272
171 273
171 357
171 359
171 360
171 361
171 362
171 363
171 364
171 365
171 366
171 368
171 370
171 371
171 372
171 373
171 374
171 375
171 376
171 377
171 378
171 445
171 447
171 448
171 450
171 451
171 452
171 453
171 454
171 455
171 456
171 457
171 458
171 459
171 460
171 461
171 462
171 463
171 464
171 465
171 466
171 467
172 173
172 174
172 175
172 176
172 177
172 178
172 179
172 180
172 181
172 182
172 183
172 184
172 185
172 186
172 188
172 190
172 191
172 192
172 193
172 194
172 195
172 196
172 197
172 198
172 199
172 200
172 204
172 205
172 207
172 208
172 209
172 210
172 211
172 212
172 213
172 262
172 263
172 264
172 265
172 267
172 268
172 269
172 270
172 271
172 355
172 356
172 357
172 360
172 362
172 363
172 364
172 365
172 366
172 367
172 368
172 369
172 370
172 371
172 372
172 373
172 374
172 375
172 376
172 377
172 443
172 445
172 446
172 449
172 450
172 451
172 452
172 453
172 454
172 455
172 456
172 457
172 458
172 459
172 460
172 461
172 462
172 463
172 464
172 465
172 466
172 467
173 174
173 175
173 176
173 177
173 178
173 179
173 180
173 181
173 182
173 183
173 184
173 185
173 186
173 187
173 188
173 189
173 190
173 191
173 192
173 193
173 194
173 195
173 196
173 197
173 198
173 199
173 200
173 202
173 208
173 209
173 210
173 211
173 212
173 213
173 215
173 259
173 263
173 264
173 265
173 266
173 267
173 268
173 269
173 270
173 271
173 272
173 273
173 333
173 335
173 354
173 360
173 361
173 363
173 366
173 367
173 368
173 369
173 370
173 371
173 373
173 374
173 375
173 376
173 377
173 378
173 443
173 446
173 448
173 449
173 450
173 451
173 452
173 453
173 454
173 455
173 456
173 457
173 458
173 459
173 460
173 461
173 462
173 463
173 464
173 465
173 466
173 467
174 175
174 176
174 177
174 178
174 179
174 180
174 181
174 182
174 183
174 184
174 185
174 186
174 187
174 188
174 189
174 190
174 191
174 192
174 193
174 194
174 195
174 196
174 197
174 198
174 199
174 203
174 205
174 207
174 208
174 209
174 210
174 211
174 212
174 213
174 259
174 261
174 262
174 263
174 266
174 267
174 268
174 271
174 272
174 355
174 356
174 358
174 361
174 362
174 363
174 365
174 366
174 367
174 369
174 370
174 371
174 372
174 373
174 374
174 375
174 376
174 377
174 379
174 445
174 450
174 451
174 452
174 453
174 454
174 455
174 456
174 457
174 459
174 460
174 461
174 462
174 463
174 464
174 465
174 466
174 467
175 176
175 177
175 178
175 179
175 180
175 181
175 182
175 183
175 184
175 185
175 186
175 187
175 188
175 189
175 190
175 191
175 192
175 193
175 194
175 195
175 196
175 197
175 198
175 199
175 200
175 201
175 203
175 205
175 208
175 209
175 210
175 211
175 212
175 259
175 260
175 262
175 263
175 264
175 265
175 266
175 267
175 268
175 269
175 271
175 272
175 273
175 357
175 358
175 363
175 364
175 365
175 366
175 367
175 369
175 371
175 372
175 373
175 374
175 375
175 376
175 380
175 447
175 448
175 450
175 451
175 453
175 454
175 455
175 456
175 457
175 458
175 459
175 460
175 461
175 462
175 463
175 464
175 465
175 466
175 467
175 487
176 177
176 178
176 179
176 180
176 181
176 182
176 183
176 184
176 185
176 186
176 187
176 188
176 189
176 190
176 191
176 192
176 193
176 194
176 195
176 196
176 197
176 198
176 199
176 202
176 203
176 204
176 205
176 208
176 209
176 210
176 211
176 213
176 214
176 215
176 259
176 261
176 264
176 265
176 266
176 267
176 268
176 269
176 270
176 271
176 272
176 273
176 333
176 357
176 358
176 360
176 362
176 363
176 364
176 365
176 366
176 367
176 368
176 369
176 370
176 371
176 372
176 373
176 374
176 375
176 376
176 377
176 443
176 444
176 446
176 447
176 448
176 450
176 451
176 453
176 454
176 455
176 456
176 457
176 459
176 460
176 461
176 462
176 463
176 464
176 465
176 466
176 467
177 178
177 179
177 180
177 181
177 182
177 183
177 184
177 185
177 186
177 187
177 188
177 189
177 190
177 191
177 192
177 193
177 194
177 195
177 196
177 197
177 198
177 199
177 201
177 203
177 206
177 207
177 209
177 210
177 213
177 214
177 258
177 260
177 263
177 264
177 265
177 267
177 268
177 269
177 270
177 271
177 272
177 273
177 354
177 356
177 359
177 360
177 361
177 363
177 365
177 366
177 367
177 368
177 369
177 370
177 371
177 372
177 373
177 374
177 375
177 376
177 377
177 446
177 447
177 448
177 451
177 452
177 453
177 455
177 456
177 457
177 458
177 459
177 460
177 461
177 462
177 463
177 464
177 465
177 466
177 467
177 468
178 179
178 180
178 181
178 182
178 183
178 184
178 185
178 186
178 187
178 188
178 189
178 190
178 191
178 192
178 193
178 194
178 195
178 196
178 197
178 198
178 199
178 203
178 207
178 208
178 210
178 211
178 212
178 213
178 261
178 263
178 264
178 265
178 266
178 267
178 268
178 269
178 270
178 271
178 272
178 273
178 355
178 356
178 358
178 360
178 362
178 364
178 365
178 366
178 367
178 368
178 369
178 370
178 371
178 372
178 373
178 374
178 375
178 376
178 377
178 378
178 445
178 450
178 451
178 453
178 454
178 455
178 456
178 457
178 458
178 459
178 461
178 462
178 463
178 464
178 465
178 466
178 467
179 180
179 181
179 182
179 183
179 184
179 185
179 186
179 187
179 188
179 189
179 190
179 191
179 192
179 193
179 194
179 195
179 196
179 197
179 198
179 199
179 205
179 206
179 207
179 208
179 209
179 210
179 211
179 212
179 260
179 261
179 264
179 265
179 266
179 267
179 269
179 270
179 271
179 272
179 273
179 274
179 332
179 333
179 334
179 335
179 356
179 360
179 362
179 363
179 364
179 366
179 367
179 368
179 369
179 370
179 371
179 372
179 373
179 374
179 375
179 376
179 377
179 378
179 445
179 447
179 448
179 449
179 451
179 452
179 453
179 454
179 455
179 456
179 457
179 458
179 459
179 460
179 461
179 462
179 463
179 464
179 465
179 466
179 467
179 468
179 469
180 181
180 182
180 183
180 184
180 185
180 186
180 187
180 188
180 189
180 190
180 191
180 192
180 193
180 194
180 195
180 196
180 197
180 198
180 199
180 200
180 203
180 206
180 208
180 209
180 210
180 211
180 213
180 262
180 264
180 266
180 267
180 268
180 270
180 271
180 272
180 273
180 357
180 358
180 359
180 360
180 361
180 364
180 365
180 366
180 367
180 368
180 369
180 370
180 371
180 372
180 373
180 374
180 375
180 377
180 378
180 447
180 450
180 453
180 455
180 456
180 457
180 458
180 459
180 460
180 461
180 462
180 463
180 464
180 465
180 466
180 467
180 468
181 182
181 183
181 184
181 185
181 186
181 187
181 188
181 189
181 190
181 191
181 192
181 193
181 194
181 195
181 196
181 197
181 198
181 199
181 200
181 201
181 202
181 204
181 205
181 206
181 207
181 208
181 209
181 211
181 212
181 259
181 260
181 262
181 263
181 264
181 266
181 267
181 268
181 269
181 270
181 271
181 272
181 273
181 334
181 356
181 360
181 361
181 362
181 363
181 364
181 365
181 366
181 367
181 368
181 369
181 370
181 371
181 372
181 373
181 374
181 375
181 376
181 377
181 378
181 447
181 448
181 449
181 450
181 452
181 453
181 454
181 455
181 457
181 458
181 459
181 460
181 461
181 462
181 463
181 464
181 465
181 466
181 467
181 468
182 183
182 184
182 185
182 186
182 187
182 188
182 189
182 190
182 191
182 192
182 193
182 194
182 195
182 196
182 197
182 198
182 199
182 204
182 205
182 208
182 211
182 212
182 213
182 215
182 258
182 259
182 260
182 261
182 262
182 264
182 266
182 267
182 268
182 270
182 271
182 272
182 273
182 353
182 357
182 360
182 361
182 362
182 363
182 365
182 366
182 367
182 368
182 369
182 370
182 371
182 372
182 373
182 374
182 375
182 376
182 377
182 378
182 445
182 447
182 450
182 451
182 452
182 455
182 456
182 457
182 459
182 460
182 461
182 462
182 463
182 464
182 465
182 466
182 467
182 468
183 184
183 185
183 186
183 187
183 188
183 189
183 190
183 191
183 192
183 193
183 194
183 195
183 196
183 197
183 198
183 199
183 200
183 205
183 207
183 208
183 209
183 210
183 212
183 213
183 214
183 261
183 263
183 264
183 265
183 266
183 267
183 268
183 269
183 270
183 271
183 272
183 273
183 332
183 334
183 356
183 357
183 358
183 360
183 364
183 365
183 367
183 369
183 370
183 371
183 372
183 373
183 374
183 375
183 376
183 377
183 378
183 379
183 392
183 415
183 444
183 445
183 448
183 451
183 452
183 454
183 455
183 456
183 457
183 458
183 459
183 460
183 461
183 462
183 463
183 465
183 466
183 467
183 468
184 185
184 186
184 187
184 188
184 189
184 190
184 191
184 192
184 193
184 194
184 195
184 196
184 197
184 198
184 199
184 200
184 204
184 205
184 206
184 209
184 210
184 211
184 212
184 213
184 214
184 258
184 259
184 260
184 261
184 263
184 264
184 265
184 266
184 267
184 268
184 270
184 271
184 272
184 273
184 335
184 356
184 360
184 362
184 363
184 365
184 366
184 368
184 369
184 370
184 371
184 372
184 373
184 374
184 375
184 376
184 377
184 380
184 444
184 447
184 449
184 450
184 451
184 452
184 453
184 454
184 455
184 456
184 457
184 458
184 459
184 460
184 461
184 462
184 463
184 464
184 465
184 466
184 467
184 468
185 186
185 187
185 188
185 189
185 190
185 191
185 192
185 193
185 194
185 195
185 196
185 197
185 198
185 199
185 200
185 201
185 202
185 206
185 207
185 209
185 210
185 211
185 212
185 213
185 261
185 262
185 264
185 266
185 267
185 268
185 269
185 270
185 271
185 272
185 273
185 333
185 357
185 358
185 359
185 361
185 362
185 363
185 364
185 366
185 367
185 368
185 369
185 370
185 371
185 372
185 373
185 374
185 375
185 376
185 377
185 443
185 445
185 449
185 450
185 451
185 452
185 453
185 454
185 455
185 457
185 459
185 460
185 461
185 462
185 463
185 464
185 465
185 466
185 467
186 187
186 188
186 189
186 190
186 191
186 192
186 193
186 194
186 195
186 196
186 197
186 198
186 199
186 200
186 206
186 208
186 210
186 211
186 212
186 213
186 261
186 264
186 265
186 267
186 268
186 269
186 270
186 271
186 272
186 332
186 333
186 360
186 361
186 363
186 364
186 365
186 366
186 367
186 368
186 369
186 370
186 371
186 372
186 373
186 374
186 375
186 376
186 377
186 445
186 452
186 453
186 454
186 455
186 456
186 457
186 458
186 459
186 460
186 461
186 462
186 463
186 464
186 465
186 466
186 467
186 468
186 484
187 188
187 189
187 190
187 191
187 192
187 193
187 194
187 195
187 196
187 197
187 198
187 199
187 200
187 204
187 206
187 210
187 211
187 212
187 213
187 214
187 259
187 261
187 262
187 263
187 264
187 265
187 266
187 267
187 268
187 269
187 270
187 271
187 274
187 296
187 355
187 358
187 362
187 363
187 364
187 366
187 367
187 368
187 369
187 370
187 371
187 372
187 373
187 374
187 375
187 376
187 377
187 378
187 445
187 446
187 450
187 451
187 453
187 454
187 456
187 457
187 458
187 459
187 461
187 462
187 463
187 464
187 465
187 466
187 467
187 468
188 189
188 190
188 191
188 192
188 193
188 194
188 195
188 196
188 197
188 198
188 199
188 200
188 207
188 209
188 210
188 211
188 212
188 213
188 215
188 262
188 263
188 264
188 267
188 268
188 270
188 271
188 272
188 273
188 274
188 333
188 334
188 361
188 363
188 364
188 365
188 366
188 367
188 368
188 369
188 370
188 371
188 372
188 373
188 374
188 375
188 376
188 388
188 443
188 445
188 446
188 448
188 449
188 450
188 452
188 453
188 454
188 455
188 456
188 457
188 458
188 459
188 460
188 461
188 462
188 463
188 464
188 465
188 466
188 467
189 190
189 191
189 192
189 193
189 194
189 195
189 196
189 197
189 198
189 199
189 201
189 202
189 203
189 204
189 205
189 206
189 207
189 208
189 209
189 210
189 211
189 212
189 214
189 233
189 257
189 261
189 262
189 264
189 265
189 267
189 268
189 270
189 271
189 272
189 274
189 296
189 332
189 333
189 355
189 361
189 362
189 363
189 364
189 365
189 366
189 367
189 368
189 369
189 370
189 371
189 372
189 373
189 374
189 375
189 376
189 377
189 378
189 445
189 446
189 449
189 450
189 452
189 454
189 455
189 456
189 457
189 458
189 459
189 460
189 461
189 462
189 463
189 464
189 465
189 466
189 467
189 468
189 469
190 191
190 192
190 193
190 194
190 195
190 196
190 197
190 198
190 199
190 201
190 204
190 206
190 207
190 210
190 212
190 213
190 214
190 259
190 262
190 264
190 265
190 266
190 268
190 269
190 271
190 272
190 356
190 358
190 360
190 361
190 362
190 363
190 364
190 366
190 367
190 369
190 370
190 371
190 372
190 373
190 374
190 375
190 376
190 377
190 378
190 444
190 445
190 446
190 447
190 448
190 450
190 452
190 453
190 454
190 455
190 456
190 457
190 458
190 459
190 460
190 461
190 462
190 463
190 464
190 465
190 466
190 467
190 468
190 469
191 192
191 193
191 194
191 195
191 196
191 197
191 198
191 199
191 201
191 203
191 204
191 205
191 209
191 212
191 213
191 214
191 257
191 261
191 262
191 263
191 264
191 266
191 267
191 268
191 269
191 270
191 271
191 274
191 357
191 359
191 363
191 364
191 365
191 366
191 367
191 368
191 369
191 370
191 371
191 372
191 373
191 374
191 375
191 376
191 377
191 378
191 438
191 448
191 449
191 451
191 452
191 453
191 454
191 455
191 456
191 458
191 459
191 460
191 461
191 462
191 463
191 464
191 465
191 466
191 467
191 468
192 193
192 194
192 195
192 196
192 197
192 198
192 199
192 200
192 201
192 202
192 204
192 205
192 207
192 208
192 210
192 212
192 213
192 258
192 261
192 262
192 264
192 266
192 267
192 268
192 269
192 270
192 271
192 272
192 333
192 358
192 361
192 362
192 363
192 364
192 365
192 366
192 367
192 368
192 369
192 371
192 372
192 373
192 374
192 375
192 376
192 377
192 378
192 447
192 448
192 452
192 454
192 455
192 456
192 457
192 458
192 459
192 460
192 461
192 462
192 463
192 464
192 465
192 466
192 467
192 468
192 470
193 194
193 195
193 196
193 197
193 198
193 199
193 202
193 203
193 206
193 209
193 211
193 213
193 214
193 260
193 261
193 262
193 263
193 264
193 265
193 266
193 267
193 268
193 269
193 270
193 271
193 273
193 285
193 361
193 362
193 363
193 364
193 365
193 366
193 367
193 368
193 369
193 370
193 371
193 372
193 373
193 374
193 375
193 376
193 377
193 448
193 452
193 456
193 457
193 458
193 459
193 460
193 461
193 462
193 463
193 464
193 465
193 466
193 467
193 468
194 195
194 196
194 197
194 198
194 199
194 200
194 206
194 208
194 211
194 212
194 260
194 262
194 263
194 264
194 265
194 266
194 267
194 268
194 269
194 270
194 271
194 272
194 360
194 361
194 362
194 363
194 364
194 365
194 366
194 367
194 368
194 369
194 370
194 371
194 372
194 373
194 374
194 375
194 376
194 377
194 378
194 445
194 447
194 451
194 452
194 455
194 456
194 457
194 458
194 459
194 460
194 461
194 462
194 463
194 464
194 465
194 466
194 467
194 468
194 469
195 196
195 197
195 198
195 199
195 200
195 203
195 204
195 207
195 208
195 209
195 210
195 211
195 212
195 214
195 260
195 261
195 263
195 266
195 267
195 268
195 270
195 271
195 272
195 356
195 360
195 361
195 362
195 363
195 364
195 365
195 367
195 369
195 370
195 371
195 372
195 373
195 374
195 375
195 376
195 377
195 378
195 386
195 414
195 445
195 446
195 448
195 449
195 452
195 453
195 454
195 455
195 456
195 457
195 458
195 459
195 460
195 461
195 462
195 463
195 464
195 465
195 466
195 467
195 468
195 470
196 197
196 198
196 199
196 200
196 201
196 204
196 206
196 207
196 208
196 209
196 210
196 212
196 213
196 214
196 260
196 265
196 267
196 268
196 269
196 270
196 271
196 272
196 273
196 295
196 335
196 358
196 360
196 361
196 362
196 363
196 365
196 367
196 368
196 369
196 370
196 371
196 372
196 373
196 374
196 375
196 376
196 380
196 446
196 448
196 449
196 450
196 451
196 452
196 454
196 455
196 456
196 457
196 458
196 459
196 460
196 461
196 462
196 463
196 464
196 465
196 466
196 467
196 468
197 198
197 199
197 200
197 202
197 204
197 207
197 208
197 209
197 210
197 211
197 212
197 213
197 259
197 264
197 265
197 266
197 267
197 268
197 269
197 270
197 271
197 272
197 355
197 356
197 357
197 358
197 359
197 360
197 362
197 363
197 364
197 365
197 366
197 367
197 368
197 369
197 370
197 371
197 372
197 373
197 374
197 375
197 376
197 377
197 445
197 446
197 447
197 450
197 451
197 454
197 455
197 456
197 457
197 458
197 459
197 460
197 461
197 462
197 463
197 464
197 465
197 466
197 467
197 468
198 199
198 204
198 207
198 208
198 209
198 210
198 211
198 212
198 213
198 214
198 261
198 263
198 265
198 267
198 268
198 269
198 270
198 271
198 272
198 333
198 358
198 361
198 362
198 363
198 365
198 366
198 367
198 368
198 369
198 370
198 371
198 372
198 373
198 374
198 375
198 376
198 377
198 406
198 445
198 448
198 449
198 450
198 451
198 455
198 456
198 457
198 458
198 459
198 460
198 461
198 462
198 463
198 464
198 465
198 466
198 467
198 468
199 200
199 205
199 206
199 207
199 208
199 209
199 210
199 211
199 212
199 258
199 263
199 264
199 265
199 266
199 267
199 269
199 270
199 271
199 272
199 356
199 357
199 361
199 362
199 363
199 364
199 365
199 366
199 367
199 368
199 369
199 370
199 371
199 372
199 373
199 374
199 375
199 376
199 377
199 444
199 450
199 451
199 452
199 453
199 454
199 455
199 456
199 457
199 458
199 459
199 460
199 461
199 462
199 463
199 465
199 466
199 467
200 208
200 209
200 210
200 211
200 212
200 234
200 262
200 264
200 266
200 267
200 268
200 269
200 333
200 357
200 358
200 359
200 362
200 363
200 364
200 365
200 367
200 368
200 371
200 374
200 446
200 449
200 451
200 453
200 454
200 455
200 457
200 458
200 459
200 460
200 461
200 462
200 463
200 467
201 203
201 204
201 207
201 208
201 209
201 210
201 212
201 264
201 265
201 267
201 271
201 285
201 365
201 369
201 375
201 445
201 448
201 454
201 455
201 457
201 459
201 460
201 461
201 464
201 467
202 203
202 207
202 210
202 248
202 259
202 261
202 262
202 263
202 265
202 358
202 369
202 370
202 372
202 387
202 444
202 452
202 453
202 458
202 459
202 460
202 461
202 466
202 467
202 489
203 258
203 262
203 265
203 266
203 270
203 356
203 357
203 358
203 361
203 364
203 367
203 369
203 370
203 372
203 374
203 375
203 377
203 445
203 449
203 450
203 453
203 454
203 458
203 459
203 460
203 467
204 205
204 207
204 208
204 213
204 259
204 261
204 263
204 265
204 266
204 268
204 357
204 359
204 360
204 362
204 363
204 364
204 366
204 367
204 370
204 371
204 373
204 377
204 444
204 445
204 447
204 448
204 452
204 454
204 455
204 456
204 460
204 462
204 463
204 464
205 206
205 211
205 212
205 213
205 265
205 267
205 270
205 271
205 272
205 334
205 356
205 358
205 360
205 364
205 367
205 368
205 369
205 370
205 371
205 373
205 374
205 443
205 445
205 447
205 448
205 450
205 452
205 453
205 454
205 455
205 458
205 462
205 463
205 465
205 468
206 207
206 208
206 210
206 213
206 214
206 258
206 263
206 264
206 265
206 266
206 270
206 359
206 360
206 361
206 363
206 364
206 370
206 374
206 375
206 377
206 442
206 444
206 449
206 450
206 452
206 453
206 458
206 460
206 461
206 463
206 464
206 466
207 208
207 209
207 210
207 211
207 212
207 213
207 265
207 266
207 267
207 269
207 270
207 272
207 356
207 359
207 360
207 361
207 362
207 365
207 366
207 368
207 371
207 373
207 376
207 446
207 449
207 450
207 453
207 455
207 456
207 457
207 458
207 461
207 465
207 466
207 467
208 210
208 213
208 214
208 263
208 265
208 266
208 267
208 268
208 271
208 272
208 356
208 357
208 358
208 360
208 361
208 366
208 367
208 368
208 369
208 370
208 371
208 373
208 375
208 376
208 377
208 444
208 445
208 448
208 449
208 450
208 451
208 453
208 454
208 456
208 458
208 460
208 463
208 465
208 466
208 467
209 212
209 213
209 260
209 261
209 262
209 263
209 264
209 265
209 267
209 269
209 270
209 271
209 358
209 359
209 360
209 362
209 363
209 364
209 365
209 367
209 368
209 370
209 371
209 374
209 377
209 379
209 446
209 447
209 449
209 450
209 453
209 454
209 455
209 458
209 459
209 460
209 462
209 463
209 464
209 465
209 466
209 467
210 212
210 213
210 214
210 258
210 259
210 263
210 264
210 265
210 267
210 268
210 269
210 270
210 271
210 273
210 333
210 356
210 359
210 362
210 363
210 364
210 365
210 366
210 367
210 368
210 369
210 370
210 371
210 373
210 374
210 375
210 376
210 377
210 446
210 448
210 449
210 452
210 453
210 454
210 455
210 457
210 458
210 459
210 460
210 461
210 462
210 463
210 465
210 466
210 467
211 212
211 259
211 263
211 264
211 265
211 268
211 269
211 270
211 271
211 273
211 357
211 358
211 362
211 363
211 364
211 365
211 366
211 367
211 369
211 370
211 371
211 372
211 373
211 374
211 375
211 377
211 445
211 449
211 451
211 453
211 455
211 456
211 458
211 462
211 463
211 464
211 465
211 466
211 467
212 213
212 259
212 264
212 265
212 266
212 267
212 268
212 269
212 270
212 271
212 272
212 359
212 360
212 361
212 362
212 363
212 364
212 365
212 366
212 367
212 368
212 370
212 371
212 372
212 373
212 374
212 375
212 377
212 378
212 444
212 447
212 449
212 450
212 452
212 453
212 454
212 455
212 456
212 457
212 458
212 459
212 460
212 461
212 462
212 463
212 465
212 466
212 467
213 215
213 258
213 259
213 260
213 261
213 263
213 264
213 265
213 266
213 268
213 269
213 271
213 272
213 333
213 356
213 358
213 361
213 363
213 364
213 366
213 367
213 368
213 371
213 372
213 374
213 376
213 377
213 446
213 448
213 451
213 452
213 453
213 454
213 455
213 456
213 457
213 458
213 460
213 461
213 462
213 463
213 464
213 467
214 261
214 262
214 266
214 356
214 357
214 364
214 365
214 368
214 369
214 370
214 372
214 375
214 377
214 443
214 444
214 447
214 451
214 453
214 454
214 455
214 458
214 460
214 461
214 463
214 465
215 273
215 373
215 376
215 451
215 467
216 298
217 496
218 381
219 407
228 409
233 289
242 468
257 357
257 366
257 367
257 370
257 451
257 459
258 262
258 264
258 362
258 374
258 449
258 463
259 262
259 265
259 267
259 269
259 271
259 272
259 355
259 359
259 360
259 363
259 367
259 368
259 370
259 374
259 376
259 444
259 446
259 451
259 454
259 457
259 460
259 468
260 261
260 262
260 264
260 265
260 267
260 268
260 269
260 270
260 359
260 363
260 365
260 367
260 370
260 372
260 373
260 374
260 375
260 377
260 378
260 380
260 446
260 453
260 457
260 459
260 460
260 461
260 463
260 465
260 466
260 467
261 262
261 263
261 268
261 269
261 270
261 332
261 333
261 356
261 357
261 361
261 362
261 364
261 365
261 367
261 372
261 373
261 374
261 376
261 377
261 445
261 448
261 449
261 453
261 454
261 455
261 456
261 457
261 458
261 465
261 466
261 467
262 263
262 265
262 268
262 270
262 271
262 272
262 356
262 358
262 362
262 363
262 365
262 371
262 372
262 373
262 376
262 416
262 444
262 445
262 446
262 447
262 449
262 451
262 454
262 456
262 457
262 458
262 460
262 461
262 463
262 464
262 467
263 266
263 267
263 268
263 273
263 357
263 359
263 360
263 365
263 367
263 368
263 371
263 374
263 376
263 377
263 444
263 445
263 447
263 448
263 449
263 454
263 455
263 457
263 459
263 460
263 461
263 463
263 466
263 467
264 267
264 268
264 269
264 270
264 271
264 272
264 357
264 358
264 360
264 361
264 362
264 363
264 364
264 365
264 367
264 368
264 369
264 370
264 371
264 372
264 373
264 374
264 376
264 377
264 447
264 448
264 449
264 451
264 452
264 454
264 457
264 458
264 459
264 460
264 461
264 464
264 466
264 467
265 267
265 268
265 269
265 270
265 271
265 273
265 360
265 362
265 363
265 364
265 368
265 372
265 373
265 374
265 375
265 376
265 377
265 445
265 449
265 450
265 451
265 452
265 453
265 454
265 456
265 457
265 458
265 461
265 462
265 463
265 464
265 465
265 466
266 267
266 268
266 269
266 271
266 335
266 354
266 358
266 359
266 360
266 361
266 363
266 364
266 365
266 366
266 367
266 368
266 369
266 370
266 371
266 372
266 373
266 374
266 375
266 376
266 377
266 378
266 446
266 449
266 450
266 451
266 452
266 453
266 454
266 455
266 456
266 457
266 458
266 460
266 461
266 462
266 464
266 465
266 466
266 468
267 268
267 269
267 271
267 272
267 273
267 334
267 337
267 357
267 358
267 359
267 360
267 362
267 364
267 365
267 366
267 367
267 368
267 369
267 374
267 375
267 377
267 446
267 447
267 448
267 451
267 453
267 454
267 455
267 456
267 457
267 458
267 459
267 460
267 461
267 462
267 463
267 464
267 465
267 466
267 467
268 269
268 271
268 272
268 357
268 358
268 360
268 361
268 362
268 363
268 364
268 365
268 366
268 367
268 370
268 371
268 372
268 373
268 374
268 376
268 378
268 444
268 451
268 452
268 453
268 454
268 455
268 457
268 459
268 460
268 461
268 463
268 464
268 465
268 466
268 467
269 270
269 271
269 358
269 359
269 360
269 364
269 365
269 366
269 367
269 368
269 369
269 370
269 371
269 372
269 373
269 374
269 375
269 377
269 444
269 447
269 448
269 449
269 451
269 452
269 454
269 455
269 456
269 457
269 458
269 459
269 460
269 462
269 463
269 464
269 465
269 466
269 467
270 271
270 272
270 358
270 359
270 361
270 364
270 365
270 366
270 367
270 368
270 370
270 371
270 372
270 373
270 376
270 377
270 445
270 447
270 448
270 450
270 451
270 453
270 454
270 455
270 456
270 457
270 458
270 459
270 460
270 461
270 462
270 463
270 464
270 465
270 466
270 467
271 356
271 358
271 359
271 360
271 361
271 362
271 363
271 365
271 366
271 367
271 368
271 369
271 371
271 372
271 373
271 374
271 375
271 376
271 377
271 378
271 443
271 444
271 446
271 447
271 449
271 450
271 453
271 454
271 455
271 456
271 457
271 459
271 460
271 461
271 463
271 464
271 465
271 466
271 467
272 358
272 360
272 362
272 363
272 364
272 365
272 366
272 367
272 368
272 369
272 370
272 371
272 372
272 373
272 374
272 375
272 376
272 377
272 446
272 447
272 449
272 450
272 451
272 452
272 453
272 454
272 456
272 458
272 459
272 460
272 461
272 463
272 464
272 465
272 466
272 467
273 367
273 368
273 369
273 372
273 373
273 375
273 376
273 444
273 457
273 458
273 465
273 466
273 467
274 364
274 368
276 381
280 363
281 458
309 439
309 482
310 471
312 457
319 380
327 469
331 418
332 452
332 456
332 457
333 369
333 377
333 445
333 446
333 465
333 466
334 358
334 359
334 365
334 445
334 449
334 452
334 453
334 454
334 465
335 466
336 420
338 499
341 374
351 448
352 362
354 360
354 452
355 361
355 369
355 371
355 373
355 450
355 458
356 358
356 360
356 366
356 368
356 370
356 376
356 443
356 446
356 449
356 450
356 452
356 453
356 461
357 358
357 360
357 362
357 363
357 368
357 369
357 370
357 371
357 372
357 373
357 376
357 377
357 444
357 445
357 450
357 455
357 457
357 460
358 359
358 360
358 362
358 363
358 364
358 365
358 367
358 373
358 374
358 375
358 376
358 447
358 448
358 449
358 451
358 455
358 457
358 462
358 464
358 465
358 467
359 362
359 363
359 364
359 365
359 366
359 368
359 370
359 372
359 374
359 376
359 447
359 450
359 451
359 452
359 453
359 457
359 458
359 459
359 460
359 461
359 463
359 466
359 468
360 361
360 363
360 365
360 366
360 371
360 372
360 373
360 375
360 377
360 442
360 443
360 445
360 448
360 450
360 451
360 452
360 453
360 455
360 456
360 457
360 458
360 459
360 460
360 462
360 463
360 464
360 466
361 363
361 365
361 367
361 368
361 369
361 372
361 374
361 377
361 448
361 449
361 451
361 452
361 453
361 454
361 455
361 456
361 457
361 458
361 459
361 460
361 462
361 464
361 465
361 466
361 467
362 363
362 365
362 366
362 367
362 368
362 369
362 370
362 373
362 375
362 376
362 377
362 447
362 448
362 449
362 451
362 452
362 453
362 454
362 455
362 456
362 457
362 458
362 459
362 460
362 461
362 463
362 464
362 466
362 467
363 364
363 365
363 366
363 367
363 368
363 369
363 370
363 371
363 372
363 373
363 375
363 376
363 377
363 443
363 445
363 446
363 447
363 450
363 451
363 452
363 453
363 454
363 456
363 457
363 458
363 459
363 460
363 461
363 462
363 463
363 464
363 466
363 467
364 365
364 366
364 367
364 368
364 369
364 370
364 371
364 372
364 373
364 374
364 375
364 376
364 377
364 445
364 446
364 448
364 449
364 452
364 453
364 455
364 458
364 460
364 461
364 462
364 463
364 464
364 465
364 466
364 467
364 468
364 488
365 366
365 367
365 368
365 369
365 370
365 371
365 372
365 373
365 374
365 375
365 376
365 450
365 451
365 453
365 454
365 457
365 458
365 459
365 460
365 462
365 464
365 465
365 466
366 367
366 368
366 369
366 370
366 371
366 373
366 374
366 375
366 377
366 448
366 449
366 450
366 452
366 453
366 454
366 455
366 456
366 457
366 458
366 459
366 461
366 462
366 463
366 464
366 465
366 467
366 468
367 368
367 369
367 370
367 371
367 372
367 373
367 374
367 375
367 376
367 377
367 378
367 443
367 447
367 448
367 451
367 452
367 453
367 454
367 456
367 457
367 458
367 459
367 460
367 461
367 462
367 463
367 465
367 466
367 467
367 470
368 369
368 370
368 371
368 372
368 373
368 374
368 375
368 376
368 377
368 446
368 449
368 451
368 452
368 453
368 454
368 455
368 456
368 457
368 458
368 459
368 460
368 461
368 462
368 463
368 464
368 465
368 466
368 467
369 370
369 371
369 372
369 373
369 374
369 375
369 376
369 448
369 449
369 451
369 452
369 454
369 456
369 457
369 458
369 460
369 461
369 462
369 463
369 464
369 466
369 467
369 468
370 371
370 372
370 373
370 374
370 376
370 377
370 416
370 447
370 449
370 451
370 452
370 453
370 454
370 455
370 456
370 457
370 458
370 460
370 462
370 463
370 464
370 466
370 467
370 468
371 373
371 374
371 375
371 376
371 378
371 446
371 449
371 450
371 452
371 453
371 454
371 455
371 456
371 457
371 458
371 459
371 460
371 461
371 462
371 463
371 464
371 465
371 466
371 467
371 468
372 373
372 374
372 375
372 376
372 377
372 378
372 446
372 447
372 448
372 450
372 451
372 452
372 454
372 455
372 456
372 457
372 458
372 459
372 460
372 461
372 462
372 463
372 464
372 465
372 466
372 467
372 468
373 374
373 375
373 377
373 444
373 445
373 447
373 451
373 453
373 454
373 455
373 456
373 457
373 458
373 459
373 460
373 461
373 462
373 463
373 464
373 465
373 466
373 467
374 375
374 376
374 377
374 378
374 379
374 449
374 450
374 451
374 452
374 453
374 454
374 455
374 456
374 457
374 458
374 459
374 460
374 461
374 462
374 463
374 464
374 465
374 466
374 467
374 468
375 376
375 377
375 444
375 447
375 448
375 449
375 450
375 451
375 452
375 453
375 454
375 455
375 456
375 457
375 458
375 459
375 460
375 461
375 462
375 463
375 464
375 466
375 467
376 377
376 378
376 445
376 447
376 449
376 452
376 453
376 454
376 455
376 456
376 457
376 458
376 459
376 460
376 461
376 462
376 464
376 465
376 466
376 467
376 468
377 415
377 449
377 450
377 451
377 452
377 453
377 455
377 456
377 457
377 458
377 459
377 460
377 461
377 462
377 463
377 464
377 466
377 467
377 468
378 416
378 452
378 456
378 457
378 461
378 464
378 466
379 458
379 465
379 466
379 467
421 441
439 464
443 449
443 450
443 467
444 449
444 452
444 453
444 458
444 462
444 467
445 446
445 449
445 450
445 452
445 454
445 455
445 460
446 447
446 448
446 450
446 457
446 458
446 460
446 465
446 467
447 448
447 449
447 455
447 456
447 458
447 459
447 460
447 462
447 467
447 468
448 453
448 454
448 457
448 460
448 464
448 465
448 466
448 467
449 450
449 451
449 454
449 455
449 456
449 460
449 461
449 463
449 464
449 465
449 466
449 467
449 468
450 452
450 454
450 455
450 456
450 457
450 459
450 460
450 463
450 464
450 465
450 466
450 467
451 452
451 453
451 454
451 455
451 456
451 457
451 458
451 459
451 460
451 461
451 462
451 463
451 464
451 465
451 467
451 468
452 453
452 454
452 455
452 456
452 458
452 459
452 460
452 461
452 462
452 463
452 464
452 465
452 466
452 467
453 454
453 456
453 457
453 458
453 460
453 462
453 463
453 464
453 465
454 455
454 456
454 457
454 459
454 460
454 462
454 463
454 464
454 466
454 467
455 456
455 458
455 459
455 460
455 461
455 462
455 463
455 464
455 465
455 466
455 467
456 457
456 458
456 459
456 460
456 461
456 463
456 464
456 465
456 466
456 467
457 458
457 459
457 460
457 461
457 462
457 463
457 464
457 465
457 466
457 467
458 459
458 460
458 461
458 462
458 463
458 464
458 465
458 466
458 467
458 468
459 460
459 461
459 463
459 464
459 465
459 466
459 467
460 461
460 462
460 463
460 464
460 465
460 466
460 467
460 468
461 462
461 463
461 464
461 465
461 466
461 467
461 468
462 463
462 464
462 465
462 466
462 467
463 464
463 465
463 466
463 467
464 465
464 466
464 467
464 468
465 466
465 467
466 467
466 468
470 489
