1 19
1 60
1 228
1 283
1 300
1 475
1 492
2 4
2 5
2 15
2 43
2 44
2 53
2 54
2 55
2 63
2 91
2 236
2 254
2 264
2 266
2 267
2 278
2 279
2 286
2 290
2 292
2 320
2 325
2 328
2 332
2 478
2 485
2 490
3 8
3 9
3 17
3 20
3 24
3 30
3 35
3 40
3 46
3 91
3 92
3 95
3 97
3 98
3 215
3 216
3 218
3 220
3 223
3 229
3 232
3 237
3 239
3 242
3 249
3 261
3 264
3 265
3 276
3 282
3 283
3 284
3 288
3 292
3 295
3 300
3 321
3 324
3 326
3 327
3 329
3 330
3 332
3 334
3 339
3 340
3 476
3 481
3 488
3 489
3 493
4 5
4 7
4 8
4 9
4 10
4 12
4 15
4 20
4 22
4 25
4 28
4 48
4 52
4 60
4 88
4 89
4 96
4 100
4 215
4 216
4 217
4 219
4 220
4 225
4 226
4 244
4 245
4 246
4 247
4 250
4 253
4 256
4 257
4 258
4 261
4 267
4 283
4 285
4 289
4 292
4 300
4 323
4 326
4 328
4 329
4 331
4 341
4 475
4 477
4 480
4 481
4 487
4 488
4 490
4 491
5 6
5 10
5 11
5 15
5 16
5 17
5 18
5 19
5 20
5 22
5 23
5 25
5 26
5 27
5 33
5 45
5 48
5 50
5 52
5 54
5 60
5 89
5 90
5 91
5 92
5 94
5 95
5 101
5 214
5 219
5 222
5 224
5 226
5 235
5 238
5 242
5 243
5 245
5 246
5 252
5 255
5 257
5 260
5 261
5 262
5 263
5 265
5 267
5 278
5 279
5 287
5 290
5 291
5 293
5 295
5 296
5 298
5 299
5 300
5 301
5 326
5 334
5 336
5 338
5 477
5 481
5 483
5 485
5 488
5 489
5 491
6 8
6 10
6 12
6 13
6 14
6 17
6 18
6 24
6 25
6 26
6 28
6 33
6 34
6 35
6 40
6 43
6 44
6 45
6 46
6 47
6 50
6 51
6 58
6 62
6 88
6 91
6 92
6 94
6 95
6 96
6 98
6 99
6 100
6 215
6 220
6 221
6 224
6 227
6 235
6 237
6 239
6 240
6 241
6 243
6 248
6 249
6 250
6 251
6 254
6 255
6 257
6 258
6 259
6 260
6 261
6 262
6 264
6 266
6 279
6 281
6 282
6 286
6 290
6 294
6 295
6 296
6 297
6 299
6 320
6 322
6 327
6 329
6 332
6 334
6 337
6 338
6 340
6 341
6 475
6 476
6 477
6 478
6 479
6 480
6 482
6 483
6 486
6 488
6 489
6 490
6 492
6 493
7 8
7 10
7 12
7 14
7 15
7 16
7 19
7 20
7 21
7 31
7 34
7 35
7 39
7 45
7 46
7 47
7 48
7 53
7 55
7 56
7 59
7 60
7 87
7 93
7 95
7 96
7 97
7 98
7 99
7 100
7 221
7 222
7 223
7 224
7 225
7 227
7 239
7 240
7 241
7 243
7 246
7 247
7 248
7 249
7 250
7 252
7 254
7 256
7 257
7 258
7 259
7 260
7 261
7 262
7 263
7 266
7 267
7 274
7 278
7 284
7 287
7 288
7 290
7 291
7 294
7 322
7 325
7 327
7 328
7 330
7 333
7 334
7 335
7 337
7 338
7 339
7 341
7 478
7 482
7 485
7 486
7 487
7 488
7 490
7 491
7 492
8 9
8 11
8 12
8 13
8 15
8 16
8 17
8 19
8 21
8 23
8 24
8 25
8 28
8 29
8 30
8 31
8 34
8 43
8 45
8 46
8 47
8 48
8 49
8 54
8 55
8 56
8 57
8 58
8 59
8 60
8 88
8 91
8 92
8 94
8 95
8 96
8 98
8 99
8 100
8 216
8 220
8 223
8 224
8 225
8 226
8 227
8 238
8 239
8 240
8 241
8 243
8 244
8 250
8 251
8 253
8 254
8 256
8 257
8 261
8 263
8 264
8 265
8 266
8 277
8 279
8 280
8 281
8 283
8 284
8 287
8 288
8 289
8 291
8 295
8 296
8 297
8 298
8 299
8 300
8 323
8 328
8 330
8 334
8 335
8 338
8 340
8 341
8 474
8 476
8 478
8 481
8 482
8 483
8 486
8 487
8 488
8 490
9 10
9 11
9 12
9 13
9 14
9 15
9 16
9 19
9 23
9 25
9 27
9 28
9 30
9 31
9 32
9 33
9 35
9 41
9 42
9 44
9 47
9 49
9 51
9 52
9 54
9 55
9 56
9 57
9 59
9 60
9 89
9 95
9 96
9 97
9 99
9 133
9 135
9 219
9 220
9 221
9 223
9 224
9 226
9 227
9 229
9 236
9 238
9 242
9 243
9 244
9 245
9 246
9 247
9 248
9 251
9 252
9 253
9 255
9 256
9 258
9 259
9 260
9 261
9 265
9 267
9 275
9 279
9 280
9 282
9 286
9 288
9 289
9 290
9 292
9 293
9 294
9 297
9 298
9 299
9 300
9 325
9 326
9 328
9 329
9 330
9 331
9 332
9 334
9 336
9 339
9 341
9 480
9 481
9 482
9 484
9 486
9 487
9 490
9 492
10 11
10 12
10 13
10 14
10 15
10 16
10 17
10 19
10 20
10 21
10 24
10 25
10 27
10 28
10 29
10 31
10 32
10 33
10 34
10 36
10 42
10 44
10 45
10 46
10 47
10 48
10 49
10 50
10 51
10 52
10 53
10 54
10 56
10 57
10 58
10 60
10 93
10 94
10 95
10 96
10 97
10 98
10 99
10 100
10 215
10 218
10 219
10 222
10 223
10 224
10 226
10 227
10 228
10 237
10 238
10 240
10 241
10 244
10 245
10 246
10 247
10 248
10 249
10 250
10 251
10 252
10 254
10 255
10 256
10 257
10 258
10 259
10 260
10 261
10 262
10 263
10 265
10 266
10 267
10 277
10 278
10 281
10 282
10 283
10 285
10 286
10 287
10 288
10 289
10 292
10 294
10 295
10 296
10 298
10 299
10 321
10 326
10 327
10 328
10 329
10 331
10 332
10 333
10 334
10 335
10 336
10 337
10 475
10 476
10 481
10 482
10 483
10 484
10 485
10 486
10 487
10 488
10 490
10 491
10 492
10 493
11 12
11 14
11 15
11 16
11 17
11 18
11 23
11 24
11 25
11 26
11 28
11 29
11 31
11 33
11 34
11 35
11 42
11 43
11 45
11 47
11 52
11 53
11 55
11 56
11 57
11 58
11 59
11 90
11 91
11 93
11 94
11 96
11 97
11 98
11 99
11 218
11 219
11 220
11 222
11 223
11 224
11 225
11 226
11 227
11 228
11 236
11 242
11 243
11 245
11 246
11 247
11 248
11 249
11 250
11 251
11 252
11 254
11 255
11 256
11 257
11 258
11 260
11 262
11 263
11 264
11 265
11 266
11 267
11 278
11 279
11 280
11 283
11 284
11 285
11 286
11 288
11 289
11 290
11 291
11 292
11 293
11 294
11 295
11 296
11 297
11 298
11 299
11 300
11 323
11 324
11 325
11 326
11 328
11 329
11 331
11 332
11 333
11 334
11 335
11 336
11 339
11 340
11 341
11 474
11 475
11 478
11 479
11 480
11 482
11 483
11 484
11 485
11 486
11 487
11 488
11 489
11 490
11 491
11 492
11 493
12 13
12 14
12 15
12 16
12 17
12 18
12 19
12 20
12 21
12 22
12 23
12 24
12 25
12 26
12 27
12 30
12 31
12 32
12 33
12 34
12 35
12 36
12 43
12 44
12 45
12 46
12 47
12 48
12 49
12 50
12 51
12 52
12 53
12 54
12 56
12 57
12 59
12 90
12 92
12 94
12 95
12 96
12 98
12 99
12 219
12 220
12 221
12 222
12 223
12 225
12 227
12 228
12 237
12 238
12 241
12 242
12 243
12 246
12 247
12 248
12 249
12 250
12 251
12 252
12 253
12 254
12 255
12 256
12 257
12 258
12 259
12 260
12 261
12 262
12 263
12 264
12 266
12 267
12 275
12 276
12 277
12 281
12 282
12 284
12 285
12 286
12 288
12 290
12 292
12 293
12 294
12 295
12 296
12 297
12 298
12 299
12 300
12 324
12 325
12 328
12 329
12 330
12 331
12 335
12 337
12 338
12 339
12 340
12 341
12 477
12 479
12 480
12 482
12 483
12 484
12 485
12 487
12 488
12 489
12 490
12 492
13 14
13 15
13 16
13 17
13 18
13 19
13 20
13 21
13 22
13 23
13 24
13 25
13 26
13 28
13 29
13 30
13 31
13 32
13 33
13 34
13 35
13 41
13 42
13 43
13 44
13 45
13 46
13 47
13 48
13 49
13 51
13 52
13 53
13 54
13 55
13 56
13 57
13 58
13 59
13 60
13 88
13 89
13 94
13 95
13 96
13 97
13 98
13 99
13 100
13 215
13 216
13 218
13 221
13 222
13 224
13 225
13 226
13 228
13 229
13 236
13 239
13 240
13 241
13 242
13 243
13 244
13 245
13 246
13 247
13 248
13 249
13 250
13 251
13 252
13 253
13 254
13 255
13 256
13 257
13 258
13 259
13 260
13 261
13 262
13 263
13 264
13 265
13 267
13 278
13 279
13 281
13 282
13 284
13 285
13 286
13 287
13 288
13 289
13 290
13 291
13 292
13 293
13 295
13 296
13 297
13 298
13 299
13 322
13 325
13 327
13 328
13 329
13 330
13 332
13 333
13 335
13 336
13 338
13 339
13 340
13 341
13 474
13 477
13 478
13 479
13 481
13 482
13 483
13 485
13 486
13 487
13 488
13 489
13 490
13 491
14 16
14 17
14 18
14 19
14 20
14 21
14 22
14 23
14 24
14 25
14 26
14 27
14 28
14 29
14 31
14 32
14 33
14 34
14 40
14 42
14 43
14 45
14 46
14 47
14 48
14 49
14 50
14 51
14 52
14 53
14 54
14 55
14 56
14 57
14 58
14 59
14 60
14 61
14 93
14 94
14 95
14 96
14 98
14 99
14 100
14 219
14 221
14 223
14 224
14 225
14 226
14 227
14 228
14 236
14 237
14 239
14 241
14 242
14 243
14 244
14 245
14 247
14 249
14 250
14 251
14 252
14 253
14 254
14 256
14 257
14 258
14 259
14 260
14 262
14 263
14 264
14 265
14 266
14 267
14 275
14 277
14 279
14 280
14 281
14 282
14 284
14 285
14 286
14 287
14 288
14 289
14 290
14 291
14 292
14 293
14 295
14 296
14 297
14 298
14 299
14 300
14 324
14 326
14 327
14 328
14 331
14 332
14 333
14 334
14 335
14 336
14 337
14 338
14 339
14 340
14 342
14 477
14 479
14 480
14 481
14 483
14 484
14 485
14 486
14 487
14 488
14 490
14 491
14 492
15 16
15 17
15 18
15 19
15 20
15 21
15 22
15 23
15 24
15 25
15 26
15 27
15 29
15 30
15 31
15 32
15 33
15 34
15 35
15 40
15 41
15 43
15 45
15 47
15 48
15 50
15 51
15 52
15 53
15 54
15 55
15 56
15 57
15 58
15 89
15 94
15 95
15 97
15 98
15 99
15 100
15 215
15 217
15 218
15 221
15 222
15 224
15 225
15 226
15 227
15 228
15 233
15 235
15 236
15 241
15 243
15 244
15 245
15 246
15 247
15 248
15 249
15 250
15 251
15 252
15 253
15 254
15 255
15 256
15 257
15 258
15 259
15 260
15 261
15 262
15 263
15 264
15 265
15 266
15 267
15 274
15 278
15 279
15 281
15 282
15 283
15 285
15 286
15 287
15 288
15 289
15 290
15 291
15 293
15 294
15 296
15 297
15 298
15 299
15 300
15 301
15 323
15 324
15 325
15 326
15 327
15 328
15 330
15 331
15 332
15 333
15 334
15 335
15 336
15 337
15 338
15 339
15 341
15 342
15 478
15 483
15 484
15 485
15 486
15 487
15 488
15 489
15 490
15 491
15 492
16 17
16 18
16 19
16 20
16 21
16 22
16 23
16 25
16 26
16 27
16 28
16 29
16 31
16 32
16 34
16 35
16 44
16 46
16 47
16 48
16 49
16 50
16 52
16 53
16 54
16 55
16 56
16 57
16 58
16 59
16 60
16 89
16 91
16 92
16 93
16 94
16 95
16 96
16 98
16 99
16 100
16 218
16 219
16 221
16 222
16 224
16 225
16 226
16 227
16 228
16 229
16 230
16 237
16 239
16 240
16 242
16 243
16 244
16 245
16 246
16 247
16 248
16 249
16 250
16 251
16 252
16 253
16 254
16 255
16 256
16 257
16 258
16 259
16 260
16 261
16 262
16 263
16 264
16 265
16 266
16 267
16 273
16 278
16 279
16 282
16 285
16 286
16 287
16 288
16 289
16 290
16 291
16 292
16 293
16 295
16 296
16 298
16 299
16 300
16 322
16 324
16 327
16 329
16 330
16 331
16 333
16 334
16 335
16 336
16 337
16 338
16 339
16 340
16 341
16 342
16 476
16 477
16 479
16 480
16 481
16 482
16 483
16 484
16 485
16 486
16 487
16 488
16 489
16 490
16 491
16 492
16 493
17 18
17 19
17 20
17 21
17 22
17 23
17 24
17 25
17 26
17 27
17 30
17 32
17 33
17 34
17 35
17 36
17 42
17 47
17 48
17 50
17 51
17 52
17 53
17 54
17 55
17 56
17 57
17 60
17 89
17 92
17 94
17 95
17 96
17 97
17 98
17 99
17 100
17 216
17 217
17 221
17 222
17 223
17 224
17 225
17 226
17 227
17 228
17 236
17 241
17 242
17 243
17 244
17 245
17 247
17 248
17 249
17 250
17 251
17 252
17 253
17 254
17 255
17 256
17 257
17 258
17 259
17 260
17 261
17 262
17 263
17 264
17 265
17 266
17 267
17 268
17 274
17 276
17 278
17 279
17 280
17 281
17 282
17 283
17 284
17 285
17 286
17 287
17 288
17 289
17 290
17 291
17 292
17 293
17 295
17 296
17 297
17 298
17 299
17 300
17 325
17 326
17 327
17 328
17 329
17 331
17 332
17 333
17 334
17 335
17 336
17 337
17 338
17 339
17 340
17 341
17 343
17 473
17 475
17 477
17 480
17 481
17 482
17 485
17 486
17 487
17 488
17 489
17 490
17 491
17 492
18 19
18 20
18 21
18 22
18 23
18 24
18 25
18 26
18 27
18 28
18 29
18 30
18 31
18 32
18 33
18 34
18 35
18 36
18 43
18 44
18 46
18 47
18 48
18 49
18 50
18 51
18 52
18 53
18 54
18 55
18 57
18 58
18 59
18 62
18 87
18 89
18 90
18 91
18 92
18 95
18 96
18 97
18 98
18 99
18 101
18 214
18 217
18 219
18 220
18 222
18 223
18 225
18 226
18 227
18 228
18 239
18 241
18 242
18 243
18 244
18 245
18 246
18 247
18 248
18 249
18 250
18 251
18 252
18 253
18 254
18 255
18 256
18 257
18 258
18 259
18 260
18 261
18 262
18 263
18 264
18 265
18 266
18 267
18 274
18 276
18 277
18 281
18 283
18 284
18 285
18 286
18 287
18 288
18 289
18 290
18 291
18 292
18 293
18 294
18 295
18 296
18 297
18 298
18 299
18 300
18 320
18 324
18 326
18 327
18 328
18 330
18 331
18 332
18 333
18 334
18 335
18 336
18 337
18 338
18 339
18 340
18 341
18 481
18 482
18 484
18 486
18 487
18 488
18 489
18 490
18 491
18 492
19 20
19 21
19 22
19 23
19 24
19 25
19 26
19 27
19 28
19 29
19 30
19 31
19 32
19 33
19 42
19 43
19 45
19 46
19 47
19 48
19 49
19 50
19 51
19 52
19 53
19 54
19 55
19 56
19 57
19 58
19 59
19 60
19 87
19 91
19 92
19 95
19 96
19 98
19 99
19 100
19 101
19 217
19 218
19 220
19 221
19 222
19 223
19 224
19 225
19 226
19 227
19 228
19 229
19 237
19 238
19 241
19 242
19 244
19 245
19 246
19 247
19 248
19 249
19 250
19 251
19 252
19 253
19 254
19 256
19 257
19 258
19 259
19 260
19 261
19 262
19 263
19 264
19 265
19 266
19 267
19 279
19 281
19 283
19 284
19 285
19 286
19 288
19 289
19 290
19 291
19 292
19 293
19 294
19 297
19 298
19 299
19 300
19 320
19 322
19 323
19 326
19 328
19 330
19 331
19 332
19 333
19 334
19 335
19 336
19 337
19 338
19 339
19 340
19 341
19 342
19 477
19 478
19 481
19 482
19 483
19 484
19 485
19 486
19 487
19 488
19 489
19 490
19 491
19 492
19 493
19 494
20 21
20 22
20 23
20 24
20 25
20 26
20 27
20 28
20 29
20 30
20 31
20 32
20 33
20 34
20 36
20 42
20 44
20 47
20 48
20 49
20 50
20 52
20 53
20 54
20 55
20 56
20 57
20 58
20 59
20 60
20 92
20 93
20 96
20 97
20 99
20 100
20 214
20 215
20 219
20 220
20 221
20 222
20 223
20 224
20 225
20 226
20 227
20 228
20 238
20 240
20 241
20 243
20 244
20 245
20 247
20 248
20 249
20 250
20 251
20 252
20 253
20 254
20 255
20 256
20 257
20 258
20 259
20 260
20 261
20 262
20 263
20 264
20 265
20 266
20 267
20 275
20 276
20 278
20 279
20 282
20 283
20 284
20 285
20 286
20 287
20 288
20 289
20 290
20 291
20 292
20 293
20 294
20 295
20 296
20 297
20 323
20 326
20 327
20 330
20 331
20 332
20 333
20 334
20 335
20 336
20 337
20 338
20 339
20 340
20 341
20 342
20 478
20 479
20 480
20 481
20 483
20 484
20 485
20 486
20 487
20 488
20 489
20 490
20 491
20 492
21 22
21 23
21 24
21 25
21 26
21 27
21 29
21 30
21 31
21 32
21 33
21 35
21 42
21 44
21 45
21 46
21 48
21 49
21 52
21 53
21 54
21 55
21 56
21 57
21 58
21 59
21 60
21 88
21 89
21 92
21 94
21 95
21 96
21 97
21 98
21 99
21 100
21 219
21 220
21 221
21 222
21 223
21 224
21 225
21 226
21 227
21 228
21 238
21 240
21 241
21 242
21 243
21 244
21 245
21 246
21 247
21 249
21 250
21 251
21 252
21 253
21 254
21 255
21 256
21 257
21 258
21 259
21 260
21 261
21 262
21 263
21 264
21 265
21 266
21 267
21 277
21 278
21 281
21 282
21 283
21 284
21 285
21 286
21 287
21 288
21 289
21 290
21 291
21 292
21 293
21 294
21 295
21 297
21 298
21 299
21 300
21 326
21 327
21 328
21 329
21 330
21 331
21 332
21 333
21 334
21 335
21 336
21 337
21 338
21 339
21 340
21 341
21 342
21 425
21 477
21 479
21 483
21 484
21 485
21 487
21 488
21 489
21 490
21 491
21 492
22 23
22 24
22 25
22 26
22 27
22 28
22 29
22 31
22 33
22 34
22 36
22 41
22 43
22 44
22 45
22 47
22 48
22 49
22 50
22 52
22 53
22 54
22 55
22 56
22 57
22 58
22 59
22 60
22 94
22 95
22 96
22 97
22 98
22 99
22 100
22 218
22 220
22 222
22 223
22 224
22 225
22 226
22 227
22 228
22 229
22 230
22 234
22 239
22 241
22 243
22 245
22 246
22 247
22 248
22 249
22 250
22 251
22 252
22 253
22 254
22 255
22 256
22 257
22 258
22 259
22 260
22 261
22 262
22 263
22 264
22 265
22 266
22 267
22 281
22 282
22 283
22 284
22 285
22 286
22 288
22 289
22 290
22 291
22 292
22 293
22 294
22 295
22 296
22 300
22 322
22 325
22 328
22 329
22 330
22 331
22 332
22 333
22 334
22 335
22 336
22 337
22 338
22 339
22 340
22 341
22 342
22 475
22 478
22 480
22 482
22 483
22 484
22 485
22 486
22 487
22 488
22 489
22 490
22 491
22 492
22 493
23 24
23 25
23 26
23 27
23 29
23 30
23 31
23 32
23 35
23 36
23 37
23 44
23 45
23 46
23 47
23 49
23 50
23 51
23 52
23 53
23 54
23 55
23 56
23 57
23 58
23 59
23 60
23 88
23 89
23 91
23 92
23 93
23 94
23 96
23 97
23 98
23 99
23 100
23 102
23 217
23 218
23 219
23 220
23 221
23 222
23 223
23 224
23 225
23 226
23 227
23 229
23 238
23 239
23 240
23 241
23 243
23 244
23 245
23 246
23 247
23 248
23 249
23 250
23 251
23 252
23 253
23 254
23 255
23 256
23 257
23 258
23 259
23 260
23 261
23 262
23 263
23 264
23 265
23 266
23 267
23 274
23 278
23 279
23 280
23 281
23 283
23 284
23 286
23 287
23 288
23 289
23 290
23 291
23 292
23 293
23 294
23 295
23 296
23 297
23 300
23 322
23 323
23 324
23 326
23 327
23 328
23 329
23 330
23 332
23 333
23 334
23 335
23 336
23 337
23 338
23 339
23 340
23 341
23 343
23 475
23 482
23 483
23 484
23 485
23 486
23 487
23 488
23 489
23 490
23 491
23 492
23 493
24 25
24 26
24 27
24 28
24 29
24 31
24 32
24 33
24 34
24 35
24 36
24 37
24 44
24 45
24 46
24 47
24 48
24 49
24 50
24 51
24 53
24 54
24 55
24 56
24 57
24 58
24 59
24 60
24 61
24 88
24 89
24 90
24 91
24 92
24 96
24 98
24 99
24 100
24 101
24 102
24 186
24 213
24 214
24 217
24 220
24 221
24 222
24 223
24 224
24 225
24 226
24 227
24 228
24 229
24 237
24 238
24 239
24 241
24 242
24 244
24 245
24 246
24 247
24 248
24 249
24 250
24 251
24 252
24 253
24 254
24 255
24 256
24 257
24 258
24 259
24 260
24 261
24 262
24 263
24 264
24 265
24 266
24 267
24 276
24 277
24 279
24 280
24 281
24 282
24 283
24 284
24 285
24 286
24 288
24 289
24 290
24 291
24 292
24 293
24 294
24 296
24 297
24 298
24 300
24 301
24 322
24 323
24 324
24 326
24 327
24 328
24 330
24 331
24 332
24 333
24 334
24 335
24 336
24 337
24 338
24 339
24 340
24 341
24 342
24 476
24 479
24 480
24 482
24 484
24 485
24 486
24 487
24 488
24 489
24 490
24 491
24 492
24 494
25 26
25 27
25 28
25 30
25 31
25 33
25 34
25 36
25 41
25 43
25 45
25 46
25 47
25 48
25 49
25 50
25 51
25 52
25 53
25 54
25 55
25 56
25 57
25 58
25 59
25 60
25 61
25 89
25 90
25 92
25 93
25 94
25 97
25 98
25 99
25 100
25 218
25 220
25 222
25 223
25 224
25 226
25 227
25 228
25 229
25 230
25 237
25 238
25 240
25 241
25 242
25 243
25 244
25 245
25 246
25 247
25 249
25 250
25 251
25 252
25 253
25 254
25 255
25 256
25 257
25 258
25 259
25 260
25 261
25 262
25 263
25 264
25 265
25 266
25 267
25 276
25 278
25 279
25 280
25 281
25 285
25 286
25 287
25 288
25 289
25 290
25 291
25 292
25 293
25 294
25 295
25 296
25 297
25 298
25 299
25 300
25 301
25 302
25 321
25 326
25 327
25 328
25 329
25 330
25 332
25 333
25 334
25 335
25 336
25 337
25 338
25 339
25 340
25 341
25 342
25 475
25 479
25 484
25 485
25 486
25 487
25 488
25 489
25 490
25 491
25 492
25 493
26 27
26 28
26 29
26 30
26 33
26 34
26 35
26 39
26 44
26 45
26 46
26 47
26 48
26 50
26 51
26 52
26 53
26 54
26 55
26 56
26 57
26 58
26 59
26 60
26 61
26 62
26 91
26 92
26 94
26 95
26 96
26 97
26 98
26 99
26 100
26 101
26 214
26 217
26 219
26 220
26 223
26 225
26 226
26 227
26 228
26 238
26 240
26 241
26 242
26 243
26 244
26 246
26 247
26 248
26 250
26 251
26 252
26 253
26 254
26 255
26 256
26 257
26 258
26 259
26 260
26 261
26 262
26 263
26 264
26 265
26 266
26 267
26 268
26 278
26 280
26 282
26 283
26 284
26 285
26 286
26 287
26 288
26 289
26 290
26 291
26 292
26 293
26 294
26 295
26 296
26 297
26 298
26 299
26 300
26 301
26 320
26 321
26 324
26 325
26 326
26 327
26 328
26 329
26 330
26 331
26 332
26 333
26 334
26 336
26 337
26 338
26 339
26 340
26 341
26 342
26 343
26 475
26 477
26 479
26 480
26 481
26 482
26 483
26 484
26 485
26 486
26 487
26 488
26 489
26 490
26 491
26 492
27 28
27 29
27 30
27 31
27 33
27 34
27 35
27 44
27 47
27 48
27 49
27 50
27 51
27 52
27 53
27 54
27 56
27 57
27 58
27 59
27 61
27 88
27 90
27 91
27 92
27 94
27 95
27 97
27 98
27 99
27 134
27 135
27 214
27 215
27 219
27 224
27 226
27 232
27 239
27 240
27 241
27 243
27 245
27 246
27 247
27 249
27 250
27 251
27 252
27 253
27 255
27 256
27 257
27 258
27 259
27 260
27 261
27 262
27 263
27 264
27 265
27 266
27 267
27 268
27 277
27 281
27 282
27 284
27 285
27 286
27 287
27 290
27 291
27 292
27 293
27 294
27 295
27 297
27 298
27 299
27 300
27 322
27 323
27 324
27 325
27 327
27 329
27 330
27 331
27 332
27 333
27 334
27 335
27 336
27 337
27 338
27 339
27 340
27 480
27 481
27 482
27 483
27 484
27 485
27 486
27 487
27 488
27 489
27 490
27 491
27 492
28 29
28 30
28 42
28 44
28 48
28 49
28 51
28 53
28 55
28 56
28 59
28 60
28 61
28 63
28 91
28 93
28 95
28 96
28 98
28 99
28 100
28 159
28 218
28 220
28 221
28 222
28 223
28 224
28 225
28 226
28 227
28 228
28 229
28 238
28 239
28 242
28 243
28 244
28 245
28 246
28 249
28 252
28 253
28 256
28 257
28 258
28 259
28 261
28 262
28 263
28 264
28 265
28 266
28 267
28 268
28 278
28 280
28 281
28 282
28 283
28 284
28 286
28 287
28 288
28 290
28 292
28 293
28 294
28 296
28 297
28 298
28 299
28 304
28 323
28 324
28 325
28 326
28 327
28 328
28 329
28 330
28 332
28 334
28 335
28 336
28 337
28 339
28 341
28 469
28 481
28 483
28 484
28 485
28 486
28 487
28 488
28 490
28 491
28 492
28 493
29 32
29 33
29 34
29 35
29 37
29 43
29 44
29 47
29 48
29 50
29 51
29 53
29 54
29 55
29 57
29 58
29 59
29 60
29 91
29 92
29 94
29 95
29 96
29 97
29 99
29 100
29 186
29 215
29 218
29 220
29 221
29 222
29 223
29 224
29 225
29 227
29 238
29 239
29 240
29 242
29 243
29 244
29 246
29 247
29 248
29 249
29 250
29 251
29 253
29 254
29 255
29 256
29 257
29 258
29 259
29 260
29 261
29 262
29 263
29 264
29 265
29 266
29 278
29 280
29 282
29 284
29 285
29 286
29 288
29 289
29 290
29 292
29 294
29 295
29 296
29 297
29 298
29 299
29 305
29 309
29 324
29 326
29 329
29 330
29 331
29 332
29 333
29 334
29 335
29 336
29 337
29 338
29 339
29 340
29 341
29 342
29 476
29 477
29 478
29 479
29 481
29 482
29 483
29 484
29 488
29 489
29 490
29 492
29 493
30 31
30 33
30 34
30 45
30 46
30 47
30 48
30 49
30 50
30 51
30 52
30 54
30 55
30 56
30 58
30 59
30 60
30 87
30 91
30 93
30 95
30 96
30 97
30 98
30 99
30 106
30 215
30 218
30 219
30 220
30 221
30 222
30 223
30 225
30 228
30 238
30 239
30 240
30 241
30 243
30 245
30 246
30 247
30 248
30 249
30 250
30 252
30 253
30 254
30 256
30 257
30 258
30 259
30 260
30 261
30 262
30 263
30 264
30 265
30 267
30 276
30 278
30 282
30 284
30 286
30 287
30 288
30 289
30 290
30 291
30 292
30 293
30 294
30 295
30 296
30 297
30 298
30 299
30 300
30 321
30 323
30 324
30 325
30 327
30 328
30 329
30 330
30 332
30 333
30 334
30 335
30 337
30 339
30 340
30 341
30 479
30 480
30 482
30 484
30 485
30 486
30 487
30 488
30 489
30 493
31 32
31 33
31 34
31 42
31 43
31 44
31 47
31 48
31 50
31 51
31 52
31 53
31 54
31 55
31 56
31 57
31 58
31 89
31 90
31 91
31 92
31 93
31 95
31 97
31 98
31 99
31 100
31 136
31 215
31 217
31 221
31 223
31 224
31 225
31 226
31 227
31 237
31 239
31 240
31 243
31 244
31 245
31 246
31 247
31 248
31 249
31 250
31 251
31 252
31 256
31 257
31 258
31 259
31 260
31 261
31 262
31 263
31 264
31 265
31 266
31 267
31 276
31 279
31 281
31 282
31 284
31 285
31 286
31 287
31 288
31 289
31 291
31 292
31 293
31 295
31 298
31 299
31 300
31 323
31 324
31 325
31 326
31 327
31 328
31 331
31 332
31 333
31 334
31 336
31 337
31 340
31 341
31 474
31 477
31 481
31 482
31 486
31 487
31 488
31 489
31 490
31 491
31 492
32 33
32 34
32 45
32 47
32 48
32 49
32 50
32 51
32 52
32 53
32 54
32 56
32 57
32 58
32 60
32 89
32 90
32 91
32 92
32 94
32 95
32 96
32 97
32 98
32 100
32 135
32 216
32 217
32 218
32 220
32 221
32 222
32 223
32 224
32 225
32 239
32 240
32 241
32 244
32 246
32 247
32 248
32 250
32 251
32 252
32 253
32 254
32 256
32 257
32 258
32 260
32 261
32 263
32 264
32 265
32 266
32 276
32 277
32 278
32 280
32 282
32 283
32 284
32 285
32 286
32 287
32 288
32 289
32 290
32 291
32 292
32 293
32 294
32 295
32 298
32 299
32 300
32 301
32 321
32 322
32 325
32 328
32 329
32 330
32 331
32 332
32 334
32 335
32 337
32 338
32 339
32 340
32 341
32 475
32 477
32 479
32 480
32 482
32 484
32 485
32 486
32 487
32 488
32 489
32 491
32 492
32 493
33 35
33 40
33 41
33 43
33 46
33 47
33 48
33 49
33 51
33 52
33 54
33 55
33 56
33 57
33 58
33 88
33 90
33 91
33 92
33 93
33 95
33 97
33 98
33 99
33 100
33 216
33 220
33 221
33 223
33 224
33 225
33 226
33 229
33 237
33 242
33 243
33 244
33 245
33 246
33 247
33 248
33 250
33 251
33 254
33 255
33 256
33 257
33 258
33 259
33 261
33 262
33 263
33 264
33 265
33 266
33 267
33 275
33 277
33 278
33 283
33 284
33 285
33 286
33 287
33 288
33 289
33 290
33 291
33 292
33 293
33 294
33 295
33 296
33 297
33 298
33 299
33 300
33 322
33 323
33 325
33 326
33 327
33 328
33 329
33 330
33 331
33 332
33 333
33 334
33 335
33 336
33 337
33 338
33 339
33 340
33 342
33 474
33 478
33 479
33 480
33 481
33 483
33 484
33 486
33 487
33 488
33 489
33 490
33 491
33 492
33 493
34 35
34 43
34 46
34 47
34 48
34 49
34 50
34 51
34 53
34 55
34 56
34 57
34 58
34 59
34 60
34 89
34 91
34 92
34 93
34 94
34 95
34 96
34 98
34 99
34 100
34 221
34 222
34 226
34 236
34 239
34 241
34 242
34 243
34 244
34 245
34 246
34 247
34 248
34 250
34 251
34 252
34 253
34 254
34 255
34 256
34 257
34 258
34 261
34 262
34 263
34 264
34 265
34 266
34 267
34 279
34 282
34 283
34 284
34 287
34 288
34 289
34 291
34 292
34 293
34 294
34 295
34 296
34 297
34 298
34 299
34 300
34 321
34 324
34 325
34 326
34 327
34 328
34 329
34 330
34 331
34 332
34 333
34 334
34 337
34 338
34 339
34 340
34 477
34 479
34 482
34 483
34 486
34 487
34 488
34 490
34 492
34 493
35 43
35 47
35 48
35 49
35 52
35 53
35 54
35 55
35 57
35 58
35 59
35 89
35 91
35 92
35 93
35 94
35 96
35 97
35 99
35 100
35 214
35 215
35 216
35 217
35 219
35 220
35 222
35 223
35 225
35 226
35 227
35 228
35 236
35 237
35 238
35 241
35 242
35 244
35 245
35 247
35 248
35 249
35 250
35 251
35 252
35 253
35 256
35 257
35 258
35 259
35 260
35 261
35 263
35 264
35 265
35 267
35 279
35 283
35 284
35 285
35 286
35 287
35 288
35 290
35 292
35 295
35 296
35 298
35 299
35 301
35 322
35 326
35 327
35 329
35 330
35 331
35 332
35 333
35 334
35 336
35 337
35 338
35 339
35 340
35 341
35 425
35 477
35 483
35 484
35 485
35 486
35 490
35 491
35 492
36 44
36 52
36 53
36 59
36 60
36 94
36 219
36 221
36 224
36 240
36 243
36 245
36 246
36 254
36 255
36 261
36 263
36 265
36 266
36 267
36 284
36 285
36 289
36 290
36 293
36 300
36 324
36 331
36 334
36 339
36 341
36 483
36 489
36 491
37 50
37 89
37 96
37 98
37 226
37 247
37 257
37 261
37 264
37 265
37 266
37 267
37 325
37 333
37 334
37 489
38 40
38 226
38 254
38 263
38 265
38 266
38 267
38 336
38 404
39 44
39 47
39 56
39 92
39 94
39 99
39 144
39 256
39 257
39 264
39 290
39 299
39 321
39 326
39 336
39 491
39 493
40 41
40 43
40 45
40 58
40 62
40 64
40 94
40 98
40 216
40 227
40 229
40 239
40 245
40 251
40 260
40 267
40 279
40 282
40 285
40 288
40 290
40 296
40 298
40 321
40 326
40 476
40 479
40 480
40 489
41 57
41 89
41 93
41 96
41 99
41 221
41 222
41 227
41 236
41 242
41 252
41 261
41 262
41 266
41 267
41 275
41 278
41 283
41 284
41 287
41 288
41 290
41 292
41 295
41 297
41 299
41 323
41 325
41 326
41 327
41 332
41 337
41 338
41 483
41 491
42 52
42 55
42 56
42 58
42 59
42 89
42 90
42 94
42 95
42 99
42 169
42 215
42 216
42 217
42 223
42 224
42 227
42 246
42 253
42 255
42 257
42 260
42 261
42 262
42 267
42 278
42 279
42 286
42 292
42 293
42 298
42 300
42 301
42 320
42 324
42 328
42 333
42 336
42 342
42 475
42 479
42 482
42 487
42 490
42 492
43 45
43 50
43 52
43 53
43 54
43 55
43 56
43 57
43 58
43 88
43 90
43 93
43 95
43 96
43 99
43 215
43 217
43 218
43 221
43 227
43 238
43 239
43 240
43 241
43 243
43 244
43 245
43 247
43 248
43 249
43 250
43 252
43 253
43 259
43 262
43 265
43 266
43 267
43 277
43 280
43 282
43 284
43 290
43 291
43 292
43 293
43 294
43 301
43 321
43 322
43 324
43 327
43 332
43 334
43 337
43 339
43 340
43 401
43 475
43 476
43 478
43 479
43 481
43 482
43 485
43 489
43 491
44 45
44 46
44 50
44 52
44 53
44 55
44 56
44 57
44 58
44 59
44 60
44 91
44 92
44 93
44 95
44 96
44 214
44 217
44 219
44 222
44 224
44 227
44 228
44 229
44 234
44 236
44 238
44 239
44 243
44 244
44 246
44 247
44 248
44 249
44 251
44 252
44 253
44 255
44 256
44 259
44 260
44 261
44 264
44 265
44 266
44 277
44 279
44 281
44 282
44 283
44 286
44 287
44 288
44 290
44 291
44 293
44 294
44 295
44 296
44 299
44 323
44 324
44 325
44 327
44 328
44 330
44 331
44 334
44 335
44 337
44 338
44 339
44 340
44 480
44 481
44 483
44 490
45 46
45 47
45 48
45 50
45 51
45 52
45 53
45 54
45 55
45 56
45 57
45 58
45 59
45 92
45 94
45 95
45 96
45 97
45 98
45 213
45 216
45 217
45 218
45 222
45 223
45 225
45 227
45 241
45 242
45 243
45 244
45 246
45 247
45 249
45 250
45 251
45 252
45 253
45 255
45 256
45 258
45 260
45 261
45 264
45 265
45 267
45 274
45 278
45 281
45 283
45 284
45 285
45 286
45 288
45 289
45 290
45 291
45 292
45 293
45 296
45 298
45 300
45 324
45 326
45 329
45 331
45 332
45 338
45 339
45 340
45 341
45 476
45 477
45 481
45 482
45 485
45 486
45 487
45 488
45 490
45 491
46 47
46 48
46 49
46 50
46 51
46 54
46 55
46 57
46 58
46 59
46 60
46 87
46 88
46 89
46 90
46 92
46 93
46 97
46 98
46 99
46 100
46 214
46 215
46 219
46 220
46 221
46 222
46 223
46 224
46 225
46 226
46 227
46 228
46 236
46 238
46 239
46 240
46 242
46 243
46 244
46 245
46 247
46 248
46 249
46 250
46 254
46 255
46 256
46 257
46 258
46 261
46 263
46 265
46 266
46 274
46 276
46 279
46 282
46 283
46 284
46 285
46 286
46 289
46 290
46 291
46 292
46 293
46 294
46 295
46 298
46 299
46 300
46 323
46 327
46 328
46 329
46 330
46 333
46 334
46 335
46 337
46 339
46 474
46 479
46 480
46 483
46 485
46 486
46 487
46 488
46 489
46 490
46 491
46 492
47 49
47 50
47 51
47 52
47 53
47 54
47 55
47 56
47 57
47 58
47 59
47 61
47 87
47 88
47 93
47 94
47 96
47 97
47 98
47 99
47 217
47 218
47 219
47 220
47 221
47 223
47 224
47 228
47 229
47 237
47 241
47 242
47 243
47 244
47 245
47 246
47 248
47 249
47 250
47 251
47 253
47 254
47 255
47 257
47 258
47 259
47 260
47 262
47 263
47 264
47 266
47 276
47 281
47 282
47 283
47 285
47 286
47 288
47 290
47 291
47 293
47 294
47 295
47 296
47 297
47 299
47 322
47 323
47 325
47 326
47 327
47 330
47 333
47 334
47 335
47 337
47 338
47 475
47 476
47 477
47 479
47 481
47 483
47 484
47 485
47 486
47 487
47 488
47 489
47 490
47 492
48 49
48 50
48 51
48 52
48 54
48 55
48 57
48 58
48 59
48 60
48 88
48 89
48 90
48 92
48 94
48 95
48 96
48 97
48 98
48 100
48 215
48 221
48 222
48 223
48 224
48 225
48 226
48 227
48 228
48 240
48 242
48 243
48 244
48 245
48 246
48 247
48 248
48 249
48 250
48 251
48 252
48 253
48 258
48 259
48 260
48 261
48 262
48 263
48 264
48 265
48 266
48 267
48 276
48 277
48 279
48 280
48 281
48 282
48 285
48 286
48 288
48 289
48 290
48 291
48 293
48 297
48 298
48 300
48 301
48 322
48 324
48 325
48 326
48 327
48 328
48 329
48 330
48 331
48 332
48 333
48 334
48 335
48 338
48 339
48 340
48 341
48 478
48 479
48 480
48 482
48 483
48 484
48 485
48 486
48 487
48 489
48 490
48 491
48 492
49 50
49 51
49 52
49 53
49 54
49 55
49 56
49 57
49 58
49 59
49 87
49 88
49 91
49 92
49 94
49 95
49 97
49 98
49 99
49 100
49 215
49 216
49 219
49 224
49 225
49 226
49 228
49 236
49 238
49 240
49 241
49 242
49 243
49 244
49 246
49 247
49 248
49 250
49 251
49 252
49 253
49 254
49 255
49 256
49 257
49 258
49 259
49 260
49 261
49 262
49 263
49 264
49 265
49 266
49 267
49 276
49 278
49 281
49 282
49 283
49 284
49 286
49 287
49 288
49 289
49 291
49 292
49 294
49 295
49 296
49 297
49 298
49 299
49 300
49 321
49 322
49 323
49 324
49 325
49 326
49 327
49 328
49 329
49 330
49 331
49 332
49 333
49 334
49 336
49 337
49 338
49 339
49 340
49 341
49 475
49 478
49 480
49 481
49 482
49 483
49 484
49 485
49 486
49 487
49 488
49 489
49 490
49 491
49 492
50 51
50 52
50 55
50 56
50 57
50 59
50 60
50 91
50 93
50 94
50 95
50 97
50 98
50 99
50 100
50 101
50 219
50 220
50 223
50 224
50 225
50 227
50 238
50 240
50 241
50 242
50 243
50 244
50 245
50 246
50 247
50 249
50 250
50 251
50 252
50 253
50 254
50 255
50 256
50 258
50 259
50 260
50 261
50 262
50 263
50 264
50 265
50 266
50 267
50 274
50 279
50 280
50 281
50 283
50 284
50 286
50 287
50 288
50 289
50 291
50 292
50 293
50 295
50 296
50 298
50 299
50 300
50 324
50 325
50 326
50 328
50 329
50 330
50 331
50 332
50 333
50 334
50 336
50 337
50 338
50 339
50 340
50 341
50 342
50 475
50 478
50 480
50 481
50 484
50 485
50 486
50 487
50 488
50 489
50 490
50 491
50 492
51 52
51 53
51 54
51 55
51 56
51 57
51 58
51 59
51 93
51 94
51 95
51 96
51 97
51 98
51 99
51 136
51 157
51 214
51 218
51 219
51 220
51 221
51 222
51 223
51 224
51 225
51 226
51 227
51 228
51 240
51 241
51 242
51 243
51 244
51 246
51 247
51 248
51 249
51 250
51 251
51 252
51 253
51 254
51 255
51 256
51 257
51 258
51 259
51 260
51 261
51 262
51 263
51 264
51 265
51 266
51 267
51 277
51 280
51 281
51 282
51 283
51 284
51 286
51 287
51 288
51 289
51 290
51 291
51 292
51 293
51 294
51 296
51 297
51 298
51 299
51 300
51 320
51 322
51 323
51 325
51 326
51 329
51 330
51 331
51 332
51 333
51 334
51 335
51 336
51 337
51 338
51 339
51 340
51 341
51 476
51 480
51 483
51 485
51 486
51 487
51 488
51 489
51 490
51 491
51 492
51 493
52 53
52 54
52 55
52 56
52 57
52 58
52 59
52 60
52 88
52 90
52 91
52 94
52 96
52 97
52 98
52 99
52 100
52 214
52 217
52 218
52 220
52 221
52 222
52 223
52 224
52 225
52 226
52 227
52 228
52 229
52 240
52 241
52 242
52 243
52 244
52 245
52 246
52 247
52 248
52 249
52 250
52 251
52 252
52 253
52 254
52 256
52 257
52 258
52 259
52 260
52 261
52 262
52 264
52 265
52 266
52 267
52 281
52 282
52 283
52 284
52 285
52 286
52 287
52 288
52 289
52 290
52 291
52 292
52 293
52 294
52 295
52 297
52 299
52 300
52 321
52 322
52 324
52 326
52 327
52 328
52 329
52 330
52 332
52 333
52 334
52 335
52 336
52 337
52 338
52 339
52 340
52 341
52 342
52 424
52 476
52 478
52 480
52 481
52 483
52 484
52 485
52 486
52 487
52 488
52 489
52 490
52 491
52 492
53 54
53 55
53 56
53 57
53 58
53 59
53 87
53 90
53 91
53 93
53 94
53 95
53 96
53 97
53 98
53 99
53 100
53 134
53 218
53 219
53 221
53 222
53 223
53 225
53 226
53 227
53 233
53 237
53 238
53 239
53 240
53 241
53 243
53 244
53 245
53 247
53 248
53 249
53 250
53 251
53 252
53 253
53 254
53 255
53 256
53 257
53 258
53 259
53 260
53 261
53 262
53 263
53 264
53 265
53 266
53 267
53 281
53 282
53 283
53 284
53 285
53 286
53 287
53 288
53 289
53 290
53 291
53 292
53 293
53 294
53 296
53 297
53 298
53 299
53 300
53 320
53 323
53 324
53 325
53 326
53 327
53 329
53 330
53 332
53 333
53 335
53 336
53 337
53 338
53 339
53 340
53 342
53 476
53 478
53 479
53 480
53 482
53 484
53 485
53 486
53 487
53 488
53 489
53 490
53 491
53 492
53 493
54 55
54 56
54 57
54 58
54 59
54 60
54 88
54 89
54 92
54 93
54 94
54 96
54 98
54 99
54 214
54 217
54 218
54 219
54 221
54 222
54 223
54 224
54 225
54 226
54 227
54 228
54 229
54 230
54 240
54 242
54 243
54 244
54 246
54 247
54 248
54 249
54 250
54 251
54 252
54 253
54 254
54 255
54 256
54 257
54 258
54 259
54 260
54 261
54 262
54 263
54 264
54 265
54 266
54 267
54 268
54 275
54 281
54 282
54 283
54 284
54 285
54 286
54 287
54 288
54 289
54 290
54 291
54 292
54 293
54 295
54 296
54 298
54 299
54 300
54 301
54 322
54 323
54 324
54 325
54 329
54 330
54 331
54 332
54 333
54 334
54 335
54 336
54 337
54 338
54 339
54 340
54 341
54 342
54 343
54 393
54 476
54 481
54 483
54 484
54 485
54 486
54 487
54 488
54 489
54 490
54 491
54 492
54 494
55 56
55 57
55 58
55 59
55 60
55 88
55 90
55 94
55 95
55 96
55 97
55 98
55 100
55 217
55 218
55 219
55 220
55 221
55 222
55 223
55 224
55 225
55 226
55 227
55 228
55 229
55 239
55 240
55 242
55 243
55 244
55 245
55 246
55 247
55 248
55 249
55 250
55 251
55 252
55 253
55 254
55 255
55 256
55 257
55 258
55 259
55 260
55 261
55 262
55 263
55 264
55 265
55 266
55 267
55 268
55 277
55 278
55 279
55 282
55 283
55 284
55 285
55 287
55 288
55 290
55 291
55 292
55 293
55 294
55 296
55 297
55 298
55 301
55 324
55 328
55 329
55 330
55 331
55 333
55 334
55 335
55 336
55 337
55 338
55 339
55 340
55 341
55 342
55 478
55 479
55 480
55 481
55 482
55 483
55 484
55 485
55 486
55 487
55 488
55 489
55 490
55 491
55 492
55 493
56 57
56 58
56 59
56 60
56 91
56 93
56 95
56 96
56 97
56 98
56 99
56 100
56 174
56 215
56 216
56 217
56 219
56 221
56 222
56 223
56 224
56 225
56 226
56 227
56 228
56 232
56 233
56 239
56 240
56 242
56 243
56 244
56 245
56 246
56 247
56 248
56 249
56 250
56 251
56 252
56 253
56 254
56 255
56 256
56 257
56 258
56 259
56 260
56 261
56 262
56 263
56 264
56 265
56 266
56 267
56 280
56 281
56 282
56 285
56 286
56 287
56 288
56 289
56 290
56 291
56 292
56 293
56 295
56 296
56 297
56 298
56 300
56 322
56 324
56 325
56 326
56 327
56 328
56 329
56 331
56 332
56 333
56 334
56 335
56 336
56 337
56 338
56 339
56 340
56 341
56 342
56 348
56 478
56 479
56 480
56 481
56 482
56 483
56 484
56 485
56 486
56 487
56 488
56 489
56 490
56 491
56 492
56 493
57 58
57 59
57 60
57 61
57 87
57 91
57 92
57 95
57 96
57 98
57 99
57 100
57 101
57 215
57 216
57 218
57 219
57 220
57 221
57 223
57 224
57 225
57 226
57 227
57 228
57 229
57 237
57 238
57 239
57 240
57 241
57 242
57 243
57 244
57 245
57 246
57 247
57 248
57 249
57 250
57 251
57 252
57 253
57 254
57 255
57 256
57 257
57 258
57 259
57 260
57 261
57 262
57 263
57 264
57 265
57 266
57 267
57 279
57 282
57 283
57 284
57 285
57 286
57 287
57 288
57 289
57 290
57 291
57 292
57 293
57 294
57 295
57 296
57 297
57 298
57 299
57 300
57 301
57 324
57 325
57 327
57 328
57 329
57 331
57 332
57 333
57 334
57 335
57 336
57 337
57 338
57 339
57 340
57 477
57 478
57 482
57 484
57 485
57 486
57 487
57 488
57 489
57 490
57 491
57 492
58 59
58 60
58 87
58 91
58 93
58 94
58 95
58 96
58 97
58 98
58 99
58 100
58 135
58 216
58 217
58 219
58 220
58 221
58 222
58 223
58 224
58 225
58 226
58 227
58 228
58 234
58 238
58 240
58 241
58 243
58 244
58 245
58 247
58 248
58 249
58 251
58 252
58 253
58 254
58 255
58 256
58 257
58 258
58 259
58 260
58 261
58 262
58 263
58 264
58 265
58 266
58 267
58 278
58 280
58 281
58 283
58 286
58 287
58 288
58 289
58 290
58 291
58 292
58 293
58 294
58 295
58 296
58 297
58 298
58 299
58 300
58 321
58 323
58 324
58 326
58 327
58 328
58 329
58 330
58 331
58 332
58 333
58 334
58 335
58 336
58 337
58 338
58 339
58 340
58 341
58 342
58 474
58 477
58 478
58 479
58 481
58 482
58 484
58 485
58 486
58 487
58 488
58 489
58 490
58 491
58 492
58 493
58 494
59 60
59 92
59 93
59 94
59 98
59 99
59 100
59 102
59 136
59 218
59 219
59 221
59 223
59 224
59 225
59 226
59 227
59 228
59 229
59 237
59 243
59 244
59 245
59 246
59 247
59 248
59 249
59 250
59 251
59 252
59 253
59 254
59 255
59 256
59 257
59 258
59 259
59 260
59 261
59 262
59 263
59 264
59 265
59 266
59 267
59 277
59 278
59 279
59 280
59 281
59 282
59 283
59 284
59 285
59 286
59 287
59 288
59 289
59 290
59 291
59 292
59 293
59 294
59 295
59 296
59 297
59 298
59 299
59 300
59 323
59 324
59 326
59 327
59 328
59 329
59 330
59 331
59 332
59 333
59 334
59 335
59 336
59 337
59 338
59 339
59 340
59 341
59 342
59 343
59 465
59 475
59 476
59 477
59 478
59 479
59 480
59 481
59 482
59 483
59 484
59 485
59 486
59 487
59 488
59 489
59 490
59 491
59 492
59 493
60 93
60 95
60 96
60 97
60 99
60 100
60 215
60 220
60 222
60 223
60 224
60 226
60 227
60 228
60 237
60 240
60 242
60 243
60 246
60 247
60 248
60 249
60 250
60 251
60 252
60 253
60 254
60 255
60 256
60 257
60 258
60 259
60 260
60 261
60 262
60 263
60 264
60 265
60 266
60 267
60 281
60 282
60 283
60 284
60 285
60 286
60 287
60 288
60 290
60 291
60 292
60 293
60 294
60 295
60 296
60 297
60 298
60 299
60 300
60 301
60 303
60 327
60 328
60 329
60 330
60 332
60 333
60 334
60 335
60 337
60 338
60 339
60 340
60 341
60 343
60 479
60 480
60 482
60 484
60 486
60 487
60 488
60 490
60 491
60 492
61 242
61 255
61 257
61 258
61 259
61 260
61 261
61 262
61 263
61 264
61 265
61 266
61 267
61 286
61 289
61 290
61 341
61 342
61 406
62 104
62 260
62 264
62 266
62 268
62 269
62 300
63 263
63 264
64 265
66 265
67 298
74 266
80 265
82 267
83 428
84 374
86 236
86 252
86 265
86 332
86 340
86 477
87 219
87 237
87 249
87 254
87 259
87 267
87 283
87 285
87 293
87 320
87 323
87 326
87 332
87 482
88 93
88 97
88 99
88 100
88 213
88 215
88 224
88 237
88 241
88 249
88 250
88 251
88 256
88 265
88 266
88 267
88 275
88 280
88 281
88 283
88 289
88 331
88 482
88 483
88 485
88 490
88 491
89 90
89 95
89 98
89 99
89 214
89 215
89 223
89 235
89 236
89 243
89 247
89 254
89 257
89 259
89 262
89 263
89 267
89 279
89 285
89 290
89 291
89 293
89 297
89 325
89 327
89 330
89 332
89 336
89 337
89 476
89 478
89 479
89 484
89 485
90 93
90 98
90 100
90 216
90 218
90 220
90 222
90 227
90 240
90 241
90 242
90 243
90 245
90 248
90 249
90 250
90 252
90 253
90 254
90 257
90 261
90 262
90 263
90 265
90 267
90 274
90 275
90 280
90 283
90 285
90 286
90 287
90 290
90 295
90 296
90 321
90 326
90 329
90 332
90 333
90 334
90 337
90 339
90 340
90 479
90 482
90 483
90 484
90 485
90 486
90 487
90 493
91 95
91 99
91 100
91 215
91 220
91 221
91 224
91 228
91 238
91 239
91 240
91 241
91 242
91 244
91 245
91 246
91 248
91 254
91 255
91 256
91 257
91 261
91 263
91 264
91 266
91 267
91 279
91 280
91 281
91 284
91 285
91 289
91 290
91 292
91 294
91 296
91 297
91 298
91 320
91 323
91 324
91 327
91 333
91 334
91 336
91 338
91 339
91 340
91 479
91 483
91 485
91 486
91 487
91 488
91 489
91 493
92 94
92 96
92 97
92 99
92 217
92 218
92 219
92 222
92 223
92 224
92 226
92 227
92 239
92 240
92 242
92 243
92 246
92 247
92 249
92 250
92 251
92 252
92 255
92 256
92 257
92 259
92 260
92 263
92 265
92 277
92 278
92 279
92 280
92 281
92 284
92 285
92 288
92 289
92 290
92 293
92 294
92 296
92 297
92 299
92 321
92 322
92 325
92 326
92 328
92 329
92 330
92 331
92 332
92 333
92 334
92 335
92 336
92 337
92 475
92 480
92 481
92 482
92 484
92 486
92 487
92 488
92 490
93 94
93 96
93 97
93 100
93 101
93 215
93 218
93 219
93 221
93 222
93 225
93 226
93 227
93 228
93 238
93 239
93 240
93 242
93 243
93 247
93 249
93 250
93 256
93 258
93 263
93 264
93 265
93 267
93 275
93 278
93 282
93 283
93 284
93 287
93 288
93 289
93 290
93 291
93 292
93 293
93 297
93 298
93 299
93 300
93 320
93 324
93 325
93 326
93 327
93 328
93 329
93 330
93 331
93 333
93 335
93 336
93 338
93 341
93 475
93 476
93 477
93 479
93 481
93 482
93 483
93 485
93 486
93 487
93 489
93 490
93 491
94 96
94 99
94 214
94 215
94 219
94 220
94 221
94 223
94 225
94 227
94 228
94 242
94 243
94 244
94 245
94 246
94 248
94 249
94 250
94 252
94 253
94 254
94 256
94 257
94 258
94 259
94 260
94 261
94 262
94 264
94 266
94 276
94 277
94 278
94 279
94 282
94 283
94 285
94 287
94 289
94 290
94 291
94 292
94 295
94 296
94 297
94 299
94 300
94 323
94 324
94 326
94 328
94 329
94 330
94 331
94 332
94 333
94 335
94 336
94 338
94 341
94 475
94 476
94 478
94 479
94 481
94 482
94 483
94 484
94 485
94 486
94 487
94 489
94 490
94 492
95 96
95 97
95 100
95 217
95 220
95 223
95 224
95 225
95 226
95 227
95 228
95 239
95 240
95 241
95 242
95 244
95 245
95 246
95 248
95 249
95 251
95 252
95 253
95 254
95 255
95 256
95 257
95 258
95 259
95 261
95 262
95 263
95 264
95 265
95 266
95 276
95 277
95 279
95 280
95 281
95 282
95 283
95 284
95 285
95 288
95 289
95 290
95 291
95 294
95 295
95 296
95 297
95 298
95 299
95 300
95 301
95 321
95 325
95 326
95 328
95 329
95 333
95 334
95 336
95 337
95 338
95 341
95 478
95 480
95 481
95 482
95 483
95 484
95 485
95 486
95 487
95 488
95 489
95 490
95 491
95 493
96 97
96 98
96 100
96 217
96 219
96 220
96 221
96 222
96 223
96 224
96 226
96 228
96 236
96 238
96 241
96 243
96 244
96 246
96 248
96 249
96 250
96 252
96 253
96 254
96 256
96 257
96 258
96 259
96 260
96 261
96 263
96 264
96 266
96 267
96 278
96 281
96 284
96 286
96 288
96 289
96 290
96 291
96 292
96 294
96 295
96 297
96 298
96 299
96 300
96 321
96 323
96 326
96 327
96 328
96 329
96 330
96 331
96 332
96 333
96 334
96 335
96 336
96 337
96 338
96 339
96 341
96 477
96 480
96 481
96 482
96 484
96 485
96 486
96 487
96 488
96 489
96 490
96 491
96 492
96 493
97 98
97 99
97 100
97 217
97 220
97 221
97 222
97 223
97 224
97 225
97 227
97 228
97 235
97 239
97 240
97 241
97 242
97 244
97 245
97 247
97 248
97 249
97 250
97 251
97 254
97 255
97 256
97 257
97 258
97 259
97 260
97 262
97 263
97 264
97 265
97 267
97 277
97 278
97 281
97 282
97 283
97 284
97 285
97 286
97 287
97 289
97 290
97 292
97 293
97 295
97 297
97 299
97 300
97 323
97 324
97 326
97 327
97 329
97 331
97 332
97 333
97 334
97 335
97 336
97 337
97 338
97 339
97 340
97 341
97 342
97 476
97 480
97 481
97 482
97 483
97 484
97 485
97 486
97 487
97 488
97 490
97 491
97 493
98 99
98 219
98 220
98 221
98 222
98 223
98 224
98 225
98 226
98 227
98 228
98 235
98 237
98 239
98 242
98 243
98 244
98 245
98 246
98 247
98 248
98 249
98 250
98 251
98 252
98 253
98 255
98 257
98 258
98 259
98 260
98 261
98 262
98 263
98 264
98 265
98 266
98 267
98 278
98 279
98 280
98 281
98 283
98 284
98 286
98 287
98 288
98 289
98 290
98 291
98 292
98 293
98 295
98 296
98 297
98 298
98 299
98 300
98 323
98 325
98 326
98 328
98 329
98 330
98 331
98 332
98 333
98 334
98 336
98 339
98 340
98 341
98 474
98 476
98 479
98 480
98 482
98 483
98 485
98 486
98 487
98 488
98 490
98 491
98 492
98 493
98 494
99 217
99 218
99 221
99 222
99 223
99 224
99 225
99 226
99 227
99 237
99 238
99 241
99 242
99 243
99 244
99 245
99 246
99 247
99 249
99 250
99 251
99 252
99 253
99 254
99 255
99 256
99 258
99 259
99 260
99 261
99 263
99 264
99 266
99 267
99 279
99 280
99 281
99 282
99 283
99 284
99 285
99 286
99 287
99 288
99 289
99 290
99 292
99 293
99 295
99 296
99 297
99 298
99 299
99 323
99 326
99 327
99 329
99 330
99 331
99 332
99 333
99 335
99 336
99 337
99 338
99 339
99 341
99 474
99 476
99 477
99 478
99 479
99 480
99 481
99 482
99 483
99 484
99 485
99 486
99 487
99 488
99 489
99 490
100 215
100 217
100 219
100 221
100 222
100 223
100 224
100 225
100 226
100 227
100 228
100 235
100 240
100 242
100 243
100 245
100 248
100 249
100 250
100 251
100 252
100 253
100 254
100 255
100 256
100 259
100 260
100 261
100 262
100 263
100 264
100 265
100 266
100 267
100 268
100 278
100 279
100 282
100 283
100 284
100 287
100 288
100 289
100 290
100 292
100 293
100 294
100 295
100 296
100 297
100 300
100 301
100 324
100 329
100 330
100 331
100 333
100 334
100 335
100 337
100 338
100 475
100 476
100 478
100 479
100 481
100 485
100 486
100 490
100 491
100 492
101 118
101 218
101 246
101 252
101 254
101 255
101 256
101 257
101 259
101 260
101 261
101 262
101 263
101 265
101 286
101 288
101 289
101 290
101 324
101 335
101 341
101 488
101 489
102 256
102 258
102 259
102 260
102 262
102 263
102 264
102 265
102 266
102 319
102 484
103 262
103 264
103 266
103 267
103 268
103 287
104 230
104 266
105 267
106 262
107 265
114 268
117 230
118 270
119 263
119 267
120 265
120 266
121 269
122 248
123 266
133 295
134 236
134 249
134 264
134 267
134 292
134 486
135 262
135 263
135 264
135 265
135 338
135 340
135 341
135 486
136 257
136 264
136 265
136 267
136 290
137 230
137 266
137 267
137 490
137 495
137 496
138 263
138 366
139 266
140 143
140 262
145 262
146 227
146 266
147 304
148 262
150 208
157 220
158 258
158 260
158 266
158 290
159 259
159 266
160 228
160 269
161 255
162 242
162 298
162 492
163 170
165 327
166 257
166 263
167 261
167 263
167 266
168 261
168 265
169 265
169 266
171 269
177 266
179 266
180 267
183 262
183 266
184 249
185 220
186 260
187 265
187 267
187 286
187 290
188 345
188 346
189 209
194 231
195 303
200 452
212 267
212 494
213 242
213 256
213 293
213 296
213 475
213 486
213 488
214 224
214 245
214 260
214 261
214 283
214 288
214 290
214 291
214 292
214 328
214 335
214 336
214 474
214 477
214 485
214 487
215 217
215 221
215 223
215 238
215 242
215 248
215 251
215 258
215 259
215 266
215 285
215 286
215 291
215 298
215 324
215 329
215 333
215 334
215 335
215 484
215 485
215 488
215 489
215 490
216 218
216 222
216 227
216 246
216 247
216 249
216 259
216 261
216 265
216 266
216 276
216 277
216 288
216 297
216 322
216 323
216 335
216 338
216 340
216 341
216 477
216 483
216 486
216 488
216 489
216 490
217 219
217 228
217 238
217 240
217 242
217 243
217 245
217 247
217 251
217 252
217 254
217 257
217 259
217 261
217 264
217 265
217 266
217 268
217 275
217 276
217 277
217 278
217 281
217 283
217 289
217 290
217 293
217 295
217 296
217 298
217 301
217 324
217 326
217 328
217 331
217 332
217 335
217 336
217 476
217 477
217 480
217 484
217 486
218 219
218 220
218 223
218 224
218 226
218 227
218 235
218 237
218 238
218 243
218 251
218 252
218 253
218 254
218 255
218 257
218 258
218 259
218 263
218 279
218 281
218 283
218 286
218 287
218 288
218 289
218 291
218 293
218 294
218 295
218 298
218 299
218 321
218 324
218 325
218 328
218 331
218 332
218 334
218 336
218 337
218 339
218 340
218 341
218 342
218 478
218 482
218 483
218 486
218 488
218 489
219 221
219 223
219 224
219 226
219 227
219 235
219 236
219 238
219 240
219 243
219 245
219 246
219 248
219 250
219 253
219 254
219 255
219 256
219 257
219 258
219 259
219 262
219 264
219 265
219 266
219 267
219 275
219 277
219 279
219 282
219 283
219 284
219 285
219 287
219 290
219 294
219 297
219 298
219 300
219 323
219 326
219 337
219 339
219 342
219 477
219 478
219 479
219 480
219 481
219 482
219 484
219 485
219 488
219 490
219 491
219 492
219 493
220 221
220 223
220 224
220 225
220 226
220 228
220 236
220 237
220 239
220 240
220 242
220 243
220 244
220 246
220 247
220 248
220 249
220 252
220 253
220 254
220 255
220 256
220 257
220 258
220 259
220 262
220 264
220 265
220 267
220 278
220 279
220 280
220 283
220 285
220 286
220 287
220 288
220 289
220 293
220 295
220 297
220 298
220 299
220 300
220 326
220 329
220 330
220 331
220 333
220 334
220 337
220 339
220 340
220 341
220 475
220 476
220 481
220 483
220 485
220 486
220 487
220 489
220 490
220 491
220 492
220 493
221 223
221 224
221 225
221 226
221 227
221 228
221 237
221 238
221 242
221 243
221 244
221 245
221 246
221 248
221 250
221 251
221 252
221 254
221 255
221 258
221 259
221 260
221 262
221 264
221 265
221 266
221 267
221 280
221 281
221 283
221 284
221 285
221 286
221 287
221 288
221 289
221 290
221 292
221 293
221 296
221 297
221 298
221 299
221 300
221 324
221 327
221 328
221 330
221 331
221 332
221 333
221 335
221 336
221 338
221 339
221 341
221 478
221 479
221 480
221 486
221 487
221 489
221 490
221 491
221 492
221 494
222 223
222 224
222 225
222 226
222 227
222 228
222 236
222 238
222 240
222 242
222 243
222 244
222 245
222 246
222 247
222 248
222 249
222 250
222 252
222 253
222 254
222 257
222 258
222 260
222 261
222 262
222 263
222 264
222 265
222 266
222 267
222 277
222 278
222 280
222 282
222 283
222 284
222 285
222 286
222 287
222 289
222 290
222 291
222 292
222 293
222 295
222 296
222 298
222 299
222 300
222 322
222 325
222 326
222 327
222 328
222 329
222 330
222 332
222 334
222 335
222 336
222 337
222 338
222 339
222 340
222 341
222 477
222 480
222 482
222 483
222 484
222 485
222 486
222 487
222 488
222 489
222 491
222 492
223 224
223 225
223 226
223 227
223 228
223 237
223 238
223 240
223 242
223 243
223 244
223 245
223 247
223 248
223 249
223 250
223 252
223 253
223 255
223 256
223 257
223 258
223 259
223 260
223 261
223 262
223 263
223 264
223 265
223 266
223 267
223 275
223 277
223 278
223 279
223 280
223 281
223 282
223 283
223 284
223 285
223 286
223 288
223 289
223 290
223 291
223 293
223 295
223 296
223 297
223 298
223 299
223 324
223 325
223 326
223 327
223 328
223 329
223 331
223 332
223 333
223 334
223 335
223 336
223 337
223 338
223 339
223 341
223 425
223 478
223 480
223 481
223 482
223 483
223 484
223 485
223 487
223 488
223 489
223 490
223 491
223 492
223 493
224 225
224 226
224 227
224 228
224 235
224 236
224 239
224 240
224 241
224 242
224 243
224 244
224 245
224 246
224 247
224 248
224 249
224 250
224 252
224 254
224 255
224 256
224 257
224 259
224 260
224 262
224 263
224 264
224 265
224 267
224 274
224 277
224 278
224 280
224 281
224 282
224 285
224 286
224 287
224 288
224 290
224 291
224 292
224 293
224 295
224 296
224 297
224 298
224 299
224 300
224 324
224 326
224 328
224 329
224 330
224 331
224 332
224 333
224 335
224 336
224 337
224 339
224 340
224 341
224 342
224 473
224 476
224 477
224 479
224 480
224 483
224 484
224 486
224 487
224 488
224 489
224 490
224 491
224 492
225 226
225 227
225 228
225 238
225 239
225 241
225 244
225 245
225 246
225 247
225 248
225 249
225 250
225 251
225 252
225 253
225 254
225 255
225 256
225 257
225 258
225 259
225 260
225 261
225 262
225 263
225 264
225 265
225 266
225 280
225 282
225 283
225 286
225 287
225 288
225 289
225 290
225 291
225 292
225 293
225 295
225 296
225 297
225 299
225 300
225 321
225 325
225 326
225 328
225 329
225 330
225 331
225 332
225 333
225 334
225 335
225 336
225 337
225 338
225 339
225 340
225 341
225 342
225 476
225 478
225 479
225 481
225 482
225 483
225 484
225 485
225 486
225 487
225 488
225 489
225 490
225 491
225 492
225 493
226 227
226 228
226 230
226 237
226 240
226 241
226 242
226 243
226 245
226 247
226 248
226 249
226 250
226 252
226 253
226 254
226 255
226 256
226 257
226 258
226 259
226 261
226 262
226 263
226 264
226 265
226 266
226 267
226 275
226 278
226 280
226 281
226 282
226 283
226 284
226 286
226 287
226 288
226 289
226 290
226 291
226 292
226 293
226 294
226 297
226 298
226 299
226 300
226 320
226 322
226 323
226 324
226 325
226 326
226 327
226 328
226 329
226 330
226 331
226 332
226 333
226 334
226 335
226 336
226 337
226 338
226 339
226 340
226 341
226 342
226 479
226 480
226 481
226 482
226 483
226 485
226 486
226 487
226 488
226 489
226 490
226 492
227 228
227 238
227 239
227 240
227 241
227 242
227 243
227 245
227 246
227 247
227 248
227 249
227 250
227 251
227 252
227 253
227 254
227 255
227 256
227 257
227 258
227 259
227 260
227 261
227 262
227 263
227 264
227 265
227 266
227 267
227 276
227 278
227 280
227 282
227 284
227 285
227 286
227 287
227 288
227 289
227 290
227 291
227 292
227 293
227 294
227 295
227 296
227 299
227 300
227 320
227 322
227 324
227 326
227 328
227 329
227 330
227 331
227 332
227 333
227 334
227 336
227 337
227 338
227 339
227 340
227 341
227 380
227 475
227 479
227 480
227 481
227 482
227 483
227 484
227 485
227 486
227 487
227 488
227 489
227 490
227 491
227 492
228 238
228 239
228 240
228 241
228 243
228 244
228 245
228 246
228 247
228 248
228 249
228 250
228 251
228 252
228 253
228 254
228 255
228 256
228 257
228 258
228 259
228 260
228 261
228 262
228 263
228 264
228 265
228 266
228 267
228 276
228 277
228 280
228 282
228 283
228 285
228 286
228 287
228 288
228 289
228 290
228 291
228 292
228 293
228 294
228 295
228 298
228 299
228 320
228 322
228 325
228 328
228 329
228 330
228 331
228 333
228 334
228 336
228 337
228 338
228 339
228 477
228 479
228 480
228 481
228 482
228 483
228 485
228 487
228 488
228 489
228 490
228 491
228 492
229 240
229 244
229 248
229 249
229 250
229 255
229 256
229 260
229 261
229 262
229 263
229 264
229 265
229 266
229 267
229 281
229 282
229 283
229 286
229 291
229 293
229 299
229 300
229 301
229 327
229 331
229 335
229 336
229 338
229 340
229 341
229 480
229 483
229 486
229 487
229 491
229 493
230 256
230 261
230 263
230 265
230 267
230 335
230 338
231 261
231 263
231 264
231 265
231 340
232 266
232 338
233 254
233 255
233 257
233 287
234 252
234 253
234 259
234 265
234 266
234 273
234 288
234 295
235 245
235 246
235 248
235 258
235 262
235 264
235 285
235 286
235 292
235 294
235 296
235 321
235 336
235 337
235 477
235 478
235 490
236 237
236 245
236 247
236 250
236 252
236 263
236 264
236 265
236 278
236 289
236 291
236 292
236 297
236 320
236 321
236 326
236 337
236 340
236 342
236 482
236 488
237 239
237 240
237 243
237 244
237 245
237 248
237 250
237 253
237 257
237 258
237 262
237 264
237 267
237 275
237 276
237 279
237 280
237 282
237 284
237 285
237 289
237 293
237 295
237 296
237 297
237 299
237 301
237 321
237 323
237 324
237 325
237 328
237 330
237 331
237 333
237 336
237 339
237 341
237 476
237 477
237 480
237 481
237 482
237 483
237 487
238 239
238 241
238 242
238 243
238 244
238 245
238 246
238 247
238 248
238 252
238 254
238 255
238 256
238 258
238 263
238 266
238 267
238 279
238 282
238 283
238 285
238 289
238 291
238 292
238 293
238 296
238 299
238 300
238 319
238 325
238 329
238 330
238 331
238 332
238 333
238 336
238 338
238 341
238 476
238 477
238 478
238 479
238 481
238 485
238 490
238 491
239 240
239 246
239 247
239 248
239 249
239 250
239 252
239 253
239 255
239 256
239 257
239 259
239 261
239 262
239 263
239 267
239 278
239 279
239 280
239 293
239 294
239 295
239 296
239 298
239 300
239 321
239 324
239 325
239 327
239 328
239 329
239 333
239 334
239 335
239 336
239 339
239 340
239 341
239 473
239 478
239 479
239 480
239 481
239 482
239 488
239 489
239 491
240 241
240 245
240 247
240 248
240 250
240 252
240 253
240 256
240 259
240 260
240 262
240 263
240 275
240 277
240 279
240 281
240 283
240 285
240 287
240 288
240 292
240 293
240 294
240 296
240 298
240 299
240 300
240 322
240 325
240 326
240 327
240 328
240 329
240 330
240 331
240 332
240 333
240 334
240 337
240 340
240 341
240 425
240 475
240 476
240 477
240 479
240 480
240 481
240 484
240 485
240 487
240 488
240 489
240 490
240 491
240 492
241 242
241 243
241 244
241 245
241 246
241 247
241 248
241 249
241 250
241 252
241 253
241 254
241 255
241 256
241 260
241 261
241 262
241 263
241 264
241 265
241 266
241 276
241 279
241 283
241 284
241 285
241 286
241 288
241 289
241 290
241 291
241 292
241 293
241 294
241 295
241 296
241 297
241 300
241 323
241 324
241 325
241 327
241 329
241 330
241 331
241 332
241 333
241 334
241 336
241 338
241 339
241 340
241 478
241 481
241 485
241 487
241 489
241 491
241 492
242 243
242 244
242 245
242 247
242 249
242 250
242 251
242 252
242 254
242 255
242 258
242 261
242 262
242 263
242 264
242 266
242 267
242 280
242 282
242 283
242 284
242 285
242 286
242 287
242 289
242 290
242 291
242 292
242 293
242 294
242 296
242 297
242 298
242 299
242 300
242 320
242 323
242 326
242 328
242 330
242 331
242 332
242 334
242 335
242 336
242 337
242 344
242 476
242 478
242 480
242 481
242 482
242 483
242 484
242 485
242 486
242 487
242 488
242 489
242 491
242 492
242 493
243 244
243 245
243 246
243 247
243 248
243 249
243 250
243 252
243 254
243 255
243 258
243 259
243 261
243 263
243 264
243 265
243 266
243 267
243 276
243 277
243 278
243 280
243 281
243 282
243 283
243 284
243 285
243 286
243 287
243 288
243 289
243 290
243 291
243 293
243 294
243 296
243 297
243 298
243 299
243 300
243 320
243 321
243 322
243 323
243 324
243 325
243 326
243 327
243 328
243 329
243 330
243 331
243 332
243 334
243 335
243 336
243 337
243 338
243 339
243 341
243 428
243 476
243 478
243 479
243 481
243 482
243 483
243 484
243 485
243 486
243 487
243 488
243 489
243 490
243 491
243 492
243 494
244 245
244 246
244 248
244 249
244 250
244 251
244 253
244 254
244 255
244 256
244 257
244 258
244 259
244 261
244 262
244 263
244 264
244 265
244 267
244 274
244 280
244 281
244 282
244 283
244 284
244 285
244 286
244 287
244 288
244 289
244 290
244 292
244 293
244 294
244 295
244 296
244 297
244 298
244 299
244 300
244 322
244 324
244 325
244 326
244 327
244 328
244 329
244 330
244 331
244 332
244 334
244 335
244 336
244 337
244 338
244 339
244 341
244 342
244 476
244 477
244 478
244 480
244 481
244 482
244 483
244 484
244 485
244 486
244 487
244 488
244 489
244 490
244 491
244 492
245 246
245 247
245 248
245 249
245 250
245 251
245 252
245 254
245 255
245 256
245 257
245 258
245 261
245 262
245 264
245 265
245 266
245 276
245 277
245 278
245 283
245 284
245 286
245 287
245 288
245 289
245 290
245 291
245 292
245 293
245 296
245 298
245 299
245 300
245 319
245 325
245 326
245 328
245 331
245 334
245 335
245 336
245 337
245 338
245 339
245 340
245 475
245 476
245 478
245 479
245 480
245 481
245 482
245 483
245 484
245 485
245 486
245 487
245 488
245 489
245 491
245 492
246 248
246 249
246 250
246 251
246 252
246 253
246 254
246 255
246 256
246 257
246 258
246 259
246 260
246 261
246 262
246 264
246 265
246 266
246 267
246 279
246 281
246 282
246 283
246 284
246 286
246 287
246 288
246 289
246 290
246 291
246 292
246 294
246 295
246 298
246 301
246 320
246 324
246 325
246 327
246 328
246 329
246 331
246 332
246 333
246 334
246 335
246 336
246 337
246 338
246 339
246 340
246 341
246 475
246 480
246 484
246 485
246 486
246 487
246 488
246 489
246 490
246 491
246 492
247 248
247 249
247 250
247 251
247 252
247 253
247 254
247 255
247 256
247 257
247 258
247 259
247 260
247 261
247 262
247 263
247 264
247 265
247 266
247 267
247 279
247 280
247 281
247 282
247 283
247 285
247 286
247 287
247 288
247 290
247 291
247 292
247 293
247 294
247 296
247 297
247 299
247 300
247 301
247 323
247 325
247 326
247 327
247 328
247 329
247 331
247 332
247 333
247 334
247 335
247 336
247 337
247 338
247 339
247 340
247 341
247 477
247 478
247 480
247 481
247 483
247 484
247 485
247 486
247 487
247 488
247 489
247 490
247 491
247 492
248 249
248 250
248 251
248 252
248 253
248 254
248 255
248 256
248 257
248 258
248 259
248 260
248 262
248 263
248 264
248 265
248 266
248 267
248 277
248 279
248 280
248 282
248 283
248 284
248 286
248 287
248 288
248 289
248 290
248 291
248 292
248 293
248 296
248 297
248 298
248 299
248 321
248 326
248 327
248 328
248 329
248 330
248 331
248 332
248 333
248 334
248 335
248 336
248 337
248 338
248 339
248 340
248 341
248 342
248 473
248 475
248 476
248 480
248 481
248 483
248 484
248 485
248 486
248 487
248 488
248 489
248 490
248 491
248 492
248 493
249 250
249 251
249 252
249 253
249 254
249 255
249 256
249 257
249 258
249 259
249 260
249 261
249 262
249 263
249 264
249 265
249 266
249 267
249 279
249 280
249 281
249 283
249 285
249 286
249 287
249 288
249 289
249 290
249 291
249 292
249 293
249 294
249 295
249 296
249 298
249 299
249 300
249 323
249 325
249 326
249 327
249 330
249 331
249 332
249 333
249 334
249 335
249 336
249 337
249 338
249 339
249 340
249 341
249 479
249 480
249 481
249 483
249 484
249 486
249 487
249 488
249 489
249 490
249 492
250 251
250 252
250 253
250 254
250 255
250 256
250 257
250 258
250 259
250 260
250 261
250 262
250 263
250 264
250 265
250 266
250 267
250 279
250 280
250 281
250 283
250 284
250 285
250 286
250 287
250 288
250 289
250 290
250 291
250 292
250 293
250 296
250 297
250 298
250 299
250 300
250 326
250 327
250 329
250 330
250 331
250 332
250 333
250 334
250 335
250 336
250 337
250 338
250 339
250 340
250 341
250 342
250 343
250 478
250 479
250 480
250 481
250 482
250 484
250 485
250 486
250 487
250 488
250 489
250 490
250 491
250 492
251 252
251 253
251 254
251 255
251 256
251 257
251 258
251 259
251 260
251 261
251 262
251 263
251 264
251 265
251 266
251 267
251 268
251 277
251 279
251 280
251 282
251 283
251 284
251 285
251 286
251 287
251 288
251 289
251 290
251 291
251 292
251 293
251 294
251 295
251 296
251 298
251 299
251 300
251 322
251 323
251 324
251 325
251 326
251 327
251 329
251 330
251 332
251 333
251 334
251 335
251 336
251 337
251 338
251 339
251 340
251 341
251 342
251 476
251 479
251 480
251 482
251 483
251 485
251 486
251 487
251 488
251 489
251 490
251 491
251 492
251 493
252 253
252 254
252 255
252 256
252 257
252 258
252 259
252 260
252 261
252 262
252 263
252 264
252 265
252 266
252 267
252 275
252 276
252 278
252 282
252 284
252 285
252 286
252 287
252 288
252 289
252 290
252 291
252 292
252 293
252 295
252 297
252 298
252 299
252 300
252 320
252 322
252 324
252 325
252 326
252 328
252 329
252 331
252 332
252 333
252 334
252 335
252 336
252 337
252 338
252 339
252 340
252 341
252 475
252 477
252 478
252 480
252 482
252 483
252 485
252 486
252 487
252 488
252 489
252 490
252 491
252 492
252 493
252 495
253 254
253 255
253 256
253 257
253 258
253 259
253 260
253 261
253 262
253 263
253 264
253 265
253 266
253 267
253 274
253 276
253 282
253 283
253 284
253 285
253 286
253 287
253 288
253 289
253 290
253 291
253 292
253 293
253 295
253 296
253 297
253 323
253 326
253 327
253 329
253 330
253 331
253 332
253 333
253 334
253 335
253 336
253 337
253 338
253 339
253 340
253 341
253 342
253 477
253 478
253 479
253 481
253 484
253 486
253 487
253 488
253 489
253 490
253 491
253 492
254 255
254 256
254 257
254 258
254 259
254 260
254 261
254 262
254 263
254 264
254 265
254 266
254 267
254 279
254 281
254 282
254 283
254 284
254 285
254 286
254 287
254 288
254 289
254 290
254 291
254 292
254 293
254 294
254 295
254 297
254 298
254 299
254 300
254 302
254 322
254 326
254 327
254 328
254 329
254 330
254 331
254 332
254 333
254 334
254 335
254 336
254 337
254 338
254 339
254 340
254 341
254 342
254 478
254 479
254 480
254 481
254 482
254 483
254 484
254 485
254 486
254 487
254 488
254 489
254 490
254 491
254 492
254 493
254 494
255 256
255 257
255 258
255 259
255 260
255 261
255 262
255 263
255 264
255 265
255 266
255 267
255 268
255 275
255 279
255 280
255 281
255 282
255 283
255 284
255 285
255 286
255 287
255 288
255 290
255 291
255 292
255 293
255 294
255 295
255 296
255 297
255 299
255 301
255 303
255 323
255 325
255 326
255 327
255 328
255 329
255 331
255 332
255 333
255 334
255 335
255 336
255 337
255 338
255 339
255 340
255 341
255 342
255 343
255 477
255 479
255 481
255 482
255 483
255 484
255 485
255 486
255 487
255 488
255 489
255 490
255 491
255 492
255 493
256 257
256 258
256 259
256 260
256 261
256 262
256 263
256 264
256 265
256 266
256 267
256 277
256 278
256 279
256 280
256 281
256 282
256 283
256 284
256 285
256 286
256 287
256 288
256 289
256 290
256 291
256 292
256 293
256 294
256 295
256 297
256 298
256 299
256 300
256 301
256 302
256 324
256 325
256 327
256 328
256 329
256 330
256 331
256 332
256 333
256 334
256 336
256 337
256 338
256 339
256 340
256 341
256 342
256 424
256 475
256 476
256 477
256 480
256 481
256 483
256 484
256 485
256 486
256 487
256 488
256 490
256 491
256 492
257 258
257 259
257 260
257 261
257 262
257 263
257 264
257 265
257 266
257 267
257 268
257 277
257 278
257 279
257 282
257 283
257 284
257 285
257 286
257 287
257 288
257 289
257 290
257 291
257 292
257 293
257 294
257 295
257 297
257 298
257 299
257 300
257 323
257 326
257 327
257 329
257 330
257 331
257 332
257 333
257 334
257 335
257 336
257 337
257 338
257 339
257 340
257 341
257 342
257 476
257 477
257 478
257 479
257 480
257 482
257 483
257 484
257 485
257 486
257 487
257 488
257 489
257 490
257 491
257 492
257 493
258 259
258 260
258 261
258 262
258 263
258 264
258 265
258 266
258 267
258 275
258 280
258 281
258 282
258 283
258 284
258 285
258 286
258 287
258 288
258 289
258 290
258 291
258 292
258 293
258 294
258 295
258 296
258 297
258 298
258 299
258 300
258 324
258 326
258 328
258 329
258 330
258 331
258 332
258 333
258 334
258 335
258 336
258 337
258 338
258 339
258 340
258 341
258 342
258 475
258 479
258 480
258 481
258 482
258 483
258 485
258 486
258 487
258 488
258 489
258 490
258 491
258 492
258 493
259 260
259 261
259 262
259 263
259 264
259 265
259 266
259 267
259 274
259 275
259 278
259 280
259 281
259 282
259 283
259 284
259 285
259 286
259 287
259 288
259 289
259 290
259 291
259 292
259 293
259 294
259 295
259 296
259 297
259 298
259 300
259 301
259 302
259 314
259 327
259 328
259 329
259 331
259 332
259 333
259 334
259 335
259 336
259 337
259 338
259 339
259 340
259 341
259 342
259 343
259 475
259 476
259 477
259 478
259 480
259 481
259 482
259 483
259 485
259 486
259 488
259 489
259 490
259 491
259 492
259 493
259 494
260 261
260 262
260 263
260 264
260 265
260 266
260 267
260 268
260 278
260 279
260 281
260 282
260 284
260 285
260 286
260 288
260 289
260 290
260 291
260 292
260 293
260 294
260 295
260 296
260 297
260 298
260 299
260 300
260 301
260 303
260 322
260 325
260 326
260 327
260 328
260 330
260 331
260 332
260 333
260 334
260 335
260 336
260 337
260 338
260 339
260 340
260 341
260 342
260 343
260 425
260 478
260 479
260 480
260 481
260 483
260 484
260 485
260 486
260 487
260 488
260 489
260 490
260 491
260 493
261 262
261 263
261 264
261 265
261 266
261 267
261 268
261 277
261 279
261 280
261 281
261 282
261 283
261 284
261 285
261 286
261 287
261 288
261 289
261 290
261 291
261 292
261 293
261 294
261 295
261 296
261 297
261 298
261 299
261 300
261 301
261 302
261 324
261 325
261 326
261 327
261 330
261 331
261 332
261 333
261 334
261 335
261 336
261 337
261 338
261 339
261 340
261 341
261 342
261 427
261 477
261 478
261 480
261 481
261 482
261 483
261 484
261 485
261 486
261 487
261 488
261 489
261 490
261 491
261 492
261 493
261 494
262 263
262 264
262 265
262 266
262 267
262 268
262 276
262 277
262 278
262 280
262 282
262 283
262 284
262 285
262 286
262 287
262 288
262 289
262 290
262 291
262 292
262 293
262 294
262 295
262 296
262 297
262 298
262 299
262 300
262 301
262 302
262 303
262 321
262 323
262 324
262 326
262 327
262 328
262 329
262 330
262 331
262 332
262 333
262 334
262 335
262 336
262 337
262 338
262 339
262 340
262 341
262 342
262 343
262 348
262 381
262 425
262 476
262 478
262 479
262 481
262 482
262 483
262 484
262 485
262 486
262 487
262 488
262 489
262 490
262 491
262 492
262 493
262 494
263 264
263 265
263 266
263 267
263 268
263 275
263 279
263 280
263 281
263 282
263 283
263 284
263 285
263 286
263 287
263 288
263 289
263 290
263 291
263 292
263 293
263 294
263 295
263 296
263 297
263 298
263 299
263 300
263 301
263 302
263 303
263 320
263 322
263 323
263 324
263 325
263 326
263 327
263 328
263 329
263 330
263 331
263 332
263 333
263 334
263 335
263 336
263 337
263 338
263 339
263 340
263 341
263 342
263 343
263 426
263 466
263 475
263 476
263 478
263 479
263 481
263 482
263 483
263 484
263 485
263 486
263 487
263 488
263 489
263 490
263 491
263 492
263 493
263 494
263 495
264 265
264 266
264 267
264 268
264 275
264 276
264 277
264 283
264 284
264 287
264 288
264 289
264 290
264 291
264 292
264 293
264 294
264 295
264 296
264 297
264 299
264 301
264 302
264 303
264 322
264 323
264 326
264 327
264 328
264 330
264 331
264 332
264 333
264 334
264 335
264 336
264 337
264 338
264 339
264 340
264 341
264 342
264 343
264 344
264 420
264 426
264 427
264 432
264 476
264 477
264 478
264 479
264 481
264 482
264 484
264 485
264 486
264 487
264 488
264 489
264 490
264 491
264 492
264 493
264 494
264 495
264 497
265 266
265 267
265 268
265 269
265 274
265 276
265 277
265 278
265 280
265 281
265 282
265 283
265 284
265 285
265 286
265 287
265 288
265 289
265 290
265 291
265 292
265 293
265 294
265 295
265 296
265 297
265 298
265 299
265 302
265 322
265 323
265 325
265 326
265 327
265 328
265 329
265 330
265 331
265 332
265 333
265 334
265 335
265 336
265 337
265 338
265 339
265 340
265 341
265 342
265 377
265 400
265 426
265 431
265 433
265 451
265 456
265 476
265 477
265 478
265 479
265 480
265 481
265 482
265 484
265 485
265 486
265 487
265 488
265 489
265 490
265 491
265 492
265 493
265 494
265 495
265 496
266 267
266 268
266 276
266 278
266 279
266 280
266 281
266 282
266 283
266 284
266 285
266 286
266 287
266 288
266 289
266 290
266 291
266 292
266 293
266 294
266 295
266 296
266 297
266 298
266 300
266 301
266 302
266 308
266 314
266 320
266 323
266 324
266 325
266 328
266 329
266 330
266 331
266 332
266 333
266 335
266 336
266 337
266 338
266 339
266 340
266 341
266 342
266 343
266 344
266 350
266 351
266 365
266 425
266 426
266 477
266 478
266 479
266 480
266 481
266 482
266 483
266 484
266 485
266 486
266 487
266 488
266 489
266 490
266 491
266 492
266 493
266 494
266 495
266 498
267 268
267 275
267 277
267 279
267 282
267 285
267 287
267 288
267 289
267 290
267 291
267 292
267 293
267 294
267 295
267 296
267 297
267 298
267 299
267 300
267 301
267 302
267 321
267 323
267 328
267 329
267 331
267 332
267 333
267 334
267 335
267 336
267 337
267 338
267 339
267 340
267 341
267 342
267 343
267 344
267 399
267 403
267 410
267 426
267 427
267 470
267 474
267 478
267 482
267 483
267 484
267 485
267 486
267 487
267 488
267 489
267 490
267 491
267 492
267 493
267 494
267 495
268 293
268 304
268 344
268 345
268 421
268 427
268 489
269 422
273 277
274 286
274 291
274 293
274 296
274 323
274 340
274 341
274 479
274 483
274 484
275 279
275 286
275 297
275 302
275 321
275 326
275 333
275 336
275 479
275 485
275 487
275 491
276 281
276 282
276 285
276 287
276 289
276 295
276 334
276 339
276 341
276 477
276 478
276 479
276 480
276 483
276 486
276 490
276 492
277 280
277 281
277 283
277 285
277 287
277 288
277 289
277 291
277 293
277 296
277 297
277 298
277 299
277 321
277 327
277 331
277 334
277 337
277 478
277 480
277 481
277 484
278 279
278 281
278 282
278 286
278 287
278 290
278 296
278 297
278 298
278 323
278 326
278 327
278 328
278 329
278 332
278 333
278 334
278 336
278 337
278 338
278 473
278 477
278 478
278 479
278 480
278 484
278 485
278 486
278 489
279 280
279 282
279 283
279 284
279 286
279 287
279 290
279 293
279 300
279 321
279 324
279 325
279 327
279 330
279 331
279 332
279 334
279 335
279 336
279 338
279 339
279 342
279 477
279 478
279 479
279 481
279 482
279 484
279 485
279 487
279 488
279 489
279 490
279 491
279 492
279 493
280 281
280 282
280 284
280 286
280 292
280 293
280 294
280 297
280 298
280 321
280 325
280 326
280 332
280 334
280 335
280 337
280 338
280 339
280 340
280 341
280 476
280 477
280 479
280 480
280 481
280 482
280 484
280 485
280 487
280 488
280 491
280 492
280 493
281 283
281 284
281 285
281 286
281 287
281 288
281 289
281 291
281 292
281 294
281 296
281 323
281 324
281 325
281 326
281 328
281 329
281 330
281 331
281 332
281 333
281 334
281 335
281 336
281 338
281 340
281 341
281 479
281 480
281 482
281 484
281 489
282 283
282 284
282 286
282 287
282 290
282 292
282 293
282 294
282 295
282 296
282 297
282 298
282 299
282 300
282 323
282 324
282 325
282 326
282 327
282 329
282 330
282 332
282 333
282 334
282 335
282 336
282 337
282 338
282 341
282 342
282 481
282 483
282 484
282 485
282 487
282 488
282 489
282 490
282 491
282 492
283 284
283 285
283 286
283 287
283 288
283 289
283 290
283 291
283 292
283 294
283 295
283 296
283 297
283 299
283 300
283 324
283 325
283 328
283 329
283 332
283 333
283 335
283 336
283 337
283 338
283 341
283 477
283 478
283 479
283 481
283 482
283 483
283 484
283 486
283 487
283 488
283 490
283 491
283 492
283 494
284 285
284 286
284 287
284 288
284 289
284 291
284 293
284 294
284 295
284 297
284 298
284 299
284 300
284 323
284 324
284 326
284 328
284 329
284 330
284 332
284 333
284 334
284 335
284 336
284 337
284 338
284 339
284 341
284 475
284 477
284 478
284 479
284 482
284 483
284 484
284 486
284 487
284 488
284 489
284 490
284 492
284 493
285 286
285 287
285 288
285 289
285 290
285 291
285 292
285 293
285 296
285 297
285 298
285 320
285 321
285 324
285 327
285 328
285 329
285 330
285 331
285 332
285 333
285 334
285 335
285 336
285 337
285 338
285 339
285 340
285 341
285 343
285 476
285 477
285 478
285 480
285 481
285 483
285 484
285 485
285 486
285 487
285 488
285 489
285 490
285 491
285 492
286 288
286 289
286 290
286 291
286 292
286 293
286 295
286 296
286 297
286 298
286 299
286 323
286 327
286 328
286 330
286 331
286 332
286 333
286 335
286 337
286 338
286 340
286 341
286 477
286 478
286 479
286 480
286 483
286 484
286 485
286 486
286 487
286 488
286 489
286 490
286 491
286 492
286 493
287 288
287 289
287 290
287 291
287 292
287 293
287 294
287 295
287 296
287 297
287 298
287 300
287 324
287 325
287 327
287 328
287 329
287 330
287 331
287 332
287 333
287 334
287 335
287 336
287 337
287 338
287 340
287 341
287 477
287 478
287 479
287 481
287 482
287 483
287 484
287 485
287 486
287 487
287 488
287 489
287 490
287 491
287 492
288 289
288 290
288 291
288 292
288 293
288 294
288 296
288 298
288 299
288 300
288 324
288 326
288 327
288 328
288 329
288 331
288 332
288 333
288 334
288 335
288 336
288 337
288 338
288 339
288 340
288 341
288 342
288 343
288 477
288 478
288 479
288 480
288 481
288 482
288 483
288 485
288 486
288 487
288 488
288 489
288 490
288 491
288 492
288 493
289 290
289 291
289 292
289 293
289 294
289 296
289 299
289 300
289 319
289 323
289 325
289 326
289 327
289 328
289 330
289 331
289 332
289 333
289 334
289 335
289 336
289 337
289 338
289 339
289 340
289 341
289 476
289 481
289 483
289 484
289 485
289 486
289 487
289 488
289 489
289 491
289 492
289 493
290 291
290 292
290 293
290 294
290 295
290 296
290 297
290 298
290 299
290 300
290 322
290 324
290 325
290 328
290 329
290 331
290 332
290 333
290 334
290 335
290 336
290 337
290 338
290 339
290 340
290 341
290 480
290 481
290 482
290 483
290 484
290 485
290 486
290 488
290 489
290 490
290 491
290 492
291 292
291 293
291 294
291 296
291 297
291 300
291 301
291 302
291 325
291 327
291 328
291 330
291 331
291 332
291 333
291 334
291 335
291 336
291 337
291 338
291 339
291 340
291 341
291 474
291 477
291 478
291 481
291 482
291 483
291 484
291 485
291 486
291 487
291 488
291 490
291 491
291 492
291 493
291 495
292 293
292 295
292 297
292 298
292 299
292 300
292 320
292 321
292 323
292 324
292 325
292 327
292 328
292 329
292 330
292 331
292 332
292 333
292 334
292 335
292 336
292 337
292 338
292 339
292 340
292 341
292 476
292 477
292 479
292 481
292 483
292 484
292 485
292 486
292 487
292 488
292 489
292 490
292 491
293 294
293 297
293 299
293 321
293 324
293 325
293 328
293 331
293 332
293 333
293 335
293 336
293 337
293 338
293 339
293 340
293 341
293 342
293 343
293 476
293 477
293 478
293 479
293 480
293 481
293 482
293 483
293 484
293 485
293 486
293 487
293 488
293 489
293 490
293 491
293 492
293 493
294 297
294 298
294 299
294 326
294 327
294 328
294 329
294 330
294 331
294 333
294 335
294 336
294 337
294 338
294 339
294 340
294 341
294 342
294 474
294 477
294 479
294 480
294 481
294 482
294 484
294 486
294 487
294 488
294 489
294 491
294 492
294 494
295 298
295 301
295 322
295 324
295 325
295 326
295 327
295 328
295 332
295 335
295 336
295 339
295 340
295 344
295 476
295 479
295 480
295 481
295 484
295 485
295 486
295 487
295 488
295 489
295 490
295 491
295 492
296 298
296 321
296 323
296 326
296 329
296 330
296 331
296 332
296 333
296 334
296 335
296 336
296 337
296 339
296 340
296 341
296 342
296 480
296 481
296 484
296 486
296 487
296 488
296 489
296 490
296 492
297 298
297 299
297 300
297 301
297 321
297 323
297 324
297 325
297 327
297 328
297 329
297 330
297 332
297 333
297 334
297 336
297 337
297 339
297 340
297 341
297 475
297 478
297 480
297 482
297 483
297 484
297 485
297 486
297 487
297 491
297 496
298 299
298 326
298 327
298 330
298 331
298 332
298 333
298 334
298 336
298 338
298 339
298 340
298 341
298 342
298 474
298 476
298 478
298 479
298 480
298 481
298 484
298 485
298 486
298 487
298 488
298 489
298 492
298 493
299 300
299 322
299 325
299 326
299 328
299 329
299 330
299 332
299 334
299 335
299 336
299 338
299 339
299 340
299 341
299 343
299 478
299 481
299 482
299 483
299 485
299 486
299 487
299 488
299 489
299 490
299 491
300 322
300 324
300 326
300 327
300 330
300 331
300 332
300 333
300 334
300 335
300 337
300 338
300 339
300 340
300 341
300 342
300 477
300 478
300 481
300 482
300 484
300 485
300 486
300 487
300 488
300 489
300 490
301 330
301 334
301 480
301 484
301 490
301 491
302 330
302 334
319 478
320 332
320 338
320 476
320 477
320 489
321 322
321 330
321 331
321 332
321 334
321 337
321 338
321 487
321 491
321 492
322 323
322 325
322 327
322 331
322 332
322 339
322 490
322 491
322 492
323 326
323 327
323 335
323 337
323 338
323 339
323 474
323 478
323 480
323 482
323 483
323 484
323 485
323 486
323 488
323 489
323 490
323 492
324 326
324 327
324 329
324 330
324 332
324 334
324 335
324 336
324 340
324 341
324 479
324 481
324 482
324 483
324 484
324 485
324 486
324 487
324 488
324 490
325 326
325 327
325 329
325 330
325 331
325 333
325 334
325 337
325 338
325 475
325 479
325 481
325 483
325 486
325 487
325 488
325 490
325 491
325 492
326 329
326 331
326 333
326 334
326 335
326 336
326 338
326 339
326 340
326 341
326 476
326 477
326 478
326 479
326 480
326 481
326 482
326 483
326 485
326 486
326 489
326 492
326 493
327 329
327 330
327 331
327 332
327 333
327 334
327 335
327 336
327 338
327 339
327 340
327 341
327 342
327 478
327 479
327 480
327 481
327 483
327 485
327 486
327 487
327 488
327 489
327 490
327 492
328 331
328 333
328 336
328 337
328 339
328 340
328 341
328 477
328 478
328 479
328 480
328 481
328 482
328 483
328 484
328 485
328 486
328 487
328 488
328 489
328 490
328 491
329 330
329 331
329 332
329 333
329 334
329 335
329 336
329 337
329 338
329 340
329 341
329 475
329 478
329 479
329 480
329 481
329 482
329 484
329 485
329 486
329 487
329 488
329 489
329 490
329 491
329 492
330 331
330 332
330 333
330 334
330 335
330 336
330 338
330 339
330 340
330 341
330 480
330 481
330 483
330 484
330 485
330 486
330 487
330 488
330 489
330 490
330 491
330 492
331 333
331 334
331 335
331 336
331 337
331 338
331 339
331 340
331 341
331 475
331 478
331 480
331 481
331 482
331 483
331 484
331 485
331 487
331 488
331 489
331 490
331 491
331 492
332 334
332 335
332 336
332 337
332 338
332 339
332 341
332 342
332 477
332 479
332 482
332 483
332 484
332 485
332 486
332 487
332 488
332 489
332 490
332 491
332 492
333 334
333 335
333 336
333 337
333 338
333 339
333 340
333 341
333 477
333 478
333 480
333 481
333 482
333 483
333 485
333 486
333 487
333 488
333 489
333 490
333 491
334 335
334 336
334 337
334 338
334 339
334 340
334 341
334 342
334 475
334 478
334 480
334 481
334 482
334 483
334 484
334 486
334 487
334 488
334 489
334 490
334 491
334 492
334 493
334 495
335 336
335 338
335 339
335 340
335 341
335 474
335 478
335 479
335 480
335 481
335 482
335 483
335 484
335 485
335 486
335 487
335 488
335 489
335 490
335 491
335 492
336 337
336 338
336 339
336 340
336 341
336 342
336 344
336 474
336 478
336 480
336 481
336 484
336 485
336 486
336 487
336 488
336 489
336 490
336 491
336 492
337 338
337 339
337 340
337 341
337 342
337 474
337 477
337 478
337 479
337 480
337 481
337 483
337 484
337 485
337 486
337 487
337 488
337 489
337 490
337 491
337 492
337 493
337 494
338 339
338 340
338 341
338 477
338 478
338 479
338 480
338 482
338 484
338 485
338 486
338 487
338 488
338 489
338 490
338 491
338 492
338 493
339 340
339 341
339 342
339 473
339 478
339 479
339 483
339 484
339 485
339 486
339 487
339 488
339 489
339 490
339 491
339 492
339 493
340 341
340 342
340 475
340 479
340 480
340 481
340 482
340 484
340 485
340 486
340 487
340 488
340 489
340 490
340 491
340 492
341 342
341 475
341 477
341 479
341 480
341 481
341 482
341 483
341 484
341 485
341 486
341 487
341 488
341 489
341 490
341 491
341 492
342 481
342 482
342 485
342 488
342 489
342 490
342 491
349 446
425 491
432 486
473 479
474 476
474 477
474 482
474 491
474 492
474 493
475 478
475 490
475 491
476 481
476 482
476 487
476 490
477 478
477 480
477 481
477 484
477 486
477 487
477 490
478 480
478 481
478 483
478 484
478 486
478 488
478 489
478 490
478 491
478 492
479 480
479 481
479 482
479 483
479 484
479 485
479 487
479 489
479 490
479 491
479 492
480 481
480 482
480 485
480 486
480 490
480 491
480 492
480 493
481 482
481 483
481 484
481 485
481 486
481 488
481 489
481 490
481 491
481 492
482 483
482 484
482 485
482 486
482 487
482 488
482 489
482 490
482 491
482 492
483 484
483 485
483 486
483 487
483 488
483 489
483 490
483 491
483 492
484 485
484 489
484 490
484 491
484 492
485 487
485 488
485 489
485 491
485 492
486 487
486 488
486 489
486 490
486 491
486 492
487 488
487 489
487 491
487 492
487 493
488 489
488 490
488 491
488 492
488 493
489 490
489 491
489 492
489 493
490 491
490 492
490 493
491 492
491 493
493 494
