1 360
2 370
6 56
7 318
15 366
29 371
30 79
30 274
30 364
30 365
31 76
31 349
31 371
32 138
32 372
33 373
34 175
40 172
41 374
51 73
51 360
52 369
52 372
52 373
53 369
53 371
53 372
54 75
54 87
54 368
54 371
54 372
55 63
55 73
55 134
55 149
55 197
55 243
55 246
55 302
55 307
55 350
55 351
55 352
55 354
55 363
55 369
55 372
55 373
56 71
56 83
56 87
56 133
56 154
56 166
56 169
56 183
56 186
56 187
56 189
56 190
56 209
56 211
56 213
56 217
56 240
56 244
56 248
56 272
56 276
56 294
56 342
56 343
56 362
56 364
56 365
56 368
56 389
56 390
57 58
57 63
57 68
57 70
57 76
57 78
57 82
57 84
57 86
57 127
57 129
57 150
57 154
57 155
57 156
57 157
57 170
57 171
57 184
57 185
57 189
57 192
57 197
57 201
57 207
57 208
57 209
57 210
57 212
57 242
57 247
57 248
57 273
57 274
57 276
57 295
57 296
57 297
57 298
57 302
57 303
57 305
57 309
57 338
57 341
57 345
57 353
57 354
57 359
57 364
57 368
57 370
57 372
57 392
57 394
57 395
58 61
58 65
58 69
58 72
58 75
58 77
58 87
58 127
58 132
58 147
58 148
58 151
58 157
58 160
58 167
58 168
58 170
58 171
58 184
58 186
58 189
58 191
58 199
58 201
58 202
58 203
58 204
58 209
58 214
58 217
58 219
58 242
58 245
58 248
58 269
58 274
58 277
58 295
58 297
58 298
58 300
58 301
58 303
58 305
58 307
58 312
58 341
58 344
58 347
58 349
58 357
58 359
58 364
58 366
58 369
58 392
58 393
58 394
59 61
59 63
59 67
59 73
59 75
59 76
59 78
59 80
59 82
59 127
59 132
59 133
59 134
59 148
59 149
59 150
59 151
59 152
59 153
59 155
59 156
59 157
59 161
59 162
59 165
59 166
59 167
59 173
59 184
59 185
59 186
59 188
59 189
59 191
59 194
59 195
59 196
59 200
59 201
59 202
59 203
59 204
59 208
59 211
59 217
59 219
59 220
59 240
59 247
59 248
59 249
59 268
59 270
59 271
59 272
59 273
59 274
59 277
59 278
59 280
59 295
59 297
59 298
59 299
59 302
59 303
59 304
59 305
59 306
59 307
59 310
59 311
59 338
59 343
59 347
59 348
59 349
59 350
59 351
59 354
59 355
59 356
59 361
59 362
59 365
59 369
59 371
59 372
59 373
59 392
59 394
60 63
60 64
60 65
60 68
60 70
60 71
60 75
60 76
60 77
60 78
60 79
60 80
60 82
60 84
60 132
60 134
60 149
60 151
60 153
60 154
60 156
60 158
60 159
60 161
60 163
60 164
60 165
60 167
60 170
60 171
60 173
60 185
60 187
60 189
60 192
60 194
60 195
60 198
60 209
60 210
60 214
60 217
60 219
60 242
60 243
60 244
60 245
60 246
60 268
60 271
60 272
60 273
60 295
60 296
60 297
60 298
60 299
60 300
60 301
60 302
60 303
60 304
60 305
60 308
60 309
60 342
60 348
60 349
60 353
60 354
60 355
60 357
60 360
60 361
60 362
60 365
60 366
60 370
60 372
60 373
60 389
60 393
60 394
60 395
61 64
61 65
61 66
61 67
61 68
61 69
61 70
61 71
61 73
61 74
61 75
61 76
61 78
61 79
61 81
61 82
61 86
61 87
61 129
61 132
61 134
61 147
61 154
61 155
61 156
61 158
61 159
61 160
61 163
61 166
61 171
61 172
61 174
61 187
61 188
61 190
61 191
61 193
61 194
61 197
61 198
61 199
61 200
61 201
61 203
61 208
61 209
61 210
61 212
61 214
61 216
61 217
61 244
61 245
61 247
61 248
61 249
61 269
61 270
61 272
61 273
61 274
61 275
61 276
61 277
61 296
61 297
61 298
61 300
61 301
61 303
61 304
61 305
61 306
61 309
61 311
61 342
61 343
61 344
61 347
61 348
61 352
61 353
61 355
61 357
61 359
61 360
61 361
61 362
61 366
61 368
61 371
61 372
61 388
61 390
61 391
61 392
61 394
62 63
62 65
62 66
62 67
62 69
62 70
62 71
62 73
62 74
62 75
62 77
62 80
62 81
62 82
62 85
62 87
62 130
62 132
62 133
62 151
62 152
62 153
62 155
62 156
62 157
62 158
62 159
62 160
62 166
62 167
62 168
62 169
62 171
62 172
62 186
62 187
62 189
62 190
62 194
62 195
62 197
62 198
62 200
62 201
62 202
62 203
62 204
62 207
62 210
62 211
62 212
62 215
62 216
62 217
62 220
62 244
62 245
62 246
62 271
62 272
62 274
62 275
62 277
62 278
62 301
62 302
62 303
62 304
62 305
62 307
62 310
62 311
62 338
62 340
62 342
62 343
62 344
62 345
62 346
62 348
62 349
62 351
62 352
62 353
62 355
62 356
62 358
62 359
62 360
62 361
62 363
62 364
62 365
62 367
62 369
62 370
62 372
62 373
62 388
62 394
63 65
63 66
63 67
63 68
63 69
63 70
63 72
63 73
63 74
63 75
63 76
63 77
63 78
63 79
63 80
63 81
63 82
63 83
63 84
63 85
63 86
63 87
63 128
63 129
63 131
63 132
63 133
63 134
63 147
63 152
63 153
63 154
63 155
63 156
63 157
63 158
63 159
63 162
63 163
63 164
63 165
63 166
63 167
63 168
63 169
63 170
63 172
63 173
63 188
63 189
63 190
63 191
63 193
63 194
63 195
63 197
63 198
63 199
63 200
63 201
63 203
63 208
63 210
63 211
63 214
63 215
63 216
63 217
63 218
63 219
63 243
63 245
63 247
63 249
63 269
63 270
63 271
63 272
63 275
63 276
63 277
63 299
63 301
63 302
63 304
63 305
63 311
63 337
63 338
63 339
63 344
63 345
63 346
63 347
63 348
63 349
63 350
63 351
63 352
63 353
63 354
63 356
63 357
63 359
63 360
63 361
63 362
63 364
63 365
63 366
63 368
63 369
63 371
63 372
63 389
63 394
64 66
64 67
64 69
64 70
64 71
64 74
64 75
64 77
64 79
64 81
64 82
64 83
64 85
64 86
64 88
64 129
64 131
64 132
64 147
64 149
64 151
64 154
64 155
64 156
64 158
64 159
64 160
64 161
64 162
64 163
64 164
64 165
64 166
64 167
64 168
64 169
64 170
64 171
64 172
64 173
64 182
64 184
64 187
64 188
64 189
64 190
64 193
64 195
64 196
64 201
64 202
64 203
64 204
64 210
64 211
64 213
64 215
64 216
64 217
64 218
64 219
64 221
64 240
64 244
64 246
64 247
64 249
64 269
64 270
64 272
64 273
64 274
64 275
64 276
64 277
64 294
64 296
64 300
64 302
64 304
64 305
64 311
64 312
64 313
64 337
64 338
64 341
64 342
64 343
64 344
64 345
64 346
64 347
64 348
64 349
64 350
64 352
64 353
64 354
64 355
64 357
64 359
64 360
64 361
64 362
64 363
64 364
64 365
64 366
64 367
64 368
64 369
64 371
64 372
64 373
64 389
64 393
64 394
65 66
65 67
65 69
65 70
65 71
65 72
65 73
65 74
65 75
65 77
65 78
65 79
65 80
65 81
65 82
65 83
65 84
65 85
65 86
65 87
65 126
65 129
65 130
65 132
65 150
65 153
65 156
65 157
65 158
65 159
65 160
65 161
65 162
65 163
65 164
65 165
65 166
65 167
65 168
65 169
65 170
65 172
65 173
65 184
65 185
65 188
65 190
65 191
65 192
65 194
65 196
65 197
65 199
65 200
65 201
65 202
65 203
65 204
65 213
65 214
65 215
65 217
65 218
65 219
65 220
65 221
65 242
65 245
65 246
65 247
65 248
65 266
65 270
65 271
65 272
65 273
65 274
65 275
65 276
65 277
65 297
65 298
65 299
65 300
65 301
65 302
65 303
65 304
65 305
65 306
65 307
65 308
65 309
65 310
65 311
65 342
65 344
65 345
65 346
65 347
65 348
65 352
65 353
65 354
65 355
65 356
65 357
65 358
65 359
65 360
65 361
65 362
65 364
65 365
65 366
65 367
65 368
65 369
65 370
65 371
65 372
65 385
65 392
65 393
65 395
65 396
66 67
66 68
66 69
66 70
66 71
66 72
66 73
66 74
66 75
66 76
66 77
66 78
66 79
66 81
66 82
66 83
66 84
66 85
66 86
66 87
66 97
66 128
66 130
66 131
66 133
66 134
66 146
66 149
66 150
66 153
66 155
66 156
66 157
66 158
66 159
66 161
66 162
66 163
66 164
66 165
66 166
66 167
66 168
66 169
66 170
66 171
66 172
66 173
66 183
66 184
66 185
66 188
66 189
66 193
66 194
66 195
66 196
66 197
66 198
66 199
66 200
66 201
66 202
66 203
66 204
66 208
66 210
66 211
66 213
66 214
66 216
66 217
66 218
66 219
66 220
66 221
66 242
66 244
66 245
66 246
66 248
66 249
66 271
66 272
66 274
66 275
66 276
66 277
66 296
66 300
66 301
66 302
66 303
66 304
66 305
66 306
66 307
66 308
66 309
66 311
66 312
66 338
66 343
66 344
66 346
66 347
66 349
66 350
66 351
66 352
66 353
66 354
66 355
66 356
66 358
66 359
66 361
66 362
66 363
66 364
66 365
66 366
66 367
66 368
66 369
66 370
66 372
66 373
66 391
66 393
66 394
66 411
67 68
67 69
67 70
67 71
67 72
67 74
67 75
67 76
67 77
67 78
67 79
67 80
67 81
67 82
67 83
67 84
67 85
67 86
67 87
67 88
67 129
67 130
67 132
67 133
67 149
67 153
67 154
67 155
67 156
67 157
67 158
67 159
67 160
67 162
67 163
67 164
67 165
67 166
67 167
67 168
67 169
67 170
67 171
67 172
67 173
67 185
67 186
67 187
67 189
67 190
67 191
67 192
67 193
67 194
67 195
67 196
67 197
67 199
67 200
67 201
67 202
67 203
67 204
67 208
67 209
67 210
67 212
67 214
67 215
67 216
67 217
67 218
67 219
67 240
67 242
67 245
67 246
67 247
67 248
67 266
67 270
67 271
67 275
67 277
67 298
67 300
67 301
67 302
67 303
67 305
67 306
67 307
67 308
67 309
67 310
67 311
67 340
67 341
67 342
67 343
67 344
67 345
67 346
67 349
67 350
67 351
67 352
67 353
67 354
67 355
67 356
67 357
67 358
67 359
67 360
67 361
67 362
67 363
67 364
67 365
67 366
67 367
67 368
67 369
67 370
67 371
67 372
67 373
67 390
67 391
67 393
67 395
67 412
68 69
68 70
68 71
68 72
68 73
68 74
68 75
68 76
68 77
68 78
68 79
68 80
68 81
68 82
68 83
68 84
68 85
68 86
68 87
68 126
68 128
68 149
68 152
68 153
68 154
68 156
68 157
68 158
68 159
68 160
68 161
68 162
68 163
68 164
68 165
68 166
68 167
68 168
68 169
68 170
68 171
68 172
68 173
68 182
68 185
68 187
68 188
68 189
68 190
68 191
68 193
68 194
68 195
68 196
68 197
68 198
68 199
68 200
68 201
68 202
68 203
68 204
68 206
68 211
68 214
68 215
68 216
68 217
68 218
68 219
68 244
68 245
68 246
68 247
68 248
68 269
68 270
68 272
68 273
68 274
68 275
68 276
68 277
68 278
68 299
68 300
68 302
68 303
68 304
68 305
68 307
68 308
68 309
68 310
68 338
68 339
68 341
68 342
68 343
68 344
68 345
68 346
68 347
68 348
68 349
68 351
68 352
68 353
68 355
68 356
68 357
68 358
68 359
68 360
68 361
68 362
68 363
68 364
68 365
68 366
68 367
68 368
68 369
68 370
68 371
68 372
68 373
68 393
68 394
68 395
69 70
69 71
69 72
69 73
69 74
69 75
69 76
69 77
69 78
69 79
69 80
69 81
69 82
69 83
69 84
69 85
69 86
69 87
69 130
69 132
69 133
69 134
69 149
69 152
69 153
69 155
69 156
69 159
69 160
69 161
69 162
69 163
69 164
69 165
69 166
69 167
69 168
69 169
69 170
69 171
69 172
69 173
69 174
69 183
69 186
69 191
69 192
69 193
69 194
69 195
69 196
69 197
69 198
69 199
69 200
69 201
69 202
69 203
69 204
69 205
69 211
69 212
69 213
69 214
69 215
69 216
69 217
69 218
69 220
69 243
69 244
69 246
69 268
69 269
69 272
69 273
69 274
69 276
69 277
69 296
69 297
69 300
69 301
69 302
69 303
69 304
69 305
69 306
69 307
69 308
69 309
69 310
69 312
69 340
69 342
69 344
69 345
69 346
69 347
69 348
69 349
69 350
69 351
69 352
69 353
69 354
69 355
69 356
69 357
69 358
69 359
69 360
69 361
69 362
69 364
69 365
69 366
69 367
69 368
69 369
69 370
69 371
69 372
69 373
69 394
70 71
70 72
70 73
70 74
70 75
70 76
70 77
70 78
70 79
70 80
70 81
70 82
70 83
70 84
70 85
70 86
70 87
70 88
70 128
70 132
70 134
70 135
70 137
70 149
70 150
70 152
70 153
70 155
70 156
70 159
70 160
70 161
70 162
70 163
70 164
70 165
70 166
70 167
70 168
70 169
70 170
70 171
70 172
70 173
70 187
70 189
70 190
70 192
70 193
70 194
70 195
70 196
70 197
70 198
70 199
70 200
70 201
70 202
70 203
70 204
70 205
70 211
70 213
70 215
70 216
70 217
70 218
70 219
70 240
70 245
70 247
70 265
70 268
70 272
70 274
70 276
70 277
70 298
70 299
70 301
70 302
70 303
70 304
70 305
70 306
70 307
70 308
70 309
70 310
70 311
70 339
70 340
70 342
70 343
70 345
70 347
70 348
70 349
70 350
70 351
70 353
70 354
70 355
70 356
70 357
70 358
70 359
70 360
70 361
70 362
70 363
70 364
70 365
70 366
70 367
70 368
70 369
70 370
70 371
70 372
70 373
70 374
70 387
70 390
70 391
70 393
70 394
70 395
70 398
71 72
71 73
71 74
71 75
71 76
71 77
71 78
71 79
71 80
71 81
71 82
71 83
71 84
71 85
71 86
71 87
71 88
71 89
71 130
71 132
71 134
71 152
71 154
71 155
71 156
71 157
71 158
71 159
71 160
71 161
71 162
71 163
71 164
71 165
71 167
71 168
71 169
71 170
71 171
71 172
71 173
71 188
71 189
71 190
71 191
71 192
71 193
71 195
71 196
71 197
71 198
71 199
71 200
71 201
71 202
71 203
71 204
71 207
71 208
71 209
71 210
71 211
71 212
71 214
71 215
71 218
71 219
71 220
71 244
71 245
71 246
71 247
71 249
71 250
71 265
71 270
71 272
71 273
71 274
71 275
71 277
71 296
71 299
71 300
71 301
71 302
71 303
71 304
71 305
71 307
71 308
71 309
71 310
71 311
71 312
71 342
71 343
71 344
71 345
71 347
71 348
71 349
71 350
71 351
71 352
71 353
71 354
71 355
71 356
71 357
71 358
71 359
71 360
71 361
71 362
71 363
71 364
71 365
71 366
71 367
71 368
71 369
71 370
71 371
71 372
71 373
71 379
71 389
71 392
71 394
72 73
72 74
72 75
72 76
72 77
72 78
72 79
72 80
72 81
72 82
72 83
72 84
72 85
72 86
72 87
72 129
72 130
72 132
72 146
72 149
72 150
72 152
72 154
72 155
72 156
72 157
72 158
72 160
72 161
72 162
72 163
72 164
72 165
72 166
72 167
72 168
72 169
72 170
72 171
72 172
72 173
72 174
72 190
72 191
72 193
72 195
72 196
72 197
72 198
72 199
72 200
72 201
72 202
72 203
72 204
72 205
72 207
72 210
72 213
72 215
72 216
72 217
72 218
72 220
72 243
72 244
72 245
72 246
72 249
72 268
72 269
72 273
72 274
72 276
72 277
72 279
72 296
72 297
72 301
72 302
72 304
72 305
72 306
72 307
72 308
72 309
72 310
72 337
72 340
72 341
72 343
72 345
72 346
72 348
72 349
72 350
72 351
72 352
72 353
72 354
72 355
72 356
72 357
72 358
72 359
72 360
72 361
72 362
72 363
72 364
72 365
72 366
72 367
72 368
72 369
72 370
72 371
72 372
72 373
72 374
72 391
72 394
73 74
73 75
73 76
73 77
73 78
73 79
73 80
73 81
73 82
73 83
73 84
73 85
73 86
73 87
73 89
73 129
73 130
73 132
73 134
73 147
73 148
73 149
73 151
73 152
73 153
73 154
73 155
73 156
73 157
73 158
73 159
73 160
73 161
73 162
73 163
73 164
73 165
73 166
73 167
73 168
73 169
73 170
73 171
73 172
73 173
73 174
73 184
73 185
73 187
73 188
73 189
73 190
73 191
73 192
73 193
73 194
73 195
73 196
73 197
73 198
73 199
73 200
73 201
73 202
73 203
73 204
73 205
73 209
73 210
73 211
73 212
73 214
73 215
73 216
73 217
73 218
73 219
73 241
73 242
73 245
73 246
73 247
73 248
73 249
73 269
73 272
73 273
73 274
73 275
73 276
73 277
73 278
73 298
73 300
73 301
73 302
73 303
73 305
73 306
73 307
73 308
73 309
73 310
73 311
73 313
73 337
73 339
73 340
73 341
73 342
73 343
73 344
73 345
73 346
73 347
73 348
73 349
73 350
73 351
73 352
73 353
73 354
73 355
73 356
73 357
73 358
73 359
73 360
73 361
73 362
73 363
73 364
73 365
73 366
73 367
73 368
73 369
73 370
73 371
73 372
73 373
73 390
73 391
73 392
73 393
74 75
74 76
74 77
74 78
74 79
74 80
74 81
74 82
74 83
74 84
74 85
74 86
74 87
74 128
74 130
74 132
74 133
74 134
74 151
74 152
74 153
74 154
74 156
74 157
74 158
74 159
74 160
74 161
74 162
74 163
74 164
74 165
74 166
74 167
74 168
74 169
74 170
74 171
74 172
74 173
74 174
74 183
74 186
74 187
74 191
74 192
74 193
74 194
74 195
74 196
74 197
74 198
74 199
74 200
74 201
74 202
74 203
74 204
74 205
74 210
74 212
74 214
74 216
74 217
74 218
74 219
74 220
74 241
74 242
74 243
74 245
74 246
74 247
74 248
74 249
74 268
74 269
74 272
74 273
74 274
74 275
74 276
74 277
74 278
74 279
74 297
74 298
74 299
74 301
74 302
74 303
74 304
74 305
74 306
74 307
74 308
74 309
74 310
74 311
74 314
74 339
74 340
74 341
74 342
74 343
74 344
74 346
74 347
74 348
74 349
74 350
74 351
74 352
74 353
74 354
74 355
74 356
74 357
74 358
74 359
74 360
74 361
74 362
74 363
74 364
74 365
74 366
74 367
74 368
74 369
74 370
74 371
74 372
74 373
74 374
74 389
74 393
75 76
75 77
75 78
75 79
75 80
75 81
75 82
75 83
75 84
75 85
75 86
75 87
75 128
75 129
75 130
75 133
75 147
75 152
75 154
75 155
75 156
75 157
75 158
75 159
75 160
75 161
75 162
75 163
75 164
75 165
75 166
75 167
75 168
75 169
75 170
75 171
75 172
75 173
75 174
75 176
75 183
75 188
75 190
75 191
75 192
75 193
75 194
75 195
75 196
75 197
75 198
75 199
75 200
75 201
75 202
75 203
75 204
75 205
75 209
75 211
75 212
75 213
75 214
75 216
75 217
75 218
75 219
75 241
75 244
75 245
75 246
75 248
75 250
75 268
75 271
75 272
75 273
75 274
75 276
75 277
75 278
75 279
75 281
75 297
75 299
75 300
75 301
75 302
75 303
75 304
75 305
75 308
75 309
75 310
75 339
75 340
75 341
75 342
75 343
75 345
75 346
75 347
75 348
75 349
75 351
75 352
75 353
75 354
75 355
75 356
75 357
75 358
75 359
75 360
75 361
75 362
75 363
75 364
75 365
75 366
75 367
75 368
75 369
75 370
75 371
75 372
75 373
75 378
75 379
75 391
75 392
75 393
75 395
76 77
76 78
76 79
76 80
76 81
76 82
76 83
76 84
76 85
76 86
76 87
76 133
76 151
76 152
76 153
76 154
76 155
76 156
76 157
76 158
76 159
76 160
76 161
76 162
76 163
76 164
76 165
76 166
76 167
76 168
76 169
76 170
76 171
76 172
76 173
76 174
76 186
76 187
76 188
76 190
76 192
76 193
76 194
76 196
76 197
76 198
76 199
76 200
76 201
76 202
76 203
76 204
76 205
76 209
76 212
76 213
76 214
76 215
76 217
76 218
76 219
76 220
76 242
76 244
76 245
76 246
76 247
76 248
76 267
76 271
76 273
76 274
76 275
76 276
76 279
76 282
76 299
76 301
76 302
76 304
76 305
76 306
76 307
76 309
76 310
76 311
76 312
76 337
76 340
76 341
76 342
76 344
76 345
76 346
76 348
76 349
76 350
76 351
76 352
76 353
76 354
76 355
76 356
76 357
76 358
76 359
76 360
76 361
76 362
76 363
76 364
76 365
76 366
76 367
76 368
76 369
76 370
76 371
76 372
76 373
76 392
76 393
76 394
76 395
76 396
76 412
77 78
77 79
77 80
77 81
77 82
77 83
77 84
77 85
77 86
77 87
77 88
77 129
77 132
77 133
77 134
77 145
77 150
77 154
77 155
77 156
77 157
77 158
77 159
77 160
77 161
77 162
77 163
77 164
77 165
77 166
77 167
77 168
77 169
77 170
77 171
77 172
77 173
77 184
77 185
77 187
77 189
77 190
77 191
77 192
77 193
77 194
77 195
77 196
77 197
77 198
77 199
77 200
77 201
77 202
77 203
77 204
77 208
77 209
77 212
77 213
77 214
77 215
77 216
77 217
77 218
77 220
77 243
77 244
77 245
77 246
77 247
77 249
77 266
77 270
77 271
77 273
77 275
77 276
77 277
77 296
77 299
77 300
77 302
77 303
77 304
77 305
77 307
77 308
77 309
77 310
77 311
77 315
77 338
77 341
77 342
77 343
77 344
77 345
77 346
77 347
77 348
77 350
77 351
77 352
77 353
77 354
77 355
77 356
77 357
77 358
77 359
77 360
77 361
77 362
77 363
77 364
77 365
77 366
77 367
77 368
77 369
77 370
77 371
77 372
77 373
77 374
77 380
77 395
77 396
78 79
78 80
78 81
78 82
78 83
78 84
78 85
78 86
78 87
78 129
78 130
78 132
78 133
78 136
78 148
78 151
78 153
78 154
78 155
78 156
78 157
78 158
78 159
78 160
78 161
78 162
78 163
78 164
78 165
78 166
78 167
78 168
78 169
78 170
78 171
78 172
78 173
78 184
78 186
78 188
78 189
78 191
78 192
78 194
78 196
78 197
78 198
78 199
78 200
78 201
78 202
78 203
78 204
78 205
78 212
78 214
78 215
78 216
78 217
78 218
78 219
78 220
78 244
78 246
78 247
78 248
78 271
78 272
78 273
78 274
78 275
78 277
78 297
78 298
78 299
78 300
78 301
78 302
78 304
78 305
78 306
78 307
78 308
78 309
78 310
78 337
78 342
78 344
78 345
78 346
78 347
78 348
78 349
78 350
78 351
78 352
78 353
78 354
78 355
78 356
78 357
78 358
78 359
78 360
78 361
78 362
78 363
78 364
78 365
78 366
78 367
78 368
78 369
78 370
78 371
78 372
78 373
78 374
78 394
78 395
79 80
79 81
79 82
79 83
79 84
79 85
79 86
79 87
79 126
79 134
79 148
79 151
79 152
79 154
79 155
79 156
79 157
79 158
79 159
79 160
79 161
79 162
79 163
79 164
79 165
79 166
79 167
79 168
79 169
79 170
79 171
79 172
79 173
79 184
79 185
79 187
79 188
79 190
79 191
79 193
79 194
79 195
79 196
79 197
79 198
79 200
79 201
79 202
79 203
79 204
79 205
79 210
79 211
79 213
79 214
79 216
79 217
79 218
79 219
79 242
79 245
79 247
79 248
79 249
79 272
79 274
79 275
79 276
79 277
79 297
79 300
79 302
79 303
79 304
79 306
79 307
79 308
79 309
79 310
79 311
79 337
79 338
79 339
79 342
79 344
79 345
79 346
79 347
79 348
79 349
79 350
79 351
79 352
79 353
79 354
79 355
79 356
79 357
79 358
79 359
79 360
79 361
79 362
79 363
79 364
79 365
79 366
79 367
79 368
79 369
79 370
79 371
79 372
79 373
79 388
79 389
79 391
79 392
79 393
79 394
80 81
80 82
80 83
80 84
80 85
80 86
80 87
80 131
80 132
80 133
80 134
80 146
80 151
80 152
80 154
80 155
80 157
80 158
80 159
80 160
80 162
80 163
80 164
80 165
80 166
80 167
80 168
80 169
80 170
80 171
80 172
80 173
80 174
80 182
80 185
80 186
80 187
80 188
80 189
80 190
80 191
80 192
80 193
80 194
80 195
80 196
80 197
80 198
80 199
80 200
80 201
80 202
80 203
80 204
80 205
80 210
80 212
80 213
80 214
80 215
80 216
80 217
80 219
80 243
80 245
80 247
80 248
80 250
80 266
80 270
80 272
80 273
80 274
80 275
80 276
80 277
80 299
80 303
80 304
80 305
80 306
80 307
80 308
80 310
80 311
80 338
80 339
80 340
80 341
80 342
80 343
80 344
80 345
80 346
80 347
80 348
80 349
80 350
80 351
80 352
80 353
80 354
80 355
80 356
80 357
80 358
80 359
80 360
80 361
80 362
80 363
80 364
80 365
80 366
80 367
80 368
80 369
80 370
80 371
80 372
80 373
80 374
80 390
80 391
80 394
80 395
81 82
81 83
81 84
81 85
81 86
81 87
81 129
81 131
81 132
81 149
81 151
81 152
81 153
81 154
81 155
81 156
81 157
81 158
81 159
81 160
81 161
81 162
81 163
81 164
81 165
81 166
81 167
81 168
81 169
81 170
81 171
81 172
81 173
81 174
81 185
81 187
81 191
81 192
81 193
81 194
81 195
81 196
81 197
81 198
81 199
81 200
81 201
81 202
81 203
81 204
81 205
81 206
81 209
81 210
81 213
81 214
81 215
81 216
81 217
81 218
81 219
81 224
81 240
81 242
81 245
81 246
81 247
81 248
81 269
81 270
81 271
81 273
81 274
81 276
81 278
81 295
81 296
81 299
81 300
81 301
81 302
81 303
81 304
81 305
81 306
81 307
81 308
81 309
81 310
81 311
81 314
81 339
81 342
81 343
81 344
81 345
81 346
81 347
81 348
81 349
81 350
81 351
81 352
81 353
81 354
81 355
81 356
81 357
81 358
81 359
81 360
81 361
81 362
81 363
81 364
81 365
81 366
81 367
81 368
81 369
81 370
81 371
81 372
81 373
81 374
81 391
81 392
81 394
82 83
82 84
82 85
82 86
82 87
82 95
82 126
82 129
82 133
82 134
82 150
82 151
82 152
82 154
82 156
82 157
82 158
82 159
82 160
82 161
82 162
82 163
82 164
82 165
82 166
82 167
82 168
82 169
82 170
82 171
82 172
82 173
82 174
82 183
82 187
82 192
82 193
82 194
82 195
82 196
82 197
82 198
82 199
82 200
82 201
82 202
82 203
82 204
82 205
82 208
82 211
82 212
82 214
82 215
82 216
82 217
82 219
82 220
82 221
82 243
82 245
82 246
82 247
82 249
82 267
82 270
82 271
82 272
82 273
82 274
82 275
82 276
82 277
82 279
82 294
82 298
82 300
82 301
82 302
82 303
82 304
82 307
82 308
82 309
82 310
82 337
82 339
82 341
82 342
82 343
82 344
82 345
82 347
82 349
82 350
82 351
82 352
82 353
82 354
82 355
82 356
82 357
82 358
82 359
82 360
82 361
82 362
82 363
82 364
82 365
82 366
82 367
82 368
82 369
82 370
82 371
82 372
82 373
82 389
82 391
82 392
82 393
82 395
82 396
82 397
82 412
83 84
83 85
83 86
83 87
83 88
83 130
83 132
83 133
83 135
83 152
83 153
83 154
83 156
83 157
83 158
83 159
83 160
83 161
83 162
83 163
83 164
83 165
83 166
83 167
83 168
83 169
83 170
83 171
83 172
83 173
83 174
83 186
83 191
83 192
83 193
83 195
83 196
83 197
83 198
83 199
83 200
83 201
83 202
83 203
83 204
83 205
83 208
83 210
83 213
83 214
83 216
83 218
83 219
83 220
83 241
83 244
83 246
83 247
83 250
83 269
83 274
83 275
83 276
83 277
83 297
83 299
83 300
83 301
83 302
83 303
83 304
83 305
83 306
83 307
83 308
83 309
83 310
83 311
83 312
83 341
83 342
83 343
83 344
83 346
83 347
83 348
83 349
83 350
83 351
83 352
83 353
83 354
83 355
83 356
83 357
83 358
83 359
83 360
83 361
83 362
83 363
83 364
83 365
83 366
83 367
83 368
83 369
83 370
83 371
83 372
83 373
83 374
83 389
83 390
83 391
83 393
83 394
83 395
83 396
84 85
84 86
84 87
84 88
84 126
84 129
84 133
84 134
84 135
84 136
84 147
84 149
84 151
84 152
84 153
84 154
84 155
84 156
84 157
84 158
84 159
84 160
84 161
84 162
84 163
84 164
84 165
84 166
84 167
84 168
84 169
84 170
84 171
84 172
84 173
84 174
84 186
84 188
84 189
84 190
84 191
84 192
84 193
84 194
84 195
84 196
84 197
84 198
84 199
84 200
84 201
84 202
84 203
84 204
84 205
84 212
84 215
84 216
84 217
84 218
84 219
84 220
84 241
84 245
84 246
84 247
84 248
84 268
84 269
84 270
84 271
84 272
84 273
84 274
84 275
84 276
84 277
84 297
84 298
84 299
84 300
84 301
84 302
84 303
84 304
84 305
84 306
84 308
84 309
84 310
84 311
84 338
84 339
84 341
84 342
84 344
84 346
84 348
84 349
84 350
84 351
84 352
84 353
84 354
84 355
84 356
84 357
84 358
84 359
84 360
84 361
84 362
84 363
84 364
84 365
84 366
84 367
84 368
84 369
84 370
84 371
84 372
84 373
84 391
84 393
84 395
84 411
85 86
85 87
85 88
85 128
85 129
85 130
85 131
85 132
85 135
85 145
85 149
85 150
85 152
85 153
85 154
85 155
85 156
85 157
85 158
85 159
85 160
85 161
85 162
85 163
85 164
85 165
85 166
85 167
85 168
85 169
85 170
85 171
85 172
85 173
85 174
85 185
85 188
85 190
85 192
85 193
85 194
85 195
85 196
85 197
85 198
85 199
85 200
85 201
85 202
85 203
85 204
85 206
85 210
85 211
85 213
85 214
85 215
85 217
85 218
85 219
85 220
85 221
85 248
85 249
85 269
85 270
85 271
85 272
85 273
85 276
85 277
85 278
85 279
85 280
85 295
85 298
85 301
85 303
85 304
85 305
85 307
85 309
85 310
85 311
85 340
85 341
85 343
85 344
85 345
85 346
85 347
85 348
85 349
85 350
85 351
85 352
85 353
85 354
85 355
85 356
85 357
85 358
85 359
85 360
85 361
85 362
85 363
85 364
85 365
85 366
85 367
85 368
85 369
85 370
85 371
85 372
85 373
85 374
85 390
85 393
86 87
86 88
86 89
86 128
86 129
86 131
86 132
86 134
86 149
86 151
86 152
86 153
86 154
86 155
86 156
86 157
86 159
86 160
86 161
86 162
86 163
86 164
86 165
86 166
86 167
86 168
86 169
86 170
86 171
86 172
86 173
86 174
86 185
86 186
86 187
86 188
86 189
86 193
86 194
86 195
86 197
86 198
86 199
86 200
86 201
86 202
86 203
86 204
86 205
86 210
86 212
86 213
86 214
86 215
86 216
86 217
86 218
86 219
86 220
86 242
86 244
86 245
86 246
86 247
86 248
86 249
86 266
86 269
86 270
86 271
86 273
86 275
86 276
86 298
86 299
86 300
86 303
86 304
86 305
86 306
86 308
86 309
86 311
86 339
86 340
86 341
86 342
86 343
86 344
86 345
86 346
86 347
86 348
86 349
86 350
86 351
86 352
86 353
86 354
86 355
86 356
86 357
86 358
86 359
86 360
86 361
86 362
86 363
86 364
86 365
86 366
86 367
86 368
86 369
86 370
86 371
86 372
86 373
86 389
86 394
86 395
87 88
87 129
87 130
87 131
87 132
87 133
87 148
87 149
87 150
87 151
87 152
87 153
87 154
87 155
87 156
87 157
87 158
87 159
87 160
87 161
87 162
87 163
87 164
87 165
87 166
87 167
87 168
87 169
87 170
87 171
87 172
87 173
87 189
87 190
87 191
87 195
87 196
87 197
87 198
87 199
87 200
87 201
87 202
87 203
87 204
87 209
87 210
87 211
87 212
87 214
87 216
87 217
87 218
87 241
87 242
87 243
87 245
87 247
87 248
87 269
87 271
87 272
87 273
87 274
87 275
87 276
87 277
87 278
87 296
87 297
87 298
87 299
87 301
87 302
87 303
87 305
87 306
87 307
87 308
87 309
87 310
87 311
87 338
87 340
87 342
87 345
87 346
87 347
87 348
87 349
87 350
87 351
87 352
87 353
87 354
87 355
87 356
87 357
87 358
87 359
87 360
87 361
87 362
87 363
87 364
87 365
87 366
87 367
87 368
87 369
87 370
87 371
87 372
87 373
87 374
87 392
87 393
87 394
87 396
88 126
88 149
88 158
88 159
88 165
88 166
88 167
88 168
88 169
88 170
88 171
88 173
88 202
88 203
88 211
88 212
88 213
88 218
88 222
88 276
88 278
88 300
88 304
88 305
88 306
88 307
88 308
88 340
88 352
88 353
88 355
88 359
88 360
88 361
88 362
88 363
88 364
88 365
88 367
88 368
88 369
88 370
88 371
88 372
88 373
88 374
89 169
89 337
89 366
89 367
89 368
89 369
89 370
89 371
89 372
89 373
90 172
90 368
90 369
90 370
90 372
90 374
90 375
91 283
91 310
91 374
92 239
92 251
100 373
100 437
101 284
101 374
106 369
106 370
107 371
107 372
108 372
112 156
113 173
114 167
114 347
114 366
114 371
115 371
115 372
125 157
126 129
126 132
126 155
126 170
126 173
126 195
126 197
126 212
126 269
126 274
126 275
126 298
126 303
126 340
126 349
126 353
126 359
126 393
127 130
127 132
127 133
127 146
127 154
127 156
127 158
127 171
127 173
127 183
127 189
127 192
127 194
127 198
127 201
127 206
127 213
127 246
127 247
127 248
127 296
127 306
127 344
127 351
127 353
127 355
127 360
127 363
127 366
127 368
127 374
127 392
127 395
128 132
128 133
128 134
128 150
128 152
128 153
128 159
128 162
128 164
128 166
128 168
128 172
128 173
128 191
128 194
128 199
128 203
128 208
128 209
128 211
128 212
128 213
128 214
128 216
128 245
128 246
128 249
128 270
128 294
128 298
128 299
128 304
128 307
128 309
128 343
128 345
128 350
128 357
128 359
128 362
128 369
128 370
128 393
128 395
129 146
129 147
129 149
129 150
129 151
129 157
129 169
129 170
129 185
129 188
129 190
129 191
129 193
129 194
129 196
129 198
129 201
129 203
129 207
129 209
129 211
129 216
129 219
129 241
129 242
129 244
129 245
129 246
129 247
129 248
129 270
129 275
129 277
129 295
129 298
129 302
129 304
129 306
129 338
129 347
129 348
129 351
129 355
129 358
129 359
129 362
129 367
129 368
129 372
129 391
129 394
130 131
130 150
130 152
130 153
130 154
130 159
130 161
130 164
130 168
130 169
130 184
130 188
130 190
130 191
130 192
130 193
130 195
130 199
130 200
130 208
130 209
130 210
130 211
130 215
130 217
130 220
130 221
130 242
130 244
130 245
130 249
130 270
130 273
130 295
130 296
130 297
130 301
130 303
130 308
130 309
130 310
130 336
130 338
130 339
130 341
130 342
130 343
130 345
130 349
130 350
130 351
130 353
130 355
130 356
130 357
130 358
130 359
130 360
130 366
130 368
130 373
130 389
130 395
131 132
131 133
131 148
131 150
131 152
131 154
131 155
131 157
131 161
131 162
131 165
131 166
131 167
131 169
131 170
131 171
131 172
131 173
131 186
131 187
131 190
131 193
131 194
131 195
131 196
131 197
131 201
131 211
131 213
131 214
131 217
131 218
131 219
131 244
131 245
131 246
131 247
131 248
131 249
131 266
131 268
131 269
131 271
131 272
131 273
131 275
131 276
131 296
131 298
131 300
131 302
131 304
131 305
131 308
131 310
131 311
131 337
131 339
131 340
131 341
131 343
131 344
131 345
131 347
131 350
131 351
131 352
131 354
131 356
131 357
131 358
131 359
131 365
131 366
131 367
131 369
131 370
131 372
131 373
131 390
131 393
131 395
132 134
132 148
132 152
132 154
132 155
132 160
132 164
132 165
132 166
132 167
132 168
132 169
132 173
132 186
132 187
132 188
132 189
132 190
132 191
132 193
132 194
132 196
132 198
132 199
132 200
132 203
132 204
132 208
132 212
132 213
132 214
132 215
132 216
132 217
132 218
132 246
132 247
132 248
132 249
132 268
132 269
132 273
132 275
132 276
132 277
132 302
132 303
132 304
132 306
132 307
132 308
132 311
132 337
132 342
132 343
132 344
132 345
132 346
132 348
132 349
132 350
132 351
132 353
132 354
132 355
132 357
132 358
132 360
132 361
132 362
132 365
132 368
132 369
132 370
132 371
132 372
132 373
132 391
132 392
132 394
133 150
133 151
133 152
133 153
133 154
133 157
133 159
133 160
133 161
133 164
133 165
133 166
133 167
133 168
133 172
133 173
133 185
133 189
133 190
133 191
133 192
133 193
133 194
133 195
133 196
133 197
133 198
133 199
133 200
133 201
133 204
133 207
133 210
133 211
133 213
133 216
133 244
133 245
133 247
133 268
133 272
133 273
133 274
133 275
133 277
133 297
133 300
133 303
133 304
133 305
133 309
133 310
133 340
133 341
133 343
133 345
133 347
133 348
133 350
133 351
133 352
133 354
133 355
133 356
133 358
133 359
133 360
133 361
133 362
133 363
133 364
133 366
133 367
133 368
133 369
133 370
133 371
133 372
133 374
133 392
133 394
133 395
134 149
134 151
134 156
134 159
134 160
134 161
134 162
134 163
134 164
134 166
134 167
134 174
134 187
134 188
134 189
134 190
134 194
134 198
134 199
134 201
134 204
134 205
134 212
134 215
134 242
134 246
134 249
134 269
134 270
134 272
134 276
134 296
134 298
134 299
134 303
134 307
134 309
134 344
134 345
134 354
134 355
134 356
134 357
134 359
134 361
134 362
134 364
134 365
134 367
134 368
134 370
134 372
134 373
134 389
134 390
134 391
134 392
134 394
135 159
135 167
135 185
135 187
135 200
135 203
135 212
135 275
135 302
135 347
135 352
135 354
135 356
135 358
135 364
135 365
135 367
135 368
135 370
135 371
135 373
136 155
136 173
136 363
136 365
136 368
136 369
136 370
136 372
137 368
137 369
137 372
137 373
138 367
138 372
139 375
144 368
145 239
145 351
145 372
146 147
146 151
146 157
146 161
146 163
146 171
146 175
146 186
146 188
146 240
146 266
146 270
146 300
146 311
146 343
146 344
146 346
146 366
146 390
147 150
147 159
147 160
147 161
147 168
147 169
147 171
147 185
147 186
147 199
147 210
147 212
147 215
147 217
147 242
147 248
147 267
147 268
147 296
147 297
147 300
147 303
147 304
147 306
147 310
147 311
147 337
147 339
147 344
147 351
147 362
147 373
147 392
147 394
148 158
148 159
148 163
148 168
148 169
148 183
148 190
148 192
148 195
148 198
148 199
148 212
148 213
148 214
148 215
148 216
148 217
148 218
148 219
148 245
148 246
148 269
148 271
148 272
148 273
148 274
148 277
148 297
148 299
148 300
148 304
148 305
148 306
148 307
148 309
148 341
148 344
148 345
148 346
148 347
148 348
148 349
148 354
148 356
148 357
148 360
148 366
148 371
148 374
148 395
149 153
149 155
149 161
149 165
149 166
149 167
149 174
149 183
149 186
149 187
149 190
149 191
149 192
149 193
149 195
149 197
149 198
149 200
149 204
149 211
149 214
149 217
149 241
149 242
149 243
149 244
149 245
149 269
149 271
149 272
149 274
149 275
149 294
149 297
149 298
149 299
149 303
149 304
149 307
149 308
149 310
149 311
149 338
149 339
149 341
149 342
149 345
149 346
149 356
149 362
149 363
149 364
149 365
149 366
149 368
149 369
149 370
149 372
149 391
149 394
149 395
150 153
150 155
150 156
150 159
150 160
150 165
150 166
150 168
150 171
150 172
150 183
150 186
150 188
150 189
150 191
150 194
150 195
150 196
150 198
150 200
150 201
150 203
150 204
150 205
150 207
150 213
150 214
150 215
150 218
150 240
150 241
150 247
150 248
150 272
150 273
150 274
150 276
150 277
150 299
150 301
150 305
150 307
150 308
150 309
150 341
150 344
150 345
150 346
150 347
150 348
150 349
150 350
150 352
150 353
150 355
150 356
150 357
150 361
150 363
150 365
150 366
150 367
150 370
150 373
150 389
151 152
151 154
151 157
151 158
151 160
151 161
151 162
151 163
151 166
151 167
151 172
151 173
151 184
151 186
151 187
151 189
151 190
151 196
151 199
151 202
151 204
151 212
151 213
151 218
151 219
151 220
151 239
151 241
151 242
151 244
151 245
151 246
151 249
151 266
151 269
151 270
151 273
151 276
151 277
151 295
151 296
151 297
151 298
151 301
151 302
151 304
151 307
151 309
151 311
151 339
151 340
151 341
151 342
151 344
151 346
151 347
151 348
151 352
151 353
151 354
151 355
151 359
151 360
151 362
151 363
151 364
151 365
151 366
151 367
151 368
151 372
151 373
151 389
151 391
151 392
152 159
152 160
152 161
152 162
152 163
152 164
152 166
152 167
152 168
152 170
152 171
152 173
152 187
152 188
152 189
152 190
152 192
152 196
152 200
152 201
152 203
152 204
152 205
152 210
152 212
152 216
152 218
152 219
152 240
152 243
152 245
152 246
152 247
152 271
152 272
152 273
152 274
152 275
152 294
152 297
152 298
152 300
152 301
152 302
152 303
152 304
152 305
152 306
152 308
152 309
152 311
152 337
152 340
152 341
152 342
152 343
152 344
152 345
152 346
152 348
152 349
152 350
152 352
152 354
152 355
152 356
152 357
152 359
152 360
152 361
152 362
152 363
152 364
152 365
152 366
152 368
152 369
152 371
152 372
152 373
152 374
152 390
152 393
152 395
152 396
153 155
153 156
153 157
153 158
153 159
153 160
153 161
153 162
153 164
153 166
153 168
153 169
153 170
153 171
153 174
153 189
153 191
153 192
153 193
153 194
153 196
153 197
153 200
153 202
153 203
153 207
153 210
153 211
153 212
153 213
153 214
153 217
153 218
153 219
153 220
153 244
153 245
153 246
153 247
153 249
153 267
153 268
153 271
153 272
153 274
153 276
153 277
153 295
153 299
153 300
153 302
153 304
153 305
153 306
153 308
153 309
153 310
153 311
153 339
153 340
153 341
153 343
153 344
153 345
153 346
153 347
153 349
153 352
153 353
153 355
153 356
153 357
153 358
153 359
153 361
153 362
153 364
153 365
153 367
153 368
153 369
153 370
153 372
153 374
153 388
153 392
153 394
154 155
154 156
154 157
154 158
154 160
154 161
154 162
154 163
154 164
154 165
154 166
154 167
154 168
154 170
154 171
154 172
154 173
154 174
154 184
154 187
154 188
154 189
154 190
154 191
154 193
154 194
154 196
154 198
154 199
154 200
154 202
154 203
154 212
154 213
154 214
154 215
154 216
154 217
154 219
154 243
154 244
154 245
154 246
154 247
154 265
154 269
154 270
154 271
154 273
154 274
154 275
154 276
154 277
154 296
154 298
154 300
154 301
154 302
154 303
154 304
154 305
154 306
154 307
154 310
154 311
154 337
154 338
154 341
154 344
154 345
154 346
154 349
154 351
154 352
154 353
154 354
154 355
154 356
154 358
154 360
154 361
154 363
154 366
154 367
154 368
154 370
154 371
154 372
154 392
154 393
154 394
154 396
155 157
155 158
155 159
155 160
155 161
155 162
155 163
155 164
155 165
155 166
155 167
155 168
155 169
155 170
155 171
155 172
155 185
155 187
155 188
155 189
155 190
155 191
155 193
155 194
155 196
155 197
155 198
155 199
155 200
155 201
155 202
155 203
155 204
155 205
155 211
155 212
155 213
155 214
155 215
155 216
155 219
155 244
155 246
155 247
155 248
155 249
155 250
155 271
155 272
155 274
155 275
155 276
155 277
155 296
155 297
155 302
155 303
155 304
155 305
155 307
155 308
155 309
155 311
155 341
155 343
155 344
155 345
155 346
155 347
155 350
155 353
155 354
155 355
155 356
155 357
155 358
155 359
155 360
155 361
155 363
155 364
155 366
155 367
155 368
155 369
155 370
155 371
155 372
155 373
155 393
156 157
156 158
156 159
156 161
156 162
156 163
156 165
156 166
156 167
156 168
156 169
156 170
156 171
156 172
156 173
156 174
156 182
156 190
156 191
156 192
156 193
156 196
156 197
156 198
156 201
156 202
156 203
156 204
156 206
156 209
156 212
156 214
156 215
156 216
156 217
156 218
156 240
156 241
156 244
156 247
156 248
156 269
156 270
156 272
156 273
156 274
156 275
156 277
156 296
156 298
156 301
156 302
156 304
156 305
156 306
156 307
156 308
156 310
156 311
156 312
156 337
156 340
156 341
156 342
156 344
156 345
156 346
156 347
156 348
156 350
156 352
156 353
156 354
156 356
156 357
156 358
156 359
156 360
156 361
156 362
156 363
156 364
156 365
156 366
156 367
156 368
156 369
156 370
156 371
156 372
156 373
156 374
156 392
156 394
156 395
157 158
157 159
157 160
157 161
157 162
157 163
157 164
157 165
157 166
157 167
157 168
157 169
157 170
157 171
157 172
157 174
157 186
157 188
157 189
157 191
157 192
157 193
157 194
157 195
157 196
157 197
157 198
157 199
157 202
157 203
157 204
157 208
157 209
157 211
157 212
157 213
157 214
157 215
157 216
157 217
157 218
157 219
157 220
157 245
157 247
157 249
157 266
157 270
157 272
157 273
157 274
157 275
157 276
157 277
157 278
157 299
157 300
157 301
157 302
157 303
157 304
157 305
157 306
157 308
157 309
157 310
157 311
157 312
157 339
157 341
157 342
157 343
157 344
157 345
157 346
157 348
157 349
157 350
157 351
157 352
157 354
157 355
157 356
157 357
157 358
157 359
157 361
157 363
157 364
157 365
157 366
157 367
157 368
157 369
157 372
157 373
157 374
157 390
157 395
158 159
158 160
158 161
158 163
158 164
158 165
158 166
158 167
158 168
158 170
158 171
158 172
158 173
158 174
158 187
158 189
158 190
158 191
158 192
158 193
158 194
158 195
158 196
158 197
158 198
158 199
158 200
158 201
158 202
158 203
158 204
158 212
158 213
158 214
158 216
158 217
158 218
158 219
158 220
158 221
158 244
158 245
158 247
158 248
158 266
158 269
158 270
158 271
158 273
158 275
158 276
158 277
158 296
158 297
158 299
158 301
158 303
158 304
158 306
158 307
158 308
158 310
158 311
158 338
158 339
158 340
158 342
158 344
158 346
158 347
158 349
158 351
158 352
158 353
158 354
158 355
158 356
158 357
158 358
158 359
158 360
158 361
158 363
158 364
158 365
158 366
158 367
158 368
158 370
158 371
158 372
158 373
158 390
158 391
158 395
158 450
159 160
159 161
159 162
159 163
159 164
159 165
159 166
159 167
159 168
159 169
159 170
159 171
159 172
159 173
159 174
159 186
159 188
159 189
159 190
159 191
159 192
159 193
159 194
159 195
159 196
159 198
159 199
159 200
159 201
159 202
159 203
159 204
159 205
159 208
159 209
159 214
159 215
159 217
159 218
159 219
159 245
159 246
159 248
159 249
159 267
159 269
159 270
159 271
159 273
159 274
159 275
159 276
159 295
159 298
159 301
159 302
159 303
159 305
159 306
159 307
159 308
159 309
159 310
159 311
159 337
159 339
159 340
159 342
159 343
159 344
159 345
159 346
159 347
159 348
159 349
159 351
159 352
159 353
159 354
159 355
159 356
159 357
159 358
159 359
159 360
159 361
159 362
159 363
159 364
159 365
159 366
159 367
159 368
159 369
159 371
159 372
159 373
159 389
159 390
159 393
159 394
159 396
160 161
160 162
160 163
160 164
160 165
160 166
160 167
160 168
160 169
160 170
160 171
160 172
160 173
160 174
160 185
160 186
160 188
160 189
160 190
160 192
160 193
160 194
160 195
160 196
160 197
160 198
160 200
160 201
160 202
160 203
160 204
160 205
160 207
160 211
160 215
160 217
160 218
160 219
160 220
160 243
160 247
160 248
160 249
160 268
160 270
160 274
160 275
160 277
160 278
160 296
160 297
160 299
160 301
160 304
160 305
160 306
160 307
160 308
160 309
160 310
160 311
160 339
160 340
160 341
160 342
160 343
160 346
160 347
160 348
160 349
160 350
160 351
160 352
160 353
160 355
160 356
160 357
160 358
160 359
160 360
160 361
160 362
160 363
160 364
160 365
160 366
160 367
160 368
160 369
160 370
160 371
160 372
160 373
160 390
160 393
160 396
161 162
161 163
161 164
161 165
161 166
161 167
161 168
161 169
161 170
161 171
161 172
161 173
161 184
161 187
161 188
161 190
161 191
161 192
161 193
161 194
161 196
161 197
161 198
161 200
161 201
161 202
161 203
161 204
161 209
161 210
161 211
161 213
161 214
161 215
161 216
161 217
161 218
161 219
161 220
161 244
161 245
161 246
161 247
161 248
161 270
161 271
161 272
161 273
161 274
161 275
161 276
161 277
161 278
161 293
161 297
161 300
161 302
161 303
161 304
161 305
161 306
161 307
161 308
161 309
161 310
161 311
161 342
161 343
161 344
161 345
161 346
161 347
161 348
161 349
161 350
161 351
161 352
161 353
161 354
161 355
161 356
161 357
161 358
161 359
161 360
161 361
161 362
161 363
161 364
161 365
161 366
161 367
161 368
161 369
161 371
161 372
161 390
161 393
161 395
161 412
162 163
162 164
162 165
162 166
162 167
162 168
162 169
162 170
162 171
162 172
162 173
162 174
162 183
162 184
162 188
162 189
162 191
162 192
162 194
162 195
162 196
162 197
162 198
162 199
162 200
162 201
162 203
162 204
162 205
162 209
162 211
162 212
162 213
162 214
162 215
162 216
162 217
162 218
162 242
162 243
162 245
162 247
162 268
162 269
162 270
162 272
162 273
162 276
162 277
162 299
162 300
162 302
162 303
162 304
162 305
162 306
162 308
162 309
162 310
162 311
162 312
162 313
162 342
162 345
162 347
162 348
162 349
162 350
162 351
162 352
162 353
162 354
162 355
162 356
162 357
162 358
162 359
162 360
162 361
162 362
162 363
162 364
162 365
162 366
162 367
162 368
162 369
162 370
162 371
162 372
162 373
162 378
162 389
162 390
163 164
163 165
163 166
163 167
163 168
163 169
163 170
163 171
163 172
163 173
163 174
163 184
163 189
163 190
163 191
163 192
163 193
163 194
163 195
163 196
163 197
163 198
163 199
163 200
163 201
163 202
163 203
163 204
163 206
163 211
163 212
163 213
163 214
163 216
163 217
163 218
163 219
163 220
163 241
163 246
163 248
163 249
163 266
163 267
163 269
163 271
163 272
163 273
163 275
163 276
163 277
163 280
163 297
163 298
163 301
163 302
163 304
163 306
163 307
163 308
163 309
163 310
163 340
163 343
163 344
163 345
163 346
163 348
163 349
163 350
163 351
163 352
163 353
163 354
163 355
163 356
163 357
163 358
163 359
163 360
163 361
163 362
163 363
163 364
163 365
163 366
163 367
163 368
163 369
163 370
163 371
163 372
163 373
163 374
163 388
163 390
163 393
163 394
163 412
164 165
164 166
164 167
164 168
164 169
164 170
164 171
164 172
164 173
164 174
164 185
164 187
164 188
164 190
164 191
164 192
164 193
164 194
164 195
164 196
164 197
164 198
164 199
164 200
164 201
164 202
164 203
164 204
164 205
164 207
164 209
164 210
164 211
164 213
164 214
164 215
164 216
164 217
164 218
164 245
164 247
164 248
164 270
164 271
164 273
164 274
164 275
164 276
164 277
164 296
164 299
164 300
164 303
164 305
164 306
164 307
164 308
164 309
164 310
164 311
164 312
164 338
164 339
164 341
164 342
164 343
164 345
164 346
164 347
164 348
164 349
164 350
164 351
164 352
164 353
164 354
164 355
164 356
164 357
164 358
164 359
164 360
164 361
164 362
164 363
164 364
164 365
164 366
164 367
164 368
164 369
164 370
164 371
164 372
164 373
164 374
164 383
164 390
164 393
164 394
164 395
164 396
165 166
165 167
165 168
165 169
165 170
165 171
165 172
165 173
165 184
165 186
165 188
165 190
165 191
165 192
165 193
165 194
165 195
165 196
165 197
165 198
165 199
165 200
165 201
165 202
165 203
165 212
165 213
165 214
165 215
165 216
165 217
165 218
165 219
165 220
165 242
165 244
165 245
165 248
165 249
165 270
165 271
165 273
165 274
165 275
165 276
165 277
165 296
165 297
165 298
165 299
165 300
165 302
165 303
165 304
165 306
165 307
165 308
165 309
165 310
165 340
165 342
165 344
165 345
165 346
165 347
165 348
165 349
165 350
165 351
165 352
165 353
165 354
165 355
165 356
165 357
165 358
165 359
165 360
165 361
165 362
165 363
165 364
165 365
165 366
165 367
165 368
165 369
165 370
165 371
165 372
165 373
165 389
165 390
165 394
165 395
165 396
166 167
166 168
166 169
166 170
166 171
166 172
166 173
166 174
166 176
166 182
166 184
166 190
166 191
166 192
166 193
166 194
166 195
166 196
166 197
166 198
166 199
166 200
166 201
166 202
166 203
166 204
166 205
166 206
166 207
166 208
166 210
166 211
166 213
166 214
166 215
166 216
166 217
166 218
166 219
166 243
166 244
166 245
166 246
166 247
166 250
166 266
166 270
166 272
166 274
166 276
166 277
166 296
166 299
166 300
166 301
166 307
166 308
166 309
166 310
166 311
166 312
166 340
166 345
166 346
166 347
166 349
166 351
166 352
166 353
166 354
166 355
166 356
166 357
166 358
166 359
166 360
166 361
166 362
166 363
166 364
166 365
166 366
166 367
166 368
166 369
166 370
166 371
166 372
166 373
166 374
166 393
167 168
167 169
167 170
167 171
167 172
167 173
167 175
167 185
167 187
167 188
167 189
167 190
167 191
167 192
167 193
167 194
167 195
167 196
167 197
167 198
167 199
167 200
167 201
167 202
167 203
167 204
167 205
167 212
167 213
167 215
167 216
167 217
167 218
167 219
167 221
167 242
167 244
167 246
167 247
167 268
167 269
167 270
167 271
167 272
167 273
167 274
167 275
167 276
167 277
167 279
167 297
167 301
167 302
167 305
167 306
167 307
167 308
167 310
167 312
167 338
167 340
167 342
167 343
167 344
167 345
167 346
167 348
167 349
167 350
167 351
167 352
167 353
167 354
167 355
167 356
167 357
167 358
167 359
167 360
167 361
167 362
167 363
167 364
167 365
167 366
167 367
167 368
167 369
167 370
167 371
167 372
167 373
167 389
167 390
167 393
167 396
167 400
168 169
168 170
168 171
168 172
168 173
168 174
168 186
168 187
168 189
168 190
168 191
168 192
168 194
168 195
168 196
168 197
168 198
168 199
168 200
168 201
168 202
168 203
168 204
168 205
168 208
168 211
168 212
168 213
168 215
168 217
168 218
168 219
168 220
168 239
168 240
168 241
168 243
168 244
168 245
168 246
168 247
168 248
168 249
168 272
168 274
168 275
168 276
168 277
168 278
168 282
168 299
168 301
168 302
168 303
168 304
168 305
168 306
168 307
168 308
168 309
168 339
168 343
168 345
168 346
168 347
168 348
168 349
168 350
168 351
168 352
168 353
168 354
168 355
168 356
168 357
168 358
168 359
168 360
168 361
168 362
168 363
168 364
168 365
168 366
168 367
168 368
168 369
168 370
168 371
168 372
168 373
168 391
168 393
168 394
168 415
169 170
169 171
169 172
169 173
169 184
169 185
169 186
169 189
169 192
169 194
169 195
169 196
169 197
169 198
169 199
169 200
169 201
169 202
169 203
169 204
169 205
169 207
169 210
169 211
169 212
169 214
169 215
169 216
169 217
169 218
169 219
169 220
169 221
169 242
169 243
169 247
169 270
169 274
169 275
169 276
169 278
169 301
169 302
169 303
169 304
169 306
169 307
169 308
169 309
169 310
169 311
169 338
169 340
169 342
169 343
169 346
169 347
169 348
169 349
169 350
169 351
169 352
169 353
169 354
169 355
169 356
169 357
169 358
169 359
169 360
169 361
169 362
169 363
169 364
169 365
169 366
169 367
169 368
169 369
169 370
169 371
169 372
169 373
169 374
169 390
169 394
169 395
169 397
170 171
170 172
170 173
170 174
170 183
170 188
170 189
170 192
170 193
170 194
170 195
170 196
170 197
170 198
170 199
170 200
170 201
170 202
170 203
170 204
170 205
170 206
170 209
170 210
170 213
170 214
170 215
170 216
170 217
170 218
170 219
170 220
170 241
170 243
170 244
170 246
170 247
170 248
170 260
170 266
170 267
170 268
170 269
170 273
170 274
170 276
170 277
170 278
170 296
170 297
170 299
170 300
170 302
170 304
170 306
170 307
170 308
170 309
170 310
170 311
170 312
170 338
170 341
170 342
170 343
170 344
170 345
170 346
170 347
170 348
170 349
170 350
170 351
170 352
170 353
170 354
170 355
170 356
170 357
170 358
170 359
170 360
170 361
170 362
170 363
170 364
170 365
170 366
170 367
170 368
170 369
170 370
170 371
170 372
170 373
170 374
170 384
170 391
170 392
170 393
170 394
170 395
171 172
171 173
171 174
171 183
171 190
171 191
171 192
171 193
171 195
171 196
171 197
171 198
171 199
171 200
171 201
171 202
171 203
171 204
171 207
171 209
171 210
171 211
171 213
171 214
171 215
171 216
171 217
171 219
171 220
171 221
171 244
171 248
171 250
171 265
171 266
171 269
171 270
171 273
171 274
171 275
171 276
171 277
171 278
171 295
171 299
171 300
171 301
171 305
171 306
171 307
171 308
171 309
171 310
171 311
171 336
171 339
171 342
171 343
171 345
171 346
171 347
171 348
171 349
171 350
171 351
171 352
171 353
171 354
171 355
171 356
171 357
171 358
171 359
171 360
171 361
171 362
171 363
171 364
171 365
171 366
171 367
171 368
171 369
171 370
171 371
171 372
171 373
171 374
171 392
171 393
171 394
171 397
171 413
172 173
172 175
172 184
172 186
172 187
172 189
172 190
172 191
172 192
172 193
172 194
172 195
172 196
172 197
172 199
172 200
172 201
172 202
172 203
172 204
172 205
172 210
172 211
172 212
172 213
172 214
172 215
172 216
172 218
172 219
172 220
172 245
172 248
172 264
172 266
172 269
172 272
172 273
172 274
172 275
172 277
172 295
172 299
172 300
172 302
172 303
172 304
172 305
172 307
172 308
172 309
172 310
172 312
172 339
172 342
172 343
172 347
172 348
172 349
172 350
172 351
172 353
172 354
172 355
172 356
172 357
172 358
172 359
172 360
172 361
172 362
172 363
172 364
172 365
172 366
172 367
172 368
172 369
172 370
172 371
172 372
172 373
172 374
172 390
172 391
172 395
172 397
172 398
173 175
173 183
173 188
173 189
173 190
173 191
173 192
173 193
173 194
173 195
173 196
173 197
173 198
173 199
173 200
173 201
173 202
173 203
173 204
173 206
173 207
173 210
173 212
173 213
173 214
173 215
173 216
173 218
173 219
173 220
173 243
173 244
173 245
173 249
173 271
173 273
173 276
173 277
173 278
173 279
173 280
173 281
173 302
173 303
173 304
173 305
173 306
173 307
173 308
173 309
173 310
173 311
173 313
173 340
173 341
173 342
173 346
173 347
173 348
173 349
173 350
173 351
173 352
173 353
173 354
173 355
173 356
173 357
173 358
173 359
173 360
173 361
173 362
173 363
173 364
173 365
173 366
173 367
173 368
173 369
173 370
173 371
173 372
173 373
173 374
173 391
173 394
173 399
174 175
174 186
174 187
174 193
174 194
174 197
174 199
174 200
174 201
174 202
174 215
174 217
174 218
174 242
174 269
174 274
174 275
174 277
174 297
174 300
174 302
174 305
174 306
174 309
174 345
174 350
174 351
174 352
174 354
174 355
174 358
174 360
174 362
174 363
174 364
174 365
174 366
174 367
174 368
174 369
174 370
174 371
174 372
174 373
174 374
174 375
174 393
175 189
175 195
175 197
175 198
175 199
175 201
175 203
175 252
175 357
175 368
175 369
175 370
175 371
175 372
175 373
175 376
176 222
176 283
176 368
176 370
176 371
176 373
176 374
177 225
177 369
177 371
179 370
182 190
182 206
182 241
182 276
182 312
182 348
182 353
182 357
183 192
183 200
183 203
183 207
183 212
183 215
183 242
183 245
183 246
183 278
183 299
183 300
183 301
183 302
183 304
183 306
183 310
183 311
183 312
183 338
183 343
183 350
183 355
183 357
183 370
183 389
184 185
184 187
184 188
184 189
184 190
184 193
184 198
184 200
184 204
184 210
184 212
184 213
184 216
184 217
184 218
184 220
184 267
184 270
184 276
184 277
184 296
184 298
184 310
184 311
184 340
184 341
184 344
184 346
184 350
184 354
184 357
184 361
184 362
184 363
184 388
184 390
184 393
184 395
185 191
185 192
185 201
185 202
185 204
185 205
185 208
185 210
185 216
185 219
185 242
185 243
185 244
185 249
185 268
185 271
185 297
185 300
185 307
185 308
185 338
185 339
185 343
185 347
185 349
185 350
185 353
185 356
185 357
185 364
185 365
185 367
185 373
185 391
185 393
186 188
186 189
186 190
186 193
186 194
186 195
186 197
186 201
186 204
186 210
186 213
186 215
186 217
186 218
186 242
186 246
186 247
186 248
186 249
186 268
186 269
186 270
186 271
186 272
186 274
186 277
186 296
186 301
186 302
186 303
186 305
186 308
186 311
186 338
186 340
186 341
186 344
186 346
186 348
186 350
186 351
186 352
186 355
186 356
186 357
186 360
186 361
186 362
186 363
186 364
186 366
186 367
186 368
186 373
186 391
186 393
186 394
187 188
187 189
187 190
187 191
187 192
187 196
187 199
187 200
187 201
187 202
187 203
187 204
187 209
187 210
187 211
187 212
187 213
187 214
187 216
187 247
187 248
187 267
187 268
187 270
187 273
187 274
187 275
187 276
187 277
187 299
187 300
187 301
187 302
187 303
187 304
187 305
187 307
187 311
187 313
187 339
187 343
187 347
187 349
187 350
187 351
187 352
187 353
187 355
187 356
187 358
187 359
187 361
187 362
187 364
187 366
187 367
187 369
187 371
187 393
188 189
188 191
188 192
188 193
188 194
188 199
188 200
188 201
188 203
188 204
188 205
188 212
188 213
188 219
188 243
188 246
188 247
188 248
188 267
188 268
188 269
188 271
188 272
188 276
188 278
188 297
188 298
188 299
188 300
188 302
188 303
188 306
188 307
188 309
188 310
188 337
188 339
188 340
188 341
188 342
188 343
188 344
188 346
188 347
188 348
188 350
188 354
188 355
188 356
188 358
188 359
188 361
188 362
188 364
188 368
188 369
188 371
188 372
188 373
188 374
188 390
188 391
188 392
188 393
188 395
189 191
189 192
189 196
189 198
189 199
189 200
189 201
189 202
189 203
189 210
189 211
189 212
189 215
189 217
189 218
189 219
189 239
189 241
189 242
189 244
189 246
189 247
189 267
189 269
189 271
189 272
189 273
189 274
189 275
189 276
189 277
189 295
189 297
189 298
189 300
189 301
189 302
189 303
189 304
189 305
189 306
189 307
189 311
189 341
189 343
189 344
189 345
189 347
189 349
189 350
189 351
189 352
189 353
189 355
189 357
189 359
189 361
189 363
189 364
189 365
189 366
189 367
189 369
189 371
189 372
189 374
189 389
189 392
189 393
189 394
190 191
190 192
190 193
190 197
190 198
190 199
190 200
190 201
190 202
190 203
190 204
190 209
190 210
190 211
190 212
190 213
190 215
190 216
190 217
190 218
190 219
190 220
190 240
190 242
190 244
190 245
190 247
190 268
190 269
190 270
190 271
190 273
190 274
190 277
190 296
190 297
190 303
190 304
190 305
190 306
190 307
190 308
190 309
190 310
190 312
190 340
190 345
190 346
190 347
190 348
190 349
190 350
190 351
190 352
190 354
190 355
190 356
190 357
190 359
190 361
190 362
190 363
190 366
190 370
190 372
190 373
190 374
190 390
190 393
190 394
190 395
190 396
191 192
191 194
191 195
191 196
191 197
191 198
191 199
191 200
191 201
191 203
191 204
191 205
191 207
191 208
191 210
191 211
191 212
191 213
191 215
191 216
191 217
191 218
191 246
191 247
191 249
191 271
191 272
191 273
191 274
191 275
191 277
191 297
191 299
191 301
191 303
191 304
191 305
191 306
191 307
191 309
191 310
191 311
191 340
191 342
191 343
191 344
191 345
191 346
191 347
191 349
191 350
191 352
191 353
191 354
191 356
191 357
191 358
191 360
191 361
191 362
191 363
191 364
191 365
191 366
191 367
191 368
191 369
191 370
191 371
191 373
191 374
191 394
192 193
192 197
192 198
192 199
192 200
192 201
192 204
192 205
192 207
192 209
192 210
192 211
192 212
192 213
192 215
192 216
192 217
192 218
192 219
192 220
192 243
192 246
192 248
192 269
192 270
192 271
192 272
192 273
192 274
192 276
192 277
192 278
192 298
192 302
192 303
192 304
192 305
192 306
192 308
192 309
192 310
192 311
192 339
192 342
192 344
192 345
192 346
192 349
192 350
192 351
192 352
192 353
192 354
192 355
192 356
192 357
192 358
192 359
192 360
192 361
192 362
192 363
192 364
192 367
192 368
192 369
192 370
192 371
192 372
192 391
192 393
192 395
192 397
193 194
193 195
193 196
193 197
193 198
193 199
193 200
193 201
193 202
193 203
193 204
193 207
193 210
193 211
193 212
193 213
193 214
193 216
193 217
193 218
193 220
193 240
193 243
193 246
193 268
193 269
193 270
193 271
193 273
193 274
193 275
193 277
193 278
193 297
193 299
193 301
193 302
193 304
193 305
193 306
193 307
193 308
193 309
193 310
193 312
193 337
193 340
193 341
193 342
193 344
193 345
193 346
193 347
193 348
193 349
193 350
193 351
193 352
193 353
193 355
193 356
193 357
193 359
193 360
193 361
193 362
193 363
193 364
193 367
193 368
193 369
193 370
193 371
193 372
193 373
193 392
193 393
194 195
194 197
194 198
194 199
194 200
194 201
194 202
194 203
194 204
194 205
194 212
194 215
194 217
194 218
194 219
194 220
194 221
194 241
194 245
194 246
194 247
194 248
194 261
194 267
194 268
194 270
194 271
194 272
194 273
194 274
194 275
194 276
194 277
194 281
194 296
194 298
194 299
194 300
194 301
194 302
194 304
194 306
194 307
194 308
194 309
194 310
194 311
194 338
194 339
194 341
194 342
194 343
194 345
194 346
194 347
194 348
194 350
194 351
194 352
194 353
194 354
194 356
194 357
194 358
194 360
194 361
194 362
194 363
194 364
194 365
194 366
194 367
194 368
194 369
194 370
194 371
194 372
194 373
194 389
194 390
194 392
194 394
194 395
195 196
195 197
195 198
195 199
195 200
195 202
195 203
195 204
195 212
195 213
195 214
195 215
195 217
195 218
195 219
195 220
195 242
195 246
195 247
195 248
195 249
195 271
195 273
195 274
195 275
195 276
195 277
195 278
195 296
195 297
195 298
195 300
195 301
195 302
195 303
195 304
195 305
195 306
195 307
195 308
195 309
195 310
195 311
195 339
195 340
195 343
195 344
195 345
195 346
195 347
195 348
195 350
195 351
195 355
195 356
195 357
195 358
195 359
195 360
195 362
195 363
195 364
195 365
195 366
195 367
195 368
195 369
195 370
195 371
195 372
195 373
195 391
195 393
195 395
195 397
195 409
196 197
196 198
196 199
196 200
196 201
196 202
196 203
196 211
196 212
196 215
196 216
196 217
196 218
196 219
196 243
196 244
196 245
196 246
196 247
196 248
196 268
196 272
196 273
196 274
196 275
196 277
196 294
196 297
196 303
196 305
196 306
196 307
196 308
196 309
196 310
196 311
196 312
196 338
196 341
196 344
196 345
196 346
196 347
196 348
196 349
196 351
196 352
196 353
196 354
196 355
196 357
196 358
196 359
196 360
196 361
196 362
196 363
196 364
196 365
196 367
196 368
196 369
196 370
196 371
196 372
196 373
196 374
196 391
196 393
196 394
197 198
197 199
197 200
197 201
197 202
197 203
197 204
197 206
197 208
197 210
197 211
197 213
197 214
197 215
197 216
197 217
197 219
197 243
197 244
197 246
197 249
197 267
197 268
197 270
197 273
197 274
197 275
197 276
197 277
197 278
197 298
197 301
197 302
197 303
197 304
197 305
197 306
197 307
197 309
197 310
197 337
197 340
197 341
197 342
197 345
197 347
197 348
197 349
197 350
197 351
197 352
197 353
197 354
197 355
197 356
197 357
197 358
197 359
197 360
197 361
197 362
197 363
197 364
197 365
197 366
197 367
197 368
197 369
197 370
197 371
197 372
197 373
197 391
197 392
197 393
197 396
198 199
198 200
198 201
198 202
198 203
198 204
198 213
198 214
198 215
198 216
198 217
198 218
198 219
198 220
198 221
198 242
198 244
198 245
198 246
198 248
198 250
198 266
198 269
198 270
198 274
198 275
198 276
198 277
198 296
198 298
198 300
198 302
198 303
198 305
198 306
198 307
198 309
198 310
198 311
198 339
198 340
198 341
198 342
198 343
198 344
198 345
198 346
198 347
198 348
198 349
198 351
198 352
198 353
198 355
198 356
198 357
198 358
198 359
198 360
198 361
198 362
198 363
198 364
198 365
198 366
198 367
198 368
198 369
198 370
198 371
198 372
198 373
198 389
198 393
198 395
199 200
199 201
199 202
199 203
199 204
199 205
199 210
199 213
199 215
199 216
199 217
199 218
199 219
199 220
199 242
199 244
199 245
199 247
199 249
199 268
199 269
199 270
199 272
199 273
199 274
199 275
199 277
199 297
199 300
199 301
199 303
199 304
199 305
199 306
199 307
199 308
199 309
199 311
199 336
199 339
199 340
199 342
199 344
199 345
199 347
199 348
199 349
199 351
199 352
199 353
199 354
199 355
199 356
199 357
199 358
199 359
199 360
199 361
199 362
199 363
199 364
199 365
199 366
199 367
199 368
199 369
199 370
199 371
199 372
199 373
199 374
199 390
199 392
200 201
200 202
200 203
200 204
200 212
200 214
200 216
200 217
200 218
200 239
200 241
200 243
200 244
200 245
200 246
200 248
200 268
200 269
200 271
200 273
200 274
200 275
200 276
200 278
200 296
200 297
200 299
200 300
200 302
200 304
200 305
200 306
200 307
200 308
200 309
200 310
200 311
200 337
200 339
200 341
200 342
200 344
200 345
200 346
200 348
200 349
200 350
200 351
200 352
200 353
200 354
200 355
200 356
200 357
200 358
200 359
200 360
200 361
200 362
200 363
200 364
200 365
200 366
200 367
200 368
200 369
200 370
200 371
200 372
200 373
200 394
200 395
201 202
201 203
201 204
201 205
201 210
201 211
201 212
201 214
201 215
201 216
201 217
201 218
201 219
201 220
201 242
201 243
201 244
201 246
201 247
201 248
201 249
201 250
201 265
201 266
201 268
201 271
201 272
201 274
201 275
201 277
201 278
201 296
201 297
201 298
201 301
201 302
201 303
201 304
201 305
201 306
201 308
201 309
201 310
201 311
201 313
201 338
201 339
201 340
201 341
201 343
201 344
201 345
201 346
201 347
201 348
201 349
201 350
201 351
201 352
201 353
201 354
201 355
201 356
201 357
201 358
201 359
201 360
201 361
201 362
201 363
201 364
201 365
201 366
201 367
201 368
201 369
201 370
201 371
201 372
201 373
201 394
201 395
201 397
202 203
202 204
202 207
202 208
202 214
202 215
202 218
202 219
202 220
202 246
202 248
202 249
202 267
202 269
202 273
202 276
202 277
202 296
202 297
202 299
202 300
202 301
202 302
202 303
202 304
202 306
202 307
202 309
202 310
202 311
202 312
202 337
202 338
202 340
202 341
202 342
202 343
202 344
202 345
202 346
202 347
202 349
202 350
202 351
202 352
202 353
202 354
202 355
202 356
202 357
202 358
202 359
202 360
202 361
202 362
202 363
202 364
202 365
202 366
202 367
202 368
202 369
202 370
202 371
202 372
202 373
202 390
202 395
202 396
203 204
203 211
203 212
203 213
203 215
203 216
203 217
203 218
203 219
203 220
203 221
203 240
203 243
203 249
203 268
203 269
203 270
203 271
203 273
203 274
203 275
203 276
203 277
203 294
203 296
203 301
203 303
203 304
203 306
203 307
203 308
203 309
203 310
203 311
203 340
203 341
203 344
203 345
203 346
203 347
203 348
203 349
203 350
203 351
203 352
203 353
203 354
203 355
203 356
203 357
203 358
203 359
203 360
203 361
203 362
203 363
203 364
203 365
203 366
203 367
203 368
203 369
203 370
203 371
203 372
203 373
203 390
203 394
204 208
204 209
204 213
204 215
204 216
204 217
204 219
204 248
204 249
204 270
204 271
204 272
204 273
204 274
204 275
204 276
204 277
204 278
204 297
204 298
204 301
204 302
204 305
204 307
204 308
204 309
204 310
204 311
204 338
204 340
204 341
204 342
204 343
204 345
204 346
204 348
204 349
204 350
204 352
204 353
204 354
204 355
204 356
204 357
204 358
204 359
204 360
204 361
204 362
204 363
204 364
204 365
204 366
204 367
204 368
204 369
204 370
204 371
204 372
204 373
204 374
204 389
204 391
204 392
204 393
204 394
204 395
204 396
205 210
205 213
205 216
205 217
205 219
205 269
205 271
205 272
205 294
205 299
205 305
205 309
205 311
205 345
205 348
205 350
205 352
205 357
205 358
205 361
205 362
205 363
205 364
205 365
205 366
205 367
205 368
205 369
205 370
205 371
205 372
205 373
205 374
205 411
206 210
206 213
206 218
206 244
206 274
206 303
206 336
206 337
206 346
206 354
206 358
206 362
206 363
206 367
206 368
206 369
206 370
206 371
206 372
206 373
206 374
206 395
207 211
207 213
207 218
207 248
207 267
207 271
207 274
207 297
207 299
207 300
207 336
207 339
207 343
207 350
207 358
207 360
207 361
207 362
207 366
207 367
207 372
207 373
207 375
207 390
208 214
208 215
208 240
208 244
208 245
208 267
208 268
208 271
208 275
208 295
208 297
208 299
208 309
208 313
208 340
208 348
208 349
208 350
208 351
208 359
208 360
208 363
208 364
208 365
208 370
208 371
208 373
208 374
208 390
208 393
208 395
209 211
209 216
209 218
209 224
209 240
209 245
209 246
209 266
209 268
209 271
209 298
209 299
209 303
209 306
209 307
209 309
209 310
209 341
209 342
209 344
209 346
209 349
209 356
209 362
209 363
209 367
209 370
209 373
209 390
209 395
210 211
210 214
210 215
210 217
210 218
210 219
210 220
210 242
210 246
210 276
210 277
210 295
210 298
210 303
210 304
210 305
210 307
210 308
210 311
210 336
210 339
210 345
210 346
210 350
210 352
210 353
210 354
210 357
210 358
210 359
210 361
210 362
210 363
210 367
210 369
210 370
210 372
210 373
210 389
210 391
210 392
211 212
211 213
211 214
211 215
211 216
211 218
211 241
211 242
211 247
211 269
211 270
211 272
211 274
211 275
211 276
211 277
211 296
211 299
211 301
211 302
211 304
211 307
211 308
211 309
211 310
211 343
211 345
211 350
211 351
211 354
211 356
211 358
211 360
211 362
211 364
211 365
211 366
211 367
211 368
211 369
211 370
211 371
211 372
211 373
211 389
211 390
211 392
211 394
212 213
212 214
212 217
212 218
212 219
212 241
212 243
212 245
212 248
212 267
212 268
212 270
212 271
212 272
212 274
212 275
212 277
212 278
212 297
212 302
212 304
212 305
212 306
212 307
212 308
212 309
212 310
212 311
212 317
212 341
212 346
212 347
212 348
212 351
212 352
212 354
212 356
212 357
212 358
212 359
212 360
212 361
212 362
212 366
212 367
212 368
212 369
212 370
212 371
212 372
212 373
212 374
212 388
212 392
212 393
213 214
213 217
213 218
213 219
213 241
213 242
213 246
213 247
213 248
213 272
213 273
213 274
213 275
213 276
213 277
213 278
213 297
213 298
213 299
213 300
213 301
213 303
213 304
213 305
213 306
213 307
213 308
213 310
213 311
213 312
213 337
213 339
213 340
213 341
213 343
213 344
213 346
213 347
213 349
213 350
213 351
213 352
213 353
213 356
213 357
213 360
213 361
213 363
213 364
213 365
213 366
213 367
213 368
213 370
213 371
213 372
213 373
213 391
213 392
213 394
214 215
214 216
214 217
214 219
214 220
214 240
214 242
214 243
214 246
214 248
214 249
214 269
214 272
214 274
214 277
214 295
214 297
214 298
214 300
214 301
214 303
214 304
214 305
214 306
214 307
214 308
214 310
214 338
214 339
214 341
214 343
214 345
214 346
214 347
214 348
214 349
214 351
214 353
214 355
214 356
214 357
214 359
214 360
214 363
214 364
214 366
214 367
214 368
214 369
214 370
214 371
214 373
214 390
214 391
214 393
214 394
215 216
215 218
215 239
215 240
215 244
215 245
215 247
215 267
215 269
215 271
215 272
215 274
215 277
215 295
215 298
215 299
215 300
215 301
215 302
215 303
215 304
215 306
215 307
215 308
215 309
215 310
215 311
215 312
215 315
215 339
215 340
215 342
215 344
215 347
215 348
215 349
215 350
215 351
215 352
215 354
215 355
215 356
215 357
215 359
215 362
215 363
215 364
215 365
215 366
215 367
215 368
215 369
215 370
215 371
215 372
215 373
215 391
215 395
216 217
216 218
216 220
216 243
216 244
216 245
216 246
216 248
216 250
216 272
216 273
216 274
216 275
216 276
216 277
216 296
216 297
216 299
216 300
216 301
216 302
216 304
216 305
216 306
216 308
216 309
216 310
216 338
216 341
216 342
216 346
216 347
216 348
216 350
216 351
216 352
216 353
216 354
216 356
216 357
216 358
216 359
216 360
216 361
216 362
216 363
216 364
216 366
216 367
216 368
216 369
216 371
216 372
216 373
216 374
216 391
216 394
217 218
217 219
217 220
217 242
217 243
217 245
217 246
217 247
217 248
217 269
217 270
217 271
217 272
217 274
217 275
217 276
217 277
217 295
217 296
217 298
217 299
217 300
217 301
217 302
217 303
217 304
217 305
217 307
217 308
217 309
217 310
217 311
217 336
217 343
217 344
217 345
217 346
217 347
217 348
217 349
217 350
217 351
217 354
217 355
217 356
217 357
217 358
217 359
217 360
217 361
217 362
217 363
217 364
217 365
217 366
217 367
217 368
217 369
217 370
217 371
217 372
217 373
217 390
217 394
217 396
218 219
218 242
218 245
218 246
218 270
218 272
218 274
218 275
218 276
218 277
218 278
218 295
218 297
218 298
218 300
218 302
218 304
218 306
218 307
218 308
218 309
218 310
218 311
218 339
218 340
218 341
218 342
218 343
218 344
218 345
218 346
218 348
218 349
218 350
218 351
218 353
218 354
218 356
218 357
218 359
218 360
218 361
218 362
218 363
218 364
218 365
218 367
218 368
218 369
218 370
218 371
218 372
218 373
218 374
218 394
219 220
219 242
219 244
219 247
219 248
219 249
219 267
219 271
219 274
219 275
219 276
219 277
219 296
219 299
219 300
219 301
219 302
219 303
219 304
219 306
219 307
219 308
219 311
219 312
219 340
219 341
219 342
219 343
219 345
219 346
219 347
219 348
219 349
219 350
219 351
219 352
219 353
219 354
219 355
219 356
219 357
219 358
219 359
219 360
219 361
219 362
219 363
219 364
219 365
219 366
219 367
219 368
219 369
219 370
219 371
219 372
219 390
219 392
219 395
220 221
220 240
220 244
220 245
220 246
220 248
220 249
220 269
220 271
220 273
220 274
220 275
220 276
220 300
220 302
220 303
220 304
220 310
220 339
220 344
220 349
220 357
220 358
220 361
220 362
220 363
220 364
220 366
220 367
220 372
220 373
220 391
221 240
221 241
221 277
221 358
221 361
221 363
221 365
221 366
221 367
221 371
221 372
221 373
222 363
222 365
222 368
222 369
222 370
222 371
222 372
223 370
223 371
223 372
223 373
223 376
232 371
232 373
236 369
237 370
238 370
238 373
239 266
239 296
239 309
240 246
240 247
240 248
240 268
240 275
240 276
240 294
240 295
240 337
240 340
240 349
240 355
240 364
240 370
240 390
241 243
241 245
241 267
241 270
241 275
241 277
241 299
241 307
241 338
241 340
241 351
241 352
241 353
241 354
241 360
241 364
241 369
241 389
242 243
242 271
242 273
242 276
242 295
242 298
242 301
242 302
242 303
242 305
242 309
242 311
242 312
242 340
242 348
242 351
242 353
242 354
242 357
242 358
242 364
242 365
242 367
242 372
242 373
242 388
242 390
242 392
242 393
243 244
243 246
243 249
243 268
243 269
243 275
243 298
243 303
243 307
243 340
243 341
243 344
243 351
243 356
243 357
243 359
243 360
243 363
243 365
243 369
243 370
243 371
243 372
243 389
243 391
243 392
243 393
244 245
244 246
244 248
244 249
244 265
244 268
244 269
244 271
244 275
244 277
244 293
244 294
244 296
244 298
244 299
244 300
244 302
244 303
244 307
244 340
244 341
244 342
244 344
244 347
244 348
244 350
244 351
244 355
244 356
244 357
244 358
244 360
244 363
244 365
244 366
244 367
244 368
244 369
244 370
244 372
244 394
244 396
245 246
245 248
245 268
245 271
245 272
245 273
245 274
245 275
245 295
245 299
245 300
245 301
245 302
245 304
245 305
245 307
245 310
245 338
245 339
245 341
245 343
245 344
245 346
245 347
245 349
245 351
245 352
245 354
245 359
245 360
245 362
245 364
245 367
245 368
245 373
245 393
245 395
246 247
246 248
246 249
246 268
246 270
246 271
246 273
246 274
246 277
246 278
246 300
246 301
246 302
246 304
246 308
246 309
246 310
246 311
246 338
246 341
246 344
246 345
246 346
246 347
246 348
246 349
246 350
246 353
246 354
246 357
246 360
246 363
246 365
246 367
246 368
246 369
246 371
246 372
246 373
246 393
246 394
246 395
247 248
247 267
247 268
247 269
247 271
247 272
247 273
247 274
247 276
247 277
247 279
247 294
247 299
247 303
247 304
247 305
247 306
247 307
247 308
247 309
247 311
247 337
247 340
247 341
247 342
247 344
247 345
247 346
247 348
247 349
247 350
247 351
247 352
247 353
247 354
247 355
247 356
247 357
247 358
247 359
247 360
247 361
247 365
247 366
247 367
247 368
247 370
247 371
247 372
247 373
247 392
247 393
247 394
247 395
248 270
248 272
248 274
248 275
248 276
248 277
248 278
248 300
248 301
248 303
248 304
248 305
248 307
248 308
248 311
248 340
248 341
248 343
248 345
248 346
248 347
248 349
248 351
248 352
248 353
248 355
248 356
248 357
248 358
248 359
248 360
248 361
248 362
248 364
248 365
248 366
248 367
248 368
248 372
248 373
248 390
248 391
248 392
248 394
249 268
249 272
249 273
249 274
249 275
249 297
249 301
249 340
249 348
249 361
249 362
249 365
249 367
249 368
249 394
249 396
250 274
250 306
250 353
250 364
250 367
250 368
250 369
250 373
250 413
251 362
251 365
251 368
251 369
251 370
251 371
251 372
251 373
252 368
252 370
253 372
259 359
260 371
260 374
261 367
262 371
263 372
265 336
265 373
266 274
266 276
266 311
266 338
266 340
266 344
266 349
266 358
266 393
267 269
267 296
267 302
267 304
267 341
267 342
267 346
267 349
267 355
267 358
267 361
267 365
267 367
267 373
267 389
267 392
268 273
268 274
268 277
268 279
268 296
268 299
268 300
268 304
268 307
268 343
268 344
268 347
268 348
268 351
268 354
268 358
268 361
268 363
268 366
268 369
268 371
268 392
268 394
268 395
269 270
269 271
269 272
269 274
269 275
269 278
269 297
269 299
269 300
269 301
269 303
269 307
269 308
269 309
269 310
269 340
269 342
269 343
269 344
269 346
269 347
269 348
269 353
269 355
269 356
269 358
269 359
269 360
269 361
269 362
269 363
269 364
269 365
269 367
269 368
269 371
269 372
269 373
269 392
269 393
269 394
270 271
270 274
270 275
270 298
270 301
270 302
270 303
270 304
270 308
270 309
270 310
270 338
270 340
270 341
270 342
270 343
270 346
270 348
270 349
270 350
270 351
270 353
270 355
270 359
270 362
270 363
270 364
270 371
270 372
270 379
270 390
270 392
270 393
270 394
270 395
271 272
271 273
271 274
271 275
271 277
271 297
271 299
271 300
271 302
271 303
271 304
271 306
271 307
271 308
271 309
271 310
271 311
271 339
271 342
271 343
271 344
271 347
271 350
271 352
271 353
271 354
271 356
271 359
271 360
271 361
271 362
271 363
271 364
271 366
271 367
271 369
271 370
271 372
271 373
271 392
271 395
272 275
272 276
272 277
272 297
272 299
272 300
272 301
272 303
272 304
272 306
272 308
272 310
272 312
272 338
272 341
272 342
272 344
272 346
272 347
272 348
272 349
272 350
272 352
272 355
272 359
272 360
272 361
272 363
272 364
272 366
272 367
272 368
272 371
272 372
272 373
272 391
272 394
273 276
273 277
273 279
273 297
273 298
273 301
273 303
273 304
273 305
273 307
273 309
273 310
273 311
273 338
273 339
273 341
273 343
273 344
273 346
273 347
273 348
273 350
273 352
273 353
273 355
273 358
273 359
273 361
273 363
273 364
273 365
273 367
273 368
273 369
273 370
273 371
273 372
273 373
273 374
273 393
274 275
274 277
274 278
274 294
274 297
274 299
274 300
274 301
274 302
274 303
274 305
274 306
274 307
274 308
274 310
274 311
274 339
274 340
274 342
274 343
274 344
274 345
274 346
274 348
274 350
274 351
274 352
274 353
274 354
274 355
274 356
274 357
274 358
274 359
274 360
274 361
274 362
274 363
274 364
274 365
274 366
274 368
274 369
274 370
274 372
274 373
274 392
274 395
274 397
275 276
275 277
275 294
275 298
275 299
275 300
275 301
275 302
275 303
275 304
275 305
275 306
275 307
275 308
275 309
275 310
275 311
275 340
275 341
275 345
275 347
275 348
275 349
275 350
275 351
275 352
275 353
275 354
275 355
275 357
275 360
275 361
275 362
275 363
275 364
275 365
275 366
275 367
275 368
275 369
275 370
275 371
275 372
275 374
275 388
275 390
275 393
275 394
275 395
276 277
276 297
276 299
276 300
276 301
276 302
276 304
276 305
276 307
276 308
276 309
276 310
276 337
276 344
276 345
276 347
276 348
276 349
276 350
276 351
276 352
276 353
276 354
276 355
276 356
276 357
276 358
276 359
276 360
276 363
276 364
276 365
276 366
276 368
276 369
276 371
276 372
276 373
276 391
276 393
276 394
277 296
277 298
277 300
277 301
277 302
277 303
277 304
277 305
277 307
277 308
277 309
277 310
277 311
277 339
277 341
277 342
277 343
277 344
277 345
277 346
277 347
277 349
277 350
277 353
277 354
277 355
277 356
277 357
277 358
277 359
277 360
277 361
277 362
277 363
277 364
277 366
277 367
277 368
277 369
277 370
277 373
277 394
278 302
278 306
278 340
278 349
278 353
278 354
278 355
278 356
278 357
278 358
278 360
278 361
278 363
278 366
278 367
278 369
278 373
278 389
278 393
279 340
279 353
279 354
279 361
279 362
279 368
279 370
279 371
280 299
280 365
280 367
280 369
280 370
280 372
280 373
281 368
281 371
281 372
282 363
282 368
282 372
282 374
289 371
290 372
291 372
294 348
294 367
294 390
295 301
295 308
295 309
295 338
295 341
295 342
295 343
295 349
295 351
295 362
295 370
295 389
295 392
295 394
296 297
296 298
296 299
296 300
296 301
296 303
296 304
296 340
296 363
296 365
296 366
296 367
296 370
296 373
296 395
297 299
297 302
297 305
297 306
297 308
297 309
297 310
297 311
297 335
297 342
297 344
297 346
297 354
297 356
297 358
297 360
297 362
297 366
297 368
297 370
297 371
297 372
297 373
297 390
298 302
298 305
298 306
298 307
298 309
298 342
298 343
298 346
298 348
298 349
298 353
298 354
298 355
298 359
298 363
298 364
298 369
298 370
298 371
298 372
298 373
298 389
298 390
298 391
298 393
299 300
299 301
299 302
299 304
299 305
299 307
299 308
299 309
299 310
299 337
299 341
299 342
299 343
299 345
299 346
299 348
299 349
299 352
299 354
299 355
299 356
299 357
299 358
299 361
299 362
299 363
299 364
299 365
299 369
299 370
299 371
299 373
299 392
299 393
300 301
300 302
300 303
300 304
300 305
300 307
300 309
300 310
300 311
300 316
300 336
300 339
300 340
300 343
300 344
300 345
300 346
300 347
300 350
300 352
300 353
300 355
300 356
300 357
300 358
300 359
300 360
300 361
300 362
300 363
300 364
300 366
300 367
300 368
300 369
300 370
300 371
300 372
300 373
300 389
300 394
300 395
300 396
301 302
301 304
301 305
301 306
301 307
301 308
301 310
301 311
301 336
301 342
301 344
301 345
301 346
301 347
301 348
301 349
301 351
301 352
301 353
301 355
301 356
301 359
301 360
301 362
301 363
301 365
301 368
301 369
301 373
301 392
301 393
302 303
302 304
302 305
302 306
302 307
302 308
302 309
302 310
302 338
302 340
302 341
302 344
302 345
302 346
302 349
302 350
302 354
302 355
302 356
302 357
302 358
302 360
302 361
302 362
302 363
302 364
302 365
302 366
302 367
302 368
302 369
302 370
302 371
302 391
302 392
302 394
302 395
302 467
303 305
303 306
303 307
303 308
303 309
303 310
303 311
303 313
303 337
303 338
303 340
303 341
303 342
303 343
303 344
303 346
303 347
303 348
303 349
303 350
303 351
303 352
303 353
303 354
303 355
303 356
303 357
303 358
303 359
303 361
303 362
303 364
303 365
303 366
303 368
303 369
303 370
303 373
303 374
303 390
303 392
303 394
303 395
304 306
304 307
304 308
304 310
304 341
304 342
304 343
304 345
304 346
304 347
304 348
304 351
304 352
304 354
304 355
304 356
304 357
304 358
304 360
304 362
304 363
304 364
304 365
304 367
304 369
304 370
304 373
304 391
304 392
304 393
304 394
304 395
305 306
305 307
305 308
305 309
305 310
305 311
305 340
305 341
305 342
305 344
305 346
305 347
305 348
305 349
305 350
305 351
305 352
305 353
305 354
305 355
305 356
305 357
305 360
305 361
305 362
305 363
305 364
305 365
305 366
305 368
305 369
305 370
305 374
305 393
305 394
305 395
306 307
306 308
306 309
306 310
306 311
306 337
306 339
306 345
306 348
306 349
306 350
306 351
306 352
306 353
306 354
306 355
306 356
306 357
306 358
306 359
306 360
306 362
306 363
306 364
306 365
306 366
306 367
306 369
306 370
306 371
306 373
306 394
307 308
307 309
307 310
307 311
307 338
307 341
307 342
307 343
307 346
307 347
307 348
307 349
307 350
307 351
307 352
307 353
307 354
307 355
307 356
307 357
307 358
307 359
307 361
307 362
307 363
307 365
307 366
307 367
307 368
307 369
307 370
307 371
307 372
307 373
307 374
307 391
307 392
307 393
307 394
308 309
308 310
308 311
308 312
308 336
308 339
308 340
308 341
308 342
308 345
308 346
308 347
308 348
308 349
308 350
308 351
308 352
308 353
308 354
308 355
308 356
308 357
308 358
308 359
308 360
308 361
308 362
308 363
308 364
308 365
308 366
308 367
308 368
308 369
308 370
308 371
308 372
308 373
308 374
308 391
308 392
308 393
308 394
309 311
309 339
309 340
309 341
309 342
309 344
309 345
309 346
309 347
309 348
309 349
309 350
309 351
309 352
309 353
309 354
309 355
309 356
309 357
309 359
309 360
309 361
309 362
309 364
309 365
309 366
309 367
309 368
309 369
309 370
309 371
309 372
309 373
309 374
309 392
309 395
310 311
310 340
310 344
310 346
310 347
310 349
310 350
310 352
310 353
310 354
310 355
310 356
310 357
310 359
310 360
310 361
310 362
310 363
310 364
310 365
310 366
310 367
310 368
310 369
310 370
310 371
310 372
310 373
310 374
310 390
310 392
310 395
311 336
311 340
311 341
311 342
311 343
311 344
311 347
311 348
311 349
311 350
311 351
311 352
311 353
311 355
311 356
311 358
311 359
311 360
311 361
311 362
311 363
311 364
311 365
311 366
311 367
311 368
311 369
311 370
311 371
311 372
311 373
311 388
311 392
312 342
312 348
312 349
312 350
312 359
312 361
312 363
312 364
312 365
312 366
312 367
312 369
312 370
312 371
312 372
312 373
312 395
313 353
313 365
313 367
313 369
313 370
313 372
313 373
314 364
314 367
314 370
314 371
314 372
314 373
314 392
315 365
315 366
315 371
315 372
315 373
316 371
316 452
317 370
318 370
319 350
326 371
332 369
333 373
335 365
336 342
336 358
336 365
336 372
336 373
336 391
337 348
337 350
337 356
337 357
337 361
337 363
337 368
337 372
337 373
337 394
337 395
338 339
338 345
338 347
338 348
338 356
338 372
338 391
339 343
339 344
339 346
339 352
339 354
339 358
339 360
339 363
339 366
339 368
339 389
339 390
340 341
340 342
340 348
340 349
340 350
340 351
340 353
340 356
340 360
340 361
340 365
340 368
340 371
340 394
341 343
341 345
341 351
341 353
341 354
341 361
341 364
341 367
341 368
341 371
341 372
341 373
341 390
341 391
341 394
342 343
342 344
342 345
342 348
342 349
342 350
342 351
342 352
342 353
342 355
342 356
342 357
342 359
342 362
342 363
342 364
342 365
342 366
342 367
342 368
342 369
342 370
342 372
342 390
342 391
342 392
342 394
343 344
343 347
343 349
343 350
343 351
343 353
343 354
343 359
343 361
343 365
343 366
343 368
343 369
343 370
343 372
343 373
343 392
344 347
344 348
344 349
344 350
344 351
344 352
344 353
344 354
344 355
344 358
344 359
344 360
344 361
344 362
344 363
344 365
344 368
344 369
344 371
344 372
344 373
344 390
344 392
344 393
344 394
344 395
345 346
345 348
345 349
345 350
345 351
345 352
345 353
345 355
345 357
345 358
345 359
345 362
345 363
345 364
345 365
345 366
345 367
345 369
345 370
345 371
345 372
345 373
345 374
345 392
345 394
346 348
346 349
346 350
346 351
346 352
346 353
346 354
346 356
346 357
346 358
346 359
346 360
346 361
346 362
346 363
346 364
346 365
346 366
346 367
346 368
346 369
346 370
346 371
346 372
346 373
346 390
346 391
346 392
346 393
346 394
346 395
347 348
347 349
347 350
347 351
347 352
347 353
347 354
347 355
347 356
347 357
347 358
347 359
347 360
347 362
347 363
347 365
347 366
347 367
347 368
347 369
347 370
347 371
347 372
347 373
347 392
347 393
347 394
347 396
347 411
348 349
348 350
348 351
348 352
348 353
348 355
348 356
348 357
348 358
348 360
348 361
348 362
348 363
348 364
348 365
348 366
348 367
348 369
348 370
348 371
348 372
348 373
348 382
348 388
348 393
348 395
349 350
349 351
349 354
349 355
349 356
349 357
349 358
349 359
349 360
349 361
349 363
349 364
349 365
349 366
349 367
349 368
349 369
349 370
349 371
349 372
349 373
349 374
349 450
350 351
350 352
350 353
350 354
350 355
350 356
350 357
350 358
350 359
350 360
350 361
350 362
350 363
350 364
350 365
350 366
350 367
350 368
350 369
350 370
350 372
350 373
350 374
350 388
350 392
350 393
351 352
351 353
351 354
351 355
351 356
351 358
351 359
351 360
351 362
351 363
351 364
351 365
351 366
351 367
351 368
351 369
351 370
351 371
351 372
351 373
351 389
351 391
351 392
351 394
352 353
352 354
352 355
352 356
352 357
352 359
352 360
352 361
352 362
352 364
352 365
352 366
352 367
352 368
352 369
352 370
352 371
352 372
352 373
352 390
352 392
352 394
352 395
353 354
353 355
353 356
353 357
353 358
353 359
353 360
353 361
353 362
353 363
353 364
353 365
353 366
353 367
353 368
353 369
353 370
353 371
353 372
353 373
353 382
353 388
353 389
353 391
353 393
353 394
353 395
354 355
354 356
354 357
354 358
354 359
354 360
354 361
354 362
354 363
354 364
354 365
354 366
354 367
354 368
354 369
354 370
354 371
354 372
354 373
354 391
354 392
354 393
355 356
355 357
355 358
355 359
355 360
355 361
355 362
355 363
355 364
355 365
355 366
355 367
355 368
355 369
355 370
355 371
355 372
355 373
355 374
355 375
355 389
355 390
355 391
355 393
355 395
356 357
356 358
356 359
356 360
356 361
356 362
356 363
356 364
356 365
356 366
356 367
356 368
356 369
356 370
356 371
356 372
356 373
356 374
356 376
356 391
356 392
356 394
356 395
357 358
357 359
357 360
357 361
357 362
357 363
357 364
357 365
357 366
357 367
357 368
357 369
357 370
357 371
357 372
357 373
357 392
357 394
358 359
358 360
358 361
358 362
358 363
358 364
358 365
358 366
358 367
358 368
358 369
358 370
358 371
358 372
358 373
358 374
358 394
358 395
359 360
359 361
359 362
359 363
359 364
359 365
359 366
359 367
359 368
359 369
359 370
359 371
359 372
359 373
359 382
359 392
359 396
360 361
360 362
360 363
360 364
360 365
360 366
360 367
360 368
360 369
360 370
360 371
360 372
360 373
360 374
360 388
360 392
360 393
360 394
360 395
360 397
361 362
361 363
361 364
361 365
361 366
361 367
361 368
361 369
361 370
361 371
361 372
361 373
361 390
361 391
361 394
361 396
361 410
361 451
362 363
362 364
362 365
362 366
362 367
362 368
362 369
362 370
362 371
362 372
362 373
362 374
362 388
362 393
363 364
363 365
363 366
363 367
363 368
363 369
363 370
363 371
363 372
363 373
363 374
363 382
363 393
363 394
364 365
364 366
364 367
364 368
364 369
364 370
364 371
364 372
364 373
364 374
364 383
364 390
364 392
364 393
364 394
364 395
365 366
365 367
365 368
365 369
365 370
365 371
365 372
365 373
365 374
365 389
365 394
365 395
365 396
365 398
366 367
366 368
366 369
366 370
366 371
366 372
366 373
366 374
366 379
366 383
366 390
366 394
366 395
366 397
366 411
367 368
367 369
367 370
367 371
367 372
367 373
367 374
367 375
367 390
367 393
367 394
367 395
367 412
367 414
367 449
368 369
368 370
368 371
368 372
368 373
368 374
368 375
368 383
368 390
368 392
368 394
368 396
368 397
368 413
368 436
369 370
369 371
369 372
369 373
369 374
369 375
369 392
369 393
369 394
369 395
369 396
369 435
370 371
370 372
370 373
370 374
370 375
370 382
370 384
370 392
370 393
370 394
370 395
370 413
371 372
371 373
371 374
371 375
371 383
371 384
371 385
371 388
371 389
371 390
371 391
371 392
371 393
371 394
371 397
371 408
371 412
371 413
371 416
371 423
371 424
371 435
371 450
371 451
372 373
372 374
372 375
372 379
372 380
372 385
372 394
372 395
372 397
372 398
372 411
372 412
372 414
372 450
372 451
372 480
372 489
373 374
373 375
373 388
373 393
373 394
373 397
373 398
373 416
373 481
374 375
374 398
374 466
375 436
376 377
386 399
388 389
388 391
388 392
388 393
389 397
390 393
391 393
392 395
393 394
393 395
417 492
