1 134
2 487
4 490
5 432
6 190
6 192
6 355
6 482
7 81
7 83
7 85
7 129
7 313
7 320
7 363
7 367
7 431
7 488
7 489
8 80
8 130
8 187
8 190
8 359
8 483
8 485
8 489
8 490
8 491
8 492
8 494
8 495
9 138
9 192
9 370
9 486
9 490
9 491
9 492
9 493
9 494
9 495
9 496
10 141
10 358
10 374
10 489
10 492
10 494
10 495
11 416
11 494
11 498
12 208
15 303
19 490
20 492
26 489
28 493
29 438
32 434
32 494
43 113
43 495
44 488
44 495
45 324
58 490
58 495
59 496
60 495
61 426
61 493
62 328
64 425
67 495
76 315
76 319
76 366
76 372
76 430
76 495
77 82
77 83
77 124
77 126
77 129
77 132
77 135
77 183
77 184
77 315
77 356
77 360
77 362
77 365
77 373
77 430
77 481
77 488
77 492
77 493
77 495
78 80
78 82
78 83
78 84
78 85
78 86
78 124
78 130
78 132
78 183
78 185
78 190
78 314
78 315
78 316
78 319
78 322
78 323
78 353
78 354
78 355
78 356
78 357
78 358
78 359
78 361
78 365
78 366
78 367
78 370
78 421
78 423
78 424
78 428
78 429
78 430
78 474
78 477
78 480
78 483
78 484
78 485
78 493
78 494
79 82
79 83
79 84
79 85
79 125
79 126
79 128
79 129
79 130
79 131
79 132
79 134
79 136
79 138
79 185
79 188
79 190
79 191
79 192
79 312
79 315
79 317
79 318
79 319
79 320
79 322
79 323
79 324
79 357
79 363
79 364
79 365
79 366
79 368
79 371
79 372
79 424
79 425
79 426
79 430
79 432
79 477
79 478
79 480
79 482
79 485
79 488
79 489
79 492
79 493
79 496
80 81
80 82
80 83
80 84
80 85
80 86
80 127
80 129
80 130
80 131
80 133
80 134
80 136
80 137
80 139
80 184
80 186
80 189
80 191
80 192
80 312
80 313
80 314
80 317
80 318
80 319
80 320
80 321
80 322
80 323
80 324
80 354
80 355
80 357
80 358
80 359
80 360
80 361
80 362
80 363
80 364
80 365
80 367
80 372
80 420
80 421
80 422
80 423
80 424
80 425
80 426
80 427
80 429
80 432
80 433
80 477
80 478
80 479
80 480
80 481
80 483
80 484
80 485
80 486
80 487
80 488
80 489
80 491
80 493
80 495
81 82
81 83
81 85
81 129
81 130
81 131
81 133
81 134
81 137
81 139
81 184
81 185
81 186
81 187
81 188
81 191
81 193
81 314
81 315
81 317
81 318
81 319
81 320
81 321
81 322
81 353
81 354
81 355
81 356
81 357
81 358
81 360
81 361
81 362
81 365
81 366
81 367
81 368
81 369
81 422
81 423
81 424
81 425
81 428
81 429
81 430
81 431
81 459
81 474
81 475
81 476
81 477
81 478
81 479
81 480
81 481
81 482
81 484
81 486
81 487
81 488
81 489
81 492
81 493
81 495
82 83
82 84
82 85
82 86
82 87
82 126
82 131
82 133
82 134
82 135
82 136
82 137
82 138
82 139
82 184
82 187
82 189
82 190
82 191
82 192
82 193
82 194
82 315
82 317
82 318
82 319
82 321
82 322
82 324
82 353
82 354
82 355
82 356
82 357
82 360
82 361
82 362
82 363
82 364
82 365
82 367
82 368
82 369
82 370
82 371
82 372
82 422
82 424
82 425
82 426
82 427
82 428
82 429
82 430
82 432
82 433
82 475
82 477
82 479
82 480
82 481
82 482
82 483
82 484
82 485
82 486
82 487
82 488
82 489
82 490
82 491
82 492
82 493
82 494
83 84
83 85
83 86
83 87
83 125
83 126
83 127
83 129
83 130
83 131
83 132
83 133
83 134
83 135
83 136
83 137
83 138
83 139
83 183
83 186
83 187
83 188
83 189
83 190
83 191
83 192
83 193
83 194
83 263
83 270
83 314
83 316
83 317
83 318
83 319
83 320
83 321
83 322
83 323
83 324
83 356
83 357
83 358
83 359
83 360
83 361
83 362
83 364
83 366
83 367
83 368
83 369
83 370
83 371
83 372
83 421
83 423
83 425
83 426
83 427
83 428
83 429
83 430
83 431
83 475
83 477
83 480
83 481
83 482
83 483
83 484
83 485
83 486
83 487
83 488
83 489
83 490
83 491
83 492
83 493
83 494
83 495
84 86
84 127
84 128
84 129
84 130
84 131
84 132
84 133
84 134
84 136
84 137
84 138
84 139
84 182
84 184
84 185
84 187
84 188
84 189
84 190
84 191
84 192
84 193
84 194
84 303
84 314
84 318
84 319
84 320
84 321
84 322
84 323
84 353
84 354
84 355
84 356
84 357
84 358
84 359
84 360
84 361
84 362
84 363
84 364
84 365
84 366
84 367
84 368
84 369
84 370
84 371
84 372
84 373
84 419
84 420
84 422
84 423
84 427
84 428
84 429
84 430
84 431
84 432
84 433
84 434
84 475
84 479
84 480
84 481
84 482
84 483
84 484
84 485
84 486
84 487
84 488
84 489
84 490
84 491
84 493
84 494
84 495
84 496
85 86
85 127
85 128
85 129
85 130
85 131
85 132
85 133
85 134
85 135
85 136
85 137
85 138
85 184
85 185
85 186
85 187
85 188
85 189
85 190
85 191
85 193
85 313
85 315
85 316
85 317
85 319
85 320
85 321
85 322
85 323
85 326
85 354
85 355
85 357
85 358
85 359
85 360
85 361
85 362
85 363
85 364
85 365
85 366
85 367
85 368
85 369
85 370
85 371
85 372
85 373
85 421
85 423
85 425
85 426
85 427
85 428
85 429
85 430
85 477
85 478
85 479
85 481
85 482
85 484
85 485
85 486
85 487
85 488
85 489
85 490
85 491
85 492
85 493
85 494
85 495
86 127
86 130
86 131
86 134
86 135
86 136
86 137
86 138
86 140
86 182
86 185
86 186
86 187
86 188
86 189
86 190
86 191
86 192
86 193
86 194
86 195
86 293
86 317
86 318
86 321
86 322
86 323
86 352
86 354
86 355
86 357
86 358
86 361
86 365
86 368
86 369
86 370
86 371
86 372
86 421
86 422
86 424
86 425
86 426
86 429
86 432
86 475
86 478
86 481
86 486
86 487
86 488
86 489
86 490
86 491
86 492
86 493
86 494
86 495
86 496
87 137
87 138
87 139
87 187
87 190
87 191
87 193
87 315
87 318
87 354
87 357
87 361
87 369
87 371
87 373
87 428
87 484
87 485
87 487
87 488
87 489
87 490
87 491
87 492
87 493
87 494
87 495
88 190
88 193
88 364
88 370
88 372
88 373
88 490
88 492
88 493
88 494
88 495
88 496
89 142
89 319
89 486
89 495
89 497
90 305
91 268
93 490
98 496
99 264
99 496
100 198
111 494
112 373
115 319
119 494
121 493
122 141
123 284
123 436
124 188
124 353
124 477
124 485
125 128
125 133
125 136
125 137
125 190
125 262
125 311
125 314
125 316
125 362
125 366
125 372
125 425
125 477
125 478
125 479
125 487
125 491
126 127
126 128
126 130
126 132
126 133
126 134
126 183
126 184
126 188
126 189
126 190
126 191
126 194
126 312
126 313
126 314
126 321
126 353
126 359
126 363
126 365
126 366
126 368
126 369
126 371
126 372
126 424
126 425
126 426
126 427
126 430
126 432
126 478
126 480
126 482
126 483
126 487
126 492
126 494
127 128
127 130
127 136
127 137
127 184
127 185
127 187
127 190
127 192
127 194
127 315
127 317
127 323
127 354
127 357
127 358
127 359
127 362
127 363
127 364
127 365
127 367
127 368
127 369
127 370
127 372
127 421
127 422
127 427
127 429
127 475
127 476
127 479
127 480
127 483
127 484
127 485
127 486
127 488
127 489
127 490
127 491
127 492
127 493
127 495
128 129
128 131
128 132
128 133
128 134
128 135
128 136
128 137
128 139
128 184
128 185
128 186
128 187
128 188
128 190
128 191
128 193
128 194
128 213
128 263
128 311
128 312
128 313
128 314
128 317
128 318
128 319
128 320
128 321
128 323
128 354
128 355
128 356
128 357
128 359
128 360
128 361
128 363
128 364
128 365
128 367
128 368
128 370
128 372
128 424
128 426
128 428
128 429
128 430
128 432
128 459
128 475
128 476
128 477
128 478
128 480
128 481
128 482
128 484
128 485
128 486
128 487
128 488
128 490
128 491
128 492
128 493
128 494
128 495
129 130
129 131
129 133
129 134
129 135
129 136
129 138
129 139
129 183
129 184
129 185
129 186
129 187
129 188
129 189
129 190
129 191
129 192
129 193
129 194
129 315
129 316
129 317
129 318
129 319
129 320
129 321
129 322
129 324
129 353
129 355
129 356
129 357
129 358
129 359
129 360
129 361
129 362
129 363
129 364
129 365
129 366
129 367
129 370
129 372
129 424
129 425
129 426
129 427
129 428
129 429
129 430
129 431
129 432
129 474
129 477
129 479
129 480
129 481
129 483
129 485
129 488
129 489
129 491
129 493
129 494
129 495
130 131
130 132
130 133
130 134
130 135
130 136
130 137
130 138
130 139
130 186
130 187
130 188
130 189
130 190
130 191
130 192
130 193
130 194
130 262
130 311
130 313
130 316
130 317
130 318
130 319
130 320
130 321
130 322
130 323
130 324
130 355
130 358
130 359
130 360
130 361
130 362
130 363
130 364
130 365
130 366
130 368
130 369
130 370
130 371
130 372
130 373
130 422
130 423
130 424
130 425
130 426
130 427
130 428
130 429
130 430
130 431
130 432
130 461
130 473
130 477
130 478
130 479
130 480
130 481
130 482
130 483
130 484
130 485
130 486
130 488
130 489
130 490
130 491
130 492
130 493
130 494
130 495
130 496
131 132
131 133
131 134
131 135
131 136
131 137
131 138
131 183
131 185
131 186
131 187
131 189
131 190
131 191
131 192
131 193
131 197
131 264
131 303
131 313
131 315
131 316
131 317
131 318
131 319
131 320
131 321
131 323
131 325
131 355
131 356
131 357
131 358
131 359
131 360
131 361
131 362
131 363
131 364
131 365
131 366
131 367
131 368
131 369
131 370
131 371
131 372
131 423
131 424
131 425
131 426
131 427
131 428
131 429
131 430
131 431
131 432
131 475
131 476
131 478
131 479
131 480
131 481
131 482
131 483
131 484
131 485
131 486
131 487
131 489
131 490
131 491
131 492
131 493
131 494
131 495
132 133
132 134
132 135
132 136
132 137
132 138
132 184
132 185
132 186
132 188
132 189
132 190
132 191
132 192
132 193
132 262
132 311
132 312
132 314
132 316
132 317
132 318
132 319
132 320
132 321
132 322
132 323
132 324
132 325
132 356
132 358
132 359
132 360
132 361
132 362
132 363
132 365
132 366
132 367
132 368
132 369
132 370
132 371
132 372
132 413
132 421
132 423
132 424
132 426
132 427
132 428
132 429
132 430
132 431
132 432
132 433
132 474
132 475
132 476
132 477
132 478
132 480
132 481
132 482
132 483
132 485
132 486
132 487
132 488
132 489
132 492
132 493
132 495
132 496
133 134
133 135
133 136
133 137
133 138
133 139
133 183
133 184
133 185
133 186
133 187
133 188
133 189
133 190
133 191
133 192
133 193
133 194
133 275
133 313
133 315
133 316
133 317
133 320
133 321
133 322
133 323
133 325
133 353
133 354
133 355
133 356
133 358
133 359
133 360
133 361
133 362
133 363
133 364
133 365
133 366
133 367
133 368
133 369
133 370
133 371
133 372
133 373
133 421
133 423
133 424
133 425
133 426
133 427
133 428
133 429
133 430
133 431
133 432
133 474
133 475
133 476
133 477
133 478
133 479
133 480
133 481
133 482
133 483
133 484
133 485
133 486
133 487
133 488
133 489
133 490
133 491
133 492
133 493
133 494
133 495
133 496
134 135
134 136
134 137
134 138
134 139
134 185
134 187
134 188
134 189
134 190
134 191
134 192
134 193
134 194
134 263
134 275
134 314
134 316
134 317
134 318
134 319
134 320
134 321
134 322
134 323
134 324
134 325
134 352
134 354
134 355
134 356
134 357
134 358
134 359
134 360
134 361
134 362
134 363
134 364
134 365
134 366
134 367
134 368
134 369
134 370
134 371
134 372
134 422
134 423
134 424
134 425
134 426
134 427
134 428
134 430
134 431
134 476
134 477
134 479
134 480
134 481
134 482
134 483
134 484
134 485
134 486
134 487
134 488
134 489
134 490
134 491
134 492
134 493
134 494
134 495
134 496
135 136
135 137
135 138
135 139
135 175
135 185
135 187
135 188
135 189
135 190
135 191
135 192
135 193
135 194
135 195
135 260
135 274
135 276
135 314
135 317
135 318
135 319
135 320
135 321
135 322
135 323
135 324
135 325
135 330
135 353
135 354
135 356
135 358
135 359
135 360
135 361
135 362
135 363
135 364
135 365
135 366
135 367
135 368
135 369
135 370
135 371
135 372
135 373
135 422
135 423
135 424
135 425
135 426
135 427
135 428
135 429
135 430
135 431
135 432
135 434
135 460
135 475
135 476
135 477
135 478
135 479
135 480
135 481
135 482
135 483
135 484
135 485
135 486
135 487
135 488
135 489
135 490
135 491
135 492
135 493
135 494
135 495
135 496
136 137
136 138
136 139
136 184
136 185
136 186
136 187
136 188
136 189
136 190
136 191
136 192
136 193
136 194
136 195
136 219
136 302
136 312
136 315
136 319
136 320
136 321
136 322
136 324
136 342
136 353
136 355
136 356
136 357
136 358
136 359
136 360
136 361
136 362
136 363
136 364
136 365
136 366
136 367
136 368
136 369
136 370
136 371
136 372
136 424
136 425
136 426
136 427
136 428
136 429
136 430
136 431
136 433
136 435
136 459
136 461
136 477
136 478
136 479
136 480
136 481
136 482
136 483
136 484
136 485
136 486
136 487
136 488
136 489
136 490
136 491
136 492
136 493
136 494
136 495
136 496
137 138
137 139
137 140
137 183
137 187
137 188
137 189
137 190
137 191
137 192
137 193
137 194
137 213
137 262
137 302
137 313
137 315
137 316
137 317
137 318
137 319
137 320
137 321
137 322
137 323
137 324
137 325
137 354
137 356
137 357
137 358
137 359
137 360
137 361
137 362
137 363
137 364
137 365
137 366
137 367
137 368
137 369
137 370
137 371
137 372
137 373
137 414
137 421
137 423
137 424
137 425
137 426
137 427
137 428
137 429
137 430
137 431
137 432
137 474
137 477
137 478
137 479
137 481
137 482
137 483
137 484
137 485
137 486
137 487
137 488
137 489
137 490
137 491
137 492
137 493
137 494
137 495
137 496
137 497
138 139
138 140
138 183
138 185
138 187
138 188
138 190
138 191
138 192
138 193
138 194
138 195
138 260
138 261
138 295
138 313
138 315
138 316
138 317
138 318
138 319
138 320
138 321
138 322
138 323
138 324
138 325
138 327
138 350
138 355
138 356
138 357
138 358
138 360
138 361
138 362
138 363
138 364
138 365
138 366
138 367
138 368
138 369
138 370
138 371
138 372
138 373
138 418
138 427
138 428
138 429
138 430
138 431
138 432
138 459
138 475
138 476
138 477
138 478
138 479
138 480
138 481
138 482
138 483
138 484
138 485
138 486
138 487
138 488
138 489
138 490
138 491
138 492
138 493
138 494
138 495
138 496
139 182
139 189
139 190
139 191
139 192
139 193
139 194
139 315
139 316
139 317
139 318
139 320
139 321
139 322
139 323
139 324
139 328
139 354
139 355
139 356
139 357
139 358
139 359
139 361
139 362
139 363
139 365
139 366
139 367
139 368
139 369
139 370
139 371
139 372
139 374
139 422
139 423
139 424
139 427
139 428
139 429
139 454
139 464
139 478
139 480
139 481
139 482
139 483
139 484
139 485
139 486
139 487
139 488
139 489
139 490
139 491
139 492
139 493
139 494
139 495
139 496
140 191
140 199
140 320
140 364
140 370
140 371
140 426
140 436
140 449
140 484
140 485
140 486
140 487
140 490
140 491
140 492
140 493
140 494
140 495
140 496
141 147
141 419
141 485
141 493
141 494
142 305
142 433
142 494
143 440
144 240
145 149
146 490
146 494
147 490
147 491
148 375
148 493
156 197
158 431
162 489
174 360
175 369
175 371
175 429
175 494
176 491
176 494
176 495
177 492
177 494
178 424
182 183
182 186
182 190
182 313
182 318
182 321
182 350
182 352
182 353
182 356
182 369
182 427
182 428
182 475
182 480
182 485
183 187
183 193
183 314
183 316
183 318
183 322
183 354
183 357
183 359
183 360
183 361
183 365
183 370
183 421
183 425
183 426
183 429
183 430
183 432
183 477
183 483
183 484
183 485
183 486
183 487
183 491
183 492
183 493
183 495
184 186
184 187
184 188
184 189
184 190
184 193
184 194
184 315
184 316
184 318
184 319
184 320
184 355
184 356
184 357
184 359
184 361
184 363
184 368
184 369
184 370
184 371
184 423
184 424
184 426
184 429
184 431
184 432
184 475
184 477
184 479
184 482
184 483
184 484
184 485
184 486
184 488
184 493
184 494
184 495
185 190
185 191
185 192
185 193
185 312
185 313
185 314
185 317
185 318
185 320
185 321
185 323
185 354
185 357
185 358
185 360
185 363
185 365
185 366
185 369
185 421
185 425
185 426
185 427
185 428
185 431
185 475
185 476
185 477
185 478
185 479
185 482
185 483
185 484
185 485
185 486
185 489
185 491
185 493
185 495
186 187
186 188
186 189
186 190
186 191
186 192
186 193
186 194
186 315
186 316
186 317
186 319
186 321
186 322
186 323
186 353
186 354
186 355
186 356
186 357
186 358
186 359
186 360
186 363
186 367
186 368
186 369
186 370
186 371
186 372
186 424
186 427
186 429
186 430
186 432
186 433
186 435
186 474
186 475
186 477
186 478
186 479
186 480
186 481
186 483
186 484
186 486
186 487
186 488
186 489
186 490
186 491
186 492
186 493
186 494
186 495
186 496
187 189
187 190
187 191
187 192
187 194
187 195
187 261
187 262
187 312
187 314
187 317
187 318
187 319
187 320
187 321
187 322
187 323
187 324
187 354
187 355
187 357
187 358
187 360
187 361
187 362
187 363
187 365
187 368
187 369
187 370
187 371
187 372
187 422
187 423
187 424
187 425
187 426
187 427
187 428
187 429
187 430
187 431
187 432
187 474
187 475
187 477
187 478
187 479
187 480
187 481
187 482
187 483
187 484
187 485
187 486
187 487
187 488
187 490
187 493
187 494
187 495
187 496
188 189
188 190
188 191
188 192
188 193
188 194
188 315
188 316
188 317
188 318
188 319
188 320
188 321
188 322
188 323
188 326
188 355
188 356
188 357
188 358
188 360
188 361
188 362
188 363
188 364
188 366
188 367
188 368
188 369
188 370
188 371
188 372
188 373
188 422
188 425
188 426
188 427
188 428
188 429
188 430
188 431
188 460
188 476
188 477
188 478
188 479
188 480
188 481
188 482
188 483
188 486
188 487
188 488
188 489
188 490
188 491
188 492
188 493
188 494
188 495
189 190
189 191
189 192
189 193
189 194
189 315
189 316
189 317
189 318
189 321
189 322
189 323
189 352
189 354
189 357
189 358
189 360
189 361
189 362
189 363
189 364
189 365
189 366
189 367
189 368
189 369
189 370
189 371
189 372
189 425
189 427
189 428
189 429
189 430
189 432
189 433
189 473
189 474
189 475
189 477
189 478
189 480
189 481
189 482
189 483
189 484
189 487
189 488
189 489
189 490
189 491
189 492
189 493
189 494
189 495
189 496
190 191
190 192
190 193
190 194
190 314
190 315
190 317
190 319
190 321
190 322
190 323
190 324
190 352
190 355
190 356
190 357
190 358
190 359
190 360
190 361
190 362
190 363
190 364
190 365
190 366
190 367
190 368
190 369
190 370
190 371
190 372
190 422
190 423
190 424
190 425
190 427
190 428
190 429
190 430
190 434
190 474
190 476
190 478
190 479
190 480
190 481
190 482
190 483
190 484
190 485
190 486
190 487
190 488
190 489
190 490
190 491
190 492
190 493
190 494
190 495
191 192
191 263
191 303
191 312
191 313
191 316
191 317
191 318
191 320
191 321
191 322
191 352
191 353
191 356
191 357
191 358
191 359
191 360
191 361
191 362
191 363
191 364
191 366
191 367
191 368
191 369
191 370
191 371
191 372
191 421
191 422
191 424
191 426
191 427
191 428
191 429
191 430
191 431
191 432
191 475
191 477
191 479
191 480
191 481
191 482
191 483
191 484
191 485
191 486
191 487
191 488
191 489
191 490
191 491
191 492
191 493
191 494
191 495
191 496
192 193
192 194
192 195
192 262
192 303
192 314
192 316
192 317
192 318
192 319
192 320
192 321
192 322
192 323
192 324
192 352
192 355
192 357
192 359
192 360
192 361
192 362
192 363
192 365
192 366
192 367
192 368
192 369
192 370
192 371
192 372
192 373
192 421
192 423
192 424
192 425
192 426
192 427
192 428
192 429
192 430
192 431
192 432
192 476
192 477
192 478
192 479
192 480
192 481
192 482
192 483
192 484
192 485
192 486
192 487
192 488
192 489
192 490
192 491
192 492
192 493
192 494
192 495
192 496
193 194
193 195
193 261
193 277
193 312
193 315
193 316
193 318
193 319
193 321
193 322
193 323
193 324
193 354
193 356
193 358
193 359
193 360
193 361
193 362
193 363
193 364
193 365
193 366
193 367
193 368
193 370
193 371
193 372
193 373
193 422
193 423
193 425
193 426
193 428
193 429
193 430
193 431
193 434
193 476
193 479
193 480
193 481
193 482
193 483
193 484
193 485
193 486
193 487
193 488
193 489
193 490
193 491
193 492
193 493
193 494
193 495
193 496
194 311
194 315
194 317
194 318
194 319
194 323
194 354
194 355
194 356
194 358
194 359
194 360
194 361
194 362
194 363
194 365
194 366
194 367
194 368
194 369
194 370
194 371
194 372
194 422
194 425
194 426
194 428
194 430
194 431
194 475
194 480
194 481
194 482
194 483
194 484
194 485
194 486
194 487
194 488
194 489
194 490
194 491
194 492
194 493
194 494
194 495
194 496
195 275
195 362
195 363
195 365
195 368
195 370
195 371
195 372
195 374
195 428
195 478
195 479
195 489
195 490
195 491
195 492
195 493
195 494
195 495
195 496
196 262
196 318
196 375
196 489
196 491
196 493
196 494
196 495
196 496
197 492
197 496
198 465
205 435
206 495
207 371
207 410
207 494
208 339
208 487
208 496
209 247
209 283
211 491
214 489
214 493
215 265
223 419
232 495
233 494
243 368
245 491
246 316
247 490
247 492
247 496
248 250
248 496
249 319
255 409
259 322
259 369
260 321
260 370
260 478
260 482
260 487
261 323
261 420
261 491
261 493
261 494
261 495
262 319
262 358
262 372
262 427
262 481
262 483
262 486
262 493
263 318
263 371
263 430
263 484
263 485
263 486
263 489
263 491
263 492
263 493
264 327
264 485
264 490
264 492
264 493
264 494
264 495
265 375
265 492
265 494
265 498
266 286
266 499
267 495
269 288
273 492
274 369
274 429
274 432
274 491
275 359
275 428
275 430
275 483
275 495
276 486
276 488
276 490
276 491
276 492
276 494
277 363
277 490
277 491
277 492
277 494
278 327
278 366
278 373
278 495
281 482
282 324
282 480
282 495
283 477
283 484
283 490
283 492
284 490
284 491
285 339
285 491
285 493
286 494
286 495
287 424
287 429
287 462
287 492
288 322
288 362
288 494
289 326
290 329
291 362
296 494
300 493
300 494
301 359
301 368
301 426
301 495
302 323
302 360
302 368
302 478
302 491
303 485
303 489
303 490
303 494
304 323
304 416
304 424
304 489
304 492
304 493
304 494
304 496
305 492
305 493
305 494
306 376
308 384
311 359
311 372
311 422
311 480
311 486
312 318
312 324
312 352
312 355
312 360
312 361
312 371
312 421
312 422
312 474
312 481
312 486
312 489
312 490
312 491
312 492
312 495
313 318
313 351
313 354
313 358
313 359
313 363
313 372
313 423
313 426
313 428
313 429
313 432
313 474
313 475
313 479
313 480
313 481
313 482
313 483
313 484
313 485
313 488
313 489
313 491
313 493
313 494
313 495
314 315
314 316
314 320
314 321
314 322
314 323
314 324
314 352
314 353
314 356
314 357
314 358
314 359
314 360
314 363
314 365
314 366
314 367
314 370
314 423
314 425
314 426
314 431
314 433
314 475
314 476
314 478
314 479
314 481
314 484
314 485
314 487
314 489
314 491
314 493
315 317
315 320
315 321
315 322
315 354
315 355
315 356
315 359
315 360
315 361
315 362
315 366
315 367
315 370
315 371
315 372
315 423
315 426
315 427
315 428
315 429
315 476
315 477
315 478
315 480
315 481
315 483
315 484
315 485
315 489
315 492
315 493
315 494
315 495
315 496
316 318
316 319
316 320
316 322
316 325
316 353
316 354
316 358
316 360
316 362
316 364
316 365
316 367
316 368
316 369
316 370
316 371
316 425
316 426
316 428
316 429
316 431
316 474
316 477
316 478
316 480
316 482
316 484
316 485
316 486
316 489
316 490
316 491
316 492
316 494
317 318
317 319
317 320
317 322
317 324
317 325
317 353
317 354
317 355
317 356
317 357
317 358
317 359
317 360
317 361
317 362
317 363
317 364
317 365
317 367
317 369
317 370
317 371
317 372
317 420
317 425
317 426
317 427
317 428
317 429
317 430
317 431
317 432
317 475
317 476
317 479
317 480
317 481
317 482
317 483
317 484
317 485
317 486
317 487
317 489
317 490
317 492
317 493
317 495
318 319
318 321
318 322
318 323
318 324
318 354
318 356
318 357
318 359
318 360
318 363
318 364
318 366
318 367
318 369
318 370
318 372
318 423
318 425
318 426
318 428
318 429
318 430
318 431
318 433
318 476
318 477
318 478
318 479
318 480
318 481
318 482
318 483
318 484
318 485
318 486
318 487
318 488
318 489
318 490
318 491
318 492
318 493
318 494
318 495
319 320
319 321
319 322
319 323
319 354
319 355
319 356
319 358
319 359
319 360
319 361
319 362
319 363
319 364
319 365
319 366
319 368
319 369
319 371
319 372
319 422
319 423
319 424
319 425
319 428
319 429
319 430
319 431
319 433
319 443
319 476
319 478
319 479
319 480
319 481
319 482
319 483
319 484
319 485
319 486
319 487
319 488
319 489
319 490
319 491
319 492
319 493
319 494
319 495
320 321
320 322
320 323
320 353
320 355
320 356
320 357
320 358
320 359
320 360
320 361
320 362
320 363
320 364
320 366
320 367
320 368
320 369
320 370
320 372
320 373
320 375
320 421
320 424
320 426
320 427
320 428
320 429
320 430
320 431
320 432
320 475
320 476
320 478
320 479
320 480
320 481
320 482
320 483
320 484
320 485
320 486
320 487
320 488
320 489
320 490
320 491
320 492
320 493
320 494
320 495
320 496
321 322
321 323
321 355
321 357
321 358
321 359
321 360
321 361
321 362
321 363
321 364
321 365
321 366
321 368
321 369
321 370
321 371
321 372
321 373
321 422
321 424
321 426
321 428
321 429
321 430
321 432
321 433
321 439
321 474
321 476
321 477
321 478
321 480
321 481
321 482
321 483
321 484
321 485
321 486
321 487
321 489
321 490
321 491
321 492
321 493
321 494
321 495
321 496
322 323
322 353
322 354
322 355
322 356
322 357
322 358
322 359
322 360
322 361
322 362
322 363
322 364
322 365
322 366
322 367
322 369
322 370
322 371
322 372
322 421
322 424
322 426
322 427
322 428
322 429
322 430
322 434
322 446
322 479
322 480
322 481
322 482
322 483
322 484
322 485
322 486
322 487
322 488
322 489
322 490
322 491
322 492
322 493
322 494
322 495
322 496
323 354
323 356
323 357
323 358
323 359
323 360
323 361
323 362
323 363
323 365
323 366
323 367
323 369
323 370
323 371
323 372
323 373
323 420
323 424
323 425
323 426
323 428
323 429
323 431
323 432
323 433
323 435
323 476
323 478
323 479
323 480
323 481
323 482
323 483
323 485
323 486
323 487
323 488
323 489
323 490
323 491
323 492
323 493
323 494
323 495
324 352
324 361
324 366
324 367
324 368
324 369
324 370
324 371
324 372
324 426
324 427
324 428
324 429
324 434
324 476
324 478
324 479
324 481
324 482
324 483
324 485
324 486
324 487
324 488
324 489
324 490
324 491
324 492
324 493
324 494
324 495
324 496
325 364
325 366
325 372
325 376
325 432
325 433
325 488
325 490
325 492
325 493
325 494
325 495
325 496
325 497
326 362
326 372
326 489
326 490
326 491
326 493
326 494
326 496
327 487
327 491
327 492
327 493
327 494
328 436
331 493
332 494
333 491
333 494
334 495
350 492
351 365
351 422
351 485
351 491
351 493
352 354
352 360
352 361
352 362
352 433
352 476
352 489
352 493
352 494
353 358
353 360
353 362
353 364
353 420
353 422
353 423
353 425
353 426
353 433
353 482
353 486
353 487
353 490
353 491
353 495
353 497
354 356
354 357
354 358
354 361
354 364
354 365
354 367
354 369
354 421
354 424
354 425
354 427
354 429
354 430
354 432
354 434
354 476
354 477
354 480
354 481
354 483
354 485
354 486
354 487
354 489
354 490
354 494
354 495
354 496
355 358
355 359
355 360
355 365
355 366
355 367
355 369
355 370
355 372
355 423
355 425
355 426
355 431
355 475
355 476
355 477
355 478
355 479
355 480
355 481
355 482
355 483
355 484
355 485
355 486
355 488
355 490
355 493
355 494
355 495
356 357
356 358
356 359
356 361
356 363
356 364
356 365
356 366
356 369
356 370
356 372
356 423
356 424
356 425
356 426
356 427
356 429
356 430
356 431
356 433
356 434
356 474
356 475
356 476
356 477
356 478
356 479
356 480
356 481
356 483
356 484
356 485
356 486
356 488
356 489
356 490
356 491
356 492
356 493
356 494
356 495
357 358
357 359
357 362
357 363
357 364
357 365
357 366
357 367
357 368
357 369
357 370
357 372
357 422
357 425
357 426
357 429
357 430
357 431
357 432
357 434
357 477
357 479
357 481
357 482
357 483
357 484
357 485
357 487
357 488
357 489
357 490
357 491
357 492
357 493
357 494
357 495
358 359
358 362
358 363
358 365
358 366
358 367
358 368
358 369
358 370
358 371
358 372
358 421
358 422
358 424
358 426
358 427
358 429
358 430
358 431
358 478
358 479
358 480
358 481
358 482
358 483
358 484
358 485
358 486
358 487
358 488
358 489
358 490
358 491
358 492
358 493
358 494
358 495
359 360
359 361
359 362
359 363
359 364
359 365
359 366
359 367
359 368
359 369
359 370
359 371
359 372
359 421
359 422
359 424
359 425
359 426
359 427
359 428
359 429
359 430
359 432
359 459
359 478
359 479
359 480
359 481
359 483
359 484
359 485
359 486
359 487
359 488
359 489
359 490
359 491
359 492
359 493
359 494
359 495
359 496
360 361
360 362
360 363
360 364
360 365
360 367
360 368
360 369
360 370
360 371
360 372
360 373
360 422
360 424
360 425
360 426
360 427
360 428
360 429
360 430
360 431
360 432
360 433
360 460
360 476
360 477
360 478
360 479
360 480
360 481
360 482
360 483
360 484
360 485
360 486
360 487
360 488
360 489
360 490
360 491
360 492
360 493
360 494
360 495
360 496
361 362
361 363
361 364
361 365
361 366
361 367
361 368
361 369
361 370
361 371
361 372
361 421
361 422
361 423
361 424
361 425
361 426
361 427
361 428
361 429
361 430
361 434
361 460
361 461
361 478
361 479
361 480
361 481
361 483
361 484
361 485
361 486
361 487
361 488
361 489
361 490
361 491
361 492
361 493
361 494
361 495
361 496
362 363
362 365
362 366
362 367
362 368
362 369
362 370
362 371
362 372
362 423
362 425
362 426
362 427
362 428
362 429
362 430
362 431
362 433
362 461
362 475
362 477
362 478
362 479
362 480
362 481
362 483
362 484
362 485
362 486
362 487
362 488
362 489
362 490
362 491
362 492
362 493
362 494
362 495
362 496
363 366
363 367
363 368
363 369
363 370
363 371
363 372
363 373
363 424
363 425
363 426
363 427
363 428
363 429
363 431
363 475
363 476
363 478
363 479
363 480
363 481
363 482
363 483
363 484
363 485
363 486
363 487
363 488
363 489
363 490
363 491
363 492
363 493
363 494
363 495
364 365
364 366
364 367
364 368
364 369
364 371
364 372
364 424
364 425
364 426
364 427
364 428
364 429
364 430
364 431
364 432
364 475
364 477
364 478
364 479
364 480
364 481
364 482
364 483
364 484
364 485
364 486
364 487
364 488
364 489
364 490
364 491
364 492
364 493
364 494
364 495
365 366
365 368
365 369
365 370
365 371
365 372
365 373
365 408
365 421
365 422
365 423
365 424
365 425
365 426
365 427
365 428
365 429
365 431
365 435
365 473
365 476
365 477
365 479
365 480
365 481
365 482
365 483
365 484
365 485
365 486
365 487
365 488
365 490
365 491
365 492
365 493
365 494
365 495
365 496
366 367
366 368
366 369
366 370
366 371
366 372
366 373
366 423
366 424
366 425
366 426
366 427
366 428
366 429
366 430
366 433
366 474
366 476
366 478
366 479
366 480
366 481
366 482
366 483
366 484
366 485
366 486
366 487
366 488
366 489
366 490
366 491
366 492
366 493
366 494
366 495
366 496
366 497
367 368
367 369
367 370
367 371
367 372
367 373
367 422
367 423
367 425
367 426
367 427
367 428
367 429
367 430
367 431
367 432
367 474
367 477
367 479
367 480
367 481
367 482
367 483
367 484
367 485
367 486
367 487
367 488
367 489
367 490
367 491
367 492
367 493
367 494
367 495
367 496
367 497
368 369
368 370
368 371
368 372
368 374
368 422
368 424
368 426
368 427
368 428
368 429
368 430
368 431
368 433
368 474
368 476
368 480
368 481
368 482
368 483
368 484
368 485
368 486
368 487
368 488
368 489
368 490
368 491
368 492
368 493
368 494
368 495
368 496
369 370
369 371
369 372
369 373
369 422
369 424
369 425
369 427
369 428
369 429
369 430
369 431
369 432
369 474
369 476
369 477
369 478
369 479
369 480
369 481
369 482
369 483
369 484
369 485
369 486
369 487
369 488
369 489
369 490
369 491
369 492
369 493
369 494
369 495
369 496
370 371
370 372
370 373
370 422
370 423
370 424
370 425
370 426
370 427
370 428
370 429
370 430
370 431
370 432
370 433
370 434
370 476
370 477
370 479
370 480
370 481
370 482
370 483
370 484
370 485
370 486
370 487
370 488
370 489
370 490
370 491
370 492
370 493
370 494
370 495
371 372
371 373
371 374
371 416
371 422
371 423
371 424
371 425
371 426
371 427
371 428
371 429
371 430
371 431
371 432
371 462
371 475
371 477
371 478
371 479
371 480
371 481
371 482
371 483
371 484
371 485
371 486
371 487
371 488
371 489
371 490
371 491
371 492
371 493
371 494
371 495
371 496
372 373
372 421
372 422
372 424
372 425
372 426
372 427
372 428
372 429
372 430
372 433
372 434
372 469
372 476
372 477
372 479
372 480
372 481
372 482
372 483
372 484
372 485
372 486
372 487
372 488
372 489
372 490
372 491
372 492
372 493
372 494
372 495
372 496
373 428
373 430
373 433
373 484
373 487
373 488
373 489
373 490
373 491
373 492
373 493
373 494
373 495
373 496
374 433
374 434
374 447
374 490
374 492
374 494
374 495
374 496
374 497
375 493
375 496
377 498
378 428
378 499
388 433
406 496
407 493
414 495
415 488
415 490
415 493
415 494
416 430
416 484
416 492
417 432
417 492
417 494
417 495
418 461
418 493
418 495
419 495
420 423
420 425
420 431
420 432
420 484
420 497
421 477
421 478
421 480
421 489
421 494
422 428
422 429
422 430
422 432
422 475
422 476
422 480
422 484
422 487
422 489
422 490
422 492
422 494
422 495
423 424
423 428
423 429
423 430
423 431
423 432
423 433
423 473
423 478
423 479
423 483
423 485
423 486
423 487
423 489
423 491
423 493
423 494
424 425
424 427
424 431
424 432
424 475
424 477
424 478
424 482
424 484
424 487
424 488
424 491
424 492
424 493
424 494
424 495
425 426
425 427
425 430
425 432
425 433
425 474
425 476
425 477
425 478
425 479
425 480
425 481
425 482
425 483
425 484
425 486
425 487
425 488
425 489
425 490
425 491
425 492
425 494
425 495
425 496
426 427
426 428
426 429
426 430
426 432
426 476
426 478
426 480
426 481
426 482
426 483
426 484
426 485
426 486
426 487
426 488
426 489
426 490
426 491
426 492
426 493
426 494
426 495
426 498
427 428
427 429
427 430
427 432
427 477
427 478
427 480
427 481
427 482
427 483
427 484
427 485
427 486
427 487
427 488
427 489
427 490
427 491
427 492
427 493
427 494
427 495
427 496
428 429
428 430
428 475
428 476
428 477
428 478
428 479
428 480
428 481
428 482
428 483
428 484
428 485
428 486
428 487
428 488
428 489
428 490
428 491
428 492
428 493
428 494
428 495
429 431
429 475
429 476
429 478
429 479
429 481
429 482
429 483
429 484
429 485
429 486
429 487
429 488
429 489
429 490
429 491
429 492
429 493
429 494
429 495
429 496
430 431
430 432
430 433
430 473
430 475
430 476
430 477
430 478
430 479
430 480
430 481
430 482
430 483
430 484
430 485
430 486
430 487
430 488
430 489
430 490
430 491
430 492
430 493
430 494
430 495
430 496
431 432
431 476
431 479
431 480
431 481
431 482
431 483
431 484
431 485
431 486
431 487
431 488
431 489
431 490
431 491
431 492
431 493
431 494
431 495
431 497
432 479
432 480
432 481
432 484
432 486
432 487
432 488
432 490
432 491
432 492
432 493
432 494
432 495
432 496
433 475
433 476
433 477
433 480
433 483
433 487
433 488
433 489
433 491
433 493
433 494
433 495
434 475
434 488
434 490
434 491
434 492
434 493
434 495
435 491
435 492
435 493
435 494
435 495
435 496
436 486
436 487
436 488
436 492
436 495
437 479
437 496
437 498
439 493
442 489
443 493
444 491
444 492
445 463
445 493
446 494
447 471
447 484
448 494
452 497
453 496
455 480
455 491
460 485
460 488
460 490
460 493
460 495
461 490
461 492
461 497
462 491
462 495
463 494
463 495
464 496
474 477
474 488
474 490
474 491
474 495
475 476
475 477
475 480
475 481
475 484
475 490
475 491
475 492
476 478
476 479
476 480
476 483
476 485
476 489
476 490
476 493
476 494
476 495
477 478
477 479
477 480
477 487
477 488
477 489
477 490
477 491
477 493
477 494
477 495
477 496
478 479
478 483
478 484
478 486
478 487
478 488
478 489
478 490
478 491
478 492
478 493
478 494
478 495
478 496
479 480
479 481
479 482
479 484
479 486
479 487
479 488
479 490
479 491
479 492
479 493
479 495
480 481
480 482
480 484
480 485
480 487
480 488
480 489
480 491
480 493
480 494
480 495
481 482
481 483
481 484
481 485
481 486
481 487
481 488
481 489
481 490
481 491
481 492
481 493
481 494
482 483
482 484
482 485
482 486
482 487
482 488
482 489
482 490
482 491
482 492
482 493
482 494
482 495
483 484
483 485
483 486
483 487
483 488
483 489
483 490
483 491
483 492
483 493
483 494
483 495
483 496
483 497
484 485
484 486
484 487
484 488
484 489
484 490
484 491
484 492
484 493
484 494
484 495
484 496
485 486
485 487
485 488
485 489
485 490
485 491
485 492
485 493
485 494
485 495
485 496
486 487
486 488
486 489
486 490
486 491
486 492
486 493
486 494
486 495
486 496
487 488
487 489
487 490
487 491
487 492
487 493
487 494
487 495
487 496
487 497
488 489
488 490
488 491
488 492
488 493
488 494
488 495
488 496
489 490
489 491
489 492
489 493
489 494
489 495
489 496
489 497
489 498
490 491
490 492
490 493
490 494
490 495
490 496
491 492
491 493
491 494
491 495
491 496
491 497
492 493
492 494
492 495
492 496
492 497
493 494
493 495
493 496
493 497
494 495
494 496
494 497
495 496
495 497
495 498
496 497
