2 34
2 40
3 8
3 18
3 24
3 32
4 21
4 31
4 38
5 20
5 35
5 38
5 39
6 19
6 40
7 32
7 44
9 31
10 33
16 19
16 21
16 27
16 31
16 35
16 37
17 23
17 25
17 27
17 30
17 31
17 32
17 33
17 34
17 35
17 37
17 38
17 40
18 28
18 31
18 32
18 33
18 34
18 36
18 37
18 39
18 40
19 24
19 30
19 33
19 34
19 38
19 39
19 43
20 26
20 30
20 33
20 34
20 36
20 40
21 25
21 27
21 28
21 30
21 32
21 33
21 34
21 35
21 36
21 37
21 45
22 23
22 24
22 26
22 27
22 28
22 29
22 30
22 31
22 32
22 33
22 34
22 35
22 36
22 37
22 38
22 39
22 40
23 24
23 25
23 26
23 27
23 28
23 29
23 30
23 31
23 32
23 33
23 34
23 35
23 36
23 37
23 38
23 39
23 41
24 25
24 26
24 27
24 28
24 29
24 30
24 31
24 32
24 33
24 34
24 35
24 37
24 38
24 39
24 40
24 41
25 26
25 27
25 28
25 29
25 30
25 31
25 32
25 33
25 34
25 35
25 36
25 37
25 38
25 39
25 40
26 27
26 28
26 29
26 30
26 31
26 32
26 33
26 34
26 35
26 36
26 37
26 38
26 39
26 40
26 41
26 42
27 28
27 29
27 30
27 31
27 32
27 33
27 34
27 35
27 36
27 37
27 38
27 39
27 40
27 41
27 42
28 29
28 30
28 31
28 32
28 33
28 34
28 35
28 36
28 37
28 38
28 39
28 40
28 41
28 43
29 30
29 31
29 32
29 33
29 34
29 35
29 36
29 37
29 38
29 39
29 40
29 41
29 42
29 44
30 31
30 32
30 33
30 34
30 35
30 36
30 37
30 38
30 39
30 40
30 41
30 42
30 43
30 44
31 32
31 33
31 34
31 35
31 36
31 37
31 38
31 39
31 40
31 41
31 42
31 43
32 33
32 34
32 35
32 36
32 37
32 38
32 39
32 40
32 41
32 42
32 43
33 34
33 35
33 36
33 37
33 38
33 39
33 40
33 41
33 42
34 35
34 36
34 37
34 38
34 39
34 40
34 41
34 42
34 43
35 36
35 37
35 38
35 39
35 40
35 41
35 43
35 44
35 45
36 37
36 38
36 39
36 40
36 41
36 42
36 45
37 38
37 39
37 40
37 41
37 42
37 46
38 39
38 40
38 41
38 42
39 40
39 41
39 42
39 43
40 42
40 44
43 44
