5 32
5 33
5 35
5 36
6 24
6 32
6 33
6 34
6 35
6 36
6 37
6 40
6 42
6 44
6 45
7 25
7 32
7 33
7 34
7 35
7 36
7 37
7 38
7 39
7 40
7 42
7 43
7 45
8 29
8 30
8 31
8 34
8 35
8 36
8 37
8 38
8 42
8 43
8 44
8 45
9 34
9 35
9 36
9 37
9 38
9 42
9 43
9 45
10 27
10 36
10 37
10 38
10 39
10 44
11 37
11 39
11 44
11 48
12 45
13 36
14 35
15 40
16 40
17 30
17 34
17 35
17 36
17 38
17 39
17 41
17 43
18 30
18 31
18 32
18 33
18 35
18 36
18 38
18 40
18 43
18 44
19 30
19 31
19 33
19 34
19 35
19 36
19 37
19 38
19 41
19 45
20 29
20 31
20 32
20 33
20 34
20 35
20 36
20 37
20 38
20 41
20 42
20 44
20 45
21 30
21 34
21 35
21 36
21 37
21 38
21 40
21 42
21 43
21 45
21 46
21 48
22 33
22 35
22 37
22 41
22 44
23 29
23 35
23 38
23 47
24 27
24 31
24 35
24 36
24 43
25 34
25 35
25 36
25 37
25 41
25 42
25 44
26 34
26 37
26 38
26 39
26 43
26 44
28 31
28 34
28 37
28 43
28 44
29 30
29 32
29 33
29 34
29 35
29 36
29 37
29 38
29 41
29 42
29 43
30 32
30 33
30 34
30 35
30 36
30 37
30 38
30 39
30 40
30 41
30 42
30 43
30 44
31 32
31 33
31 34
31 35
31 36
31 37
31 38
31 39
31 40
31 41
31 42
31 43
31 44
32 33
32 34
32 35
32 36
32 37
32 38
32 39
32 40
32 41
32 42
32 43
32 44
32 45
33 34
33 35
33 36
33 37
33 38
33 39
33 40
33 41
33 42
33 43
33 44
33 45
33 46
34 35
34 36
34 37
34 38
34 39
34 40
34 41
34 42
34 43
34 44
34 45
35 36
35 37
35 38
35 39
35 40
35 41
35 42
35 43
35 44
35 45
35 46
36 37
36 38
36 39
36 40
36 41
36 42
36 43
36 44
36 45
36 46
36 47
37 38
37 39
37 40
37 41
37 42
37 43
37 44
37 45
37 46
38 39
38 40
38 41
38 42
38 43
38 44
38 45
38 46
39 40
39 41
39 42
39 44
39 46
39 47
40 41
40 42
40 43
40 44
40 45
41 42
41 43
41 44
42 43
42 44
42 45
43 44
43 45
44 45
46 49
