1 17
1 29
1 30
1 31
2 34
4 24
4 28
4 30
5 32
7 37
10 30
11 14
11 24
11 27
11 28
11 29
11 30
12 23
12 25
12 26
12 28
12 29
12 30
12 31
12 41
12 44
13 17
13 23
13 24
13 25
13 26
13 28
13 29
13 30
13 31
14 22
14 24
14 25
14 26
14 27
14 28
14 29
14 30
14 31
15 21
15 23
15 24
15 25
15 26
15 27
15 28
15 29
15 30
15 31
15 36
15 42
15 43
15 45
16 23
16 24
16 25
16 26
16 27
16 28
16 29
16 30
16 31
16 32
16 33
17 22
17 23
17 25
17 26
17 27
17 28
17 29
17 30
17 31
17 32
17 33
18 25
18 26
18 27
18 28
18 29
18 30
18 31
18 32
18 46
18 49
19 26
19 27
19 29
19 31
19 33
20 23
20 28
20 29
20 30
20 33
21 23
21 24
21 25
21 26
21 27
21 28
21 29
21 30
21 31
22 23
22 24
22 25
22 26
22 27
22 28
22 29
22 30
22 31
22 32
22 36
22 37
22 46
23 24
23 25
23 26
23 27
23 28
23 29
23 30
23 31
23 32
23 40
23 41
23 42
23 44
24 25
24 26
24 27
24 28
24 29
24 30
24 31
24 32
24 33
24 37
24 40
24 41
24 42
24 43
24 44
24 45
25 26
25 27
25 28
25 29
25 30
25 31
25 32
25 36
25 37
25 40
25 41
25 42
25 43
25 44
25 45
25 47
26 27
26 28
26 29
26 30
26 31
26 32
26 36
26 37
26 39
26 40
26 41
26 42
26 43
26 44
26 45
26 46
26 48
27 28
27 29
27 30
27 31
27 32
27 33
27 34
27 35
27 36
27 39
27 40
27 41
27 42
27 43
27 44
27 45
27 46
27 47
28 29
28 30
28 31
28 32
28 33
28 34
28 35
28 36
28 38
28 39
28 40
28 41
28 42
28 43
28 44
28 45
28 46
29 30
29 31
29 32
29 33
29 35
29 36
29 37
29 39
29 40
29 41
29 42
29 43
29 44
29 45
29 46
29 47
30 31
30 32
30 33
30 34
30 35
30 36
30 38
30 39
30 42
30 43
30 44
30 45
30 46
30 47
30 48
31 32
31 33
31 37
31 38
31 39
31 41
31 42
31 43
31 44
31 45
31 46
31 47
32 33
32 34
32 37
32 43
32 44
32 45
32 46
32 47
32 48
33 34
33 37
33 38
33 46
35 45
36 45
41 43
41 45
43 44
44 46
45 47
