1 2
1 3
1 4
1 5
1 6
1 7
1 19
1 20
1 21
1 22
1 23
1 24
1 25
1 26
1 27
1 36
1 37
1 38
1 39
1 40
1 41
1 42
1 43
2 3
2 4
2 5
2 6
2 7
2 20
2 21
2 22
2 23
2 24
2 25
2 26
2 27
2 29
2 36
2 37
2 38
2 39
2 40
2 41
2 42
3 4
3 5
3 6
3 7
3 8
3 9
3 21
3 22
3 23
3 24
3 25
3 26
3 27
3 28
3 35
3 36
3 37
3 38
3 39
3 40
3 41
3 42
3 43
3 44
4 5
4 6
4 7
4 8
4 20
4 21
4 22
4 23
4 24
4 25
4 26
4 27
4 28
4 29
4 36
4 37
4 38
4 39
4 40
4 41
4 42
4 43
4 44
4 45
5 6
5 7
5 8
5 19
5 20
5 21
5 22
5 23
5 24
5 25
5 26
5 27
5 28
5 32
5 35
5 36
5 37
5 38
5 39
5 40
5 41
5 42
5 43
5 44
6 7
6 9
6 20
6 22
6 23
6 24
6 25
6 26
6 27
6 28
6 29
6 36
6 37
6 38
6 39
6 40
6 41
6 42
6 43
6 44
7 8
7 9
7 10
7 19
7 22
7 23
7 24
7 25
7 26
7 27
7 28
7 29
7 33
7 36
7 38
7 40
7 41
7 42
7 43
8 11
8 23
8 25
8 26
8 27
8 28
8 37
8 40
8 43
8 45
9 25
9 27
9 37
10 38
10 41
19 21
19 37
19 39
19 40
20 24
20 25
20 37
20 38
20 39
20 40
20 41
20 42
21 22
21 23
21 24
21 25
21 34
21 36
21 37
21 38
21 39
21 40
21 41
22 23
22 24
22 25
22 26
22 28
22 29
22 36
22 37
22 38
22 39
22 40
22 41
22 42
23 24
23 25
23 26
23 27
23 36
23 37
23 38
23 39
23 40
23 41
23 42
23 43
24 25
24 26
24 27
24 29
24 33
24 36
24 37
24 38
24 39
24 40
24 41
24 42
24 43
25 26
25 27
25 37
25 38
25 39
25 40
25 41
25 42
25 43
25 44
26 29
26 38
26 39
26 40
26 41
26 42
26 43
27 35
27 39
27 40
27 41
27 42
27 43
28 31
28 44
28 45
29 34
30 35
30 42
30 45
34 46
36 38
36 39
36 40
36 41
36 43
37 38
37 39
37 40
37 41
37 42
38 39
38 40
38 41
38 42
39 40
39 41
39 42
40 41
40 42
41 42
