1 2
1 3
1 4
1 5
1 6
1 7
1 8
1 10
1 11
1 12
1 13
1 14
1 15
1 16
1 17
1 18
1 19
1 20
1 21
1 22
1 23
1 24
1 25
1 26
1 38
1 39
1 40
2 3
2 4
2 5
2 6
2 7
2 9
2 10
2 11
2 12
2 13
2 14
2 15
2 16
2 17
2 18
2 19
2 20
2 21
2 22
2 23
2 24
2 25
2 26
2 28
2 36
2 38
2 40
2 41
2 43
3 4
3 5
3 6
3 7
3 8
3 9
3 10
3 11
3 12
3 13
3 14
3 15
3 16
3 17
3 18
3 19
3 20
3 21
3 22
3 23
3 24
3 25
3 26
3 27
3 29
3 39
3 40
3 46
4 5
4 6
4 7
4 9
4 10
4 11
4 12
4 13
4 14
4 15
4 16
4 17
4 18
4 19
4 20
4 21
4 22
4 23
4 24
4 25
4 26
4 27
4 28
4 29
4 38
4 39
4 41
4 42
5 6
5 7
5 9
5 10
5 11
5 12
5 13
5 14
5 15
5 16
5 17
5 18
5 19
5 20
5 21
5 22
5 23
5 24
5 25
5 27
5 28
5 29
5 36
5 38
5 39
5 41
5 43
6 7
6 9
6 11
6 13
6 14
6 15
6 16
6 17
6 18
6 19
6 20
6 21
6 22
6 23
6 24
6 27
6 30
6 37
6 38
6 39
6 40
6 41
6 43
6 44
7 8
7 11
7 12
7 13
7 15
7 16
7 17
7 18
7 19
7 20
7 21
8 19
8 21
8 22
8 23
8 25
8 31
9 10
9 11
9 13
9 15
9 16
9 17
9 18
9 19
9 20
9 38
9 40
10 11
10 12
10 13
10 14
10 15
10 16
10 17
10 18
10 19
10 20
10 21
10 22
10 24
10 38
11 12
11 13
11 14
11 15
11 16
11 17
11 18
11 19
11 20
11 21
11 22
11 23
11 26
11 37
11 38
11 39
12 13
12 14
12 15
12 16
12 17
12 18
12 19
12 20
12 21
12 22
12 23
12 24
12 25
12 37
13 14
13 15
13 16
13 17
13 18
13 19
13 20
13 21
13 22
13 23
13 25
13 40
13 41
14 15
14 16
14 17
14 18
14 19
14 20
14 21
14 22
14 23
14 24
14 26
14 38
14 39
15 16
15 17
15 18
15 19
15 20
15 21
15 22
15 23
15 25
15 26
15 38
15 39
15 40
15 41
16 17
16 18
16 19
16 20
16 21
16 22
16 23
16 26
16 37
16 38
16 41
16 42
17 18
17 19
17 20
17 21
17 22
17 23
17 24
17 25
17 27
17 37
17 38
17 39
17 40
17 41
17 42
18 19
18 20
18 21
18 22
18 23
18 24
18 37
18 38
18 39
18 40
18 42
19 20
19 21
19 22
19 23
19 24
19 26
19 38
19 39
19 40
19 41
19 45
20 21
20 22
20 23
20 24
20 25
20 26
20 38
20 39
20 40
20 41
21 22
21 23
21 24
21 39
21 40
21 41
21 42
22 23
22 24
22 27
22 40
23 27
23 28
23 29
23 40
24 30
24 37
25 41
25 42
