1 2
1 3
1 4
1 5
1 6
1 7
1 8
1 27
1 28
1 29
1 30
1 31
1 32
1 33
1 34
1 35
1 36
1 37
1 38
1 39
1 40
1 41
1 42
1 43
1 44
2 3
2 4
2 5
2 6
2 7
2 8
2 9
2 28
2 29
2 30
2 31
2 32
2 33
2 34
2 35
2 36
2 37
2 38
2 42
2 43
2 44
2 46
3 4
3 5
3 6
3 7
3 8
3 9
3 28
3 29
3 30
3 31
3 32
3 33
3 34
3 35
3 36
3 37
3 38
3 41
3 42
3 43
3 44
4 5
4 6
4 7
4 8
4 9
4 28
4 29
4 30
4 31
4 32
4 33
4 34
4 35
4 36
4 37
4 38
4 39
4 40
4 41
4 42
4 43
4 44
4 45
5 6
5 7
5 8
5 9
5 26
5 27
5 28
5 29
5 30
5 31
5 32
5 33
5 34
5 35
5 36
5 37
5 38
5 39
5 40
5 42
5 43
5 44
5 46
5 48
6 7
6 8
6 9
6 28
6 29
6 30
6 31
6 32
6 33
6 34
6 35
6 36
6 37
6 38
6 39
6 40
6 42
6 43
6 44
6 45
6 46
7 8
7 9
7 29
7 30
7 31
7 32
7 33
7 34
7 35
7 36
7 37
7 38
7 39
7 41
7 42
7 43
7 44
7 45
7 46
8 9
8 29
8 30
8 31
8 32
8 33
8 34
8 35
8 36
8 37
8 38
8 39
8 40
8 41
8 44
8 45
8 46
9 10
9 27
9 29
9 31
9 32
9 33
9 34
9 35
9 36
9 37
9 38
9 39
9 40
9 44
9 45
9 46
9 47
10 11
10 32
10 34
10 35
10 36
10 37
10 38
10 39
10 47
11 32
11 39
11 41
12 42
18 42
23 33
27 28
27 29
27 31
27 33
27 34
27 35
27 38
27 39
27 41
27 42
28 29
28 30
28 31
28 32
28 33
28 34
28 35
28 36
28 37
28 42
28 43
29 30
29 31
29 32
29 33
29 34
29 35
29 36
29 37
29 40
29 42
29 43
29 44
30 31
30 32
30 33
30 34
30 35
30 36
30 37
30 38
30 39
30 40
30 41
30 42
30 43
30 44
31 32
31 33
31 34
31 35
31 36
31 37
31 38
31 41
31 42
31 43
31 44
31 47
32 33
32 34
32 35
32 36
32 37
32 38
32 39
32 40
32 41
32 42
32 43
32 44
32 45
32 46
33 34
33 35
33 36
33 37
33 38
33 39
33 40
33 41
33 42
33 43
33 44
33 45
33 46
33 48
34 35
34 36
34 37
34 38
34 39
34 40
34 41
34 42
34 43
34 44
34 45
34 46
34 47
35 36
35 37
35 38
35 39
35 40
35 41
35 42
35 43
35 44
35 45
35 47
36 37
36 38
36 39
36 41
36 42
36 43
36 44
36 45
36 46
36 48
37 38
37 39
37 40
37 42
37 43
37 44
37 45
37 46
37 47
38 39
38 40
38 42
38 43
38 44
38 45
38 46
39 40
39 47
40 41
40 42
40 43
41 42
41 43
41 44
42 43
43 44
43 45
44 45
