1 2
1 3
1 4
1 5
1 6
1 7
1 8
1 9
1 19
1 20
1 23
1 24
1 25
1 27
1 28
1 30
1 31
1 32
1 33
1 34
1 35
1 36
1 37
1 38
1 39
1 40
1 41
1 45
2 3
2 4
2 5
2 6
2 7
2 8
2 9
2 24
2 25
2 26
2 27
2 28
2 31
2 32
2 33
2 34
2 35
2 36
2 37
2 38
2 39
2 40
2 41
2 42
3 4
3 5
3 6
3 7
3 8
3 9
3 19
3 23
3 24
3 25
3 26
3 28
3 29
3 30
3 31
3 32
3 33
3 34
3 35
3 36
3 37
3 38
3 39
3 40
3 41
4 5
4 6
4 7
4 8
4 9
4 10
4 18
4 22
4 23
4 25
4 26
4 27
4 29
4 30
4 31
4 32
4 33
4 34
4 35
4 36
4 37
4 38
4 39
4 40
4 41
4 42
5 6
5 7
5 8
5 9
5 22
5 24
5 25
5 26
5 27
5 28
5 30
5 31
5 32
5 33
5 34
5 35
5 36
5 37
5 38
5 39
5 40
5 41
5 42
6 7
6 8
6 9
6 10
6 23
6 24
6 25
6 26
6 27
6 29
6 30
6 31
6 32
6 33
6 34
6 35
6 36
6 37
6 38
6 39
6 40
6 41
6 42
7 8
7 9
7 19
7 20
7 23
7 24
7 25
7 26
7 27
7 28
7 30
7 31
7 32
7 33
7 34
7 35
7 36
7 37
7 38
7 39
7 40
7 41
7 42
7 43
8 9
8 25
8 26
8 29
8 31
8 32
8 33
8 34
8 35
8 36
8 37
8 38
8 39
8 40
8 41
8 42
9 19
9 27
9 28
9 36
9 37
9 38
9 39
9 40
9 41
9 42
9 43
10 38
10 39
10 40
10 43
10 44
11 23
11 43
12 43
16 19
18 24
18 38
19 33
19 37
19 39
19 41
20 41
20 42
20 44
21 38
21 42
22 37
22 39
23 30
23 34
23 35
23 36
23 39
23 40
23 41
24 25
24 26
24 29
24 30
24 32
24 33
24 34
24 35
24 36
24 37
24 38
24 39
24 40
24 41
25 26
25 27
25 31
25 33
25 34
25 36
25 37
25 38
25 39
25 40
25 41
25 43
26 27
26 32
26 33
26 34
26 35
26 36
26 37
26 38
26 39
26 40
26 41
27 32
27 35
27 37
27 38
27 39
27 40
27 41
28 35
28 38
28 39
28 40
28 44
29 39
29 41
30 32
30 33
30 34
30 35
30 38
30 40
31 32
31 33
31 34
31 35
31 36
31 37
31 38
31 39
31 40
31 41
32 33
32 34
32 35
32 36
32 37
32 38
32 39
32 40
33 34
33 35
33 36
33 37
33 38
33 39
33 40
33 41
34 35
34 36
34 37
34 38
34 39
34 40
34 41
35 36
35 37
35 38
35 39
35 40
35 41
35 42
36 37
36 38
36 39
36 40
36 41
36 42
37 38
37 39
37 40
37 41
37 42
38 39
38 40
38 41
38 42
39 40
39 41
39 42
39 43
39 44
39 45
39 46
40 41
40 42
40 43
41 42
41 43
