1 200
5 96
13 518
20 95
21 98
21 302
22 313
22 455
23 75
24 344
25 51
26 197
28 195
28 196
29 197
29 200
30 499
33 93
33 195
33 304
34 233
35 37
35 302
35 503
36 40
36 49
36 55
36 59
36 63
36 68
36 81
36 88
36 162
36 165
36 182
36 188
36 281
36 283
36 284
36 311
36 449
36 452
36 456
36 460
37 46
37 52
37 56
37 61
37 71
37 74
37 78
37 79
37 90
37 92
37 93
37 94
37 95
37 158
37 165
37 174
37 176
37 192
37 193
37 195
37 283
37 288
37 291
37 296
37 309
37 318
37 455
37 458
37 493
37 500
37 502
38 41
38 42
38 46
38 48
38 50
38 51
38 53
38 58
38 62
38 64
38 65
38 68
38 70
38 77
38 78
38 80
38 88
38 89
38 91
38 92
38 95
38 96
38 98
38 159
38 161
38 169
38 173
38 177
38 179
38 181
38 183
38 187
38 188
38 194
38 199
38 280
38 283
38 288
38 289
38 292
38 296
38 298
38 310
38 311
38 313
38 315
38 316
38 318
38 451
38 452
38 457
38 459
38 461
38 462
38 508
38 513
38 514
38 515
39 41
39 42
39 43
39 45
39 46
39 53
39 55
39 58
39 59
39 63
39 65
39 67
39 68
39 69
39 75
39 77
39 79
39 81
39 82
39 85
39 93
39 95
39 163
39 167
39 169
39 170
39 172
39 173
39 178
39 182
39 187
39 188
39 189
39 195
39 198
39 199
39 283
39 285
39 286
39 290
39 291
39 294
39 297
39 299
39 300
39 302
39 309
39 317
39 451
39 452
39 457
39 461
39 462
39 493
39 494
39 496
39 497
39 498
39 499
39 503
39 510
39 512
39 515
40 42
40 45
40 48
40 49
40 52
40 55
40 57
40 58
40 59
40 61
40 62
40 63
40 65
40 66
40 67
40 70
40 74
40 76
40 78
40 79
40 82
40 83
40 84
40 86
40 91
40 92
40 94
40 97
40 157
40 159
40 162
40 164
40 165
40 168
40 170
40 171
40 174
40 175
40 176
40 178
40 188
40 191
40 192
40 193
40 195
40 198
40 199
40 282
40 285
40 286
40 288
40 292
40 294
40 295
40 297
40 299
40 300
40 301
40 303
40 305
40 306
40 307
40 308
40 312
40 450
40 455
40 459
40 460
40 461
40 494
40 499
40 500
40 502
40 503
40 506
40 509
40 510
40 512
41 42
41 45
41 48
41 49
41 51
41 52
41 53
41 54
41 55
41 56
41 58
41 59
41 62
41 63
41 64
41 65
41 67
41 68
41 71
41 72
41 78
41 82
41 83
41 84
41 88
41 89
41 93
41 94
41 96
41 98
41 160
41 162
41 166
41 167
41 169
41 170
41 175
41 177
41 179
41 180
41 181
41 183
41 185
41 189
41 190
41 191
41 192
41 196
41 198
41 282
41 283
41 284
41 290
41 293
41 294
41 296
41 298
41 299
41 303
41 304
41 306
41 309
41 310
41 314
41 317
41 318
41 451
41 453
41 455
41 456
41 457
41 459
41 460
41 492
41 493
41 495
41 498
41 499
41 501
41 502
41 503
41 505
41 506
41 507
41 508
41 509
41 511
41 513
41 516
42 43
42 44
42 45
42 47
42 48
42 52
42 53
42 55
42 56
42 57
42 59
42 60
42 62
42 63
42 64
42 65
42 68
42 70
42 71
42 73
42 74
42 75
42 76
42 78
42 79
42 80
42 81
42 82
42 83
42 84
42 85
42 88
42 91
42 92
42 94
42 95
42 97
42 98
42 155
42 157
42 158
42 159
42 160
42 162
42 163
42 167
42 168
42 169
42 172
42 173
42 174
42 175
42 177
42 178
42 184
42 185
42 186
42 187
42 188
42 191
42 192
42 196
42 197
42 199
42 282
42 286
42 287
42 291
42 293
42 294
42 295
42 296
42 297
42 299
42 301
42 302
42 303
42 305
42 306
42 307
42 308
42 310
42 315
42 321
42 451
42 454
42 455
42 456
42 457
42 459
42 460
42 491
42 492
42 495
42 496
42 497
42 499
42 504
42 505
42 506
42 507
42 509
42 510
42 513
43 45
43 46
43 49
43 50
43 51
43 52
43 53
43 55
43 56
43 57
43 58
43 59
43 60
43 61
43 62
43 64
43 65
43 67
43 68
43 69
43 72
43 73
43 77
43 78
43 79
43 80
43 81
43 82
43 83
43 86
43 87
43 88
43 89
43 90
43 92
43 93
43 94
43 95
43 97
43 157
43 159
43 160
43 161
43 162
43 163
43 164
43 165
43 166
43 168
43 169
43 172
43 174
43 175
43 176
43 177
43 178
43 179
43 180
43 183
43 186
43 187
43 188
43 189
43 191
43 192
43 193
43 194
43 195
43 197
43 199
43 282
43 287
43 288
43 289
43 292
43 293
43 294
43 295
43 296
43 297
43 298
43 299
43 300
43 301
43 302
43 304
43 308
43 309
43 311
43 313
43 314
43 315
43 450
43 452
43 455
43 456
43 457
43 458
43 459
43 496
43 497
43 498
43 499
43 500
43 501
43 502
43 504
43 506
43 508
43 509
43 512
43 513
43 514
44 46
44 47
44 48
44 49
44 51
44 52
44 53
44 55
44 56
44 57
44 58
44 59
44 60
44 61
44 62
44 63
44 64
44 65
44 66
44 67
44 68
44 69
44 70
44 71
44 72
44 73
44 74
44 75
44 76
44 77
44 78
44 79
44 80
44 81
44 82
44 84
44 85
44 86
44 87
44 89
44 90
44 91
44 92
44 93
44 94
44 95
44 97
44 156
44 157
44 158
44 159
44 162
44 163
44 165
44 168
44 169
44 170
44 172
44 173
44 174
44 175
44 178
44 179
44 180
44 183
44 188
44 189
44 190
44 191
44 192
44 193
44 194
44 195
44 196
44 197
44 199
44 284
44 286
44 288
44 290
44 293
44 295
44 296
44 297
44 298
44 300
44 302
44 303
44 304
44 305
44 306
44 307
44 308
44 313
44 314
44 316
44 317
44 318
44 319
44 450
44 454
44 457
44 458
44 460
44 461
44 491
44 493
44 494
44 495
44 497
44 498
44 499
44 500
44 501
44 503
44 504
44 505
44 506
44 507
44 509
44 510
44 511
44 512
44 514
44 515
45 46
45 48
45 49
45 51
45 53
45 54
45 55
45 58
45 59
45 60
45 61
45 63
45 64
45 66
45 67
45 68
45 69
45 70
45 71
45 72
45 73
45 74
45 75
45 77
45 78
45 81
45 82
45 83
45 85
45 86
45 88
45 89
45 92
45 93
45 94
45 95
45 97
45 98
45 160
45 161
45 162
45 163
45 165
45 166
45 167
45 168
45 169
45 170
45 171
45 172
45 175
45 176
45 177
45 178
45 179
45 180
45 181
45 182
45 184
45 186
45 187
45 188
45 189
45 190
45 191
45 192
45 193
45 194
45 195
45 196
45 198
45 199
45 284
45 286
45 287
45 288
45 289
45 290
45 291
45 292
45 293
45 294
45 296
45 297
45 298
45 299
45 300
45 301
45 304
45 306
45 307
45 308
45 310
45 311
45 312
45 313
45 315
45 316
45 317
45 450
45 451
45 453
45 454
45 456
45 457
45 458
45 459
45 460
45 461
45 462
45 490
45 493
45 495
45 496
45 499
45 500
45 501
45 503
45 504
45 505
45 506
45 507
45 508
45 510
45 511
45 513
46 48
46 49
46 50
46 51
46 52
46 53
46 54
46 55
46 56
46 57
46 58
46 59
46 60
46 62
46 63
46 64
46 65
46 66
46 68
46 69
46 71
46 72
46 74
46 76
46 77
46 78
46 79
46 81
46 83
46 84
46 86
46 87
46 88
46 89
46 90
46 91
46 92
46 93
46 94
46 96
46 97
46 98
46 99
46 159
46 160
46 165
46 167
46 168
46 169
46 170
46 171
46 172
46 173
46 174
46 175
46 176
46 177
46 178
46 179
46 180
46 181
46 182
46 183
46 184
46 186
46 187
46 188
46 189
46 190
46 192
46 193
46 194
46 196
46 197
46 198
46 199
46 282
46 285
46 286
46 287
46 288
46 290
46 292
46 294
46 295
46 296
46 297
46 298
46 301
46 302
46 303
46 304
46 306
46 307
46 308
46 309
46 311
46 312
46 313
46 314
46 316
46 318
46 448
46 451
46 452
46 453
46 455
46 456
46 457
46 459
46 462
46 492
46 493
46 495
46 499
46 501
46 503
46 504
46 505
46 506
46 508
46 509
46 510
46 511
46 512
46 513
46 514
46 515
47 48
47 49
47 50
47 51
47 52
47 54
47 55
47 56
47 59
47 60
47 62
47 63
47 64
47 65
47 66
47 67
47 68
47 69
47 70
47 71
47 72
47 73
47 74
47 75
47 76
47 77
47 78
47 79
47 80
47 82
47 83
47 84
47 85
47 86
47 87
47 88
47 89
47 90
47 91
47 92
47 93
47 94
47 95
47 96
47 97
47 98
47 99
47 161
47 162
47 163
47 164
47 165
47 166
47 167
47 168
47 169
47 171
47 173
47 174
47 176
47 177
47 178
47 179
47 181
47 182
47 183
47 184
47 185
47 186
47 187
47 188
47 189
47 190
47 191
47 192
47 193
47 194
47 195
47 196
47 197
47 198
47 199
47 280
47 284
47 289
47 290
47 291
47 292
47 293
47 294
47 295
47 297
47 298
47 299
47 300
47 301
47 302
47 303
47 304
47 305
47 306
47 307
47 308
47 309
47 311
47 312
47 313
47 315
47 316
47 317
47 318
47 401
47 453
47 454
47 455
47 457
47 458
47 459
47 460
47 461
47 491
47 495
47 498
47 499
47 500
47 501
47 502
47 504
47 505
47 506
47 507
47 508
47 509
47 510
47 511
47 512
47 514
47 515
48 49
48 50
48 51
48 52
48 53
48 54
48 55
48 56
48 57
48 58
48 59
48 61
48 62
48 63
48 64
48 65
48 66
48 67
48 68
48 69
48 70
48 71
48 72
48 73
48 74
48 75
48 76
48 77
48 78
48 79
48 80
48 81
48 82
48 83
48 84
48 85
48 86
48 87
48 88
48 89
48 90
48 91
48 93
48 94
48 95
48 96
48 97
48 158
48 159
48 161
48 162
48 163
48 164
48 165
48 166
48 167
48 168
48 169
48 172
48 173
48 174
48 175
48 177
48 178
48 179
48 180
48 181
48 182
48 183
48 184
48 185
48 186
48 187
48 188
48 190
48 191
48 192
48 193
48 194
48 195
48 196
48 197
48 198
48 199
48 283
48 286
48 287
48 289
48 290
48 291
48 292
48 293
48 294
48 295
48 298
48 299
48 300
48 301
48 302
48 304
48 305
48 306
48 307
48 308
48 309
48 310
48 311
48 312
48 314
48 315
48 316
48 317
48 318
48 450
48 454
48 457
48 458
48 460
48 462
48 492
48 493
48 496
48 497
48 499
48 500
48 501
48 504
48 505
48 506
48 507
48 508
48 509
48 510
48 511
48 512
48 513
48 514
48 515
49 50
49 51
49 52
49 53
49 54
49 55
49 56
49 57
49 58
49 59
49 60
49 61
49 62
49 63
49 64
49 65
49 66
49 67
49 68
49 69
49 70
49 71
49 72
49 73
49 75
49 77
49 79
49 80
49 81
49 82
49 83
49 84
49 85
49 87
49 88
49 89
49 90
49 91
49 92
49 93
49 94
49 95
49 96
49 97
49 159
49 160
49 161
49 162
49 163
49 164
49 166
49 167
49 168
49 169
49 170
49 171
49 172
49 173
49 174
49 175
49 176
49 177
49 178
49 179
49 180
49 181
49 182
49 183
49 184
49 185
49 186
49 187
49 188
49 189
49 191
49 192
49 194
49 195
49 196
49 197
49 198
49 199
49 283
49 284
49 285
49 286
49 288
49 289
49 290
49 291
49 292
49 293
49 294
49 295
49 296
49 297
49 298
49 299
49 300
49 302
49 303
49 304
49 305
49 306
49 307
49 308
49 310
49 311
49 312
49 313
49 314
49 315
49 316
49 317
49 318
49 453
49 454
49 456
49 457
49 458
49 460
49 461
49 492
49 493
49 495
49 496
49 497
49 498
49 499
49 501
49 502
49 503
49 504
49 505
49 506
49 507
49 508
49 509
49 512
49 513
50 51
50 52
50 53
50 54
50 55
50 56
50 57
50 58
50 59
50 60
50 61
50 62
50 63
50 64
50 65
50 66
50 67
50 68
50 69
50 70
50 72
50 73
50 74
50 75
50 76
50 77
50 79
50 80
50 81
50 82
50 83
50 84
50 85
50 86
50 88
50 89
50 90
50 91
50 92
50 94
50 95
50 96
50 97
50 98
50 156
50 160
50 161
50 162
50 164
50 165
50 166
50 167
50 168
50 169
50 170
50 171
50 172
50 173
50 174
50 175
50 176
50 177
50 178
50 179
50 180
50 181
50 183
50 184
50 185
50 186
50 189
50 190
50 191
50 192
50 193
50 194
50 196
50 198
50 199
50 281
50 282
50 286
50 287
50 288
50 289
50 290
50 291
50 292
50 293
50 294
50 295
50 296
50 297
50 298
50 299
50 300
50 302
50 303
50 304
50 305
50 306
50 307
50 308
50 309
50 310
50 311
50 313
50 314
50 315
50 316
50 317
50 318
50 452
50 453
50 454
50 456
50 457
50 458
50 459
50 461
50 462
50 492
50 494
50 497
50 498
50 499
50 500
50 501
50 502
50 504
50 505
50 506
50 507
50 508
50 509
50 510
50 511
50 512
50 513
50 514
50 515
51 52
51 53
51 54
51 55
51 56
51 57
51 58
51 59
51 60
51 61
51 62
51 63
51 64
51 65
51 66
51 67
51 68
51 69
51 70
51 71
51 72
51 73
51 74
51 75
51 76
51 77
51 78
51 79
51 80
51 81
51 82
51 83
51 84
51 85
51 86
51 87
51 88
51 89
51 90
51 91
51 92
51 93
51 94
51 96
51 97
51 157
51 160
51 162
51 164
51 165
51 166
51 167
51 168
51 169
51 170
51 171
51 172
51 173
51 174
51 175
51 176
51 177
51 178
51 179
51 180
51 181
51 182
51 183
51 184
51 185
51 186
51 187
51 188
51 189
51 190
51 191
51 192
51 194
51 195
51 196
51 197
51 198
51 199
51 282
51 285
51 286
51 287
51 288
51 289
51 290
51 292
51 293
51 294
51 295
51 296
51 297
51 298
51 300
51 302
51 303
51 304
51 305
51 306
51 307
51 308
51 309
51 310
51 311
51 312
51 313
51 314
51 315
51 316
51 317
51 318
51 444
51 450
51 453
51 454
51 455
51 456
51 457
51 458
51 460
51 461
51 492
51 493
51 494
51 495
51 496
51 497
51 498
51 500
51 501
51 502
51 503
51 504
51 505
51 506
51 507
51 508
51 509
51 510
51 511
51 512
51 514
52 53
52 54
52 55
52 56
52 58
52 60
52 61
52 62
52 63
52 64
52 65
52 66
52 67
52 68
52 69
52 71
52 72
52 73
52 74
52 75
52 76
52 77
52 78
52 79
52 80
52 81
52 82
52 83
52 84
52 85
52 86
52 88
52 89
52 90
52 91
52 92
52 93
52 94
52 95
52 96
52 97
52 98
52 159
52 162
52 163
52 166
52 167
52 168
52 169
52 170
52 171
52 172
52 173
52 174
52 175
52 176
52 177
52 178
52 179
52 180
52 181
52 182
52 183
52 184
52 185
52 186
52 187
52 188
52 189
52 190
52 191
52 192
52 193
52 194
52 195
52 196
52 197
52 198
52 199
52 200
52 278
52 284
52 286
52 287
52 289
52 290
52 291
52 292
52 294
52 295
52 296
52 297
52 298
52 299
52 300
52 301
52 302
52 303
52 304
52 305
52 306
52 307
52 308
52 309
52 310
52 311
52 312
52 313
52 314
52 315
52 316
52 317
52 318
52 450
52 454
52 455
52 456
52 458
52 459
52 460
52 492
52 495
52 497
52 498
52 499
52 500
52 501
52 502
52 503
52 504
52 505
52 506
52 507
52 508
52 509
52 510
52 511
52 512
52 513
52 514
52 515
52 516
53 54
53 55
53 57
53 58
53 59
53 60
53 61
53 62
53 63
53 64
53 65
53 66
53 67
53 68
53 69
53 70
53 71
53 72
53 73
53 74
53 75
53 76
53 77
53 78
53 79
53 80
53 81
53 82
53 83
53 84
53 85
53 86
53 87
53 88
53 89
53 91
53 92
53 93
53 94
53 95
53 96
53 97
53 98
53 156
53 159
53 160
53 162
53 163
53 164
53 165
53 166
53 167
53 168
53 169
53 170
53 171
53 172
53 173
53 174
53 175
53 176
53 177
53 178
53 179
53 180
53 181
53 182
53 183
53 184
53 185
53 186
53 188
53 190
53 191
53 192
53 193
53 194
53 195
53 196
53 197
53 198
53 199
53 281
53 286
53 287
53 288
53 290
53 291
53 292
53 293
53 294
53 295
53 296
53 297
53 298
53 299
53 300
53 301
53 302
53 303
53 304
53 305
53 306
53 307
53 308
53 309
53 312
53 313
53 314
53 315
53 316
53 317
53 318
53 450
53 451
53 455
53 456
53 457
53 458
53 460
53 461
53 462
53 492
53 495
53 496
53 497
53 498
53 499
53 501
53 502
53 503
53 504
53 505
53 506
53 507
53 508
53 510
53 511
53 512
53 513
53 515
54 55
54 56
54 57
54 58
54 59
54 60
54 61
54 62
54 63
54 64
54 65
54 67
54 68
54 69
54 70
54 71
54 72
54 73
54 74
54 75
54 76
54 77
54 78
54 79
54 80
54 81
54 82
54 83
54 84
54 85
54 86
54 87
54 88
54 91
54 92
54 93
54 94
54 95
54 96
54 97
54 98
54 155
54 158
54 159
54 161
54 162
54 163
54 164
54 165
54 166
54 168
54 170
54 171
54 172
54 173
54 174
54 175
54 176
54 177
54 178
54 179
54 180
54 181
54 182
54 183
54 184
54 185
54 186
54 187
54 188
54 189
54 190
54 192
54 193
54 194
54 195
54 196
54 197
54 198
54 199
54 287
54 288
54 289
54 290
54 291
54 292
54 293
54 294
54 295
54 296
54 297
54 299
54 300
54 301
54 302
54 303
54 304
54 305
54 306
54 307
54 308
54 309
54 310
54 311
54 312
54 313
54 314
54 315
54 316
54 318
54 326
54 454
54 455
54 456
54 457
54 460
54 461
54 491
54 492
54 495
54 496
54 497
54 498
54 499
54 500
54 501
54 502
54 503
54 504
54 505
54 506
54 507
54 508
54 509
54 510
54 511
54 512
54 513
54 514
54 515
55 56
55 57
55 58
55 59
55 60
55 61
55 62
55 63
55 64
55 65
55 66
55 67
55 68
55 69
55 70
55 71
55 72
55 73
55 74
55 75
55 76
55 77
55 78
55 79
55 80
55 81
55 82
55 83
55 84
55 86
55 87
55 88
55 89
55 90
55 91
55 92
55 93
55 94
55 95
55 96
55 97
55 98
55 158
55 161
55 162
55 163
55 165
55 166
55 167
55 169
55 170
55 171
55 172
55 173
55 174
55 175
55 176
55 177
55 178
55 179
55 180
55 181
55 182
55 183
55 184
55 185
55 186
55 187
55 188
55 189
55 190
55 191
55 192
55 194
55 195
55 196
55 197
55 198
55 199
55 286
55 288
55 290
55 291
55 293
55 294
55 295
55 296
55 297
55 298
55 299
55 300
55 301
55 302
55 303
55 304
55 305
55 306
55 307
55 308
55 309
55 310
55 311
55 312
55 313
55 314
55 315
55 316
55 317
55 318
55 452
55 454
55 456
55 457
55 458
55 459
55 460
55 462
55 491
55 494
55 499
55 500
55 501
55 502
55 503
55 504
55 505
55 506
55 507
55 508
55 509
55 510
55 511
55 512
55 513
55 514
55 515
56 57
56 58
56 59
56 60
56 61
56 62
56 63
56 64
56 65
56 66
56 67
56 68
56 69
56 70
56 71
56 72
56 73
56 74
56 75
56 76
56 77
56 78
56 79
56 80
56 81
56 82
56 83
56 84
56 85
56 86
56 87
56 88
56 89
56 90
56 91
56 92
56 93
56 95
56 96
56 97
56 98
56 157
56 159
56 162
56 163
56 164
56 165
56 166
56 168
56 169
56 170
56 171
56 172
56 173
56 174
56 175
56 176
56 177
56 178
56 179
56 180
56 181
56 182
56 183
56 184
56 185
56 186
56 187
56 188
56 189
56 190
56 191
56 192
56 193
56 194
56 195
56 196
56 197
56 198
56 199
56 280
56 288
56 291
56 292
56 293
56 294
56 295
56 296
56 297
56 298
56 299
56 300
56 301
56 302
56 303
56 304
56 305
56 306
56 307
56 308
56 309
56 310
56 311
56 312
56 313
56 314
56 315
56 316
56 317
56 318
56 368
56 449
56 453
56 455
56 457
56 458
56 459
56 461
56 491
56 492
56 494
56 497
56 498
56 499
56 501
56 502
56 503
56 504
56 505
56 506
56 507
56 508
56 509
56 510
56 511
56 512
56 513
56 514
56 515
57 58
57 59
57 60
57 61
57 63
57 64
57 65
57 66
57 67
57 68
57 69
57 70
57 71
57 72
57 73
57 74
57 75
57 76
57 77
57 78
57 79
57 80
57 81
57 82
57 83
57 84
57 85
57 86
57 87
57 88
57 89
57 90
57 91
57 92
57 93
57 94
57 95
57 96
57 97
57 98
57 159
57 161
57 162
57 163
57 164
57 165
57 166
57 167
57 168
57 169
57 170
57 171
57 172
57 173
57 174
57 175
57 176
57 177
57 178
57 179
57 180
57 181
57 182
57 183
57 184
57 185
57 186
57 187
57 188
57 189
57 190
57 191
57 192
57 193
57 194
57 195
57 196
57 197
57 198
57 199
57 283
57 284
57 285
57 286
57 288
57 289
57 290
57 291
57 292
57 293
57 294
57 295
57 296
57 297
57 298
57 299
57 300
57 301
57 302
57 303
57 304
57 305
57 306
57 307
57 308
57 309
57 310
57 311
57 312
57 313
57 314
57 315
57 316
57 317
57 318
57 390
57 453
57 454
57 455
57 456
57 457
57 458
57 460
57 462
57 494
57 495
57 497
57 498
57 499
57 500
57 501
57 502
57 503
57 504
57 505
57 506
57 507
57 508
57 509
57 510
57 511
57 512
57 513
57 514
57 516
58 59
58 60
58 61
58 62
58 63
58 64
58 65
58 66
58 67
58 68
58 69
58 70
58 71
58 72
58 73
58 74
58 75
58 76
58 77
58 78
58 79
58 80
58 81
58 82
58 83
58 85
58 86
58 87
58 88
58 89
58 90
58 91
58 92
58 93
58 94
58 95
58 96
58 97
58 98
58 156
58 158
58 159
58 161
58 162
58 163
58 164
58 165
58 166
58 167
58 168
58 170
58 171
58 172
58 173
58 174
58 175
58 177
58 178
58 179
58 180
58 181
58 182
58 183
58 184
58 185
58 186
58 187
58 188
58 189
58 190
58 191
58 192
58 193
58 194
58 195
58 196
58 197
58 198
58 199
58 201
58 284
58 285
58 287
58 289
58 290
58 291
58 292
58 293
58 294
58 295
58 296
58 297
58 298
58 299
58 300
58 301
58 302
58 303
58 304
58 306
58 307
58 308
58 309
58 310
58 311
58 312
58 313
58 314
58 315
58 316
58 317
58 318
58 319
58 452
58 453
58 454
58 457
58 458
58 461
58 462
58 493
58 497
58 498
58 499
58 500
58 501
58 503
58 504
58 506
58 508
58 509
58 510
58 511
58 512
58 513
58 514
58 515
59 60
59 61
59 62
59 63
59 64
59 65
59 66
59 67
59 68
59 70
59 71
59 72
59 73
59 74
59 75
59 76
59 77
59 78
59 79
59 80
59 81
59 82
59 83
59 84
59 85
59 86
59 87
59 88
59 89
59 90
59 91
59 92
59 93
59 94
59 95
59 96
59 97
59 98
59 124
59 160
59 161
59 162
59 163
59 164
59 165
59 166
59 167
59 168
59 169
59 170
59 172
59 173
59 174
59 175
59 176
59 177
59 178
59 179
59 180
59 181
59 182
59 183
59 184
59 185
59 186
59 187
59 188
59 189
59 190
59 191
59 192
59 193
59 194
59 195
59 196
59 197
59 198
59 199
59 282
59 285
59 288
59 289
59 290
59 291
59 292
59 293
59 294
59 295
59 296
59 297
59 298
59 299
59 300
59 301
59 302
59 303
59 304
59 305
59 306
59 307
59 308
59 309
59 310
59 311
59 313
59 314
59 315
59 316
59 317
59 318
59 434
59 450
59 454
59 456
59 457
59 458
59 459
59 460
59 492
59 495
59 498
59 499
59 500
59 501
59 502
59 503
59 504
59 505
59 506
59 507
59 508
59 509
59 510
59 511
59 512
59 513
59 514
59 516
60 61
60 62
60 63
60 64
60 65
60 66
60 67
60 68
60 69
60 70
60 71
60 72
60 73
60 74
60 75
60 76
60 77
60 78
60 79
60 80
60 81
60 82
60 83
60 84
60 85
60 86
60 87
60 88
60 89
60 90
60 91
60 92
60 93
60 94
60 95
60 96
60 97
60 98
60 156
60 160
60 161
60 163
60 164
60 165
60 166
60 168
60 169
60 170
60 171
60 172
60 173
60 174
60 175
60 176
60 177
60 178
60 179
60 180
60 181
60 182
60 183
60 184
60 185
60 186
60 187
60 188
60 189
60 190
60 191
60 192
60 193
60 194
60 195
60 196
60 197
60 198
60 199
60 283
60 285
60 289
60 290
60 291
60 292
60 293
60 294
60 295
60 296
60 297
60 298
60 299
60 300
60 301
60 302
60 303
60 304
60 305
60 306
60 307
60 308
60 309
60 310
60 311
60 312
60 313
60 314
60 315
60 316
60 317
60 318
60 451
60 454
60 455
60 456
60 457
60 458
60 459
60 460
60 461
60 462
60 463
60 492
60 498
60 499
60 500
60 501
60 502
60 503
60 504
60 505
60 506
60 507
60 508
60 509
60 510
60 511
60 512
60 513
60 514
61 62
61 63
61 64
61 65
61 66
61 67
61 68
61 69
61 70
61 71
61 72
61 73
61 74
61 75
61 76
61 77
61 78
61 79
61 80
61 81
61 82
61 83
61 84
61 85
61 86
61 87
61 88
61 89
61 90
61 91
61 92
61 93
61 94
61 95
61 96
61 97
61 98
61 99
61 125
61 156
61 159
61 161
61 162
61 163
61 166
61 167
61 168
61 169
61 170
61 171
61 172
61 173
61 174
61 175
61 176
61 177
61 178
61 179
61 180
61 181
61 182
61 183
61 184
61 185
61 186
61 187
61 188
61 189
61 190
61 191
61 192
61 193
61 194
61 195
61 196
61 197
61 198
61 199
61 269
61 285
61 286
61 288
61 289
61 292
61 293
61 294
61 295
61 296
61 297
61 298
61 299
61 300
61 301
61 302
61 303
61 304
61 305
61 306
61 307
61 308
61 309
61 310
61 311
61 312
61 313
61 314
61 315
61 316
61 317
61 318
61 448
61 452
61 453
61 454
61 457
61 458
61 459
61 460
61 493
61 494
61 495
61 496
61 498
61 499
61 501
61 502
61 503
61 504
61 505
61 506
61 507
61 508
61 509
61 510
61 511
61 512
61 513
61 514
61 515
62 63
62 64
62 65
62 66
62 67
62 68
62 69
62 70
62 71
62 72
62 73
62 74
62 75
62 76
62 77
62 79
62 80
62 81
62 82
62 83
62 84
62 85
62 86
62 87
62 88
62 90
62 91
62 92
62 93
62 94
62 95
62 96
62 97
62 98
62 157
62 158
62 162
62 163
62 165
62 166
62 167
62 168
62 169
62 170
62 171
62 172
62 173
62 174
62 175
62 176
62 177
62 178
62 179
62 180
62 181
62 182
62 183
62 184
62 185
62 186
62 187
62 188
62 189
62 190
62 191
62 192
62 193
62 194
62 195
62 196
62 197
62 198
62 199
62 200
62 281
62 284
62 286
62 287
62 289
62 290
62 291
62 292
62 293
62 294
62 295
62 296
62 297
62 298
62 299
62 300
62 301
62 302
62 303
62 304
62 305
62 306
62 307
62 308
62 309
62 310
62 311
62 312
62 313
62 314
62 315
62 316
62 317
62 318
62 450
62 451
62 453
62 454
62 456
62 457
62 458
62 459
62 460
62 461
62 464
62 494
62 495
62 496
62 498
62 499
62 500
62 501
62 502
62 503
62 504
62 505
62 506
62 507
62 508
62 510
62 511
62 512
62 513
62 514
62 515
63 64
63 65
63 66
63 67
63 68
63 69
63 70
63 71
63 72
63 73
63 74
63 75
63 76
63 77
63 78
63 79
63 80
63 81
63 82
63 83
63 84
63 85
63 86
63 87
63 88
63 89
63 90
63 91
63 92
63 93
63 94
63 95
63 96
63 97
63 98
63 127
63 158
63 159
63 160
63 161
63 162
63 166
63 167
63 169
63 170
63 171
63 172
63 173
63 174
63 175
63 176
63 177
63 178
63 179
63 180
63 181
63 182
63 183
63 184
63 185
63 186
63 187
63 188
63 189
63 190
63 191
63 192
63 193
63 194
63 195
63 196
63 197
63 198
63 199
63 200
63 261
63 281
63 289
63 290
63 291
63 292
63 293
63 294
63 295
63 296
63 297
63 298
63 299
63 300
63 301
63 302
63 303
63 304
63 305
63 306
63 307
63 308
63 309
63 311
63 312
63 313
63 314
63 315
63 316
63 317
63 318
63 386
63 443
63 449
63 450
63 451
63 453
63 455
63 456
63 457
63 458
63 459
63 460
63 495
63 496
63 497
63 498
63 500
63 501
63 502
63 503
63 504
63 505
63 506
63 507
63 508
63 509
63 510
63 511
63 512
63 513
63 514
64 65
64 66
64 67
64 68
64 69
64 70
64 71
64 72
64 73
64 74
64 75
64 76
64 77
64 78
64 79
64 80
64 81
64 82
64 83
64 84
64 85
64 86
64 87
64 88
64 89
64 90
64 91
64 92
64 93
64 94
64 95
64 96
64 97
64 98
64 160
64 161
64 163
64 164
64 165
64 167
64 168
64 169
64 170
64 171
64 172
64 173
64 174
64 175
64 176
64 177
64 178
64 179
64 180
64 181
64 182
64 183
64 184
64 185
64 186
64 187
64 188
64 189
64 190
64 191
64 192
64 193
64 194
64 195
64 196
64 197
64 198
64 199
64 200
64 285
64 286
64 287
64 288
64 289
64 290
64 291
64 292
64 293
64 294
64 295
64 296
64 297
64 298
64 299
64 300
64 301
64 302
64 303
64 304
64 305
64 306
64 307
64 308
64 309
64 310
64 311
64 312
64 313
64 314
64 315
64 316
64 317
64 318
64 331
64 452
64 453
64 455
64 457
64 460
64 461
64 462
64 491
64 492
64 495
64 496
64 497
64 498
64 499
64 501
64 502
64 503
64 504
64 505
64 506
64 507
64 508
64 509
64 510
64 511
64 512
64 513
64 514
64 516
65 66
65 67
65 68
65 69
65 70
65 71
65 72
65 73
65 74
65 75
65 76
65 77
65 78
65 79
65 80
65 81
65 82
65 83
65 84
65 85
65 86
65 87
65 88
65 89
65 90
65 91
65 92
65 93
65 94
65 95
65 96
65 97
65 98
65 99
65 106
65 158
65 160
65 163
65 164
65 165
65 166
65 167
65 168
65 169
65 170
65 171
65 172
65 173
65 174
65 175
65 176
65 177
65 178
65 179
65 180
65 181
65 182
65 183
65 184
65 185
65 186
65 187
65 188
65 189
65 190
65 191
65 192
65 193
65 194
65 195
65 196
65 197
65 198
65 199
65 280
65 285
65 286
65 287
65 288
65 289
65 290
65 291
65 292
65 293
65 294
65 295
65 297
65 298
65 299
65 300
65 301
65 302
65 303
65 304
65 305
65 306
65 307
65 308
65 309
65 310
65 311
65 312
65 313
65 314
65 315
65 316
65 317
65 318
65 386
65 454
65 455
65 456
65 458
65 459
65 460
65 461
65 463
65 493
65 495
65 497
65 498
65 500
65 501
65 503
65 504
65 505
65 506
65 507
65 508
65 509
65 510
65 511
65 512
65 513
65 514
66 67
66 68
66 69
66 70
66 71
66 72
66 73
66 74
66 75
66 76
66 77
66 78
66 79
66 80
66 81
66 82
66 83
66 84
66 85
66 86
66 87
66 88
66 89
66 90
66 91
66 92
66 93
66 94
66 95
66 96
66 97
66 98
66 125
66 156
66 158
66 159
66 160
66 161
66 162
66 163
66 164
66 165
66 166
66 167
66 168
66 169
66 170
66 171
66 172
66 173
66 174
66 175
66 176
66 177
66 178
66 179
66 180
66 181
66 182
66 183
66 184
66 185
66 186
66 187
66 188
66 189
66 190
66 191
66 192
66 193
66 194
66 195
66 196
66 197
66 198
66 199
66 283
66 286
66 288
66 289
66 290
66 291
66 292
66 293
66 294
66 295
66 296
66 297
66 298
66 299
66 300
66 301
66 302
66 303
66 304
66 305
66 306
66 307
66 308
66 309
66 310
66 311
66 312
66 313
66 314
66 315
66 316
66 317
66 318
66 319
66 385
66 450
66 451
66 452
66 453
66 456
66 457
66 458
66 460
66 494
66 495
66 496
66 498
66 499
66 501
66 502
66 503
66 507
66 508
66 509
66 510
66 511
66 512
66 513
66 514
66 515
67 68
67 69
67 70
67 71
67 72
67 73
67 74
67 75
67 76
67 77
67 78
67 79
67 80
67 81
67 82
67 83
67 84
67 85
67 86
67 87
67 88
67 89
67 90
67 91
67 92
67 93
67 94
67 95
67 96
67 97
67 98
67 161
67 162
67 163
67 164
67 165
67 167
67 168
67 169
67 170
67 171
67 172
67 173
67 174
67 175
67 176
67 177
67 178
67 179
67 180
67 181
67 182
67 183
67 184
67 185
67 186
67 187
67 188
67 189
67 190
67 191
67 192
67 193
67 194
67 195
67 196
67 197
67 198
67 199
67 281
67 284
67 285
67 286
67 288
67 289
67 290
67 291
67 292
67 293
67 294
67 295
67 296
67 297
67 298
67 299
67 300
67 301
67 302
67 303
67 304
67 305
67 306
67 307
67 308
67 309
67 310
67 311
67 312
67 313
67 314
67 315
67 316
67 317
67 318
67 320
67 387
67 450
67 451
67 453
67 457
67 458
67 459
67 461
67 462
67 492
67 494
67 495
67 498
67 499
67 500
67 501
67 502
67 503
67 505
67 506
67 507
67 508
67 509
67 510
67 511
67 512
67 513
67 514
68 69
68 70
68 71
68 72
68 73
68 75
68 76
68 77
68 78
68 79
68 80
68 81
68 82
68 83
68 84
68 85
68 86
68 87
68 88
68 89
68 90
68 91
68 92
68 93
68 94
68 95
68 96
68 97
68 98
68 156
68 158
68 160
68 161
68 162
68 164
68 165
68 166
68 167
68 168
68 170
68 171
68 172
68 173
68 174
68 176
68 177
68 178
68 179
68 180
68 181
68 182
68 183
68 184
68 185
68 186
68 187
68 188
68 189
68 190
68 191
68 192
68 193
68 194
68 195
68 196
68 197
68 198
68 199
68 200
68 281
68 283
68 286
68 288
68 290
68 291
68 292
68 293
68 294
68 295
68 296
68 297
68 298
68 299
68 300
68 301
68 302
68 303
68 304
68 305
68 306
68 307
68 308
68 309
68 310
68 311
68 312
68 313
68 314
68 315
68 316
68 317
68 319
68 437
68 451
68 453
68 454
68 456
68 457
68 458
68 459
68 460
68 461
68 492
68 493
68 497
68 498
68 499
68 501
68 502
68 503
68 504
68 505
68 506
68 507
68 508
68 509
68 510
68 511
68 512
68 513
68 514
68 515
69 70
69 71
69 72
69 73
69 74
69 75
69 76
69 77
69 78
69 79
69 80
69 81
69 82
69 83
69 84
69 85
69 86
69 87
69 88
69 89
69 90
69 91
69 92
69 93
69 94
69 95
69 96
69 97
69 98
69 141
69 156
69 159
69 162
69 164
69 166
69 167
69 168
69 169
69 170
69 171
69 172
69 173
69 174
69 176
69 177
69 178
69 179
69 180
69 181
69 182
69 183
69 184
69 185
69 186
69 187
69 188
69 189
69 190
69 191
69 192
69 193
69 194
69 195
69 196
69 197
69 198
69 199
69 275
69 281
69 285
69 287
69 288
69 289
69 290
69 291
69 292
69 293
69 294
69 295
69 296
69 297
69 298
69 299
69 300
69 301
69 302
69 303
69 304
69 305
69 306
69 307
69 308
69 309
69 310
69 311
69 312
69 313
69 314
69 315
69 316
69 317
69 318
69 319
69 325
69 327
69 386
69 451
69 453
69 455
69 456
69 457
69 458
69 459
69 460
69 461
69 462
69 463
69 464
69 487
69 492
69 494
69 496
69 497
69 498
69 499
69 500
69 501
69 502
69 503
69 504
69 505
69 506
69 507
69 508
69 509
69 510
69 511
69 512
69 513
69 514
69 516
70 71
70 72
70 73
70 74
70 75
70 76
70 77
70 78
70 79
70 80
70 81
70 82
70 83
70 84
70 85
70 86
70 87
70 88
70 89
70 90
70 91
70 92
70 93
70 94
70 95
70 96
70 97
70 98
70 158
70 159
70 161
70 162
70 163
70 164
70 165
70 166
70 167
70 168
70 170
70 172
70 173
70 174
70 175
70 176
70 177
70 178
70 179
70 180
70 181
70 182
70 183
70 184
70 185
70 186
70 187
70 188
70 189
70 190
70 191
70 192
70 193
70 194
70 195
70 196
70 197
70 198
70 199
70 200
70 285
70 286
70 287
70 289
70 290
70 291
70 292
70 294
70 295
70 296
70 297
70 298
70 299
70 300
70 301
70 302
70 303
70 304
70 305
70 306
70 307
70 308
70 309
70 310
70 311
70 312
70 313
70 314
70 315
70 316
70 317
70 318
70 450
70 455
70 458
70 459
70 460
70 461
70 464
70 492
70 495
70 497
70 498
70 499
70 500
70 502
70 503
70 504
70 505
70 506
70 507
70 508
70 509
70 510
70 511
70 512
70 513
70 514
71 72
71 73
71 75
71 76
71 77
71 78
71 79
71 80
71 81
71 82
71 83
71 84
71 85
71 86
71 87
71 88
71 89
71 90
71 91
71 92
71 93
71 94
71 95
71 96
71 97
71 98
71 99
71 158
71 161
71 162
71 165
71 166
71 167
71 168
71 169
71 170
71 171
71 172
71 173
71 174
71 175
71 177
71 178
71 179
71 180
71 181
71 182
71 183
71 184
71 185
71 186
71 187
71 188
71 189
71 190
71 191
71 192
71 193
71 194
71 195
71 196
71 197
71 198
71 199
71 200
71 284
71 285
71 286
71 287
71 289
71 291
71 292
71 293
71 294
71 295
71 296
71 297
71 298
71 299
71 300
71 301
71 302
71 303
71 304
71 305
71 306
71 307
71 308
71 309
71 310
71 311
71 312
71 313
71 314
71 315
71 316
71 317
71 318
71 319
71 450
71 451
71 453
71 454
71 456
71 458
71 459
71 460
71 461
71 490
71 492
71 493
71 494
71 497
71 498
71 499
71 500
71 501
71 505
71 506
71 507
71 508
71 509
71 510
71 511
71 512
71 513
71 514
72 73
72 74
72 75
72 76
72 77
72 78
72 79
72 80
72 81
72 82
72 83
72 84
72 85
72 86
72 87
72 88
72 89
72 90
72 91
72 92
72 93
72 94
72 95
72 96
72 97
72 98
72 99
72 157
72 159
72 161
72 162
72 166
72 167
72 168
72 169
72 170
72 171
72 172
72 173
72 174
72 175
72 176
72 177
72 178
72 179
72 180
72 181
72 182
72 183
72 184
72 185
72 186
72 187
72 188
72 189
72 190
72 191
72 192
72 193
72 194
72 195
72 196
72 197
72 198
72 199
72 201
72 283
72 284
72 285
72 288
72 289
72 290
72 291
72 292
72 293
72 294
72 295
72 296
72 297
72 298
72 299
72 300
72 301
72 302
72 303
72 304
72 305
72 306
72 307
72 308
72 309
72 310
72 311
72 312
72 313
72 314
72 315
72 316
72 317
72 318
72 319
72 325
72 449
72 450
72 451
72 453
72 454
72 455
72 457
72 458
72 459
72 460
72 461
72 462
72 492
72 493
72 494
72 495
72 496
72 497
72 498
72 499
72 500
72 501
72 502
72 503
72 504
72 505
72 506
72 507
72 508
72 509
72 510
72 511
72 512
72 513
72 514
72 515
73 74
73 75
73 76
73 77
73 78
73 79
73 80
73 81
73 82
73 83
73 84
73 85
73 86
73 87
73 88
73 89
73 90
73 91
73 92
73 93
73 94
73 95
73 96
73 97
73 98
73 158
73 160
73 161
73 163
73 164
73 165
73 166
73 167
73 168
73 170
73 171
73 172
73 173
73 174
73 175
73 176
73 177
73 178
73 179
73 180
73 181
73 182
73 183
73 184
73 185
73 186
73 187
73 188
73 189
73 190
73 191
73 192
73 193
73 194
73 195
73 196
73 197
73 198
73 199
73 200
73 264
73 284
73 285
73 288
73 289
73 291
73 292
73 293
73 294
73 295
73 296
73 297
73 298
73 299
73 300
73 301
73 302
73 303
73 304
73 305
73 306
73 307
73 308
73 309
73 310
73 311
73 312
73 313
73 314
73 315
73 316
73 317
73 318
73 319
73 454
73 455
73 456
73 458
73 460
73 461
73 463
73 496
73 497
73 498
73 499
73 500
73 501
73 502
73 503
73 504
73 505
73 506
73 507
73 508
73 509
73 510
73 511
73 512
73 513
73 514
73 515
74 75
74 76
74 77
74 78
74 79
74 80
74 81
74 82
74 83
74 84
74 85
74 86
74 87
74 88
74 89
74 91
74 92
74 93
74 94
74 95
74 96
74 97
74 98
74 99
74 157
74 158
74 159
74 161
74 162
74 163
74 164
74 165
74 166
74 168
74 169
74 170
74 171
74 172
74 173
74 174
74 175
74 176
74 177
74 178
74 179
74 180
74 181
74 182
74 183
74 184
74 185
74 186
74 187
74 188
74 189
74 190
74 191
74 192
74 193
74 194
74 195
74 196
74 197
74 198
74 199
74 200
74 286
74 287
74 288
74 289
74 290
74 291
74 292
74 293
74 295
74 296
74 297
74 298
74 299
74 300
74 301
74 302
74 303
74 304
74 305
74 306
74 307
74 308
74 309
74 310
74 311
74 312
74 313
74 314
74 315
74 316
74 317
74 318
74 452
74 455
74 456
74 458
74 459
74 460
74 462
74 463
74 494
74 495
74 497
74 498
74 499
74 501
74 502
74 503
74 504
74 505
74 506
74 507
74 508
74 509
74 510
74 511
74 512
74 513
74 514
74 518
75 76
75 77
75 78
75 79
75 80
75 81
75 82
75 83
75 84
75 85
75 86
75 87
75 88
75 89
75 90
75 91
75 92
75 93
75 94
75 95
75 96
75 97
75 98
75 157
75 158
75 162
75 164
75 165
75 167
75 169
75 170
75 171
75 172
75 173
75 174
75 175
75 176
75 177
75 178
75 179
75 180
75 181
75 182
75 183
75 184
75 185
75 186
75 187
75 188
75 189
75 190
75 191
75 192
75 193
75 194
75 195
75 196
75 197
75 198
75 199
75 283
75 287
75 288
75 289
75 290
75 292
75 293
75 294
75 295
75 296
75 297
75 298
75 299
75 300
75 301
75 302
75 303
75 304
75 305
75 306
75 307
75 308
75 309
75 310
75 311
75 312
75 313
75 314
75 315
75 316
75 317
75 318
75 369
75 388
75 454
75 455
75 456
75 457
75 459
75 460
75 461
75 463
75 493
75 494
75 495
75 496
75 497
75 499
75 500
75 501
75 502
75 503
75 504
75 505
75 506
75 507
75 508
75 509
75 510
75 511
75 512
75 513
75 514
75 515
76 77
76 78
76 79
76 80
76 81
76 82
76 83
76 84
76 85
76 86
76 87
76 88
76 89
76 90
76 91
76 92
76 93
76 94
76 95
76 96
76 97
76 98
76 121
76 125
76 159
76 161
76 163
76 166
76 167
76 168
76 169
76 170
76 171
76 172
76 173
76 174
76 175
76 176
76 177
76 178
76 179
76 180
76 181
76 182
76 183
76 184
76 185
76 186
76 187
76 188
76 189
76 190
76 191
76 192
76 193
76 194
76 195
76 196
76 197
76 198
76 199
76 272
76 286
76 287
76 288
76 290
76 291
76 292
76 293
76 294
76 295
76 296
76 297
76 298
76 299
76 300
76 301
76 302
76 303
76 304
76 305
76 306
76 307
76 308
76 309
76 310
76 311
76 312
76 313
76 314
76 315
76 316
76 317
76 318
76 450
76 451
76 452
76 453
76 454
76 455
76 456
76 457
76 458
76 459
76 460
76 463
76 491
76 495
76 496
76 497
76 498
76 499
76 501
76 502
76 503
76 504
76 505
76 506
76 507
76 508
76 509
76 510
76 511
76 512
76 513
76 514
76 515
76 517
77 78
77 79
77 80
77 81
77 82
77 83
77 84
77 85
77 86
77 87
77 88
77 89
77 90
77 91
77 92
77 93
77 94
77 95
77 96
77 97
77 98
77 156
77 160
77 161
77 162
77 163
77 164
77 165
77 166
77 167
77 168
77 169
77 170
77 171
77 172
77 173
77 174
77 175
77 176
77 177
77 178
77 179
77 180
77 181
77 183
77 184
77 185
77 186
77 187
77 188
77 189
77 190
77 191
77 192
77 193
77 194
77 195
77 196
77 197
77 198
77 199
77 284
77 287
77 288
77 289
77 290
77 291
77 292
77 294
77 295
77 296
77 297
77 298
77 299
77 300
77 301
77 302
77 303
77 304
77 305
77 306
77 307
77 308
77 309
77 310
77 311
77 312
77 313
77 314
77 315
77 316
77 317
77 318
77 387
77 457
77 458
77 460
77 461
77 492
77 493
77 495
77 497
77 499
77 500
77 501
77 502
77 503
77 504
77 505
77 506
77 507
77 508
77 509
77 510
77 512
77 513
77 514
78 79
78 80
78 81
78 82
78 83
78 84
78 85
78 86
78 87
78 88
78 89
78 90
78 91
78 92
78 93
78 94
78 95
78 96
78 97
78 98
78 158
78 160
78 161
78 162
78 164
78 165
78 166
78 167
78 168
78 169
78 170
78 171
78 172
78 173
78 174
78 175
78 176
78 177
78 178
78 179
78 180
78 181
78 182
78 183
78 184
78 185
78 186
78 187
78 188
78 189
78 190
78 191
78 192
78 193
78 194
78 195
78 196
78 197
78 198
78 199
78 284
78 285
78 286
78 288
78 289
78 290
78 291
78 292
78 293
78 294
78 296
78 297
78 298
78 299
78 300
78 301
78 302
78 303
78 304
78 305
78 306
78 307
78 308
78 309
78 310
78 311
78 313
78 314
78 315
78 316
78 317
78 318
78 450
78 451
78 452
78 453
78 454
78 455
78 456
78 457
78 458
78 459
78 460
78 461
78 462
78 493
78 496
78 497
78 498
78 499
78 500
78 501
78 502
78 503
78 504
78 505
78 506
78 507
78 508
78 509
78 510
78 511
78 512
78 513
78 514
79 80
79 81
79 82
79 83
79 84
79 85
79 86
79 87
79 88
79 89
79 90
79 91
79 92
79 93
79 94
79 95
79 96
79 97
79 98
79 157
79 158
79 159
79 160
79 162
79 163
79 164
79 165
79 166
79 167
79 168
79 169
79 170
79 172
79 173
79 174
79 175
79 176
79 177
79 178
79 179
79 180
79 181
79 182
79 183
79 184
79 185
79 186
79 187
79 188
79 189
79 190
79 191
79 192
79 193
79 194
79 195
79 196
79 197
79 198
79 199
79 282
79 285
79 287
79 289
79 292
79 293
79 294
79 295
79 296
79 297
79 298
79 299
79 300
79 301
79 302
79 303
79 304
79 305
79 306
79 307
79 308
79 309
79 310
79 311
79 312
79 313
79 314
79 315
79 316
79 317
79 318
79 453
79 455
79 458
79 459
79 460
79 461
79 493
79 496
79 500
79 501
79 502
79 503
79 505
79 506
79 507
79 508
79 509
79 510
79 511
79 512
79 513
79 514
79 515
80 81
80 82
80 83
80 84
80 85
80 86
80 87
80 88
80 89
80 90
80 91
80 92
80 93
80 94
80 95
80 96
80 97
80 98
80 159
80 160
80 161
80 162
80 164
80 165
80 166
80 167
80 168
80 169
80 170
80 171
80 172
80 173
80 174
80 175
80 176
80 177
80 178
80 179
80 180
80 181
80 182
80 183
80 184
80 185
80 186
80 187
80 188
80 189
80 190
80 191
80 192
80 193
80 194
80 195
80 196
80 197
80 198
80 199
80 203
80 281
80 284
80 288
80 289
80 290
80 291
80 292
80 293
80 294
80 295
80 296
80 297
80 298
80 299
80 300
80 301
80 302
80 303
80 304
80 305
80 306
80 307
80 308
80 309
80 310
80 311
80 312
80 313
80 314
80 315
80 316
80 317
80 318
80 449
80 458
80 459
80 460
80 461
80 462
80 491
80 497
80 498
80 499
80 500
80 501
80 502
80 503
80 504
80 505
80 506
80 507
80 508
80 509
80 510
80 511
80 512
80 513
80 514
81 82
81 83
81 84
81 85
81 86
81 87
81 88
81 89
81 90
81 91
81 92
81 93
81 94
81 95
81 96
81 97
81 98
81 157
81 158
81 160
81 161
81 163
81 165
81 166
81 167
81 168
81 170
81 171
81 172
81 173
81 175
81 176
81 177
81 178
81 179
81 180
81 181
81 182
81 183
81 184
81 185
81 186
81 187
81 188
81 189
81 190
81 191
81 192
81 193
81 194
81 195
81 196
81 197
81 198
81 199
81 283
81 285
81 288
81 289
81 290
81 291
81 292
81 293
81 294
81 295
81 296
81 297
81 298
81 299
81 300
81 301
81 302
81 303
81 304
81 305
81 306
81 307
81 308
81 309
81 310
81 311
81 312
81 313
81 314
81 315
81 316
81 317
81 319
81 454
81 455
81 456
81 457
81 458
81 459
81 460
81 461
81 463
81 493
81 496
81 497
81 498
81 499
81 500
81 501
81 502
81 503
81 505
81 506
81 507
81 508
81 509
81 510
81 511
81 512
81 513
81 514
81 515
82 83
82 84
82 85
82 86
82 87
82 88
82 89
82 90
82 91
82 92
82 93
82 94
82 95
82 96
82 97
82 98
82 158
82 160
82 162
82 164
82 165
82 166
82 167
82 168
82 169
82 170
82 171
82 172
82 173
82 174
82 175
82 176
82 177
82 178
82 179
82 180
82 181
82 182
82 183
82 184
82 185
82 186
82 187
82 188
82 189
82 190
82 191
82 192
82 193
82 194
82 195
82 196
82 197
82 198
82 199
82 281
82 283
82 285
82 288
82 289
82 290
82 291
82 292
82 293
82 294
82 296
82 298
82 299
82 300
82 301
82 302
82 303
82 304
82 305
82 306
82 307
82 308
82 309
82 310
82 311
82 312
82 313
82 314
82 315
82 316
82 317
82 318
82 450
82 451
82 453
82 454
82 457
82 458
82 459
82 460
82 461
82 462
82 493
82 494
82 496
82 497
82 498
82 499
82 500
82 501
82 502
82 503
82 504
82 506
82 507
82 508
82 509
82 510
82 511
82 512
82 513
82 514
83 84
83 85
83 86
83 87
83 88
83 89
83 90
83 91
83 92
83 93
83 94
83 95
83 96
83 97
83 98
83 157
83 159
83 160
83 161
83 162
83 165
83 166
83 167
83 168
83 169
83 170
83 171
83 172
83 173
83 174
83 175
83 176
83 177
83 178
83 179
83 180
83 181
83 182
83 183
83 184
83 185
83 186
83 187
83 188
83 189
83 190
83 191
83 192
83 193
83 194
83 195
83 196
83 197
83 198
83 199
83 284
83 286
83 287
83 288
83 289
83 290
83 291
83 292
83 293
83 294
83 295
83 296
83 297
83 298
83 299
83 300
83 301
83 302
83 303
83 304
83 305
83 306
83 307
83 308
83 309
83 310
83 311
83 312
83 313
83 314
83 315
83 316
83 317
83 318
83 448
83 451
83 452
83 453
83 454
83 455
83 457
83 458
83 459
83 460
83 496
83 497
83 498
83 499
83 500
83 501
83 502
83 503
83 504
83 505
83 506
83 507
83 508
83 509
83 510
83 511
83 512
83 513
83 514
84 85
84 86
84 87
84 88
84 89
84 90
84 91
84 92
84 93
84 94
84 95
84 96
84 97
84 98
84 158
84 161
84 162
84 163
84 164
84 166
84 167
84 169
84 170
84 171
84 172
84 174
84 175
84 176
84 177
84 178
84 179
84 180
84 181
84 182
84 183
84 184
84 185
84 186
84 187
84 188
84 189
84 190
84 191
84 192
84 193
84 194
84 195
84 196
84 197
84 198
84 199
84 200
84 283
84 284
84 285
84 287
84 288
84 289
84 290
84 292
84 293
84 294
84 295
84 296
84 297
84 298
84 299
84 300
84 301
84 302
84 303
84 304
84 305
84 306
84 307
84 308
84 309
84 310
84 311
84 312
84 313
84 314
84 315
84 316
84 317
84 449
84 454
84 455
84 456
84 457
84 458
84 459
84 460
84 461
84 492
84 494
84 495
84 496
84 497
84 499
84 500
84 501
84 502
84 503
84 504
84 505
84 506
84 507
84 508
84 509
84 510
84 511
84 512
84 513
84 514
84 515
85 86
85 87
85 88
85 89
85 90
85 91
85 92
85 93
85 94
85 95
85 96
85 97
85 98
85 154
85 160
85 161
85 162
85 163
85 164
85 166
85 168
85 169
85 171
85 172
85 173
85 174
85 175
85 176
85 177
85 178
85 179
85 180
85 181
85 182
85 183
85 184
85 185
85 186
85 187
85 188
85 189
85 190
85 191
85 192
85 193
85 194
85 195
85 196
85 197
85 198
85 199
85 288
85 289
85 290
85 291
85 293
85 294
85 295
85 296
85 297
85 298
85 299
85 300
85 301
85 302
85 303
85 304
85 305
85 306
85 307
85 308
85 309
85 310
85 311
85 312
85 313
85 314
85 315
85 316
85 317
85 449
85 452
85 453
85 454
85 456
85 457
85 458
85 459
85 460
85 461
85 493
85 494
85 495
85 497
85 500
85 502
85 503
85 504
85 505
85 506
85 507
85 508
85 509
85 510
85 511
85 512
85 513
85 514
86 87
86 88
86 89
86 90
86 91
86 92
86 93
86 94
86 95
86 96
86 97
86 98
86 155
86 158
86 160
86 161
86 162
86 164
86 165
86 166
86 167
86 169
86 170
86 171
86 172
86 173
86 174
86 175
86 176
86 177
86 178
86 179
86 180
86 181
86 182
86 183
86 184
86 185
86 186
86 187
86 188
86 189
86 190
86 191
86 192
86 193
86 194
86 195
86 196
86 197
86 198
86 199
86 263
86 285
86 289
86 290
86 291
86 292
86 293
86 294
86 295
86 296
86 297
86 298
86 299
86 300
86 301
86 302
86 303
86 304
86 305
86 306
86 307
86 308
86 309
86 310
86 311
86 312
86 313
86 314
86 315
86 316
86 317
86 318
86 319
86 341
86 450
86 455
86 458
86 459
86 460
86 463
86 490
86 496
86 497
86 499
86 500
86 502
86 503
86 504
86 505
86 506
86 507
86 508
86 509
86 510
86 511
86 513
86 514
86 515
87 88
87 89
87 90
87 91
87 92
87 93
87 94
87 95
87 96
87 97
87 98
87 157
87 161
87 163
87 165
87 166
87 167
87 168
87 169
87 170
87 171
87 172
87 173
87 174
87 175
87 176
87 177
87 178
87 179
87 180
87 181
87 182
87 183
87 184
87 185
87 186
87 187
87 188
87 189
87 190
87 191
87 192
87 193
87 194
87 195
87 196
87 197
87 198
87 199
87 283
87 286
87 287
87 288
87 289
87 290
87 292
87 294
87 295
87 296
87 297
87 298
87 299
87 300
87 301
87 302
87 303
87 304
87 305
87 306
87 307
87 308
87 309
87 310
87 311
87 312
87 313
87 314
87 315
87 316
87 317
87 318
87 449
87 451
87 455
87 456
87 458
87 459
87 460
87 461
87 462
87 495
87 496
87 499
87 500
87 501
87 503
87 504
87 505
87 506
87 507
87 508
87 509
87 510
87 511
87 512
87 513
87 514
87 515
88 89
88 90
88 91
88 92
88 93
88 94
88 95
88 96
88 97
88 98
88 161
88 162
88 164
88 165
88 166
88 167
88 168
88 169
88 171
88 173
88 174
88 175
88 176
88 177
88 178
88 179
88 180
88 181
88 182
88 183
88 184
88 185
88 186
88 187
88 188
88 189
88 190
88 191
88 192
88 193
88 194
88 195
88 196
88 197
88 198
88 199
88 283
88 285
88 287
88 288
88 290
88 293
88 294
88 295
88 296
88 297
88 298
88 299
88 300
88 301
88 302
88 303
88 304
88 305
88 306
88 307
88 308
88 309
88 310
88 311
88 312
88 313
88 314
88 315
88 316
88 317
88 318
88 319
88 448
88 453
88 455
88 456
88 457
88 458
88 459
88 462
88 493
88 495
88 496
88 497
88 498
88 499
88 501
88 502
88 503
88 504
88 505
88 506
88 507
88 508
88 509
88 510
88 511
88 512
88 513
88 514
88 523
89 90
89 91
89 92
89 93
89 94
89 95
89 96
89 97
89 98
89 158
89 159
89 160
89 161
89 164
89 165
89 166
89 167
89 168
89 169
89 170
89 171
89 172
89 173
89 174
89 175
89 177
89 178
89 180
89 181
89 182
89 183
89 184
89 185
89 186
89 187
89 188
89 189
89 190
89 191
89 192
89 193
89 194
89 195
89 196
89 197
89 198
89 199
89 285
89 289
89 290
89 291
89 292
89 293
89 294
89 295
89 296
89 297
89 298
89 299
89 300
89 302
89 303
89 304
89 305
89 306
89 307
89 308
89 309
89 310
89 311
89 312
89 313
89 314
89 315
89 316
89 317
89 318
89 445
89 448
89 453
89 454
89 456
89 457
89 460
89 461
89 462
89 492
89 494
89 495
89 496
89 497
89 498
89 499
89 500
89 501
89 502
89 503
89 504
89 505
89 506
89 507
89 508
89 509
89 510
89 511
89 512
89 513
89 514
89 515
89 534
89 541
90 91
90 92
90 93
90 94
90 95
90 96
90 97
90 98
90 155
90 158
90 159
90 163
90 164
90 165
90 166
90 168
90 169
90 170
90 171
90 173
90 174
90 175
90 176
90 177
90 178
90 179
90 180
90 181
90 182
90 183
90 184
90 185
90 186
90 187
90 188
90 189
90 190
90 191
90 192
90 193
90 194
90 195
90 196
90 197
90 198
90 199
90 286
90 288
90 289
90 290
90 291
90 292
90 293
90 294
90 295
90 296
90 297
90 298
90 299
90 300
90 301
90 302
90 303
90 304
90 305
90 306
90 307
90 308
90 309
90 310
90 311
90 312
90 313
90 314
90 315
90 316
90 317
90 318
90 319
90 327
90 453
90 455
90 458
90 460
90 462
90 494
90 495
90 496
90 497
90 498
90 499
90 500
90 501
90 503
90 504
90 506
90 507
90 508
90 509
90 510
90 511
90 512
90 513
90 514
90 515
90 516
91 92
91 93
91 94
91 95
91 96
91 97
91 98
91 157
91 159
91 160
91 162
91 163
91 164
91 165
91 166
91 167
91 168
91 169
91 170
91 171
91 173
91 174
91 175
91 176
91 177
91 178
91 179
91 180
91 181
91 182
91 183
91 184
91 185
91 186
91 187
91 188
91 189
91 190
91 191
91 192
91 193
91 194
91 195
91 196
91 197
91 198
91 199
91 245
91 283
91 284
91 285
91 287
91 289
91 290
91 291
91 292
91 293
91 294
91 295
91 296
91 297
91 298
91 299
91 301
91 302
91 303
91 304
91 305
91 306
91 307
91 308
91 309
91 310
91 311
91 312
91 313
91 314
91 315
91 316
91 317
91 318
91 319
91 451
91 452
91 453
91 456
91 457
91 458
91 461
91 494
91 496
91 497
91 498
91 499
91 500
91 501
91 502
91 503
91 504
91 505
91 506
91 507
91 508
91 509
91 510
91 511
91 512
91 513
91 514
91 515
92 93
92 94
92 95
92 96
92 97
92 98
92 158
92 160
92 161
92 162
92 163
92 165
92 166
92 168
92 169
92 170
92 171
92 172
92 173
92 174
92 175
92 176
92 177
92 178
92 179
92 180
92 181
92 182
92 183
92 184
92 185
92 186
92 187
92 188
92 189
92 190
92 191
92 192
92 193
92 194
92 195
92 196
92 197
92 198
92 199
92 221
92 284
92 286
92 287
92 289
92 290
92 292
92 293
92 294
92 295
92 296
92 297
92 298
92 299
92 300
92 301
92 302
92 303
92 304
92 305
92 306
92 307
92 308
92 309
92 310
92 311
92 312
92 313
92 314
92 315
92 316
92 317
92 318
92 326
92 327
92 408
92 448
92 452
92 455
92 456
92 459
92 460
92 461
92 463
92 493
92 495
92 497
92 498
92 499
92 500
92 501
92 502
92 503
92 504
92 505
92 506
92 507
92 508
92 509
92 510
92 511
92 512
92 513
92 514
92 515
92 516
93 94
93 95
93 96
93 97
93 98
93 99
93 157
93 160
93 162
93 163
93 164
93 165
93 166
93 167
93 168
93 170
93 171
93 172
93 173
93 174
93 175
93 176
93 177
93 178
93 179
93 180
93 181
93 182
93 183
93 184
93 185
93 186
93 187
93 188
93 189
93 190
93 191
93 192
93 193
93 194
93 195
93 196
93 197
93 198
93 199
93 200
93 282
93 285
93 286
93 287
93 291
93 292
93 294
93 295
93 296
93 297
93 298
93 299
93 300
93 301
93 302
93 303
93 304
93 305
93 306
93 307
93 308
93 309
93 310
93 311
93 312
93 313
93 314
93 315
93 316
93 317
93 318
93 450
93 451
93 454
93 456
93 457
93 458
93 461
93 463
93 491
93 492
93 493
93 496
93 497
93 501
93 502
93 503
93 504
93 505
93 506
93 507
93 508
93 509
93 510
93 511
93 512
93 513
93 514
93 515
93 517
93 518
94 95
94 96
94 97
94 98
94 99
94 159
94 160
94 161
94 162
94 163
94 164
94 166
94 167
94 168
94 169
94 170
94 171
94 172
94 173
94 174
94 175
94 176
94 177
94 178
94 179
94 180
94 181
94 182
94 183
94 184
94 185
94 186
94 187
94 188
94 189
94 190
94 191
94 192
94 193
94 194
94 195
94 196
94 197
94 198
94 199
94 200
94 265
94 283
94 284
94 285
94 286
94 289
94 290
94 291
94 294
94 295
94 296
94 297
94 298
94 299
94 300
94 301
94 302
94 303
94 304
94 305
94 306
94 307
94 308
94 309
94 310
94 311
94 312
94 313
94 314
94 315
94 316
94 317
94 318
94 401
94 409
94 453
94 456
94 457
94 458
94 459
94 460
94 461
94 492
94 493
94 494
94 495
94 497
94 498
94 499
94 500
94 504
94 505
94 506
94 507
94 508
94 509
94 510
94 511
94 512
94 513
94 514
94 515
94 517
94 547
95 96
95 97
95 98
95 99
95 100
95 158
95 159
95 161
95 162
95 163
95 164
95 165
95 167
95 169
95 170
95 171
95 172
95 173
95 174
95 175
95 176
95 177
95 178
95 179
95 180
95 181
95 182
95 183
95 184
95 185
95 186
95 187
95 188
95 189
95 190
95 191
95 192
95 193
95 194
95 195
95 196
95 197
95 198
95 199
95 200
95 265
95 280
95 281
95 282
95 283
95 285
95 286
95 288
95 289
95 290
95 291
95 292
95 293
95 294
95 295
95 296
95 297
95 298
95 299
95 300
95 301
95 302
95 303
95 304
95 305
95 306
95 307
95 308
95 309
95 310
95 311
95 312
95 313
95 314
95 315
95 316
95 317
95 318
95 319
95 320
95 328
95 329
95 367
95 379
95 401
95 450
95 451
95 454
95 456
95 457
95 458
95 459
95 461
95 462
95 463
95 493
95 495
95 497
95 498
95 499
95 500
95 501
95 502
95 503
95 504
95 505
95 506
95 507
95 508
95 509
95 510
95 511
95 512
95 513
95 516
95 517
96 97
96 98
96 99
96 100
96 125
96 155
96 156
96 158
96 161
96 163
96 164
96 165
96 166
96 168
96 169
96 170
96 171
96 172
96 173
96 174
96 175
96 176
96 177
96 178
96 179
96 180
96 181
96 182
96 183
96 184
96 185
96 186
96 187
96 188
96 189
96 190
96 191
96 192
96 193
96 194
96 195
96 196
96 197
96 198
96 199
96 200
96 201
96 226
96 246
96 281
96 284
96 288
96 289
96 290
96 291
96 292
96 293
96 294
96 295
96 296
96 298
96 300
96 301
96 302
96 303
96 304
96 305
96 306
96 307
96 308
96 309
96 310
96 311
96 312
96 313
96 314
96 315
96 316
96 317
96 318
96 319
96 329
96 368
96 384
96 387
96 402
96 456
96 457
96 458
96 459
96 460
96 461
96 462
96 463
96 464
96 465
96 493
96 494
96 498
96 499
96 501
96 502
96 503
96 504
96 505
96 506
96 507
96 508
96 509
96 510
96 511
96 512
96 513
96 514
96 515
96 516
96 517
96 548
97 98
97 99
97 157
97 160
97 161
97 163
97 164
97 165
97 166
97 167
97 168
97 169
97 170
97 171
97 172
97 173
97 174
97 176
97 177
97 178
97 179
97 180
97 181
97 182
97 183
97 184
97 185
97 186
97 187
97 188
97 189
97 190
97 191
97 192
97 193
97 194
97 195
97 196
97 197
97 198
97 199
97 200
97 201
97 280
97 283
97 284
97 285
97 287
97 288
97 289
97 290
97 291
97 292
97 293
97 294
97 295
97 296
97 297
97 298
97 299
97 300
97 301
97 302
97 303
97 304
97 305
97 306
97 307
97 308
97 309
97 310
97 311
97 312
97 313
97 314
97 315
97 316
97 317
97 318
97 319
97 320
97 331
97 343
97 401
97 451
97 454
97 456
97 460
97 465
97 469
97 491
97 493
97 495
97 496
97 497
97 500
97 501
97 502
97 504
97 505
97 506
97 507
97 508
97 509
97 510
97 511
97 513
97 514
97 515
97 517
98 107
98 126
98 158
98 159
98 161
98 163
98 165
98 166
98 167
98 169
98 170
98 171
98 172
98 173
98 174
98 175
98 176
98 178
98 179
98 180
98 182
98 183
98 184
98 185
98 186
98 187
98 188
98 189
98 190
98 191
98 192
98 193
98 194
98 195
98 196
98 197
98 198
98 199
98 200
98 285
98 286
98 288
98 290
98 292
98 293
98 295
98 296
98 297
98 298
98 299
98 300
98 301
98 302
98 303
98 304
98 305
98 306
98 307
98 308
98 309
98 310
98 311
98 312
98 313
98 314
98 315
98 316
98 317
98 318
98 321
98 330
98 333
98 386
98 445
98 449
98 450
98 451
98 453
98 454
98 455
98 457
98 458
98 460
98 461
98 465
98 466
98 467
98 496
98 497
98 498
98 499
98 500
98 501
98 502
98 504
98 506
98 507
98 508
98 509
98 510
98 511
98 512
98 513
98 514
98 515
98 516
99 173
99 180
99 188
99 190
99 192
99 193
99 196
99 198
99 199
99 200
99 214
99 293
99 309
99 312
99 315
99 387
99 388
99 459
99 460
99 503
100 297
100 320
100 332
100 452
100 519
101 224
101 403
108 478
113 518
120 196
122 542
123 188
123 198
124 298
124 455
124 507
124 510
125 198
125 293
125 316
126 127
126 196
126 197
126 308
127 404
128 178
128 425
134 458
135 198
140 178
141 439
150 294
153 319
155 160
155 187
155 189
155 283
155 318
155 451
155 502
155 504
156 159
156 162
156 167
156 172
156 173
156 175
156 185
156 188
156 190
156 193
156 196
156 198
156 281
156 285
156 290
156 293
156 299
156 303
156 305
156 307
156 317
156 450
156 457
156 458
156 461
156 490
156 492
156 496
156 506
156 510
156 511
157 160
157 161
157 176
157 178
157 185
157 186
157 187
157 188
157 189
157 195
157 197
157 198
157 285
157 286
157 287
157 291
157 292
157 293
157 304
157 305
157 313
157 314
157 317
157 451
157 457
157 459
157 460
157 490
157 494
157 495
157 497
157 498
157 505
157 507
157 512
157 515
158 163
158 165
158 166
158 167
158 169
158 170
158 171
158 172
158 174
158 176
158 178
158 182
158 188
158 193
158 194
158 195
158 197
158 199
158 282
158 284
158 289
158 290
158 291
158 293
158 302
158 308
158 311
158 313
158 316
158 318
158 449
158 454
158 455
158 460
158 493
158 494
158 497
158 500
158 503
158 504
158 506
158 509
158 510
158 514
158 515
158 518
159 160
159 161
159 163
159 165
159 166
159 167
159 170
159 172
159 175
159 176
159 178
159 179
159 180
159 181
159 184
159 185
159 186
159 189
159 193
159 194
159 196
159 198
159 199
159 290
159 292
159 293
159 298
159 300
159 301
159 304
159 305
159 306
159 307
159 310
159 313
159 316
159 449
159 451
159 452
159 453
159 455
159 459
159 461
159 462
159 491
159 492
159 494
159 496
159 499
159 500
159 501
159 502
159 503
159 505
159 506
159 508
159 511
160 161
160 163
160 164
160 165
160 169
160 171
160 174
160 176
160 177
160 181
160 182
160 183
160 184
160 186
160 189
160 190
160 191
160 192
160 194
160 199
160 283
160 285
160 287
160 289
160 290
160 292
160 293
160 296
160 299
160 301
160 302
160 303
160 307
160 311
160 313
160 314
160 317
160 318
160 319
160 452
160 455
160 457
160 461
160 492
160 493
160 495
160 496
160 498
160 500
160 501
160 502
160 503
160 504
160 505
160 507
160 508
160 509
161 165
161 166
161 167
161 168
161 169
161 170
161 171
161 172
161 173
161 175
161 176
161 177
161 179
161 180
161 181
161 182
161 184
161 185
161 186
161 187
161 188
161 189
161 190
161 192
161 194
161 195
161 196
161 198
161 199
161 283
161 284
161 285
161 287
161 289
161 290
161 292
161 293
161 294
161 295
161 296
161 297
161 298
161 300
161 301
161 303
161 305
161 306
161 307
161 310
161 312
161 313
161 314
161 315
161 318
161 453
161 454
161 455
161 456
161 458
161 459
161 461
161 496
161 498
161 499
161 500
161 502
161 503
161 504
161 505
161 506
161 508
161 511
161 512
161 513
161 514
161 515
162 164
162 166
162 168
162 169
162 172
162 174
162 175
162 176
162 177
162 178
162 179
162 181
162 182
162 183
162 186
162 188
162 189
162 191
162 197
162 198
162 199
162 281
162 282
162 283
162 285
162 286
162 287
162 289
162 290
162 291
162 292
162 293
162 294
162 295
162 297
162 298
162 299
162 300
162 303
162 306
162 308
162 310
162 311
162 312
162 313
162 314
162 316
162 317
162 318
162 449
162 453
162 455
162 457
162 460
162 461
162 492
162 493
162 497
162 498
162 499
162 500
162 501
162 503
162 504
162 505
162 507
162 508
162 509
162 513
162 514
163 165
163 168
163 169
163 170
163 171
163 172
163 174
163 175
163 176
163 177
163 178
163 179
163 181
163 182
163 183
163 186
163 187
163 189
163 191
163 192
163 193
163 194
163 195
163 196
163 197
163 198
163 199
163 283
163 285
163 286
163 288
163 289
163 290
163 291
163 293
163 294
163 295
163 296
163 297
163 300
163 301
163 302
163 303
163 304
163 306
163 307
163 308
163 310
163 312
163 314
163 315
163 317
163 450
163 451
163 453
163 454
163 457
163 459
163 460
163 493
163 495
163 496
163 498
163 501
163 503
163 504
163 506
163 507
163 508
163 510
163 511
163 512
163 514
163 515
164 165
164 167
164 171
164 172
164 173
164 174
164 175
164 176
164 178
164 179
164 180
164 181
164 182
164 186
164 189
164 190
164 191
164 192
164 193
164 194
164 195
164 196
164 197
164 198
164 199
164 286
164 287
164 288
164 290
164 291
164 292
164 293
164 294
164 295
164 296
164 297
164 298
164 299
164 300
164 301
164 302
164 303
164 304
164 305
164 306
164 307
164 308
164 309
164 310
164 311
164 312
164 315
164 316
164 318
164 451
164 452
164 454
164 457
164 458
164 461
164 491
164 493
164 494
164 495
164 496
164 497
164 498
164 499
164 500
164 501
164 502
164 503
164 505
164 507
164 508
164 509
164 510
164 511
164 512
164 513
164 514
165 166
165 167
165 168
165 169
165 170
165 171
165 172
165 175
165 176
165 177
165 178
165 180
165 181
165 182
165 183
165 184
165 185
165 186
165 187
165 188
165 189
165 190
165 191
165 192
165 194
165 195
165 196
165 197
165 198
165 199
165 286
165 287
165 288
165 290
165 291
165 292
165 295
165 296
165 298
165 299
165 300
165 301
165 302
165 303
165 305
165 306
165 307
165 309
165 311
165 313
165 314
165 315
165 316
165 317
165 318
165 452
165 455
165 456
165 458
165 459
165 460
165 462
165 463
165 490
165 492
165 495
165 496
165 497
165 498
165 499
165 500
165 501
165 502
165 503
165 505
165 507
165 508
165 509
165 510
165 511
165 512
165 513
165 514
165 516
166 167
166 168
166 170
166 171
166 172
166 173
166 174
166 175
166 176
166 177
166 179
166 180
166 182
166 183
166 184
166 186
166 187
166 188
166 189
166 190
166 191
166 192
166 193
166 194
166 195
166 196
166 198
166 199
166 281
166 282
166 284
166 287
166 289
166 291
166 292
166 293
166 294
166 296
166 298
166 299
166 300
166 301
166 302
166 303
166 304
166 306
166 307
166 308
166 310
166 311
166 312
166 313
166 317
166 318
166 451
166 454
166 455
166 456
166 457
166 458
166 459
166 460
166 461
166 489
166 495
166 498
166 499
166 500
166 502
166 504
166 505
166 506
166 507
166 508
166 509
166 510
166 511
166 512
166 513
166 514
166 515
167 168
167 169
167 170
167 171
167 172
167 173
167 174
167 175
167 177
167 178
167 179
167 180
167 181
167 182
167 183
167 184
167 185
167 186
167 187
167 188
167 189
167 190
167 191
167 192
167 193
167 194
167 195
167 196
167 197
167 198
167 286
167 287
167 290
167 291
167 292
167 293
167 294
167 295
167 296
167 297
167 298
167 299
167 300
167 301
167 302
167 303
167 304
167 305
167 306
167 307
167 308
167 309
167 310
167 311
167 312
167 313
167 314
167 315
167 316
167 317
167 318
167 329
167 451
167 452
167 453
167 457
167 458
167 459
167 460
167 461
167 496
167 498
167 503
167 504
167 505
167 506
167 507
167 508
167 509
167 510
167 511
167 512
167 513
167 514
167 515
168 169
168 170
168 171
168 173
168 175
168 176
168 177
168 178
168 179
168 180
168 181
168 182
168 183
168 185
168 186
168 187
168 188
168 189
168 190
168 191
168 193
168 194
168 195
168 196
168 197
168 198
168 199
168 284
168 285
168 286
168 287
168 289
168 290
168 291
168 292
168 293
168 294
168 295
168 296
168 297
168 298
168 299
168 300
168 301
168 302
168 303
168 304
168 305
168 306
168 307
168 308
168 309
168 310
168 311
168 312
168 314
168 315
168 316
168 452
168 454
168 455
168 456
168 458
168 459
168 460
168 461
168 462
168 492
168 495
168 497
168 498
168 499
168 501
168 502
168 503
168 504
168 505
168 506
168 507
168 509
168 510
168 511
168 512
168 514
168 515
168 516
169 170
169 171
169 172
169 173
169 174
169 175
169 176
169 177
169 178
169 180
169 182
169 183
169 184
169 186
169 187
169 188
169 189
169 190
169 191
169 192
169 193
169 195
169 196
169 197
169 198
169 199
169 281
169 286
169 287
169 288
169 290
169 291
169 292
169 293
169 294
169 295
169 296
169 297
169 298
169 299
169 300
169 301
169 302
169 303
169 304
169 305
169 306
169 307
169 308
169 309
169 310
169 311
169 312
169 313
169 314
169 315
169 316
169 317
169 318
169 454
169 455
169 456
169 457
169 458
169 459
169 460
169 461
169 462
169 492
169 495
169 496
169 497
169 498
169 500
169 501
169 502
169 503
169 504
169 505
169 506
169 507
169 508
169 509
169 510
169 511
169 512
169 513
169 514
169 515
170 171
170 172
170 173
170 175
170 176
170 177
170 178
170 179
170 180
170 181
170 182
170 183
170 184
170 185
170 186
170 187
170 189
170 190
170 191
170 192
170 193
170 194
170 195
170 196
170 197
170 198
170 199
170 288
170 289
170 290
170 291
170 292
170 293
170 294
170 295
170 296
170 297
170 298
170 299
170 300
170 301
170 302
170 303
170 305
170 306
170 307
170 308
170 309
170 310
170 311
170 312
170 313
170 314
170 315
170 316
170 317
170 318
170 449
170 450
170 451
170 454
170 455
170 459
170 460
170 461
170 462
170 494
170 495
170 496
170 497
170 499
170 500
170 501
170 502
170 503
170 506
170 508
170 509
170 510
170 511
170 512
170 513
170 514
170 515
171 172
171 173
171 174
171 175
171 176
171 177
171 178
171 179
171 181
171 182
171 183
171 185
171 186
171 187
171 188
171 189
171 190
171 191
171 192
171 193
171 194
171 195
171 196
171 197
171 198
171 199
171 266
171 284
171 285
171 287
171 288
171 291
171 292
171 293
171 294
171 295
171 296
171 298
171 299
171 300
171 301
171 302
171 303
171 305
171 306
171 307
171 309
171 310
171 311
171 312
171 313
171 314
171 315
171 316
171 317
171 318
171 453
171 454
171 456
171 457
171 458
171 459
171 460
171 461
171 462
171 492
171 495
171 496
171 497
171 498
171 499
171 500
171 501
171 503
171 504
171 505
171 506
171 507
171 508
171 509
171 510
171 511
171 512
171 513
171 515
171 516
171 518
172 173
172 174
172 175
172 176
172 177
172 178
172 179
172 180
172 181
172 182
172 184
172 185
172 186
172 187
172 188
172 189
172 191
172 192
172 193
172 194
172 195
172 196
172 197
172 198
172 199
172 283
172 284
172 286
172 287
172 289
172 290
172 291
172 292
172 293
172 294
172 295
172 296
172 297
172 298
172 299
172 300
172 301
172 302
172 304
172 305
172 306
172 307
172 308
172 309
172 310
172 311
172 312
172 313
172 314
172 315
172 316
172 317
172 318
172 453
172 455
172 456
172 458
172 459
172 460
172 462
172 495
172 496
172 497
172 499
172 500
172 501
172 503
172 504
172 505
172 506
172 507
172 508
172 509
172 510
172 511
172 512
172 513
173 174
173 175
173 176
173 177
173 178
173 179
173 180
173 181
173 182
173 183
173 184
173 185
173 186
173 187
173 188
173 189
173 190
173 191
173 192
173 193
173 194
173 195
173 196
173 197
173 198
173 199
173 284
173 285
173 287
173 290
173 291
173 292
173 293
173 294
173 295
173 296
173 297
173 298
173 299
173 301
173 302
173 303
173 304
173 305
173 306
173 307
173 308
173 309
173 310
173 311
173 313
173 314
173 315
173 316
173 317
173 318
173 452
173 454
173 456
173 457
173 458
173 460
173 461
173 494
173 497
173 499
173 500
173 501
173 502
173 503
173 504
173 505
173 506
173 507
173 508
173 509
173 510
173 511
173 512
173 513
173 514
174 175
174 176
174 177
174 178
174 179
174 180
174 181
174 182
174 183
174 184
174 185
174 186
174 187
174 188
174 189
174 190
174 191
174 192
174 193
174 194
174 195
174 196
174 197
174 198
174 199
174 280
174 284
174 285
174 288
174 289
174 290
174 292
174 293
174 294
174 295
174 296
174 297
174 298
174 299
174 300
174 301
174 302
174 303
174 304
174 305
174 306
174 307
174 308
174 309
174 310
174 311
174 312
174 313
174 314
174 315
174 316
174 317
174 318
174 452
174 461
174 462
174 494
174 495
174 496
174 498
174 500
174 502
174 503
174 505
174 506
174 507
174 508
174 509
174 510
174 511
174 512
174 513
174 514
174 518
175 176
175 177
175 178
175 179
175 180
175 181
175 182
175 183
175 184
175 185
175 186
175 187
175 188
175 189
175 190
175 191
175 192
175 193
175 194
175 195
175 196
175 197
175 198
175 199
175 281
175 282
175 283
175 285
175 288
175 290
175 291
175 292
175 293
175 294
175 295
175 296
175 297
175 298
175 299
175 300
175 301
175 302
175 303
175 304
175 305
175 306
175 307
175 308
175 309
175 310
175 311
175 312
175 313
175 314
175 315
175 316
175 317
175 318
175 451
175 453
175 456
175 457
175 459
175 460
175 461
175 490
175 494
175 496
175 497
175 498
175 499
175 500
175 501
175 503
175 504
175 505
175 506
175 507
175 508
175 509
175 510
175 511
175 512
175 513
175 514
176 177
176 178
176 179
176 180
176 181
176 182
176 183
176 184
176 185
176 186
176 187
176 188
176 189
176 190
176 191
176 192
176 193
176 194
176 195
176 196
176 197
176 198
176 199
176 225
176 267
176 280
176 284
176 285
176 286
176 287
176 288
176 289
176 290
176 291
176 292
176 293
176 294
176 295
176 297
176 298
176 299
176 300
176 301
176 302
176 303
176 304
176 305
176 306
176 307
176 308
176 309
176 310
176 311
176 312
176 313
176 314
176 315
176 316
176 317
176 318
176 453
176 454
176 457
176 458
176 459
176 461
176 462
176 492
176 493
176 494
176 496
176 497
176 498
176 500
176 501
176 502
176 503
176 504
176 505
176 506
176 507
176 508
176 509
176 510
176 511
176 512
176 513
176 514
176 515
177 178
177 179
177 180
177 181
177 182
177 183
177 184
177 185
177 186
177 187
177 188
177 189
177 190
177 191
177 192
177 193
177 194
177 195
177 196
177 197
177 198
177 199
177 281
177 282
177 286
177 288
177 290
177 292
177 294
177 295
177 296
177 297
177 299
177 300
177 301
177 302
177 303
177 304
177 305
177 306
177 307
177 308
177 309
177 310
177 311
177 312
177 313
177 314
177 316
177 317
177 318
177 320
177 452
177 454
177 455
177 457
177 459
177 460
177 461
177 463
177 491
177 494
177 496
177 497
177 498
177 501
177 502
177 504
177 505
177 506
177 507
177 508
177 509
177 510
177 511
177 512
177 513
177 515
177 517
178 179
178 180
178 181
178 182
178 183
178 184
178 185
178 186
178 187
178 188
178 189
178 190
178 191
178 192
178 193
178 194
178 195
178 196
178 197
178 198
178 199
178 200
178 263
178 280
178 285
178 287
178 288
178 289
178 290
178 291
178 294
178 295
178 296
178 297
178 298
178 299
178 300
178 301
178 302
178 303
178 304
178 305
178 306
178 307
178 308
178 309
178 310
178 311
178 312
178 313
178 314
178 315
178 316
178 317
178 318
178 438
178 453
178 454
178 456
178 457
178 458
178 459
178 460
178 461
178 462
178 491
178 493
178 495
178 496
178 497
178 498
178 499
178 500
178 501
178 502
178 503
178 504
178 505
178 506
178 507
178 508
178 509
178 510
178 511
178 512
178 513
178 514
178 515
178 516
179 180
179 181
179 182
179 183
179 184
179 185
179 186
179 187
179 188
179 189
179 190
179 191
179 192
179 193
179 194
179 195
179 196
179 197
179 198
179 199
179 200
179 281
179 282
179 284
179 286
179 287
179 289
179 290
179 292
179 293
179 294
179 296
179 297
179 298
179 299
179 300
179 301
179 302
179 303
179 304
179 305
179 306
179 307
179 308
179 309
179 310
179 311
179 312
179 313
179 314
179 315
179 316
179 317
179 318
179 322
179 408
179 452
179 455
179 456
179 457
179 459
179 460
179 462
179 494
179 495
179 496
179 497
179 501
179 503
179 504
179 505
179 506
179 507
179 508
179 509
179 510
179 511
179 512
179 513
179 514
179 515
180 181
180 182
180 183
180 184
180 185
180 186
180 187
180 188
180 189
180 190
180 191
180 192
180 193
180 194
180 195
180 196
180 197
180 198
180 199
180 286
180 287
180 288
180 289
180 290
180 291
180 292
180 293
180 294
180 295
180 296
180 297
180 299
180 300
180 301
180 302
180 303
180 304
180 305
180 306
180 307
180 308
180 309
180 310
180 311
180 312
180 313
180 314
180 315
180 316
180 317
180 318
180 453
180 454
180 456
180 457
180 459
180 460
180 462
180 497
180 499
180 500
180 501
180 502
180 504
180 505
180 506
180 507
180 508
180 509
180 510
180 511
180 512
180 513
180 515
180 516
181 182
181 183
181 184
181 185
181 186
181 187
181 188
181 189
181 190
181 191
181 192
181 193
181 194
181 195
181 196
181 197
181 198
181 199
181 269
181 284
181 285
181 286
181 288
181 289
181 290
181 291
181 292
181 293
181 294
181 295
181 296
181 297
181 298
181 299
181 300
181 301
181 302
181 303
181 304
181 305
181 306
181 307
181 308
181 309
181 310
181 311
181 312
181 313
181 314
181 315
181 316
181 317
181 318
181 450
181 451
181 453
181 455
181 457
181 458
181 459
181 461
181 462
181 490
181 491
181 494
181 495
181 496
181 497
181 498
181 499
181 500
181 503
181 504
181 505
181 506
181 507
181 508
181 509
181 510
181 511
181 512
181 513
181 514
181 516
182 183
182 184
182 185
182 186
182 187
182 188
182 189
182 190
182 191
182 192
182 193
182 194
182 195
182 196
182 197
182 198
182 199
182 287
182 288
182 289
182 291
182 293
182 294
182 295
182 296
182 297
182 298
182 299
182 300
182 301
182 302
182 303
182 304
182 305
182 306
182 307
182 309
182 310
182 311
182 312
182 313
182 314
182 315
182 316
182 317
182 318
182 450
182 451
182 452
182 453
182 454
182 455
182 456
182 457
182 458
182 460
182 461
182 462
182 464
182 468
182 494
182 495
182 496
182 497
182 499
182 500
182 501
182 503
182 504
182 505
182 506
182 507
182 508
182 509
182 510
182 511
182 512
182 513
182 514
182 515
183 184
183 185
183 186
183 187
183 188
183 189
183 190
183 191
183 192
183 193
183 194
183 195
183 196
183 197
183 198
183 199
183 200
183 280
183 283
183 285
183 288
183 289
183 290
183 291
183 292
183 293
183 294
183 295
183 296
183 297
183 298
183 299
183 300
183 301
183 302
183 303
183 304
183 305
183 306
183 307
183 308
183 309
183 310
183 311
183 312
183 313
183 314
183 315
183 316
183 317
183 451
183 453
183 455
183 457
183 458
183 460
183 462
183 491
183 495
183 497
183 499
183 500
183 501
183 503
183 504
183 505
183 506
183 507
183 508
183 509
183 510
183 511
183 512
183 513
183 514
183 515
184 185
184 186
184 187
184 188
184 189
184 190
184 191
184 192
184 193
184 194
184 195
184 196
184 197
184 198
184 199
184 285
184 286
184 288
184 289
184 290
184 291
184 292
184 293
184 294
184 295
184 296
184 297
184 298
184 299
184 300
184 301
184 302
184 303
184 304
184 305
184 306
184 307
184 308
184 309
184 310
184 311
184 312
184 313
184 314
184 315
184 316
184 317
184 318
184 454
184 455
184 456
184 457
184 459
184 460
184 462
184 490
184 491
184 493
184 495
184 496
184 498
184 499
184 500
184 501
184 502
184 503
184 504
184 505
184 506
184 507
184 508
184 509
184 510
184 511
184 512
184 513
184 514
184 515
185 186
185 187
185 188
185 189
185 190
185 191
185 192
185 193
185 194
185 195
185 196
185 197
185 198
185 199
185 284
185 286
185 287
185 289
185 290
185 291
185 294
185 295
185 296
185 297
185 298
185 299
185 300
185 301
185 302
185 303
185 304
185 305
185 306
185 307
185 308
185 309
185 310
185 311
185 312
185 313
185 314
185 315
185 316
185 317
185 449
185 450
185 453
185 454
185 455
185 457
185 458
185 459
185 460
185 461
185 493
185 494
185 496
185 497
185 498
185 499
185 501
185 502
185 503
185 504
185 505
185 506
185 507
185 508
185 509
185 510
185 512
185 513
185 514
185 515
186 187
186 188
186 189
186 190
186 191
186 192
186 193
186 194
186 195
186 196
186 197
186 198
186 199
186 200
186 282
186 284
186 285
186 286
186 287
186 288
186 289
186 291
186 292
186 293
186 294
186 295
186 297
186 298
186 299
186 300
186 301
186 302
186 303
186 304
186 305
186 306
186 307
186 308
186 309
186 310
186 311
186 312
186 313
186 314
186 315
186 316
186 317
186 318
186 453
186 457
186 458
186 459
186 460
186 491
186 492
186 493
186 495
186 496
186 497
186 498
186 499
186 501
186 503
186 504
186 505
186 506
186 507
186 508
186 509
186 510
186 511
186 512
186 513
186 514
186 515
187 188
187 189
187 190
187 191
187 192
187 193
187 194
187 195
187 196
187 197
187 198
187 199
187 280
187 285
187 287
187 288
187 289
187 291
187 292
187 293
187 294
187 295
187 296
187 297
187 298
187 299
187 300
187 301
187 302
187 303
187 304
187 305
187 306
187 307
187 308
187 309
187 310
187 311
187 312
187 313
187 314
187 315
187 316
187 317
187 318
187 451
187 452
187 454
187 455
187 456
187 457
187 458
187 459
187 460
187 461
187 493
187 495
187 497
187 498
187 499
187 500
187 501
187 502
187 503
187 504
187 505
187 506
187 507
187 508
187 509
187 510
187 511
187 512
187 513
187 514
187 515
187 533
188 189
188 190
188 191
188 192
188 193
188 194
188 195
188 196
188 197
188 198
188 199
188 282
188 284
188 285
188 287
188 289
188 290
188 291
188 292
188 293
188 294
188 296
188 297
188 298
188 300
188 301
188 303
188 304
188 305
188 306
188 307
188 308
188 309
188 310
188 311
188 312
188 313
188 314
188 315
188 316
188 317
188 386
188 451
188 453
188 454
188 455
188 456
188 457
188 458
188 459
188 460
188 462
188 492
188 493
188 496
188 497
188 498
188 499
188 501
188 502
188 503
188 504
188 505
188 506
188 507
188 508
188 509
188 510
188 511
188 512
188 513
188 514
188 515
189 190
189 191
189 192
189 193
189 194
189 195
189 196
189 197
189 198
189 199
189 282
189 285
189 286
189 287
189 288
189 290
189 291
189 292
189 293
189 294
189 295
189 296
189 297
189 298
189 299
189 300
189 301
189 302
189 303
189 304
189 305
189 306
189 307
189 308
189 309
189 310
189 311
189 312
189 313
189 314
189 315
189 316
189 317
189 318
189 453
189 454
189 455
189 456
189 457
189 459
189 460
189 461
189 462
189 463
189 491
189 493
189 494
189 495
189 497
189 498
189 499
189 500
189 501
189 502
189 503
189 504
189 505
189 506
189 507
189 508
189 509
189 510
189 511
189 512
189 513
189 514
189 515
190 191
190 192
190 193
190 194
190 195
190 196
190 197
190 198
190 199
190 269
190 284
190 285
190 286
190 288
190 289
190 290
190 291
190 292
190 293
190 294
190 295
190 296
190 297
190 298
190 299
190 300
190 301
190 302
190 303
190 304
190 305
190 306
190 307
190 308
190 309
190 310
190 311
190 312
190 313
190 314
190 315
190 316
190 317
190 318
190 450
190 451
190 452
190 453
190 456
190 457
190 459
190 460
190 461
190 495
190 497
190 498
190 499
190 500
190 501
190 502
190 503
190 504
190 505
190 506
190 507
190 508
190 509
190 510
190 511
190 512
190 513
190 514
190 521
191 192
191 193
191 194
191 195
191 196
191 197
191 198
191 199
191 288
191 289
191 290
191 291
191 292
191 293
191 294
191 295
191 296
191 297
191 298
191 299
191 300
191 301
191 302
191 303
191 304
191 305
191 306
191 307
191 308
191 309
191 310
191 311
191 312
191 313
191 314
191 315
191 316
191 317
191 318
191 319
191 330
191 378
191 387
191 453
191 454
191 455
191 458
191 460
191 461
191 493
191 494
191 496
191 497
191 498
191 499
191 500
191 502
191 503
191 504
191 505
191 506
191 507
191 508
191 509
191 510
191 511
191 512
191 513
191 514
191 515
192 193
192 194
192 195
192 196
192 197
192 198
192 199
192 281
192 283
192 285
192 289
192 290
192 291
192 292
192 294
192 295
192 296
192 297
192 298
192 299
192 300
192 301
192 302
192 303
192 304
192 305
192 306
192 307
192 308
192 309
192 310
192 311
192 312
192 313
192 314
192 315
192 316
192 317
192 318
192 451
192 452
192 453
192 456
192 457
192 458
192 459
192 460
192 462
192 491
192 492
192 494
192 495
192 496
192 498
192 499
192 500
192 503
192 504
192 505
192 506
192 507
192 508
192 509
192 510
192 511
192 512
192 513
192 514
192 515
192 516
193 194
193 195
193 196
193 197
193 198
193 199
193 200
193 281
193 286
193 289
193 290
193 291
193 292
193 293
193 294
193 296
193 297
193 298
193 299
193 300
193 301
193 302
193 303
193 304
193 305
193 306
193 307
193 308
193 309
193 310
193 311
193 312
193 313
193 314
193 315
193 316
193 317
193 318
193 369
193 377
193 386
193 452
193 454
193 455
193 458
193 459
193 460
193 463
193 491
193 492
193 494
193 495
193 496
193 498
193 499
193 500
193 501
193 502
193 503
193 504
193 505
193 506
193 507
193 508
193 509
193 510
193 511
193 512
193 513
193 514
193 515
194 195
194 196
194 197
194 198
194 199
194 247
194 262
194 279
194 284
194 285
194 286
194 287
194 289
194 290
194 291
194 292
194 293
194 294
194 295
194 296
194 297
194 298
194 299
194 300
194 301
194 302
194 303
194 304
194 305
194 306
194 307
194 308
194 309
194 310
194 311
194 312
194 313
194 314
194 315
194 316
194 317
194 318
194 319
194 329
194 342
194 400
194 450
194 453
194 455
194 457
194 458
194 460
194 461
194 462
194 491
194 494
194 497
194 498
194 499
194 500
194 501
194 502
194 504
194 505
194 506
194 507
194 508
194 509
194 510
194 511
194 512
194 513
194 514
195 196
195 197
195 198
195 199
195 200
195 256
195 282
195 283
195 285
195 286
195 288
195 289
195 291
195 292
195 295
195 296
195 297
195 298
195 299
195 300
195 301
195 302
195 304
195 305
195 306
195 307
195 308
195 309
195 310
195 311
195 312
195 313
195 314
195 315
195 316
195 317
195 318
195 326
195 403
195 433
195 451
195 454
195 455
195 456
195 457
195 458
195 459
195 461
195 469
195 493
195 495
195 496
195 497
195 498
195 499
195 500
195 501
195 502
195 503
195 504
195 505
195 506
195 507
195 508
195 509
195 510
195 511
195 512
195 513
195 514
195 515
195 516
196 197
196 198
196 199
196 247
196 281
196 283
196 285
196 286
196 287
196 288
196 290
196 291
196 292
196 293
196 294
196 295
196 296
196 297
196 298
196 299
196 300
196 301
196 302
196 303
196 304
196 305
196 306
196 307
196 308
196 309
196 310
196 311
196 312
196 313
196 314
196 315
196 316
196 317
196 318
196 319
196 331
196 450
196 451
196 452
196 455
196 456
196 457
196 458
196 459
196 462
196 463
196 464
196 488
196 494
196 495
196 497
196 498
196 500
196 501
196 502
196 503
196 504
196 505
196 506
196 507
196 508
196 509
196 510
196 511
196 512
196 513
196 514
196 515
196 516
196 518
197 198
197 199
197 200
197 232
197 248
197 264
197 268
197 270
197 271
197 276
197 279
197 283
197 286
197 287
197 288
197 290
197 291
197 292
197 293
197 294
197 295
197 296
197 297
197 298
197 299
197 300
197 301
197 302
197 303
197 304
197 305
197 306
197 307
197 308
197 309
197 310
197 311
197 312
197 313
197 314
197 315
197 316
197 317
197 318
197 319
197 320
197 330
197 331
197 361
197 363
197 443
197 452
197 453
197 454
197 456
197 457
197 458
197 459
197 460
197 461
197 465
197 494
197 496
197 498
197 499
197 501
197 502
197 503
197 504
197 505
197 506
197 507
197 508
197 509
197 510
197 511
197 512
197 513
197 514
197 515
197 516
198 199
198 200
198 284
198 286
198 287
198 291
198 293
198 294
198 295
198 296
198 297
198 298
198 299
198 300
198 301
198 302
198 303
198 304
198 305
198 306
198 307
198 308
198 309
198 310
198 311
198 312
198 313
198 314
198 315
198 316
198 317
198 318
198 319
198 380
198 387
198 398
198 417
198 438
198 454
198 455
198 456
198 457
198 458
198 459
198 460
198 461
198 463
198 464
198 491
198 492
198 493
198 494
198 495
198 497
198 499
198 500
198 502
198 503
198 504
198 505
198 506
198 507
198 508
198 509
198 510
198 512
198 513
198 514
198 515
199 200
199 201
199 249
199 270
199 282
199 284
199 287
199 288
199 289
199 290
199 291
199 292
199 293
199 294
199 295
199 296
199 297
199 298
199 299
199 300
199 301
199 303
199 304
199 305
199 306
199 307
199 308
199 309
199 310
199 311
199 312
199 313
199 314
199 315
199 316
199 317
199 318
199 319
199 342
199 444
199 452
199 454
199 455
199 458
199 459
199 460
199 461
199 462
199 464
199 473
199 492
199 493
199 494
199 495
199 496
199 497
199 498
199 500
199 501
199 502
199 503
199 504
199 505
199 506
199 507
199 508
199 509
199 510
199 511
199 512
199 513
199 514
199 515
199 518
200 222
200 223
200 284
200 308
200 312
200 313
200 315
200 319
200 320
200 321
200 459
201 320
201 370
201 422
202 300
202 461
220 513
223 501
227 467
247 332
248 431
266 520
268 302
268 312
268 454
268 509
269 298
269 456
269 460
269 502
270 309
270 310
271 314
271 364
280 293
280 310
280 500
281 284
281 288
281 290
281 295
281 296
281 316
281 451
281 453
281 455
281 462
281 492
281 495
281 500
281 502
281 503
281 504
281 507
281 508
282 283
282 290
282 291
282 293
282 306
282 309
282 310
282 314
282 452
282 454
282 458
282 497
282 504
282 505
282 508
282 512
282 514
282 515
283 284
283 287
283 289
283 293
283 299
283 300
283 301
283 310
283 312
283 315
283 454
283 456
283 490
283 494
283 495
283 498
283 500
283 502
283 503
283 504
283 506
283 508
283 509
283 512
283 513
284 286
284 289
284 291
284 293
284 294
284 295
284 297
284 298
284 300
284 302
284 305
284 306
284 310
284 312
284 313
284 316
284 318
284 448
284 453
284 454
284 455
284 456
284 458
284 460
284 492
284 494
284 497
284 500
284 502
284 505
284 507
284 509
284 515
284 516
285 288
285 290
285 292
285 293
285 295
285 296
285 297
285 298
285 299
285 300
285 301
285 303
285 304
285 305
285 307
285 311
285 312
285 318
285 451
285 452
285 456
285 457
285 458
285 459
285 461
285 491
285 497
285 498
285 499
285 501
285 502
285 504
285 506
285 508
285 509
285 510
285 512
285 514
286 287
286 290
286 295
286 296
286 298
286 300
286 304
286 308
286 309
286 311
286 312
286 313
286 314
286 315
286 316
286 318
286 450
286 451
286 452
286 457
286 458
286 459
286 460
286 461
286 494
286 497
286 498
286 499
286 500
286 501
286 502
286 507
286 509
286 510
286 511
286 512
286 513
286 514
286 515
287 288
287 289
287 291
287 295
287 297
287 298
287 299
287 300
287 301
287 302
287 303
287 305
287 306
287 308
287 309
287 310
287 311
287 312
287 313
287 314
287 318
287 448
287 451
287 453
287 456
287 457
287 458
287 459
287 460
287 461
287 494
287 495
287 496
287 499
287 500
287 501
287 502
287 503
287 504
287 505
287 506
287 508
287 511
287 512
287 513
287 515
287 516
288 291
288 292
288 293
288 294
288 296
288 297
288 300
288 301
288 303
288 304
288 305
288 306
288 307
288 308
288 311
288 313
288 314
288 315
288 318
288 449
288 453
288 454
288 456
288 457
288 460
288 461
288 463
288 495
288 497
288 498
288 499
288 500
288 501
288 502
288 503
288 504
288 505
288 506
288 507
288 508
288 509
288 510
288 511
288 513
288 514
288 515
289 290
289 291
289 292
289 294
289 295
289 296
289 297
289 298
289 300
289 304
289 306
289 307
289 309
289 310
289 312
289 313
289 314
289 316
289 317
289 318
289 452
289 453
289 454
289 455
289 456
289 457
289 458
289 459
289 460
289 462
289 492
289 494
289 496
289 499
289 500
289 501
289 503
289 504
289 505
289 506
289 507
289 508
289 509
289 510
289 512
289 514
290 291
290 292
290 293
290 295
290 297
290 298
290 299
290 300
290 301
290 303
290 304
290 306
290 307
290 309
290 310
290 311
290 312
290 313
290 314
290 316
290 317
290 318
290 332
290 450
290 452
290 453
290 456
290 457
290 459
290 460
290 490
290 495
290 496
290 497
290 498
290 499
290 501
290 502
290 504
290 505
290 506
290 508
290 509
290 510
290 511
290 512
290 513
290 514
291 293
291 294
291 295
291 296
291 297
291 300
291 301
291 302
291 303
291 304
291 305
291 306
291 308
291 309
291 310
291 311
291 312
291 313
291 315
291 316
291 317
291 318
291 454
291 455
291 456
291 457
291 458
291 459
291 460
291 461
291 462
291 493
291 494
291 495
291 496
291 498
291 499
291 500
291 501
291 502
291 504
291 505
291 506
291 507
291 508
291 509
291 511
291 513
292 294
292 295
292 296
292 297
292 298
292 299
292 300
292 301
292 302
292 303
292 304
292 305
292 306
292 308
292 309
292 310
292 312
292 313
292 314
292 315
292 316
292 317
292 318
292 454
292 455
292 457
292 458
292 459
292 460
292 462
292 463
292 492
292 494
292 495
292 496
292 497
292 498
292 499
292 500
292 501
292 502
292 503
292 504
292 505
292 506
292 507
292 509
292 510
292 511
292 512
292 514
292 515
293 294
293 296
293 297
293 298
293 299
293 300
293 301
293 302
293 303
293 305
293 306
293 307
293 308
293 309
293 310
293 311
293 312
293 313
293 314
293 315
293 316
293 317
293 318
293 452
293 454
293 455
293 456
293 457
293 459
293 461
293 462
293 464
293 491
293 493
293 494
293 495
293 497
293 498
293 500
293 501
293 502
293 504
293 505
293 506
293 507
293 508
293 509
293 510
293 511
293 512
293 513
293 514
294 295
294 296
294 297
294 299
294 300
294 301
294 302
294 303
294 305
294 306
294 307
294 308
294 309
294 310
294 311
294 312
294 313
294 315
294 317
294 318
294 329
294 451
294 452
294 453
294 456
294 457
294 458
294 459
294 460
294 461
294 491
294 494
294 495
294 496
294 497
294 498
294 499
294 500
294 501
294 502
294 503
294 504
294 505
294 506
294 507
294 508
294 509
294 510
294 512
294 513
294 514
294 515
294 533
295 296
295 297
295 298
295 299
295 300
295 301
295 302
295 303
295 304
295 306
295 307
295 308
295 309
295 310
295 311
295 312
295 313
295 315
295 316
295 317
295 318
295 453
295 455
295 459
295 460
295 461
295 491
295 492
295 493
295 496
295 497
295 498
295 499
295 500
295 501
295 502
295 503
295 504
295 505
295 506
295 507
295 508
295 509
295 510
295 511
295 512
295 513
295 514
296 297
296 298
296 300
296 301
296 302
296 303
296 304
296 305
296 307
296 308
296 309
296 310
296 311
296 312
296 313
296 314
296 315
296 316
296 317
296 318
296 449
296 452
296 453
296 455
296 456
296 457
296 458
296 459
296 460
296 461
296 493
296 496
296 497
296 499
296 500
296 501
296 502
296 503
296 504
296 505
296 506
296 507
296 508
296 509
296 510
296 511
296 512
296 513
296 514
296 515
297 298
297 299
297 301
297 302
297 303
297 304
297 305
297 306
297 307
297 308
297 310
297 311
297 312
297 313
297 314
297 315
297 316
297 317
297 318
297 453
297 454
297 455
297 456
297 457
297 458
297 459
297 460
297 461
297 462
297 492
297 496
297 498
297 499
297 500
297 501
297 502
297 503
297 504
297 505
297 507
297 508
297 509
297 510
297 511
297 512
297 513
297 514
297 515
298 299
298 300
298 301
298 302
298 303
298 304
298 305
298 306
298 307
298 308
298 309
298 310
298 311
298 312
298 313
298 314
298 315
298 316
298 317
298 318
298 450
298 454
298 455
298 456
298 457
298 458
298 460
298 461
298 462
298 489
298 493
298 494
298 496
298 498
298 500
298 501
298 502
298 503
298 504
298 505
298 506
298 507
298 508
298 509
298 510
298 511
298 512
298 513
298 514
298 515
298 517
299 300
299 301
299 302
299 303
299 304
299 305
299 306
299 307
299 308
299 309
299 310
299 311
299 312
299 313
299 314
299 315
299 316
299 317
299 362
299 449
299 450
299 451
299 452
299 454
299 455
299 456
299 457
299 458
299 459
299 461
299 493
299 494
299 495
299 496
299 498
299 499
299 500
299 502
299 503
299 504
299 505
299 506
299 507
299 508
299 509
299 510
299 511
299 512
299 513
299 514
300 301
300 302
300 303
300 304
300 305
300 306
300 307
300 308
300 309
300 310
300 311
300 312
300 313
300 314
300 315
300 316
300 317
300 318
300 319
300 451
300 453
300 454
300 456
300 457
300 459
300 460
300 462
300 492
300 495
300 497
300 498
300 499
300 500
300 501
300 502
300 503
300 504
300 505
300 506
300 507
300 508
300 509
300 510
300 511
300 512
300 513
301 302
301 303
301 304
301 305
301 306
301 308
301 309
301 310
301 311
301 312
301 313
301 314
301 315
301 316
301 317
301 318
301 449
301 453
301 454
301 455
301 456
301 457
301 458
301 459
301 463
301 491
301 492
301 494
301 496
301 497
301 498
301 499
301 500
301 502
301 504
301 505
301 506
301 507
301 508
301 509
301 510
301 511
301 512
301 513
301 514
302 303
302 304
302 305
302 306
302 307
302 308
302 309
302 310
302 311
302 312
302 313
302 314
302 315
302 316
302 317
302 318
302 319
302 450
302 453
302 461
302 462
302 493
302 494
302 495
302 496
302 497
302 498
302 499
302 500
302 501
302 502
302 503
302 504
302 505
302 506
302 507
302 508
302 509
302 510
302 511
302 512
302 513
302 514
302 515
303 304
303 305
303 306
303 307
303 308
303 309
303 310
303 311
303 312
303 313
303 314
303 315
303 316
303 317
303 318
303 319
303 451
303 452
303 453
303 454
303 456
303 457
303 459
303 461
303 490
303 494
303 496
303 498
303 499
303 500
303 501
303 503
303 505
303 506
303 507
303 508
303 509
303 510
303 511
303 512
303 513
303 514
304 305
304 306
304 307
304 308
304 309
304 310
304 311
304 312
304 313
304 314
304 315
304 316
304 317
304 332
304 452
304 453
304 454
304 458
304 459
304 460
304 461
304 462
304 495
304 496
304 497
304 498
304 499
304 500
304 501
304 502
304 503
304 504
304 505
304 506
304 507
304 508
304 509
304 510
304 511
304 512
304 513
304 514
304 515
305 306
305 307
305 308
305 309
305 310
305 311
305 312
305 313
305 314
305 315
305 316
305 317
305 318
305 449
305 451
305 453
305 454
305 456
305 457
305 458
305 459
305 460
305 461
305 493
305 494
305 495
305 496
305 498
305 500
305 501
305 502
305 503
305 504
305 505
305 506
305 507
305 508
305 509
305 510
305 511
305 512
305 513
305 514
305 515
306 307
306 308
306 309
306 310
306 311
306 312
306 313
306 314
306 315
306 316
306 317
306 318
306 449
306 455
306 459
306 460
306 461
306 462
306 492
306 495
306 496
306 497
306 498
306 499
306 500
306 501
306 502
306 503
306 504
306 506
306 507
306 508
306 509
306 510
306 511
306 512
306 513
306 514
307 308
307 309
307 310
307 311
307 312
307 313
307 314
307 315
307 316
307 317
307 318
307 452
307 453
307 456
307 457
307 458
307 459
307 460
307 461
307 462
307 463
307 495
307 496
307 498
307 499
307 500
307 501
307 503
307 504
307 505
307 506
307 507
307 508
307 509
307 510
307 511
307 512
307 513
307 514
308 309
308 310
308 311
308 312
308 313
308 314
308 315
308 316
308 317
308 318
308 444
308 451
308 452
308 454
308 455
308 456
308 458
308 460
308 461
308 463
308 490
308 496
308 497
308 499
308 500
308 501
308 502
308 503
308 504
308 505
308 506
308 507
308 508
308 509
308 510
308 511
308 512
308 513
308 514
308 515
309 310
309 311
309 312
309 313
309 314
309 315
309 316
309 317
309 318
309 319
309 388
309 402
309 451
309 453
309 456
309 457
309 458
309 459
309 460
309 490
309 496
309 497
309 498
309 499
309 500
309 501
309 502
309 503
309 504
309 505
309 506
309 507
309 508
309 509
309 510
309 511
309 512
309 513
309 514
309 515
309 516
310 311
310 312
310 313
310 314
310 315
310 316
310 317
310 318
310 453
310 457
310 459
310 461
310 463
310 496
310 497
310 498
310 501
310 502
310 503
310 504
310 505
310 506
310 507
310 508
310 509
310 510
310 511
310 512
310 513
310 514
310 515
311 312
311 313
311 314
311 315
311 316
311 317
311 318
311 452
311 453
311 454
311 455
311 457
311 458
311 459
311 460
311 461
311 462
311 463
311 464
311 494
311 496
311 497
311 498
311 499
311 500
311 501
311 502
311 504
311 505
311 506
311 507
311 508
311 509
311 510
311 511
311 512
311 513
311 514
311 515
311 516
311 517
312 313
312 314
312 315
312 316
312 317
312 318
312 326
312 455
312 456
312 457
312 458
312 459
312 460
312 461
312 494
312 496
312 497
312 498
312 499
312 501
312 502
312 503
312 504
312 505
312 506
312 507
312 508
312 509
312 510
312 511
312 512
312 513
312 514
312 515
312 516
313 314
313 315
313 316
313 317
313 320
313 323
313 448
313 451
313 452
313 453
313 455
313 456
313 457
313 458
313 459
313 461
313 462
313 490
313 491
313 492
313 493
313 494
313 495
313 496
313 499
313 500
313 501
313 502
313 503
313 504
313 505
313 506
313 507
313 508
313 509
313 510
313 511
313 512
313 513
313 514
313 515
314 315
314 316
314 317
314 318
314 328
314 450
314 451
314 455
314 456
314 457
314 458
314 459
314 460
314 462
314 463
314 492
314 494
314 496
314 498
314 499
314 500
314 501
314 502
314 503
314 504
314 505
314 506
314 507
314 508
314 509
314 510
314 511
314 512
314 513
314 514
314 517
315 316
315 317
315 318
315 319
315 451
315 453
315 454
315 456
315 458
315 460
315 462
315 491
315 494
315 495
315 496
315 497
315 498
315 499
315 502
315 503
315 504
315 505
315 506
315 507
315 508
315 509
315 510
315 511
315 512
315 513
315 514
315 515
316 317
316 318
316 449
316 451
316 454
316 456
316 458
316 459
316 460
316 462
316 492
316 493
316 495
316 496
316 498
316 499
316 500
316 502
316 503
316 504
316 505
316 506
316 507
316 508
316 509
316 510
316 511
316 512
316 513
316 514
317 318
317 449
317 453
317 455
317 456
317 457
317 458
317 460
317 461
317 462
317 492
317 495
317 496
317 497
317 499
317 501
317 502
317 503
317 504
317 505
317 506
317 507
317 508
317 509
317 511
317 512
317 513
317 514
317 516
318 440
318 449
318 452
318 454
318 456
318 458
318 459
318 494
318 495
318 496
318 499
318 500
318 501
318 502
318 504
318 506
318 507
318 508
318 509
318 510
318 511
318 512
318 513
318 514
319 459
319 497
319 511
319 517
327 519
363 511
369 502
386 500
387 462
389 430
418 466
446 495
448 510
448 515
449 452
449 496
449 500
449 502
449 504
449 510
450 452
450 453
450 454
450 455
450 457
450 497
450 500
450 502
450 511
450 512
450 515
451 457
451 491
451 495
451 496
451 503
451 504
451 507
451 516
452 454
452 456
452 457
452 459
452 460
452 492
452 495
452 496
452 498
452 499
452 501
452 502
452 505
452 507
452 508
452 509
453 454
453 456
453 457
453 460
453 461
453 491
453 492
453 494
453 495
453 496
453 500
453 501
453 504
453 507
453 513
453 515
454 455
454 456
454 458
454 460
454 463
454 493
454 495
454 497
454 498
454 500
454 502
454 505
454 506
454 508
454 509
454 510
454 514
455 458
455 459
455 460
455 461
455 495
455 497
455 499
455 502
455 504
455 507
455 511
455 513
455 514
456 457
456 459
456 461
456 491
456 493
456 494
456 496
456 497
456 499
456 500
456 501
456 502
456 503
456 504
456 506
456 509
456 510
456 511
456 512
456 515
457 459
457 460
457 495
457 496
457 497
457 498
457 499
457 500
457 501
457 502
457 503
457 504
457 505
457 506
457 507
457 508
457 509
457 512
457 514
457 515
458 459
458 460
458 492
458 493
458 496
458 497
458 498
458 500
458 501
458 502
458 503
458 504
458 505
458 506
458 507
458 508
458 509
458 513
458 514
458 515
459 460
459 461
459 491
459 493
459 495
459 497
459 498
459 500
459 501
459 502
459 503
459 504
459 505
459 508
459 509
459 510
459 511
459 512
459 514
459 515
460 461
460 492
460 495
460 496
460 497
460 498
460 499
460 500
460 501
460 504
460 505
460 506
460 507
460 508
460 509
460 510
460 511
460 515
460 516
461 462
461 494
461 495
461 496
461 498
461 499
461 500
461 502
461 503
461 504
461 505
461 506
461 507
461 508
461 509
461 510
461 511
461 512
461 513
461 514
462 463
462 494
462 495
462 498
462 501
462 503
462 505
462 506
462 508
462 509
462 510
462 511
462 514
463 502
463 512
464 495
464 502
465 499
470 519
490 493
490 501
490 502
490 507
490 512
491 502
491 505
491 509
491 511
491 512
491 513
492 493
492 495
492 496
492 499
492 501
492 502
492 504
492 506
492 509
492 512
492 515
493 494
493 495
493 496
493 497
493 498
493 499
493 502
493 503
493 508
493 509
493 510
493 511
493 512
493 513
493 515
494 496
494 497
494 500
494 501
494 504
494 507
494 508
494 510
494 511
494 513
494 514
494 515
495 496
495 500
495 501
495 502
495 503
495 504
495 506
495 509
495 511
495 513
496 500
496 501
496 503
496 504
496 505
496 506
496 507
496 508
496 509
496 510
496 511
496 513
497 498
497 499
497 501
497 502
497 504
497 505
497 506
497 507
497 512
497 513
497 514
498 499
498 500
498 502
498 503
498 504
498 505
498 506
498 508
498 510
498 511
498 512
498 513
498 514
498 515
499 500
499 501
499 502
499 504
499 505
499 506
499 507
499 508
499 509
499 511
499 512
499 513
499 515
499 518
500 502
500 503
500 505
500 506
500 507
500 508
500 510
500 512
500 513
500 514
500 515
500 516
501 502
501 503
501 504
501 505
501 507
501 508
501 509
501 511
501 512
501 513
501 514
502 503
502 504
502 505
502 506
502 507
502 508
502 509
502 510
502 511
502 512
502 514
502 515
503 504
503 505
503 506
503 507
503 508
503 509
503 510
503 511
503 512
503 513
503 514
504 505
504 507
504 508
504 509
504 510
504 511
504 512
504 513
504 514
504 515
505 506
505 507
505 508
505 509
505 510
505 511
505 512
505 513
505 514
506 507
506 508
506 509
506 510
506 511
506 513
506 514
506 515
506 516
507 508
507 509
507 510
507 511
507 512
507 513
507 514
507 515
508 509
508 510
508 511
508 512
508 513
509 510
509 511
509 512
509 513
509 514
510 511
510 512
510 513
510 514
510 517
511 512
511 513
511 514
511 515
512 513
512 514
513 514
513 515
513 517
514 515
