1 28
1 353
1 366
2 123
2 142
2 396
3 553
10 295
25 312
25 424
26 156
27 133
28 187
29 425
32 128
38 174
39 136
48 265
54 296
62 128
63 432
65 526
66 129
91 132
104 390
107 170
107 339
107 414
107 430
108 120
108 122
108 125
108 128
108 132
108 171
108 336
108 343
108 348
108 349
108 353
108 358
108 359
108 360
108 414
108 432
108 440
108 442
108 444
108 533
108 537
108 539
108 540
108 541
109 117
109 119
109 121
109 123
109 125
109 127
109 128
109 129
109 132
109 340
109 342
109 343
109 344
109 352
109 353
109 354
109 360
109 391
109 404
109 410
109 419
109 421
109 422
109 424
109 428
109 431
109 432
109 437
109 439
109 444
109 533
109 535
109 537
109 541
109 542
109 544
109 549
110 112
110 113
110 115
110 116
110 117
110 118
110 120
110 121
110 124
110 125
110 126
110 128
110 129
110 130
110 132
110 340
110 341
110 342
110 343
110 354
110 359
110 363
110 390
110 393
110 405
110 406
110 408
110 412
110 413
110 422
110 423
110 426
110 427
110 428
110 429
110 436
110 437
110 438
110 439
110 441
110 443
110 531
110 533
110 534
110 535
110 536
110 537
110 538
110 540
110 542
110 543
110 544
110 547
110 549
111 112
111 113
111 114
111 117
111 118
111 119
111 120
111 121
111 122
111 125
111 126
111 127
111 128
111 130
111 132
111 335
111 336
111 337
111 341
111 342
111 344
111 349
111 351
111 352
111 353
111 357
111 360
111 362
111 363
111 404
111 405
111 407
111 410
111 413
111 414
111 416
111 417
111 422
111 424
111 426
111 428
111 429
111 430
111 431
111 432
111 433
111 435
111 437
111 438
111 439
111 440
111 441
111 442
111 443
111 444
111 530
111 532
111 533
111 534
111 535
111 536
111 538
111 539
111 540
111 542
111 543
111 544
111 545
111 546
111 547
111 548
111 549
111 550
112 113
112 114
112 116
112 117
112 119
112 120
112 121
112 122
112 123
112 124
112 125
112 127
112 129
112 130
112 131
112 132
112 337
112 338
112 339
112 340
112 341
112 342
112 343
112 344
112 349
112 352
112 353
112 355
112 357
112 360
112 361
112 362
112 391
112 392
112 405
112 406
112 407
112 408
112 409
112 410
112 411
112 413
112 414
112 415
112 416
112 418
112 421
112 422
112 423
112 424
112 425
112 426
112 428
112 430
112 432
112 433
112 434
112 435
112 436
112 437
112 438
112 440
112 441
112 442
112 443
112 445
112 529
112 531
112 534
112 535
112 537
112 538
112 539
112 541
112 542
112 543
112 545
112 546
112 547
112 548
112 549
113 114
113 115
113 116
113 117
113 118
113 119
113 120
113 121
113 122
113 123
113 124
113 125
113 126
113 127
113 128
113 129
113 130
113 131
113 132
113 142
113 337
113 338
113 340
113 341
113 342
113 343
113 344
113 345
113 348
113 351
113 352
113 353
113 354
113 355
113 356
113 357
113 359
113 360
113 362
113 363
113 407
113 409
113 410
113 411
113 412
113 414
113 417
113 419
113 420
113 422
113 423
113 424
113 426
113 427
113 428
113 430
113 431
113 433
113 434
113 435
113 436
113 437
113 439
113 440
113 442
113 444
113 531
113 532
113 534
113 536
113 538
113 539
113 540
113 542
113 543
113 546
113 547
113 548
113 549
114 115
114 116
114 117
114 118
114 119
114 120
114 121
114 122
114 126
114 127
114 128
114 129
114 130
114 131
114 132
114 153
114 185
114 305
114 332
114 334
114 337
114 338
114 339
114 341
114 343
114 344
114 350
114 351
114 352
114 353
114 354
114 355
114 356
114 357
114 358
114 359
114 360
114 361
114 362
114 390
114 403
114 404
114 406
114 407
114 408
114 409
114 410
114 411
114 412
114 413
114 414
114 415
114 416
114 417
114 418
114 422
114 423
114 424
114 427
114 428
114 429
114 430
114 431
114 433
114 434
114 435
114 436
114 437
114 438
114 439
114 440
114 441
114 442
114 443
114 444
114 445
114 529
114 531
114 532
114 533
114 534
114 535
114 536
114 537
114 539
114 540
114 541
114 542
114 543
114 544
114 545
114 546
114 547
114 548
114 549
114 550
115 117
115 118
115 119
115 120
115 121
115 122
115 123
115 124
115 125
115 126
115 127
115 128
115 129
115 130
115 131
115 132
115 170
115 171
115 301
115 334
115 335
115 336
115 337
115 338
115 339
115 341
115 342
115 343
115 344
115 354
115 355
115 356
115 357
115 358
115 359
115 361
115 363
115 404
115 407
115 408
115 409
115 410
115 411
115 412
115 414
115 415
115 416
115 418
115 419
115 420
115 421
115 422
115 423
115 424
115 426
115 427
115 428
115 429
115 430
115 431
115 432
115 433
115 434
115 435
115 436
115 437
115 438
115 439
115 440
115 443
115 444
115 531
115 536
115 537
115 538
115 539
115 540
115 541
115 542
115 543
115 544
115 545
115 546
115 547
115 548
115 549
115 550
116 117
116 118
116 120
116 121
116 122
116 123
116 124
116 125
116 126
116 127
116 128
116 129
116 130
116 131
116 132
116 156
116 169
116 184
116 333
116 337
116 338
116 339
116 340
116 341
116 342
116 343
116 344
116 350
116 351
116 352
116 354
116 355
116 356
116 357
116 358
116 359
116 360
116 362
116 363
116 364
116 406
116 408
116 409
116 411
116 412
116 413
116 414
116 415
116 416
116 417
116 418
116 419
116 420
116 421
116 422
116 424
116 425
116 428
116 429
116 430
116 431
116 432
116 434
116 435
116 436
116 437
116 438
116 439
116 440
116 441
116 442
116 443
116 444
116 531
116 533
116 534
116 535
116 536
116 537
116 538
116 539
116 540
116 542
116 543
116 545
116 546
116 547
116 548
116 549
116 550
117 118
117 119
117 120
117 121
117 122
117 123
117 124
117 125
117 126
117 127
117 128
117 129
117 130
117 131
117 132
117 169
117 186
117 333
117 334
117 338
117 339
117 340
117 341
117 342
117 343
117 344
117 345
117 351
117 355
117 357
117 358
117 359
117 360
117 361
117 362
117 363
117 407
117 408
117 409
117 410
117 411
117 412
117 413
117 414
117 415
117 416
117 417
117 418
117 419
117 420
117 421
117 422
117 423
117 427
117 429
117 430
117 432
117 433
117 434
117 435
117 436
117 437
117 440
117 441
117 442
117 443
117 444
117 445
117 530
117 531
117 532
117 536
117 537
117 538
117 539
117 540
117 541
117 542
117 543
117 544
117 545
117 546
117 547
117 549
117 550
118 119
118 120
118 121
118 122
118 123
118 124
118 125
118 126
118 127
118 128
118 129
118 130
118 131
118 132
118 153
118 171
118 184
118 185
118 219
118 334
118 336
118 337
118 338
118 339
118 340
118 341
118 342
118 343
118 344
118 345
118 346
118 351
118 352
118 353
118 354
118 355
118 357
118 358
118 359
118 360
118 361
118 362
118 363
118 390
118 392
118 403
118 404
118 405
118 407
118 409
118 410
118 411
118 412
118 414
118 415
118 416
118 417
118 418
118 419
118 420
118 421
118 422
118 423
118 429
118 431
118 432
118 433
118 434
118 435
118 436
118 437
118 438
118 439
118 440
118 441
118 442
118 443
118 444
118 532
118 536
118 537
118 538
118 539
118 540
118 541
118 542
118 543
118 544
118 545
118 546
118 547
118 548
118 549
118 550
119 120
119 121
119 122
119 123
119 124
119 125
119 126
119 127
119 128
119 129
119 130
119 131
119 132
119 171
119 337
119 338
119 339
119 340
119 342
119 343
119 344
119 349
119 351
119 352
119 353
119 355
119 356
119 357
119 358
119 359
119 360
119 361
119 362
119 363
119 403
119 408
119 409
119 410
119 411
119 412
119 413
119 414
119 415
119 416
119 417
119 418
119 419
119 420
119 421
119 422
119 423
119 424
119 426
119 428
119 430
119 431
119 432
119 433
119 434
119 435
119 436
119 437
119 438
119 439
119 440
119 441
119 442
119 443
119 444
119 445
119 532
119 533
119 534
119 537
119 538
119 539
119 540
119 541
119 542
119 543
119 544
119 545
119 546
119 547
119 548
119 549
119 550
120 121
120 122
120 123
120 124
120 125
120 126
120 127
120 128
120 129
120 130
120 131
120 132
120 133
120 186
120 337
120 338
120 339
120 340
120 341
120 342
120 343
120 344
120 345
120 349
120 350
120 351
120 354
120 356
120 357
120 358
120 359
120 360
120 361
120 362
120 363
120 394
120 396
120 403
120 405
120 406
120 407
120 408
120 410
120 411
120 412
120 413
120 414
120 415
120 416
120 417
120 418
120 419
120 420
120 421
120 422
120 423
120 424
120 425
120 426
120 427
120 428
120 429
120 430
120 431
120 432
120 433
120 434
120 435
120 436
120 437
120 438
120 439
120 440
120 441
120 442
120 443
120 444
120 461
120 530
120 532
120 533
120 534
120 535
120 536
120 538
120 539
120 540
120 541
120 542
120 543
120 544
120 545
120 546
120 547
120 548
120 549
120 550
121 122
121 123
121 124
121 125
121 126
121 127
121 128
121 129
121 130
121 131
121 132
121 133
121 169
121 170
121 338
121 340
121 341
121 342
121 343
121 344
121 345
121 348
121 349
121 350
121 352
121 353
121 354
121 355
121 356
121 357
121 358
121 359
121 360
121 361
121 362
121 363
121 392
121 405
121 406
121 408
121 409
121 410
121 411
121 412
121 413
121 414
121 415
121 416
121 417
121 418
121 419
121 420
121 421
121 422
121 423
121 424
121 426
121 429
121 430
121 431
121 432
121 433
121 434
121 435
121 436
121 437
121 438
121 439
121 440
121 441
121 442
121 443
121 444
121 530
121 534
121 535
121 536
121 537
121 538
121 539
121 540
121 541
121 542
121 543
121 544
121 545
121 546
121 547
121 548
121 549
121 550
122 123
122 124
122 125
122 126
122 127
122 128
122 129
122 130
122 131
122 132
122 169
122 264
122 336
122 338
122 339
122 340
122 341
122 342
122 343
122 344
122 345
122 350
122 352
122 353
122 354
122 355
122 356
122 357
122 358
122 360
122 361
122 362
122 363
122 389
122 390
122 403
122 405
122 407
122 409
122 410
122 411
122 412
122 413
122 414
122 415
122 416
122 417
122 418
122 419
122 420
122 421
122 422
122 423
122 426
122 427
122 428
122 430
122 431
122 432
122 433
122 434
122 435
122 436
122 437
122 438
122 439
122 440
122 441
122 442
122 443
122 444
122 445
122 532
122 533
122 534
122 536
122 537
122 538
122 539
122 540
122 541
122 542
122 543
122 544
122 545
122 546
122 547
122 548
122 549
122 550
123 124
123 125
123 126
123 127
123 128
123 129
123 130
123 131
123 132
123 162
123 185
123 261
123 337
123 338
123 340
123 341
123 342
123 343
123 350
123 351
123 353
123 354
123 355
123 356
123 357
123 358
123 359
123 360
123 361
123 362
123 363
123 364
123 365
123 392
123 405
123 406
123 408
123 409
123 410
123 411
123 412
123 413
123 414
123 415
123 416
123 417
123 418
123 419
123 420
123 421
123 422
123 423
123 424
123 428
123 430
123 431
123 432
123 433
123 434
123 435
123 436
123 437
123 438
123 439
123 440
123 441
123 442
123 443
123 444
123 446
123 461
123 530
123 533
123 534
123 535
123 536
123 537
123 538
123 540
123 541
123 542
123 543
123 544
123 545
123 546
123 547
123 548
123 549
123 550
124 125
124 126
124 127
124 128
124 129
124 130
124 131
124 132
124 184
124 185
124 335
124 337
124 338
124 339
124 340
124 341
124 342
124 343
124 344
124 346
124 349
124 350
124 353
124 354
124 355
124 356
124 357
124 358
124 359
124 360
124 361
124 362
124 363
124 364
124 393
124 405
124 406
124 409
124 410
124 411
124 412
124 413
124 414
124 415
124 416
124 417
124 418
124 419
124 420
124 421
124 422
124 423
124 424
124 425
124 427
124 428
124 429
124 430
124 431
124 432
124 433
124 434
124 435
124 436
124 437
124 438
124 439
124 440
124 441
124 442
124 443
124 444
124 461
124 462
124 532
124 533
124 534
124 537
124 538
124 539
124 541
124 542
124 543
124 544
124 545
124 546
124 547
124 548
124 549
124 550
125 126
125 127
125 128
125 129
125 130
125 131
125 132
125 133
125 154
125 169
125 170
125 185
125 249
125 301
125 335
125 338
125 339
125 340
125 341
125 342
125 343
125 344
125 345
125 349
125 351
125 352
125 353
125 354
125 355
125 356
125 357
125 358
125 359
125 360
125 361
125 362
125 363
125 364
125 368
125 393
125 399
125 406
125 408
125 409
125 411
125 412
125 413
125 414
125 415
125 416
125 417
125 418
125 419
125 420
125 421
125 422
125 423
125 424
125 425
125 427
125 429
125 430
125 431
125 432
125 433
125 434
125 435
125 436
125 437
125 438
125 439
125 440
125 441
125 442
125 443
125 444
125 445
125 535
125 536
125 537
125 538
125 539
125 540
125 541
125 542
125 543
125 544
125 545
125 546
125 547
125 548
125 549
125 550
126 127
126 128
126 129
126 130
126 131
126 132
126 171
126 172
126 186
126 243
126 271
126 312
126 334
126 336
126 338
126 339
126 340
126 341
126 343
126 344
126 345
126 346
126 353
126 354
126 355
126 356
126 357
126 358
126 359
126 360
126 362
126 363
126 364
126 392
126 405
126 407
126 408
126 409
126 411
126 412
126 413
126 414
126 415
126 416
126 417
126 418
126 419
126 420
126 421
126 422
126 423
126 425
126 427
126 429
126 430
126 431
126 432
126 433
126 434
126 435
126 436
126 437
126 438
126 439
126 440
126 441
126 442
126 443
126 444
126 445
126 461
126 463
126 533
126 535
126 536
126 537
126 538
126 539
126 540
126 541
126 542
126 543
126 544
126 545
126 546
126 547
126 548
126 549
126 550
126 551
126 552
127 128
127 129
127 130
127 131
127 132
127 133
127 186
127 300
127 329
127 334
127 335
127 338
127 339
127 340
127 341
127 342
127 343
127 344
127 348
127 350
127 351
127 352
127 353
127 354
127 355
127 356
127 357
127 358
127 359
127 360
127 361
127 362
127 363
127 365
127 367
127 395
127 403
127 404
127 406
127 407
127 408
127 409
127 410
127 411
127 412
127 413
127 414
127 415
127 416
127 417
127 418
127 419
127 420
127 421
127 422
127 423
127 424
127 427
127 429
127 430
127 431
127 432
127 433
127 434
127 435
127 436
127 437
127 438
127 439
127 440
127 441
127 442
127 443
127 444
127 445
127 529
127 530
127 531
127 532
127 535
127 536
127 537
127 538
127 539
127 540
127 541
127 542
127 543
127 544
127 545
127 546
127 547
127 548
127 549
127 550
128 129
128 130
128 131
128 132
128 133
128 134
128 170
128 171
128 172
128 186
128 302
128 304
128 325
128 330
128 331
128 337
128 338
128 339
128 340
128 341
128 342
128 343
128 344
128 345
128 350
128 353
128 354
128 356
128 357
128 358
128 359
128 360
128 361
128 362
128 363
128 364
128 365
128 392
128 406
128 408
128 409
128 410
128 411
128 412
128 413
128 414
128 415
128 416
128 417
128 418
128 419
128 420
128 421
128 422
128 423
128 424
128 425
128 429
128 430
128 431
128 433
128 435
128 436
128 437
128 438
128 439
128 440
128 441
128 442
128 443
128 444
128 445
128 446
128 506
128 530
128 531
128 532
128 534
128 535
128 536
128 537
128 538
128 539
128 540
128 541
128 542
128 543
128 544
128 545
128 546
128 547
128 548
128 549
128 550
128 574
129 130
129 131
129 132
129 134
129 142
129 169
129 172
129 250
129 262
129 265
129 300
129 303
129 304
129 328
129 333
129 335
129 337
129 338
129 339
129 340
129 341
129 342
129 343
129 344
129 345
129 346
129 351
129 353
129 354
129 355
129 356
129 357
129 358
129 359
129 360
129 362
129 363
129 364
129 365
129 390
129 393
129 394
129 404
129 407
129 408
129 409
129 410
129 411
129 412
129 413
129 414
129 415
129 416
129 417
129 418
129 419
129 420
129 421
129 422
129 423
129 424
129 425
129 426
129 427
129 428
129 429
129 431
129 432
129 433
129 434
129 435
129 436
129 437
129 438
129 439
129 440
129 441
129 442
129 443
129 444
129 445
129 461
129 511
129 525
129 531
129 532
129 533
129 534
129 535
129 536
129 537
129 538
129 539
129 540
129 541
129 542
129 543
129 544
129 545
129 546
129 547
129 548
129 549
129 550
129 551
130 131
130 132
130 133
130 142
130 154
130 172
130 177
130 184
130 187
130 188
130 249
130 265
130 295
130 312
130 330
130 332
130 334
130 336
130 337
130 338
130 339
130 340
130 341
130 342
130 343
130 344
130 346
130 350
130 353
130 355
130 356
130 357
130 358
130 359
130 360
130 361
130 362
130 363
130 364
130 394
130 404
130 405
130 406
130 407
130 410
130 411
130 412
130 413
130 414
130 415
130 416
130 417
130 418
130 419
130 420
130 421
130 422
130 423
130 424
130 425
130 426
130 427
130 428
130 430
130 431
130 432
130 433
130 434
130 435
130 436
130 437
130 438
130 439
130 440
130 441
130 442
130 443
130 444
130 445
130 462
130 463
130 531
130 532
130 533
130 535
130 537
130 538
130 539
130 540
130 541
130 542
130 543
130 544
130 545
130 546
130 547
130 548
130 549
130 550
130 551
130 575
131 132
131 133
131 143
131 144
131 149
131 155
131 172
131 173
131 185
131 187
131 251
131 262
131 264
131 311
131 331
131 332
131 335
131 336
131 338
131 339
131 340
131 341
131 342
131 343
131 344
131 345
131 348
131 349
131 352
131 353
131 354
131 355
131 356
131 357
131 358
131 359
131 360
131 361
131 362
131 363
131 364
131 373
131 374
131 376
131 392
131 406
131 407
131 409
131 410
131 411
131 412
131 413
131 414
131 415
131 416
131 417
131 418
131 419
131 420
131 421
131 422
131 423
131 424
131 429
131 430
131 431
131 432
131 433
131 434
131 435
131 436
131 437
131 438
131 439
131 440
131 441
131 442
131 443
131 444
131 445
131 509
131 521
131 531
131 533
131 534
131 535
131 536
131 537
131 538
131 539
131 540
131 541
131 542
131 543
131 544
131 545
131 546
131 547
131 548
131 549
131 550
131 551
132 133
132 134
132 139
132 172
132 175
132 186
132 303
132 305
132 330
132 335
132 337
132 338
132 339
132 340
132 341
132 342
132 344
132 345
132 351
132 352
132 353
132 354
132 356
132 357
132 358
132 360
132 361
132 362
132 363
132 364
132 390
132 392
132 394
132 403
132 404
132 406
132 408
132 409
132 410
132 411
132 412
132 413
132 414
132 415
132 416
132 417
132 418
132 419
132 420
132 421
132 422
132 423
132 424
132 425
132 427
132 428
132 429
132 430
132 431
132 432
132 433
132 434
132 435
132 436
132 437
132 438
132 439
132 440
132 441
132 442
132 443
132 444
132 445
132 447
132 511
132 522
132 532
132 534
132 535
132 536
132 538
132 539
132 540
132 541
132 542
132 543
132 544
132 545
132 546
132 547
132 548
132 549
132 550
132 551
133 144
133 188
133 250
133 254
133 305
133 331
133 341
133 345
133 346
133 354
133 355
133 359
133 362
133 366
133 381
133 418
133 419
133 420
133 421
133 422
133 424
133 441
133 446
133 447
133 541
133 543
133 545
133 547
133 548
133 549
134 266
134 304
134 354
134 375
134 424
134 523
134 547
134 548
134 553
135 312
135 337
135 431
140 446
141 424
141 542
142 361
142 542
143 445
143 540
143 547
144 332
145 335
148 437
153 358
154 341
154 421
154 440
154 442
154 548
155 157
155 395
155 411
155 474
157 304
158 443
159 419
162 550
168 416
169 341
169 343
169 351
169 354
169 357
169 362
169 425
169 426
169 442
169 532
169 533
169 538
169 540
170 336
170 337
170 360
170 405
170 408
170 415
170 416
170 419
170 420
170 424
170 431
170 433
170 436
170 533
170 536
170 539
170 540
170 541
170 542
170 545
170 546
171 189
171 344
171 350
171 360
171 361
171 391
171 410
171 436
171 438
171 439
171 541
171 545
171 546
171 547
171 581
172 238
172 360
172 365
172 428
172 441
173 244
173 263
173 418
173 548
173 550
174 239
175 420
176 562
183 185
183 338
184 353
184 360
184 404
184 425
184 436
184 439
184 442
184 538
184 548
185 186
185 333
185 334
185 339
185 360
185 362
185 363
185 391
185 410
185 412
185 413
185 419
185 428
185 436
185 439
185 440
185 531
185 536
185 540
185 543
185 548
186 331
186 340
186 362
186 409
186 416
186 419
186 421
186 422
186 433
186 434
186 437
186 440
186 441
186 548
187 338
187 340
187 346
187 358
187 418
187 422
187 442
187 540
187 547
187 549
188 344
188 362
188 395
188 442
188 444
188 539
189 333
189 348
189 355
189 538
190 345
190 514
194 369
197 463
206 575
207 550
220 447
221 252
225 434
225 445
226 333
230 265
234 445
235 552
238 545
239 332
240 326
240 355
245 313
249 545
250 423
250 426
250 549
251 409
251 565
253 536
254 550
255 281
262 344
262 423
262 438
262 440
262 547
263 350
263 421
263 422
263 423
263 431
263 439
263 445
263 548
263 552
264 357
264 430
264 438
264 462
264 537
264 541
264 546
264 549
265 547
266 408
267 346
267 352
270 425
270 551
271 424
277 537
289 408
289 538
290 291
290 419
290 444
290 549
291 415
291 426
291 552
292 460
296 513
299 355
299 411
300 412
300 548
300 549
301 412
301 414
301 464
301 544
301 546
301 549
302 333
302 357
302 435
302 442
302 444
302 544
302 545
303 342
303 423
303 444
303 538
303 547
304 551
306 426
311 417
311 443
311 444
323 441
324 411
324 426
325 365
325 441
327 548
328 395
328 417
329 343
329 550
330 412
330 433
330 445
330 540
330 549
331 338
331 420
331 424
331 446
332 416
332 516
332 532
333 355
333 405
333 420
333 422
333 424
333 537
333 546
334 335
334 339
334 348
334 350
334 352
334 359
334 360
334 407
334 412
334 414
334 416
334 420
334 426
334 428
334 434
334 442
334 443
334 530
334 536
334 549
335 336
335 339
335 342
335 343
335 348
335 349
335 352
335 354
335 356
335 359
335 361
335 362
335 403
335 408
335 409
335 411
335 412
335 413
335 414
335 416
335 418
335 419
335 420
335 425
335 428
335 429
335 432
335 433
335 437
335 440
335 442
335 444
335 533
335 535
335 537
335 538
335 540
335 541
335 543
336 337
336 338
336 339
336 340
336 341
336 342
336 343
336 344
336 350
336 351
336 352
336 353
336 354
336 356
336 357
336 359
336 362
336 363
336 366
336 391
336 393
336 406
336 407
336 408
336 410
336 411
336 413
336 414
336 416
336 417
336 419
336 420
336 421
336 430
336 432
336 433
336 434
336 436
336 440
336 442
336 535
336 537
336 539
336 543
336 544
336 545
336 546
336 547
336 549
337 338
337 339
337 340
337 341
337 343
337 350
337 352
337 353
337 356
337 357
337 358
337 359
337 361
337 362
337 363
337 407
337 408
337 409
337 411
337 412
337 415
337 419
337 420
337 421
337 422
337 423
337 424
337 425
337 426
337 429
337 430
337 433
337 434
337 435
337 436
337 437
337 438
337 439
337 440
337 441
337 443
337 444
337 533
337 534
337 535
337 536
337 537
337 538
337 539
337 540
337 541
337 542
337 544
337 545
337 546
337 547
337 549
338 340
338 341
338 344
338 345
338 347
338 349
338 350
338 352
338 354
338 355
338 359
338 362
338 363
338 408
338 409
338 411
338 412
338 413
338 414
338 415
338 416
338 417
338 418
338 419
338 420
338 422
338 423
338 428
338 429
338 430
338 431
338 432
338 433
338 434
338 435
338 437
338 438
338 439
338 440
338 441
338 442
338 443
338 529
338 530
338 531
338 532
338 533
338 534
338 535
338 536
338 537
338 538
338 539
338 540
338 543
338 545
338 546
338 547
338 548
338 549
338 550
339 340
339 341
339 342
339 343
339 344
339 348
339 349
339 351
339 353
339 355
339 356
339 357
339 359
339 360
339 361
339 362
339 363
339 364
339 391
339 405
339 406
339 407
339 408
339 410
339 411
339 412
339 414
339 415
339 416
339 418
339 419
339 421
339 423
339 424
339 425
339 426
339 427
339 429
339 430
339 431
339 432
339 433
339 434
339 435
339 436
339 437
339 439
339 440
339 441
339 443
339 444
339 533
339 534
339 535
339 537
339 538
339 539
339 540
339 541
339 542
339 543
339 544
339 546
339 547
339 548
339 549
340 342
340 343
340 344
340 352
340 353
340 354
340 355
340 357
340 358
340 359
340 360
340 361
340 362
340 363
340 391
340 403
340 405
340 407
340 408
340 410
340 411
340 413
340 414
340 416
340 417
340 418
340 419
340 420
340 421
340 422
340 423
340 424
340 429
340 430
340 431
340 432
340 434
340 435
340 436
340 437
340 438
340 439
340 441
340 442
340 444
340 445
340 533
340 535
340 538
340 539
340 540
340 541
340 542
340 543
340 544
340 545
340 546
340 548
340 549
340 550
341 342
341 343
341 348
341 349
341 350
341 351
341 353
341 354
341 355
341 357
341 359
341 360
341 361
341 362
341 363
341 408
341 409
341 410
341 411
341 412
341 413
341 414
341 415
341 416
341 417
341 418
341 419
341 420
341 421
341 422
341 423
341 427
341 428
341 429
341 430
341 431
341 432
341 433
341 434
341 435
341 436
341 437
341 438
341 439
341 440
341 441
341 442
341 443
341 444
341 529
341 534
341 535
341 536
341 537
341 538
341 539
341 540
341 541
341 542
341 543
341 544
341 545
341 546
341 547
341 548
341 549
342 343
342 344
342 351
342 352
342 353
342 354
342 355
342 356
342 357
342 358
342 359
342 360
342 361
342 362
342 363
342 403
342 406
342 407
342 409
342 411
342 413
342 414
342 415
342 416
342 417
342 419
342 420
342 421
342 422
342 423
342 424
342 426
342 427
342 428
342 429
342 431
342 432
342 433
342 434
342 435
342 436
342 437
342 438
342 439
342 440
342 441
342 442
342 443
342 444
342 534
342 535
342 537
342 538
342 539
342 540
342 541
342 542
342 543
342 544
342 545
342 546
342 547
342 548
342 549
342 550
343 344
343 350
343 353
343 354
343 355
343 357
343 358
343 359
343 360
343 361
343 362
343 391
343 405
343 406
343 407
343 408
343 410
343 412
343 413
343 414
343 415
343 416
343 417
343 418
343 419
343 420
343 421
343 422
343 423
343 424
343 425
343 426
343 427
343 428
343 429
343 430
343 431
343 433
343 434
343 435
343 436
343 437
343 438
343 439
343 440
343 441
343 442
343 443
343 444
343 445
343 533
343 534
343 535
343 536
343 537
343 538
343 539
343 541
343 542
343 543
343 544
343 545
343 546
343 547
343 548
343 549
343 550
344 345
344 351
344 352
344 355
344 356
344 358
344 360
344 361
344 362
344 363
344 405
344 408
344 411
344 412
344 413
344 415
344 416
344 417
344 418
344 419
344 420
344 421
344 422
344 423
344 424
344 425
344 426
344 427
344 428
344 429
344 430
344 433
344 434
344 435
344 436
344 437
344 438
344 439
344 440
344 441
344 442
344 443
344 444
344 533
344 534
344 535
344 536
344 537
344 538
344 539
344 541
344 542
344 543
344 544
344 546
344 547
344 549
345 360
345 411
345 413
345 418
345 421
345 422
345 423
345 424
345 425
345 426
345 435
345 436
345 439
345 440
345 441
345 442
345 533
345 541
345 544
345 548
345 551
346 365
346 420
346 443
346 512
346 545
346 549
347 359
347 379
347 406
347 422
347 428
347 527
347 548
347 550
348 361
348 409
348 412
348 415
348 420
348 428
348 436
348 437
348 438
348 441
348 533
349 350
349 353
349 354
349 359
349 360
349 362
349 391
349 392
349 404
349 411
349 413
349 416
349 417
349 419
349 420
349 426
349 428
349 434
349 435
349 436
349 439
349 440
349 442
349 444
349 541
349 544
349 545
350 354
350 356
350 360
350 361
350 362
350 363
350 391
350 405
350 408
350 409
350 410
350 413
350 414
350 418
350 424
350 425
350 428
350 431
350 432
350 433
350 434
350 435
350 439
350 440
350 442
350 444
350 529
350 540
350 541
350 542
350 546
350 547
350 549
350 550
351 354
351 355
351 356
351 358
351 359
351 360
351 362
351 363
351 375
351 403
351 405
351 406
351 407
351 410
351 412
351 413
351 415
351 416
351 418
351 419
351 420
351 423
351 424
351 429
351 430
351 431
351 432
351 435
351 436
351 438
351 439
351 441
351 444
351 530
351 531
351 534
351 535
351 537
351 538
351 543
351 545
351 547
351 548
351 549
351 550
352 353
352 355
352 356
352 357
352 358
352 359
352 360
352 361
352 362
352 406
352 408
352 410
352 412
352 413
352 414
352 415
352 416
352 417
352 418
352 419
352 420
352 421
352 422
352 424
352 426
352 428
352 430
352 432
352 433
352 435
352 436
352 437
352 438
352 442
352 443
352 444
352 529
352 533
352 535
352 536
352 539
352 541
352 542
352 544
352 545
352 546
352 547
352 548
352 549
353 355
353 356
353 358
353 359
353 360
353 361
353 363
353 364
353 390
353 404
353 406
353 407
353 408
353 409
353 410
353 411
353 412
353 414
353 417
353 418
353 419
353 420
353 421
353 427
353 428
353 430
353 431
353 433
353 434
353 436
353 437
353 439
353 440
353 441
353 444
353 445
353 532
353 533
353 534
353 535
353 536
353 538
353 540
353 543
353 544
353 547
353 549
354 355
354 356
354 357
354 358
354 361
354 362
354 363
354 405
354 406
354 409
354 410
354 411
354 412
354 413
354 414
354 415
354 416
354 418
354 419
354 420
354 422
354 423
354 424
354 426
354 427
354 428
354 429
354 432
354 433
354 434
354 435
354 440
354 441
354 444
354 532
354 534
354 535
354 536
354 539
354 540
354 541
354 542
354 543
354 544
354 545
354 546
354 547
354 548
354 551
355 356
355 357
355 358
355 360
355 361
355 364
355 391
355 403
355 406
355 407
355 408
355 409
355 410
355 411
355 412
355 414
355 415
355 417
355 418
355 419
355 420
355 421
355 422
355 423
355 424
355 425
355 428
355 429
355 430
355 431
355 432
355 433
355 434
355 435
355 437
355 438
355 439
355 440
355 441
355 442
355 444
355 533
355 534
355 535
355 536
355 537
355 539
355 540
355 541
355 542
355 545
355 546
355 550
355 576
356 357
356 358
356 359
356 362
356 363
356 366
356 405
356 407
356 408
356 409
356 410
356 411
356 412
356 413
356 416
356 418
356 419
356 420
356 421
356 422
356 423
356 424
356 427
356 428
356 430
356 431
356 432
356 434
356 435
356 436
356 440
356 442
356 444
356 532
356 533
356 534
356 535
356 536
356 537
356 539
356 540
356 541
356 542
356 543
356 544
356 545
356 546
356 547
356 548
356 549
357 358
357 359
357 360
357 361
357 362
357 363
357 390
357 404
357 405
357 406
357 409
357 410
357 411
357 412
357 413
357 414
357 417
357 419
357 420
357 421
357 422
357 423
357 424
357 425
357 426
357 428
357 430
357 431
357 432
357 433
357 435
357 436
357 437
357 438
357 439
357 440
357 441
357 442
357 443
357 529
357 530
357 533
357 534
357 536
357 537
357 538
357 539
357 540
357 541
357 543
357 544
357 545
357 546
357 548
357 549
358 359
358 360
358 361
358 362
358 363
358 404
358 406
358 407
358 408
358 409
358 410
358 411
358 412
358 413
358 414
358 415
358 416
358 417
358 418
358 419
358 420
358 421
358 422
358 423
358 424
358 427
358 430
358 431
358 432
358 433
358 434
358 435
358 436
358 437
358 438
358 439
358 440
358 441
358 442
358 443
358 444
358 529
358 530
358 532
358 534
358 535
358 536
358 537
358 538
358 539
358 540
358 541
358 542
358 543
358 544
358 545
358 546
358 547
358 548
358 549
358 550
359 360
359 362
359 363
359 391
359 392
359 403
359 405
359 406
359 409
359 410
359 411
359 412
359 413
359 414
359 415
359 416
359 417
359 418
359 419
359 420
359 421
359 422
359 423
359 425
359 427
359 428
359 429
359 430
359 431
359 432
359 433
359 434
359 435
359 436
359 437
359 438
359 439
359 440
359 441
359 442
359 443
359 444
359 532
359 533
359 534
359 535
359 536
359 537
359 538
359 539
359 540
359 541
359 542
359 543
359 544
359 545
359 546
359 547
359 548
359 549
359 550
360 361
360 362
360 363
360 391
360 405
360 406
360 407
360 408
360 409
360 412
360 413
360 414
360 415
360 416
360 417
360 418
360 419
360 420
360 421
360 422
360 423
360 426
360 428
360 429
360 430
360 431
360 432
360 434
360 435
360 436
360 437
360 438
360 439
360 440
360 441
360 442
360 443
360 444
360 531
360 535
360 537
360 538
360 539
360 540
360 541
360 542
360 543
360 544
360 545
360 546
360 547
360 548
360 549
360 550
361 362
361 363
361 364
361 391
361 392
361 404
361 405
361 406
361 407
361 408
361 409
361 410
361 411
361 412
361 413
361 414
361 415
361 416
361 417
361 418
361 419
361 420
361 422
361 423
361 424
361 427
361 428
361 430
361 433
361 434
361 435
361 436
361 437
361 438
361 439
361 440
361 441
361 442
361 443
361 444
361 445
361 531
361 532
361 534
361 536
361 537
361 538
361 539
361 540
361 541
361 542
361 543
361 544
361 545
361 546
361 547
361 548
361 549
361 550
362 363
362 390
362 392
362 405
362 406
362 408
362 410
362 411
362 412
362 413
362 414
362 415
362 416
362 418
362 419
362 420
362 421
362 422
362 423
362 425
362 426
362 429
362 430
362 431
362 433
362 434
362 435
362 436
362 437
362 438
362 439
362 440
362 441
362 442
362 443
362 444
362 454
362 530
362 534
362 535
362 536
362 537
362 538
362 539
362 540
362 541
362 542
362 543
362 544
362 545
362 547
362 548
362 549
362 550
363 365
363 391
363 404
363 406
363 408
363 410
363 411
363 412
363 413
363 414
363 415
363 416
363 417
363 418
363 419
363 420
363 421
363 422
363 423
363 425
363 429
363 430
363 431
363 432
363 433
363 434
363 436
363 437
363 438
363 439
363 440
363 441
363 442
363 443
363 444
363 445
363 531
363 532
363 533
363 535
363 536
363 537
363 538
363 539
363 540
363 541
363 542
363 543
363 544
363 545
363 546
363 547
363 548
363 549
363 550
364 365
364 413
364 414
364 419
364 421
364 422
364 432
364 437
364 439
364 440
364 441
364 444
364 546
364 547
364 548
364 550
364 575
365 422
365 435
365 550
367 396
367 448
368 549
374 444
374 446
375 443
376 427
389 423
389 549
390 403
390 416
390 419
390 427
390 429
390 436
390 437
390 535
390 546
391 409
391 410
391 414
391 426
391 432
391 435
391 436
391 442
391 534
391 535
391 538
391 544
391 551
392 410
392 414
392 418
392 419
392 430
392 432
392 435
392 436
392 439
392 440
392 443
392 530
392 534
392 543
392 547
392 549
393 414
393 415
393 418
393 419
393 420
393 431
393 432
393 443
393 536
393 539
393 544
393 546
393 547
394 421
394 422
394 424
394 441
394 550
395 423
395 445
397 554
402 410
402 441
402 549
403 406
403 410
403 415
403 416
403 417
403 418
403 419
403 422
403 426
403 436
403 437
403 442
403 443
403 543
403 548
404 411
404 412
404 413
404 414
404 421
404 422
404 426
404 427
404 429
404 432
404 433
404 435
404 436
404 440
404 445
404 532
404 534
404 540
404 542
404 543
404 546
404 547
404 550
405 406
405 407
405 408
405 410
405 412
405 414
405 415
405 416
405 417
405 418
405 419
405 423
405 424
405 425
405 426
405 427
405 433
405 434
405 436
405 438
405 441
405 442
405 443
405 530
405 531
405 532
405 533
405 536
405 543
405 549
405 550
406 411
406 412
406 413
406 414
406 415
406 418
406 420
406 422
406 424
406 428
406 430
406 431
406 432
406 433
406 435
406 436
406 437
406 438
406 440
406 441
406 443
406 444
406 531
406 533
406 537
406 538
406 539
406 541
406 542
406 546
406 547
406 549
407 408
407 409
407 411
407 412
407 413
407 414
407 415
407 416
407 417
407 418
407 420
407 421
407 425
407 426
407 427
407 429
407 431
407 432
407 433
407 434
407 437
407 438
407 441
407 442
407 443
407 444
407 530
407 531
407 532
407 534
407 535
407 537
407 539
407 541
407 543
407 544
407 545
407 546
407 547
408 411
408 413
408 414
408 415
408 416
408 417
408 418
408 420
408 421
408 422
408 423
408 424
408 425
408 428
408 429
408 430
408 432
408 433
408 434
408 435
408 436
408 437
408 438
408 439
408 442
408 444
408 530
408 532
408 533
408 535
408 536
408 537
408 538
408 539
408 541
408 542
408 543
408 544
408 545
408 546
408 547
408 548
408 549
409 410
409 411
409 412
409 413
409 414
409 415
409 416
409 417
409 418
409 419
409 420
409 421
409 423
409 424
409 426
409 427
409 428
409 429
409 430
409 431
409 432
409 433
409 434
409 435
409 436
409 438
409 439
409 440
409 441
409 442
409 443
409 444
409 529
409 530
409 532
409 534
409 535
409 536
409 537
409 538
409 539
409 540
409 541
409 542
409 544
409 546
409 547
409 548
409 549
409 550
410 411
410 412
410 413
410 414
410 415
410 417
410 418
410 419
410 420
410 421
410 422
410 423
410 425
410 428
410 429
410 430
410 431
410 432
410 433
410 434
410 435
410 436
410 437
410 438
410 439
410 440
410 441
410 442
410 443
410 444
410 531
410 534
410 535
410 536
410 537
410 538
410 541
410 542
410 543
410 544
410 545
410 546
410 547
410 549
411 412
411 413
411 414
411 415
411 416
411 417
411 418
411 420
411 421
411 422
411 423
411 424
411 425
411 429
411 430
411 431
411 432
411 433
411 434
411 435
411 436
411 437
411 438
411 439
411 441
411 442
411 443
411 444
411 531
411 532
411 534
411 535
411 536
411 537
411 538
411 539
411 540
411 541
411 542
411 543
411 544
411 545
411 546
411 548
411 549
412 413
412 414
412 415
412 416
412 417
412 418
412 419
412 420
412 421
412 422
412 423
412 424
412 427
412 429
412 430
412 432
412 433
412 434
412 435
412 436
412 437
412 438
412 439
412 440
412 441
412 443
412 444
412 445
412 530
412 531
412 533
412 535
412 536
412 537
412 538
412 539
412 540
412 541
412 542
412 543
412 544
412 545
412 546
412 547
412 548
412 551
413 414
413 415
413 416
413 417
413 418
413 419
413 420
413 421
413 422
413 423
413 426
413 428
413 429
413 430
413 431
413 432
413 433
413 434
413 435
413 436
413 437
413 438
413 439
413 440
413 441
413 442
413 443
413 444
413 534
413 535
413 536
413 537
413 538
413 539
413 540
413 541
413 542
413 543
413 544
413 546
413 547
413 548
413 549
413 550
414 415
414 416
414 417
414 418
414 419
414 420
414 421
414 422
414 423
414 427
414 430
414 431
414 432
414 433
414 434
414 435
414 436
414 437
414 438
414 439
414 440
414 441
414 442
414 443
414 444
414 531
414 533
414 535
414 536
414 537
414 538
414 539
414 540
414 541
414 542
414 543
414 544
414 545
414 546
414 547
414 548
414 549
414 550
415 416
415 417
415 418
415 419
415 420
415 421
415 422
415 423
415 424
415 426
415 427
415 429
415 430
415 431
415 432
415 433
415 434
415 435
415 436
415 437
415 438
415 439
415 440
415 441
415 442
415 443
415 444
415 529
415 530
415 532
415 533
415 535
415 536
415 537
415 538
415 539
415 540
415 541
415 542
415 543
415 544
415 545
415 546
415 547
415 548
415 549
415 550
415 575
416 417
416 418
416 419
416 420
416 421
416 422
416 423
416 426
416 427
416 428
416 429
416 431
416 432
416 433
416 434
416 435
416 436
416 437
416 438
416 439
416 440
416 441
416 442
416 443
416 444
416 445
416 531
416 533
416 534
416 535
416 536
416 537
416 538
416 539
416 540
416 541
416 542
416 543
416 544
416 545
416 546
416 547
416 548
416 549
416 550
416 551
417 418
417 419
417 420
417 421
417 422
417 423
417 424
417 425
417 426
417 427
417 428
417 429
417 430
417 432
417 433
417 434
417 435
417 436
417 437
417 438
417 439
417 440
417 441
417 442
417 443
417 444
417 445
417 532
417 533
417 534
417 535
417 536
417 537
417 538
417 539
417 540
417 541
417 542
417 543
417 544
417 545
417 546
417 547
417 548
417 549
417 550
418 419
418 420
418 421
418 422
418 423
418 424
418 425
418 426
418 428
418 429
418 430
418 431
418 432
418 433
418 434
418 435
418 436
418 437
418 438
418 439
418 440
418 441
418 442
418 443
418 444
418 445
418 522
418 533
418 534
418 535
418 536
418 537
418 538
418 539
418 540
418 541
418 542
418 543
418 544
418 545
418 546
418 547
418 548
418 549
418 550
419 420
419 421
419 422
419 423
419 424
419 425
419 427
419 428
419 429
419 431
419 432
419 433
419 434
419 435
419 436
419 437
419 438
419 439
419 440
419 441
419 442
419 443
419 444
419 445
419 530
419 532
419 534
419 535
419 536
419 537
419 538
419 539
419 540
419 541
419 542
419 543
419 544
419 545
419 546
419 547
419 548
419 549
419 550
420 421
420 422
420 423
420 427
420 429
420 430
420 431
420 432
420 433
420 434
420 435
420 436
420 437
420 438
420 439
420 440
420 441
420 442
420 443
420 444
420 531
420 533
420 534
420 535
420 536
420 537
420 538
420 539
420 540
420 541
420 542
420 543
420 544
420 545
420 546
420 547
420 548
420 549
420 550
421 422
421 423
421 424
421 425
421 426
421 427
421 429
421 430
421 431
421 432
421 434
421 435
421 436
421 437
421 438
421 439
421 440
421 441
421 442
421 443
421 444
421 445
421 531
421 533
421 534
421 535
421 536
421 537
421 538
421 539
421 540
421 541
421 542
421 543
421 544
421 545
421 546
421 547
421 548
421 549
421 550
421 551
422 423
422 424
422 426
422 427
422 428
422 429
422 430
422 431
422 432
422 433
422 434
422 435
422 436
422 437
422 438
422 439
422 440
422 441
422 442
422 443
422 444
422 445
422 510
422 529
422 530
422 531
422 532
422 534
422 536
422 537
422 538
422 539
422 540
422 541
422 542
422 543
422 544
422 545
422 546
422 547
422 548
422 549
422 550
422 551
423 424
423 425
423 426
423 427
423 428
423 430
423 431
423 432
423 433
423 434
423 435
423 436
423 437
423 438
423 439
423 440
423 441
423 442
423 443
423 444
423 446
423 476
423 531
423 532
423 534
423 535
423 536
423 537
423 538
423 539
423 540
423 541
423 542
423 543
423 544
423 545
423 546
423 547
423 548
423 549
423 550
423 551
423 580
424 427
424 428
424 430
424 432
424 433
424 436
424 437
424 441
424 442
424 444
424 532
424 534
424 535
424 537
424 539
424 540
424 541
424 542
424 544
424 546
424 547
424 548
424 549
424 551
425 427
425 429
425 432
425 434
425 436
425 437
425 438
425 440
425 441
425 442
425 443
425 446
425 530
425 531
425 535
425 537
425 538
425 540
425 541
425 542
425 546
425 547
425 548
425 549
426 429
426 431
426 432
426 437
426 439
426 440
426 441
426 444
426 447
426 532
426 536
426 538
426 539
426 541
426 543
426 544
426 545
426 546
426 549
427 429
427 431
427 432
427 433
427 434
427 436
427 437
427 438
427 441
427 443
427 534
427 537
427 538
427 539
427 541
427 546
427 548
427 549
428 429
428 430
428 432
428 433
428 434
428 436
428 438
428 439
428 440
428 441
428 443
428 531
428 532
428 533
428 536
428 537
428 538
428 540
428 541
428 542
428 543
428 544
428 545
428 547
428 548
429 430
429 432
429 433
429 434
429 435
429 436
429 437
429 438
429 441
429 444
429 532
429 534
429 535
429 536
429 538
429 544
429 545
429 546
429 547
429 548
429 549
429 550
430 432
430 434
430 435
430 436
430 437
430 440
430 441
430 442
430 444
430 445
430 446
430 526
430 531
430 533
430 534
430 535
430 536
430 538
430 539
430 540
430 542
430 543
430 544
430 545
430 546
430 547
430 548
430 549
431 432
431 433
431 434
431 436
431 437
431 438
431 439
431 440
431 441
431 442
431 443
431 444
431 533
431 535
431 536
431 537
431 538
431 539
431 540
431 541
431 542
431 543
431 544
431 545
431 546
431 547
431 548
431 549
432 433
432 435
432 436
432 437
432 438
432 439
432 440
432 441
432 442
432 443
432 444
432 445
432 531
432 532
432 533
432 535
432 536
432 537
432 538
432 539
432 540
432 541
432 542
432 543
432 545
432 546
432 547
432 548
432 549
432 550
433 434
433 435
433 436
433 437
433 438
433 439
433 440
433 441
433 442
433 443
433 444
433 534
433 535
433 536
433 537
433 538
433 539
433 540
433 541
433 542
433 543
433 544
433 545
433 546
433 547
433 548
433 549
434 435
434 436
434 437
434 438
434 439
434 440
434 441
434 442
434 443
434 444
434 532
434 533
434 536
434 537
434 538
434 539
434 540
434 541
434 542
434 543
434 544
434 546
434 547
434 548
434 549
434 550
435 436
435 437
435 438
435 439
435 440
435 441
435 442
435 443
435 444
435 531
435 532
435 534
435 535
435 537
435 538
435 539
435 540
435 541
435 542
435 543
435 544
435 545
435 546
435 547
435 548
435 549
435 550
436 437
436 438
436 439
436 441
436 442
436 443
436 444
436 462
436 528
436 531
436 533
436 534
436 535
436 536
436 537
436 538
436 539
436 540
436 541
436 542
436 543
436 544
436 545
436 546
436 547
436 548
436 549
436 550
436 572
437 438
437 439
437 440
437 441
437 442
437 443
437 444
437 532
437 535
437 536
437 537
437 538
437 539
437 540
437 541
437 542
437 543
437 544
437 545
437 546
437 547
437 548
437 549
437 550
438 439
438 440
438 441
438 442
438 443
438 444
438 532
438 533
438 535
438 537
438 538
438 539
438 540
438 541
438 542
438 543
438 544
438 545
438 546
438 547
438 548
438 549
438 550
439 440
439 441
439 442
439 443
439 444
439 445
439 531
439 532
439 533
439 534
439 535
439 536
439 537
439 538
439 539
439 540
439 541
439 542
439 543
439 544
439 545
439 546
439 547
439 548
439 549
439 550
440 441
440 442
440 443
440 444
440 445
440 531
440 532
440 533
440 535
440 537
440 538
440 539
440 540
440 541
440 542
440 543
440 544
440 545
440 546
440 547
440 548
440 549
440 550
440 574
441 442
441 443
441 444
441 445
441 530
441 532
441 534
441 535
441 536
441 537
441 538
441 539
441 541
441 542
441 543
441 544
441 545
441 546
441 547
441 548
441 549
441 550
441 551
442 443
442 444
442 445
442 530
442 531
442 534
442 535
442 536
442 537
442 539
442 540
442 541
442 542
442 543
442 544
442 545
442 546
442 547
442 548
442 549
442 550
443 444
443 445
443 446
443 529
443 533
443 534
443 535
443 536
443 537
443 539
443 540
443 541
443 542
443 543
443 544
443 545
443 546
443 547
443 548
443 549
443 550
444 445
444 515
444 529
444 534
444 535
444 536
444 537
444 538
444 539
444 540
444 541
444 542
444 543
444 544
444 545
444 546
444 547
444 548
444 549
444 550
444 551
444 561
445 446
445 462
445 537
445 539
445 540
445 541
445 543
445 544
445 545
445 546
445 547
445 548
445 549
445 551
445 566
446 538
446 548
446 549
447 564
448 552
451 548
457 577
458 567
460 543
462 549
463 464
500 580
513 549
529 535
529 539
529 548
530 532
530 534
530 544
530 546
530 550
531 532
531 533
531 535
531 537
531 544
531 549
532 533
532 535
532 536
532 538
532 540
532 543
532 544
532 546
532 547
532 548
532 549
532 575
533 534
533 535
533 536
533 537
533 538
533 539
533 540
533 541
533 542
533 543
533 544
533 545
533 546
533 548
533 549
533 550
534 535
534 536
534 537
534 539
534 540
534 541
534 542
534 543
534 544
534 545
534 546
534 547
534 548
534 549
535 536
535 537
535 539
535 540
535 541
535 542
535 543
535 544
535 545
535 546
535 547
535 548
535 549
535 550
536 537
536 539
536 540
536 541
536 542
536 543
536 544
536 545
536 546
536 547
536 549
536 550
537 538
537 539
537 540
537 541
537 543
537 545
537 546
537 547
537 548
537 549
537 550
538 539
538 540
538 541
538 542
538 543
538 544
538 545
538 546
538 547
538 548
538 549
538 550
538 566
539 540
539 541
539 542
539 543
539 544
539 545
539 546
539 547
539 548
539 549
539 550
540 541
540 542
540 543
540 544
540 545
540 546
540 547
540 548
540 549
540 550
541 542
541 543
541 544
541 545
541 546
541 547
541 548
541 549
541 550
542 543
542 544
542 545
542 546
542 547
542 548
542 549
543 544
543 545
543 546
543 547
543 548
543 549
543 550
544 545
544 546
544 547
544 548
544 549
544 550
545 546
545 547
545 548
545 549
545 550
546 547
546 548
546 549
546 550
547 548
547 549
547 550
548 549
548 550
548 551
548 565
548 582
549 550
549 551
550 551
552 573
553 564
