1 2
1 3
1 4
1 5
1 21
1 31
1 41
1 79
1 80
1 81
1 82
1 83
1 84
1 85
1 86
1 87
1 88
1 89
1 90
1 91
1 92
1 93
1 138
1 139
1 181
1 184
1 185
1 186
1 187
1 188
1 189
1 190
1 191
1 192
1 193
1 194
1 195
1 196
1 197
1 198
1 199
1 200
1 201
1 202
1 203
1 204
1 205
1 206
1 208
1 209
1 211
1 212
1 224
1 225
1 229
1 230
1 231
1 232
1 235
1 236
1 267
1 307
1 343
1 377
1 378
1 380
1 381
1 382
1 383
1 384
1 385
1 386
1 387
1 388
1 389
1 390
1 391
1 392
1 393
1 394
1 395
1 396
1 397
1 398
1 399
1 420
1 433
1 436
1 437
1 445
1 455
1 460
1 462
1 463
1 464
1 465
1 466
1 467
1 471
1 472
1 480
1 490
1 491
1 492
1 494
1 495
1 496
1 499
1 500
1 503
1 504
1 505
1 506
1 507
1 508
1 509
1 510
1 511
1 512
1 514
1 522
1 535
1 543
1 549
1 552
1 553
1 554
1 555
1 556
1 557
1 558
1 561
1 571
1 572
1 585
2 3
2 4
2 5
2 6
2 9
2 11
2 12
2 13
2 18
2 20
2 60
2 77
2 78
2 79
2 80
2 81
2 82
2 83
2 84
2 85
2 86
2 87
2 88
2 89
2 90
2 91
2 92
2 93
2 132
2 136
2 137
2 176
2 178
2 181
2 183
2 184
2 185
2 186
2 187
2 188
2 189
2 190
2 191
2 192
2 193
2 194
2 195
2 196
2 197
2 198
2 199
2 200
2 201
2 202
2 203
2 204
2 205
2 206
2 209
2 214
2 222
2 229
2 230
2 231
2 232
2 233
2 234
2 235
2 252
2 267
2 307
2 376
2 378
2 379
2 380
2 381
2 382
2 383
2 384
2 385
2 386
2 387
2 388
2 389
2 390
2 391
2 392
2 393
2 394
2 395
2 396
2 397
2 398
2 399
2 400
2 429
2 430
2 431
2 432
2 434
2 435
2 436
2 437
2 446
2 455
2 459
2 460
2 463
2 464
2 465
2 466
2 472
2 481
2 488
2 490
2 491
2 494
2 495
2 501
2 503
2 504
2 505
2 506
2 507
2 508
2 509
2 510
2 511
2 512
2 513
2 514
2 522
2 538
2 545
2 549
2 550
2 552
2 554
2 555
2 556
2 557
2 561
2 568
2 583
2 584
2 585
3 4
3 5
3 7
3 30
3 57
3 63
3 64
3 77
3 79
3 81
3 82
3 83
3 84
3 85
3 86
3 87
3 88
3 89
3 90
3 91
3 92
3 93
3 112
3 118
3 180
3 181
3 182
3 183
3 184
3 185
3 186
3 187
3 188
3 189
3 190
3 191
3 192
3 193
3 194
3 195
3 196
3 197
3 198
3 199
3 200
3 201
3 202
3 203
3 204
3 205
3 206
3 207
3 209
3 214
3 220
3 226
3 227
3 228
3 229
3 230
3 231
3 233
3 234
3 235
3 248
3 250
3 269
3 376
3 378
3 380
3 382
3 383
3 384
3 385
3 386
3 387
3 388
3 389
3 390
3 391
3 392
3 393
3 394
3 395
3 396
3 397
3 398
3 421
3 429
3 433
3 434
3 435
3 456
3 457
3 458
3 461
3 462
3 464
3 465
3 466
3 467
3 468
3 489
3 491
3 492
3 493
3 494
3 501
3 503
3 504
3 505
3 506
3 507
3 508
3 509
3 510
3 511
3 512
3 514
3 527
3 552
3 553
3 554
3 556
3 561
3 562
3 587
4 5
4 6
4 77
4 79
4 80
4 81
4 83
4 84
4 85
4 86
4 87
4 88
4 89
4 90
4 91
4 92
4 93
4 112
4 113
4 147
4 167
4 177
4 178
4 181
4 183
4 184
4 185
4 186
4 187
4 188
4 189
4 190
4 191
4 192
4 193
4 194
4 195
4 196
4 197
4 198
4 199
4 200
4 201
4 202
4 203
4 204
4 205
4 206
4 207
4 211
4 213
4 214
4 224
4 226
4 229
4 231
4 232
4 233
4 245
4 251
4 302
4 308
4 378
4 380
4 381
4 382
4 383
4 385
4 386
4 387
4 388
4 389
4 390
4 391
4 392
4 393
4 394
4 395
4 396
4 397
4 398
4 399
4 401
4 429
4 432
4 456
4 457
4 459
4 461
4 462
4 463
4 464
4 465
4 466
4 467
4 472
4 491
4 492
4 500
4 503
4 505
4 506
4 507
4 508
4 509
4 510
4 511
4 512
4 513
4 549
4 551
4 552
4 553
4 554
4 555
4 556
4 567
5 82
5 85
5 86
5 88
5 90
5 91
5 140
5 155
5 167
5 178
5 181
5 182
5 186
5 188
5 189
5 190
5 192
5 194
5 195
5 196
5 197
5 198
5 199
5 200
5 201
5 202
5 203
5 204
5 205
5 207
5 209
5 211
5 228
5 229
5 233
5 382
5 386
5 391
5 392
5 393
5 394
5 395
5 396
5 397
5 431
5 433
5 438
5 466
5 486
5 489
5 490
5 494
5 495
5 504
5 506
5 507
5 510
5 514
5 552
5 553
6 14
6 178
6 191
6 198
6 199
6 200
6 201
6 202
6 205
6 207
6 208
6 215
6 469
6 511
6 549
7 235
7 253
7 559
9 203
9 231
9 461
10 190
10 197
10 199
10 201
10 203
11 203
11 205
11 221
11 252
12 518
13 496
15 206
17 200
17 203
28 199
29 192
29 196
30 202
30 233
31 497
40 206
47 209
53 391
54 132
58 108
58 203
59 439
61 198
61 205
62 196
62 201
62 387
63 195
63 200
64 203
64 400
64 505
65 133
65 200
65 237
73 484
75 86
75 202
75 211
75 230
75 231
75 392
75 431
75 432
75 554
76 77
76 79
76 82
76 87
76 180
76 186
76 193
76 195
76 200
76 207
76 224
76 377
76 388
76 393
76 432
76 456
76 460
76 466
76 488
76 490
76 503
76 506
76 508
76 510
76 552
77 80
77 82
77 83
77 85
77 87
77 88
77 90
77 179
77 182
77 186
77 192
77 195
77 200
77 202
77 203
77 204
77 208
77 227
77 229
77 230
77 233
77 380
77 383
77 384
77 386
77 390
77 393
77 395
77 396
77 431
77 433
77 436
77 462
77 464
77 465
77 489
77 501
77 504
77 507
77 508
77 549
77 552
77 553
78 79
78 80
78 84
78 85
78 86
78 87
78 88
78 180
78 182
78 183
78 186
78 188
78 189
78 190
78 192
78 195
78 199
78 200
78 203
78 204
78 209
78 210
78 211
78 213
78 223
78 229
78 231
78 232
78 377
78 383
78 386
78 388
78 389
78 391
78 393
78 394
78 430
78 431
78 432
78 433
78 456
78 457
78 458
78 461
78 463
78 464
78 487
78 490
78 499
78 501
78 504
78 506
78 508
78 510
78 511
78 550
78 552
78 556
79 80
79 81
79 82
79 86
79 87
79 88
79 90
79 179
79 182
79 183
79 184
79 186
79 187
79 188
79 189
79 191
79 192
79 193
79 196
79 197
79 199
79 200
79 201
79 202
79 203
79 204
79 205
79 210
79 225
79 228
79 229
79 376
79 379
79 380
79 381
79 383
79 385
79 386
79 387
79 388
79 389
79 390
79 391
79 393
79 394
79 395
79 397
79 431
79 432
79 434
79 458
79 459
79 460
79 461
79 462
79 463
79 464
79 465
79 466
79 489
79 490
79 491
79 501
79 502
79 504
79 506
79 507
79 509
79 510
79 550
79 551
79 552
79 553
80 82
80 83
80 84
80 85
80 87
80 88
80 89
80 90
80 91
80 180
80 183
80 184
80 186
80 188
80 190
80 191
80 192
80 193
80 194
80 196
80 198
80 199
80 200
80 201
80 202
80 204
80 205
80 206
80 209
80 210
80 211
80 227
80 228
80 230
80 232
80 376
80 381
80 382
80 383
80 384
80 385
80 386
80 387
80 389
80 392
80 393
80 394
80 396
80 430
80 432
80 435
80 457
80 461
80 462
80 464
80 465
80 466
80 489
80 491
80 499
80 501
80 502
80 503
80 504
80 506
80 507
80 508
80 509
80 510
80 511
80 533
80 552
80 554
81 82
81 83
81 84
81 85
81 86
81 88
81 89
81 178
81 179
81 180
81 182
81 183
81 184
81 185
81 187
81 188
81 189
81 190
81 191
81 192
81 193
81 194
81 195
81 197
81 198
81 199
81 200
81 202
81 203
81 205
81 207
81 209
81 210
81 228
81 229
81 230
81 231
81 233
81 379
81 382
81 383
81 384
81 385
81 387
81 388
81 389
81 390
81 391
81 392
81 393
81 394
81 395
81 396
81 397
81 431
81 432
81 459
81 460
81 461
81 463
81 464
81 465
81 490
81 492
81 500
81 501
81 502
81 503
81 505
81 506
81 507
81 509
81 511
81 552
81 553
81 554
81 555
82 83
82 84
82 85
82 86
82 87
82 88
82 90
82 91
82 177
82 182
82 184
82 185
82 186
82 188
82 189
82 190
82 191
82 192
82 193
82 194
82 195
82 196
82 197
82 198
82 199
82 200
82 201
82 203
82 204
82 205
82 210
82 211
82 225
82 226
82 229
82 230
82 231
82 232
82 381
82 382
82 383
82 384
82 385
82 386
82 387
82 388
82 389
82 390
82 391
82 392
82 393
82 394
82 395
82 396
82 397
82 430
82 432
82 433
82 434
82 458
82 459
82 461
82 462
82 463
82 464
82 465
82 491
82 492
82 499
82 501
82 502
82 504
82 506
82 507
82 508
82 509
82 510
82 511
82 552
82 553
82 554
82 555
83 84
83 85
83 86
83 87
83 88
83 90
83 178
83 179
83 181
83 183
83 185
83 186
83 187
83 188
83 189
83 190
83 191
83 192
83 193
83 194
83 196
83 197
83 198
83 199
83 200
83 201
83 202
83 203
83 204
83 205
83 210
83 212
83 224
83 226
83 230
83 231
83 375
83 377
83 378
83 381
83 383
83 384
83 385
83 386
83 387
83 388
83 389
83 390
83 391
83 392
83 393
83 394
83 396
83 397
83 429
83 432
83 455
83 456
83 458
83 461
83 463
83 464
83 465
83 466
83 490
83 491
83 502
83 504
83 505
83 506
83 507
83 508
83 509
83 510
83 511
83 549
83 550
83 551
83 552
83 554
84 85
84 86
84 87
84 88
84 89
84 90
84 177
84 179
84 180
84 181
84 182
84 183
84 184
84 185
84 186
84 187
84 188
84 189
84 190
84 191
84 192
84 193
84 194
84 195
84 196
84 197
84 198
84 199
84 200
84 201
84 202
84 203
84 204
84 205
84 209
84 210
84 211
84 227
84 229
84 230
84 231
84 232
84 233
84 377
84 378
84 379
84 380
84 382
84 384
84 385
84 386
84 387
84 388
84 389
84 390
84 391
84 392
84 393
84 394
84 395
84 396
84 397
84 432
84 460
84 462
84 463
84 491
84 498
84 499
84 500
84 501
84 503
84 504
84 505
84 507
84 508
84 509
84 510
84 511
84 550
85 86
85 87
85 88
85 89
85 90
85 179
85 180
85 181
85 182
85 183
85 184
85 185
85 186
85 187
85 188
85 189
85 190
85 191
85 192
85 193
85 194
85 195
85 196
85 197
85 198
85 199
85 200
85 201
85 202
85 203
85 204
85 207
85 208
85 209
85 210
85 211
85 212
85 225
85 227
85 228
85 229
85 230
85 231
85 266
85 377
85 378
85 380
85 381
85 382
85 383
85 384
85 385
85 386
85 387
85 388
85 389
85 390
85 391
85 392
85 393
85 394
85 395
85 396
85 397
85 398
85 431
85 432
85 433
85 434
85 461
85 463
85 464
85 465
85 466
85 488
85 491
85 492
85 500
85 501
85 502
85 503
85 504
85 505
85 506
85 507
85 508
85 509
85 510
85 511
85 551
85 552
85 553
85 554
85 555
86 87
86 88
86 89
86 90
86 91
86 178
86 181
86 183
86 185
86 186
86 187
86 188
86 189
86 190
86 191
86 192
86 193
86 194
86 195
86 196
86 197
86 198
86 199
86 200
86 201
86 202
86 203
86 204
86 211
86 212
86 224
86 225
86 227
86 229
86 230
86 231
86 232
86 233
86 378
86 379
86 382
86 384
86 385
86 386
86 387
86 388
86 389
86 390
86 391
86 392
86 393
86 394
86 395
86 396
86 397
86 433
86 435
86 456
86 457
86 458
86 459
86 460
86 464
86 465
86 466
86 489
86 490
86 498
86 501
86 502
86 503
86 504
86 505
86 506
86 507
86 508
86 509
86 510
86 511
86 552
86 553
87 88
87 89
87 90
87 91
87 179
87 181
87 183
87 184
87 185
87 186
87 187
87 188
87 189
87 190
87 191
87 192
87 193
87 194
87 195
87 196
87 197
87 198
87 199
87 200
87 201
87 202
87 203
87 204
87 205
87 209
87 211
87 212
87 213
87 228
87 229
87 231
87 232
87 266
87 376
87 378
87 379
87 381
87 382
87 383
87 384
87 385
87 386
87 387
87 388
87 390
87 391
87 392
87 393
87 394
87 395
87 396
87 397
87 429
87 430
87 432
87 433
87 457
87 458
87 459
87 460
87 461
87 462
87 463
87 464
87 465
87 466
87 491
87 499
87 500
87 502
87 503
87 504
87 505
87 506
87 507
87 508
87 509
87 510
87 511
87 552
87 553
87 554
88 89
88 90
88 91
88 180
88 182
88 183
88 184
88 185
88 187
88 188
88 189
88 190
88 191
88 192
88 193
88 194
88 195
88 196
88 197
88 198
88 199
88 200
88 201
88 202
88 203
88 204
88 205
88 206
88 209
88 210
88 226
88 228
88 230
88 231
88 232
88 233
88 378
88 382
88 383
88 384
88 386
88 387
88 388
88 389
88 390
88 391
88 392
88 393
88 394
88 395
88 396
88 397
88 429
88 430
88 431
88 432
88 434
88 436
88 459
88 460
88 461
88 463
88 464
88 465
88 489
88 490
88 491
88 498
88 500
88 502
88 503
88 504
88 505
88 506
88 507
88 508
88 509
88 510
88 511
88 552
88 553
88 554
88 555
88 556
89 90
89 91
89 177
89 181
89 182
89 183
89 184
89 185
89 186
89 187
89 188
89 189
89 190
89 191
89 192
89 193
89 194
89 195
89 196
89 197
89 198
89 199
89 200
89 201
89 202
89 203
89 204
89 205
89 206
89 208
89 210
89 211
89 212
89 226
89 227
89 230
89 231
89 232
89 247
89 270
89 378
89 379
89 380
89 381
89 382
89 383
89 384
89 385
89 386
89 387
89 388
89 389
89 390
89 391
89 392
89 393
89 394
89 395
89 396
89 397
89 430
89 432
89 433
89 458
89 459
89 460
89 461
89 462
89 463
89 464
89 465
89 490
89 500
89 501
89 503
89 504
89 505
89 506
89 507
89 508
89 509
89 510
89 511
89 549
89 550
89 551
89 554
89 555
90 91
90 178
90 181
90 183
90 184
90 185
90 186
90 187
90 188
90 189
90 190
90 191
90 192
90 193
90 194
90 195
90 196
90 197
90 198
90 199
90 200
90 201
90 202
90 203
90 204
90 205
90 210
90 211
90 224
90 225
90 226
90 227
90 228
90 229
90 230
90 231
90 232
90 267
90 375
90 377
90 378
90 380
90 381
90 382
90 383
90 384
90 385
90 386
90 387
90 388
90 389
90 390
90 391
90 392
90 393
90 394
90 395
90 396
90 397
90 398
90 430
90 431
90 433
90 458
90 460
90 462
90 463
90 464
90 465
90 466
90 487
90 488
90 504
90 505
90 506
90 507
90 508
90 509
90 510
90 511
90 512
90 551
90 553
90 555
90 557
91 179
91 181
91 182
91 185
91 188
91 190
91 191
91 192
91 193
91 194
91 196
91 197
91 198
91 199
91 200
91 201
91 203
91 204
91 205
91 209
91 212
91 229
91 231
91 379
91 383
91 385
91 386
91 387
91 388
91 389
91 391
91 392
91 393
91 395
91 431
91 433
91 461
91 462
91 465
91 489
91 491
91 498
91 500
91 503
91 504
91 505
91 506
91 507
91 509
91 510
91 552
92 193
92 195
92 197
92 198
92 199
92 201
92 202
92 203
92 205
92 206
92 388
92 392
92 393
92 394
92 438
92 511
93 105
93 194
93 200
93 422
94 156
94 236
94 399
95 236
98 202
99 544
100 457
105 268
106 117
107 197
107 240
110 504
111 199
111 202
112 192
112 197
112 203
112 508
113 194
113 199
113 394
113 495
114 469
114 496
118 199
119 438
130 393
131 392
135 202
136 199
137 200
137 464
137 513
138 198
138 392
139 233
139 270
140 202
140 203
141 384
143 203
149 392
151 200
151 394
152 308
154 204
155 192
156 202
157 488
160 203
164 384
165 193
165 203
166 201
167 192
168 202
170 198
174 208
175 394
176 197
177 178
177 185
177 189
177 195
177 382
177 387
177 460
177 488
177 506
178 189
178 196
178 198
178 202
178 205
178 208
178 209
178 212
178 232
178 377
178 379
178 383
178 385
178 387
178 397
178 430
178 432
178 457
178 459
178 460
178 488
178 500
178 506
178 508
178 509
178 510
178 511
179 182
179 183
179 184
179 187
179 199
179 200
179 201
179 204
179 205
179 207
179 208
179 225
179 226
179 228
179 232
179 383
179 384
179 392
179 394
179 395
179 397
179 457
179 458
179 459
179 460
179 463
179 465
179 490
179 500
179 501
179 504
179 506
179 507
179 509
179 510
179 511
179 549
179 551
179 554
180 183
180 187
180 189
180 192
180 193
180 194
180 197
180 199
180 201
180 202
180 203
180 204
180 205
180 210
180 225
180 226
180 227
180 229
180 230
180 231
180 232
180 381
180 385
180 386
180 387
180 388
180 389
180 390
180 394
180 395
180 429
180 434
180 457
180 460
180 466
180 488
180 491
180 500
180 501
180 502
180 504
180 505
180 506
180 507
180 508
180 510
180 552
180 554
180 555
180 559
181 183
181 184
181 187
181 188
181 189
181 191
181 192
181 193
181 196
181 198
181 199
181 201
181 203
181 205
181 208
181 211
181 225
181 227
181 228
181 231
181 232
181 233
181 377
181 378
181 379
181 383
181 384
181 385
181 387
181 388
181 389
181 392
181 394
181 397
181 429
181 430
181 432
181 456
181 458
181 459
181 460
181 461
181 462
181 463
181 466
181 488
181 491
181 499
181 502
181 503
181 504
181 506
181 508
181 509
181 550
181 551
181 552
181 554
181 556
182 184
182 185
182 186
182 187
182 189
182 190
182 194
182 197
182 199
182 200
182 202
182 203
182 204
182 205
182 208
182 211
182 224
182 227
182 228
182 230
182 232
182 233
182 377
182 378
182 379
182 380
182 381
182 382
182 383
182 384
182 386
182 387
182 389
182 390
182 391
182 392
182 394
182 395
182 396
182 436
182 456
182 458
182 459
182 460
182 461
182 462
182 463
182 465
182 487
182 490
182 498
182 503
182 504
182 505
182 506
182 508
182 509
182 510
182 550
182 551
182 552
182 553
182 555
183 184
183 187
183 188
183 189
183 190
183 191
183 192
183 193
183 194
183 195
183 198
183 199
183 200
183 201
183 202
183 203
183 204
183 205
183 208
183 209
183 210
183 226
183 229
183 231
183 232
183 233
183 376
183 377
183 380
183 383
183 384
183 385
183 386
183 387
183 388
183 390
183 391
183 392
183 394
183 395
183 396
183 397
183 429
183 431
183 433
183 434
183 457
183 458
183 460
183 461
183 462
183 463
183 465
183 466
183 490
183 491
183 498
183 500
183 503
183 504
183 506
183 507
183 510
183 511
183 550
183 552
183 553
183 554
183 555
183 560
184 185
184 186
184 187
184 189
184 190
184 191
184 192
184 193
184 194
184 195
184 196
184 197
184 198
184 199
184 200
184 201
184 202
184 203
184 205
184 207
184 210
184 211
184 226
184 227
184 229
184 230
184 376
184 378
184 381
184 382
184 383
184 384
184 385
184 386
184 387
184 388
184 389
184 390
184 392
184 393
184 394
184 395
184 396
184 397
184 432
184 455
184 460
184 462
184 463
184 464
184 465
184 490
184 492
184 500
184 503
184 504
184 505
184 506
184 508
184 509
184 510
184 550
184 552
184 554
185 186
185 187
185 188
185 189
185 190
185 191
185 192
185 193
185 194
185 195
185 196
185 197
185 198
185 199
185 200
185 201
185 203
185 204
185 205
185 206
185 210
185 211
185 225
185 226
185 227
185 228
185 229
185 231
185 376
185 379
185 380
185 381
185 383
185 384
185 385
185 386
185 387
185 388
185 389
185 390
185 391
185 392
185 393
185 394
185 395
185 396
185 397
185 429
185 430
185 431
185 432
185 458
185 460
185 461
185 462
185 463
185 464
185 465
185 466
185 489
185 491
185 501
185 503
185 504
185 506
185 507
185 508
185 510
185 511
185 552
185 560
186 187
186 188
186 189
186 190
186 191
186 192
186 193
186 194
186 195
186 196
186 197
186 198
186 199
186 200
186 201
186 203
186 204
186 210
186 211
186 226
186 227
186 228
186 229
186 230
186 231
186 232
186 379
186 380
186 383
186 384
186 385
186 386
186 387
186 388
186 389
186 390
186 391
186 392
186 393
186 394
186 395
186 396
186 397
186 431
186 432
186 460
186 461
186 462
186 464
186 465
186 466
186 490
186 491
186 492
186 499
186 501
186 503
186 505
186 506
186 507
186 508
186 509
186 510
186 537
186 551
186 553
186 554
187 188
187 189
187 190
187 191
187 192
187 193
187 194
187 195
187 196
187 197
187 198
187 199
187 200
187 201
187 202
187 203
187 204
187 205
187 211
187 228
187 229
187 230
187 231
187 232
187 248
187 377
187 378
187 380
187 381
187 382
187 383
187 384
187 385
187 386
187 387
187 388
187 389
187 390
187 391
187 392
187 393
187 394
187 395
187 396
187 397
187 428
187 430
187 459
187 461
187 462
187 463
187 464
187 465
187 466
187 467
187 488
187 490
187 500
187 502
187 503
187 504
187 505
187 506
187 507
187 508
187 509
187 510
187 511
187 549
188 190
188 191
188 192
188 193
188 194
188 195
188 196
188 197
188 198
188 199
188 200
188 201
188 202
188 203
188 204
188 205
188 211
188 212
188 213
188 226
188 228
188 229
188 231
188 232
188 234
188 378
188 381
188 382
188 383
188 384
188 385
188 386
188 387
188 388
188 389
188 390
188 391
188 392
188 393
188 394
188 395
188 396
188 397
188 398
188 430
188 433
188 461
188 462
188 464
188 465
188 489
188 490
188 491
188 492
188 495
188 499
188 502
188 503
188 504
188 505
188 506
188 507
188 508
188 509
188 510
188 550
188 552
188 553
188 554
189 190
189 191
189 192
189 193
189 194
189 195
189 196
189 197
189 198
189 199
189 200
189 201
189 202
189 203
189 204
189 205
189 209
189 224
189 228
189 229
189 230
189 231
189 232
189 233
189 234
189 378
189 379
189 380
189 381
189 382
189 383
189 384
189 385
189 387
189 388
189 389
189 390
189 391
189 392
189 393
189 394
189 395
189 396
189 397
189 433
189 457
189 458
189 459
189 460
189 463
189 465
189 490
189 491
189 501
189 502
189 503
189 505
189 506
189 507
189 508
189 509
189 510
189 511
189 512
189 552
189 553
189 554
189 555
190 191
190 192
190 193
190 194
190 195
190 196
190 197
190 198
190 199
190 200
190 201
190 202
190 203
190 204
190 205
190 209
190 210
190 211
190 224
190 228
190 229
190 230
190 231
190 232
190 377
190 378
190 381
190 382
190 383
190 385
190 386
190 387
190 388
190 389
190 390
190 391
190 392
190 393
190 394
190 395
190 396
190 397
190 428
190 429
190 430
190 431
190 432
190 433
190 458
190 459
190 460
190 461
190 462
190 463
190 464
190 465
190 466
190 491
190 499
190 500
190 501
190 502
190 503
190 504
190 505
190 507
190 508
190 509
190 510
190 511
190 549
190 551
190 553
190 554
190 555
191 192
191 193
191 194
191 195
191 196
191 197
191 198
191 199
191 200
191 201
191 202
191 203
191 204
191 205
191 206
191 208
191 225
191 226
191 228
191 230
191 231
191 232
191 266
191 376
191 378
191 379
191 381
191 382
191 383
191 384
191 385
191 386
191 387
191 388
191 389
191 390
191 391
191 392
191 393
191 394
191 395
191 396
191 397
191 430
191 432
191 433
191 457
191 458
191 461
191 462
191 463
191 464
191 465
191 466
191 490
191 492
191 498
191 499
191 501
191 502
191 503
191 504
191 505
191 506
191 507
191 508
191 509
191 510
191 511
191 512
191 550
191 551
191 552
191 553
191 554
192 193
192 194
192 195
192 196
192 197
192 198
192 199
192 200
192 201
192 202
192 203
192 204
192 205
192 208
192 212
192 229
192 230
192 231
192 232
192 233
192 234
192 376
192 378
192 379
192 380
192 381
192 382
192 383
192 384
192 386
192 387
192 388
192 389
192 390
192 391
192 392
192 393
192 394
192 395
192 396
192 397
192 398
192 428
192 429
192 432
192 433
192 437
192 459
192 462
192 463
192 464
192 465
192 466
192 492
192 494
192 501
192 502
192 503
192 504
192 505
192 506
192 507
192 508
192 509
192 510
192 511
192 512
192 533
192 549
192 550
192 551
192 552
192 553
192 554
193 194
193 195
193 196
193 197
193 198
193 199
193 200
193 201
193 202
193 203
193 204
193 205
193 207
193 210
193 212
193 227
193 228
193 230
193 231
193 232
193 233
193 234
193 375
193 376
193 377
193 378
193 379
193 380
193 381
193 382
193 383
193 384
193 385
193 386
193 387
193 388
193 389
193 390
193 391
193 392
193 393
193 394
193 395
193 396
193 397
193 431
193 432
193 433
193 434
193 459
193 460
193 461
193 462
193 463
193 464
193 465
193 490
193 492
193 493
193 502
193 504
193 505
193 506
193 507
193 508
193 509
193 510
193 511
193 512
193 550
193 553
193 555
193 557
194 195
194 196
194 197
194 198
194 199
194 200
194 201
194 202
194 203
194 204
194 205
194 207
194 208
194 209
194 211
194 212
194 225
194 227
194 228
194 229
194 230
194 231
194 232
194 233
194 266
194 267
194 380
194 381
194 383
194 384
194 385
194 386
194 387
194 388
194 389
194 390
194 391
194 392
194 393
194 394
194 395
194 396
194 397
194 430
194 431
194 432
194 434
194 459
194 461
194 462
194 464
194 465
194 466
194 467
194 488
194 491
194 493
194 500
194 502
194 504
194 505
194 506
194 507
194 508
194 509
194 510
194 512
194 549
194 550
194 551
194 553
194 554
194 556
194 557
195 196
195 197
195 198
195 199
195 200
195 201
195 202
195 203
195 204
195 205
195 207
195 208
195 210
195 224
195 226
195 227
195 228
195 229
195 231
195 232
195 233
195 378
195 383
195 384
195 385
195 386
195 387
195 388
195 389
195 390
195 391
195 392
195 393
195 394
195 395
195 396
195 397
195 398
195 432
195 433
195 457
195 458
195 460
195 461
195 462
195 463
195 464
195 465
195 466
195 488
195 491
195 492
195 498
195 500
195 502
195 503
195 505
195 506
195 507
195 508
195 509
195 510
195 511
195 512
195 552
195 553
195 554
195 555
195 556
195 560
195 561
196 197
196 198
196 199
196 200
196 201
196 202
196 203
196 204
196 205
196 207
196 209
196 210
196 211
196 213
196 215
196 225
196 226
196 228
196 230
196 231
196 232
196 266
196 377
196 378
196 381
196 382
196 383
196 384
196 385
196 386
196 387
196 388
196 389
196 390
196 391
196 392
196 393
196 394
196 395
196 396
196 397
196 398
196 431
196 432
196 459
196 460
196 461
196 462
196 463
196 464
196 465
196 466
196 489
196 491
196 492
196 500
196 502
196 503
196 504
196 505
196 506
196 507
196 508
196 509
196 510
196 511
196 512
196 534
196 552
196 554
196 555
196 558
196 597
197 198
197 199
197 200
197 201
197 202
197 203
197 204
197 205
197 206
197 207
197 209
197 211
197 227
197 228
197 229
197 230
197 231
197 232
197 233
197 234
197 378
197 380
197 381
197 382
197 383
197 384
197 385
197 386
197 387
197 388
197 389
197 390
197 391
197 392
197 393
197 394
197 395
197 396
197 397
197 398
197 399
197 432
197 433
197 436
197 456
197 458
197 459
197 462
197 463
197 464
197 465
197 466
197 471
197 489
197 493
197 500
197 502
197 503
197 504
197 506
197 507
197 508
197 509
197 510
197 511
197 512
197 513
197 553
197 555
197 556
198 199
198 200
198 201
198 202
198 203
198 204
198 205
198 210
198 213
198 220
198 221
198 226
198 227
198 229
198 230
198 231
198 233
198 234
198 236
198 377
198 379
198 380
198 382
198 383
198 384
198 385
198 386
198 387
198 388
198 389
198 390
198 391
198 392
198 393
198 394
198 395
198 396
198 397
198 431
198 432
198 434
198 435
198 446
198 457
198 459
198 461
198 462
198 463
198 464
198 465
198 466
198 468
198 488
198 490
198 493
198 499
198 502
198 503
198 504
198 505
198 506
198 507
198 508
198 509
198 510
198 511
198 512
198 537
198 542
198 549
198 550
198 552
198 554
198 555
198 558
198 559
199 200
199 201
199 202
199 203
199 204
199 205
199 206
199 207
199 210
199 211
199 212
199 213
199 214
199 226
199 228
199 229
199 230
199 231
199 232
199 233
199 268
199 306
199 378
199 380
199 382
199 384
199 385
199 386
199 387
199 388
199 389
199 390
199 391
199 392
199 393
199 394
199 395
199 396
199 397
199 398
199 429
199 433
199 434
199 435
199 437
199 440
199 459
199 461
199 462
199 463
199 464
199 465
199 466
199 485
199 491
199 492
199 494
199 499
199 501
199 502
199 503
199 504
199 505
199 506
199 507
199 508
199 509
199 510
199 511
199 512
199 513
199 523
199 534
199 552
199 553
199 554
199 556
199 558
199 571
200 201
200 202
200 203
200 204
200 205
200 206
200 207
200 210
200 213
200 225
200 228
200 229
200 230
200 231
200 267
200 271
200 362
200 377
200 379
200 380
200 381
200 382
200 383
200 384
200 385
200 386
200 387
200 388
200 389
200 390
200 391
200 392
200 393
200 394
200 395
200 396
200 397
200 398
200 399
200 430
200 432
200 433
200 435
200 436
200 437
200 459
200 460
200 461
200 462
200 463
200 464
200 465
200 466
200 473
200 482
200 487
200 490
200 495
200 496
200 500
200 501
200 502
200 503
200 504
200 505
200 506
200 507
200 508
200 509
200 510
200 511
200 513
200 533
200 550
200 554
200 556
200 557
200 560
200 572
201 202
201 203
201 204
201 205
201 206
201 207
201 208
201 211
201 212
201 213
201 214
201 228
201 229
201 230
201 231
201 232
201 233
201 234
201 235
201 258
201 268
201 269
201 300
201 377
201 380
201 382
201 383
201 384
201 385
201 387
201 388
201 389
201 390
201 391
201 392
201 393
201 394
201 395
201 396
201 397
201 398
201 429
201 430
201 432
201 436
201 456
201 457
201 459
201 460
201 461
201 462
201 463
201 464
201 465
201 468
201 489
201 493
201 497
201 499
201 500
201 501
201 502
201 503
201 504
201 505
201 506
201 507
201 509
201 510
201 511
201 512
201 513
201 534
201 535
201 543
201 551
201 552
201 553
201 557
202 203
202 204
202 205
202 206
202 211
202 212
202 227
202 228
202 231
202 232
202 233
202 234
202 235
202 236
202 267
202 269
202 307
202 336
202 368
202 378
202 379
202 380
202 382
202 383
202 385
202 386
202 387
202 388
202 389
202 390
202 391
202 392
202 393
202 394
202 395
202 396
202 397
202 398
202 428
202 430
202 431
202 434
202 435
202 436
202 437
202 450
202 458
202 460
202 461
202 462
202 463
202 464
202 465
202 467
202 468
202 471
202 479
202 490
202 491
202 492
202 498
202 499
202 501
202 502
202 504
202 505
202 506
202 507
202 508
202 509
202 510
202 511
202 512
202 513
202 514
202 551
202 552
202 553
202 554
202 557
202 572
202 593
203 204
203 205
203 206
203 207
203 210
203 211
203 212
203 213
203 224
203 227
203 228
203 230
203 231
203 232
203 233
203 234
203 235
203 251
203 377
203 378
203 379
203 380
203 381
203 382
203 383
203 384
203 385
203 386
203 387
203 388
203 389
203 390
203 391
203 392
203 393
203 394
203 395
203 396
203 397
203 399
203 431
203 432
203 433
203 434
203 435
203 437
203 438
203 456
203 458
203 462
203 464
203 465
203 466
203 467
203 468
203 491
203 494
203 495
203 496
203 500
203 501
203 502
203 503
203 505
203 506
203 507
203 508
203 509
203 510
203 511
203 513
203 515
203 535
203 552
203 554
203 555
203 557
203 571
203 589
204 205
204 206
204 209
204 210
204 213
204 224
204 225
204 228
204 229
204 231
204 232
204 234
204 267
204 376
204 379
204 380
204 381
204 383
204 384
204 385
204 386
204 387
204 388
204 389
204 390
204 391
204 392
204 393
204 394
204 395
204 396
204 397
204 398
204 399
204 430
204 432
204 436
204 447
204 456
204 460
204 462
204 463
204 464
204 465
204 466
204 467
204 480
204 489
204 490
204 491
204 492
204 493
204 499
204 500
204 502
204 503
204 504
204 505
204 506
204 507
204 508
204 509
204 510
204 511
204 512
204 513
204 529
204 536
204 549
204 550
204 551
204 552
204 553
204 555
204 557
205 206
205 211
205 225
205 227
205 229
205 230
205 231
205 232
205 378
205 379
205 380
205 381
205 382
205 383
205 385
205 386
205 387
205 388
205 389
205 390
205 391
205 392
205 393
205 394
205 395
205 396
205 397
205 398
205 431
205 432
205 433
205 457
205 458
205 460
205 463
205 464
205 466
205 468
205 474
205 490
205 492
205 493
205 501
205 503
205 504
205 505
205 506
205 507
205 508
205 509
205 510
205 511
205 517
205 551
205 552
205 553
205 557
206 226
206 229
206 231
206 232
206 267
206 377
206 378
206 388
206 390
206 392
206 393
206 394
206 395
206 456
206 462
206 494
206 498
206 505
206 511
206 551
207 211
207 226
207 232
207 378
207 389
207 392
207 395
207 396
207 430
207 457
207 460
207 488
207 511
207 549
208 212
208 225
208 226
208 227
208 232
208 329
208 380
208 383
208 388
208 390
208 456
208 458
208 461
208 471
208 488
208 500
208 504
208 505
208 507
208 511
208 546
208 548
208 551
208 552
209 228
209 229
209 266
209 386
209 388
209 389
209 390
209 392
209 393
209 397
209 430
209 456
209 457
209 463
209 464
209 466
209 488
209 498
209 500
209 501
209 502
209 504
209 506
209 507
209 508
209 509
209 510
209 552
210 228
210 229
210 232
210 377
210 379
210 381
210 382
210 385
210 387
210 388
210 393
210 394
210 397
210 428
210 430
210 431
210 457
210 460
210 463
210 464
210 465
210 466
210 489
210 490
210 494
210 498
210 501
210 504
210 505
210 508
210 510
210 511
211 212
211 225
211 228
211 230
211 231
211 232
211 376
211 378
211 380
211 382
211 391
211 393
211 395
211 396
211 434
211 456
211 458
211 461
211 462
211 464
211 465
211 500
211 502
211 503
211 506
211 507
211 508
211 512
211 551
211 553
212 227
212 229
212 230
212 268
212 376
212 387
212 389
212 392
212 393
212 395
212 396
212 433
212 499
212 500
212 501
212 503
212 506
212 507
212 553
213 230
213 385
213 388
213 393
213 394
214 395
214 588
215 234
216 523
220 396
222 271
223 379
223 460
224 376
224 379
224 385
224 388
224 389
224 433
224 435
224 455
224 460
224 490
224 500
224 503
224 549
224 550
225 377
225 378
225 387
225 388
225 390
225 391
225 396
225 431
225 433
225 434
225 456
225 460
225 461
225 463
225 488
225 499
225 500
225 508
225 549
225 551
225 553
226 227
226 233
226 379
226 383
226 384
226 386
226 387
226 389
226 391
226 392
226 393
226 394
226 396
226 397
226 458
226 461
226 462
226 489
226 492
226 498
226 500
226 502
226 503
226 505
226 506
226 508
226 509
226 511
226 550
226 552
226 554
227 228
227 231
227 384
227 386
227 389
227 393
227 396
227 397
227 430
227 459
227 460
227 461
227 462
227 490
227 499
227 500
227 502
227 503
227 505
227 507
227 508
227 509
227 510
227 548
227 552
227 554
227 555
228 229
228 230
228 231
228 232
228 233
228 378
228 379
228 380
228 382
228 383
228 384
228 390
228 391
228 393
228 394
228 395
228 396
228 431
228 433
228 459
228 463
228 464
228 465
228 488
228 490
228 491
228 499
228 500
228 501
228 502
228 503
228 504
228 505
228 509
228 510
228 550
228 552
228 553
228 555
229 230
229 231
229 232
229 379
229 380
229 382
229 384
229 387
229 388
229 389
229 392
229 395
229 396
229 397
229 398
229 432
229 434
229 458
229 459
229 460
229 461
229 462
229 463
229 464
229 465
229 466
229 489
229 500
229 501
229 503
229 504
229 505
229 506
229 508
229 509
229 511
229 532
229 551
229 552
229 553
229 554
230 231
230 378
230 379
230 381
230 382
230 384
230 385
230 387
230 388
230 389
230 390
230 391
230 393
230 394
230 395
230 396
230 397
230 399
230 431
230 432
230 434
230 459
230 460
230 461
230 462
230 463
230 465
230 466
230 467
230 489
230 499
230 500
230 501
230 502
230 503
230 505
230 506
230 507
230 509
230 510
230 511
230 550
230 552
230 553
230 557
231 376
231 379
231 380
231 383
231 384
231 385
231 386
231 387
231 390
231 391
231 392
231 393
231 394
231 395
231 396
231 397
231 398
231 429
231 433
231 437
231 460
231 462
231 463
231 464
231 489
231 490
231 493
231 500
231 502
231 503
231 504
231 505
231 506
231 507
231 508
231 509
231 510
231 511
231 548
231 552
231 553
231 554
232 377
232 379
232 380
232 381
232 382
232 383
232 385
232 387
232 388
232 389
232 390
232 391
232 392
232 393
232 394
232 395
232 396
232 397
232 398
232 429
232 430
232 431
232 432
232 435
232 458
232 459
232 461
232 463
232 464
232 465
232 490
232 493
232 501
232 503
232 504
232 505
232 506
232 507
232 508
232 509
232 511
232 551
232 553
232 554
232 556
233 382
233 386
233 388
233 391
233 394
233 395
233 396
233 432
233 436
233 465
233 502
233 506
233 507
233 511
233 515
233 550
233 552
233 555
234 367
234 391
234 392
234 394
234 430
235 571
237 383
238 438
246 393
247 468
248 390
249 327
250 510
251 466
252 561
265 554
266 394
267 397
268 396
268 510
268 550
269 387
269 436
269 563
270 390
270 393
270 400
270 558
271 284
272 399
272 509
273 476
285 538
342 463
363 397
365 573
369 590
375 388
375 394
375 464
375 488
375 513
376 379
376 383
376 390
376 395
376 460
376 461
376 464
376 498
376 499
376 507
376 508
376 551
376 555
377 383
377 384
377 388
377 390
377 393
377 394
377 395
377 429
377 431
377 456
377 461
377 462
377 463
377 464
377 465
377 500
377 501
377 502
377 503
377 504
377 507
377 510
377 549
377 550
377 551
377 554
378 384
378 385
378 386
378 387
378 389
378 390
378 391
378 392
378 395
378 430
378 456
378 457
378 464
378 465
378 466
378 467
378 489
378 490
378 499
378 501
378 502
378 503
378 505
378 508
378 509
378 511
378 550
378 551
378 552
378 555
379 380
379 384
379 386
379 388
379 390
379 391
379 392
379 393
379 394
379 395
379 396
379 398
379 430
379 431
379 456
379 459
379 463
379 490
379 492
379 501
379 504
379 506
379 510
379 511
379 550
379 554
379 555
380 384
380 386
380 388
380 390
380 392
380 393
380 396
380 397
380 430
380 432
380 458
380 459
380 460
380 461
380 462
380 463
380 464
380 465
380 466
380 490
380 492
380 500
380 502
380 503
380 505
380 507
380 509
380 510
380 550
380 551
380 553
380 554
380 555
381 382
381 384
381 385
381 386
381 388
381 389
381 390
381 391
381 393
381 394
381 395
381 396
381 397
381 432
381 433
381 434
381 458
381 459
381 461
381 462
381 463
381 465
381 488
381 489
381 491
381 501
381 503
381 504
381 505
381 506
381 507
381 510
381 548
381 549
381 550
381 551
381 552
381 553
381 554
382 384
382 385
382 387
382 389
382 391
382 392
382 393
382 394
382 395
382 397
382 437
382 460
382 461
382 462
382 463
382 464
382 465
382 493
382 499
382 501
382 502
382 506
382 507
382 508
382 511
382 551
382 552
382 553
382 554
383 384
383 385
383 386
383 388
383 389
383 390
383 391
383 392
383 393
383 395
383 397
383 429
383 432
383 457
383 459
383 460
383 461
383 462
383 463
383 464
383 465
383 466
383 488
383 501
383 502
383 503
383 504
383 505
383 506
383 507
383 508
383 509
383 510
383 516
383 549
383 550
383 551
383 552
383 553
384 385
384 387
384 388
384 389
384 390
384 391
384 393
384 394
384 395
384 396
384 397
384 433
384 457
384 459
384 460
384 462
384 463
384 464
384 465
384 466
384 488
384 490
384 491
384 500
384 501
384 503
384 504
384 505
384 506
384 507
384 509
384 510
384 511
384 551
385 386
385 388
385 389
385 390
385 391
385 392
385 393
385 394
385 395
385 396
385 397
385 398
385 428
385 433
385 435
385 457
385 460
385 461
385 462
385 463
385 464
385 490
385 491
385 492
385 497
385 498
385 500
385 501
385 502
385 503
385 504
385 505
385 506
385 507
385 508
385 509
385 510
385 511
385 512
385 549
385 550
385 551
385 552
385 553
385 554
386 387
386 388
386 389
386 390
386 391
386 392
386 393
386 394
386 395
386 396
386 397
386 428
386 429
386 430
386 431
386 432
386 433
386 455
386 456
386 458
386 460
386 461
386 462
386 463
386 464
386 465
386 490
386 491
386 497
386 501
386 502
386 503
386 504
386 505
386 506
386 507
386 508
386 509
386 510
386 551
386 552
386 553
386 554
387 388
387 389
387 390
387 391
387 392
387 393
387 394
387 395
387 396
387 397
387 430
387 431
387 432
387 457
387 460
387 461
387 463
387 464
387 465
387 466
387 489
387 491
387 500
387 502
387 503
387 504
387 505
387 506
387 507
387 508
387 509
387 510
387 511
387 550
387 552
387 553
387 554
387 555
388 389
388 390
388 391
388 392
388 393
388 394
388 395
388 396
388 397
388 430
388 432
388 458
388 459
388 460
388 462
388 463
388 464
388 465
388 493
388 499
388 501
388 502
388 503
388 504
388 505
388 506
388 507
388 508
388 509
388 510
388 511
388 514
388 550
388 553
388 554
388 555
388 557
389 390
389 391
389 392
389 393
389 394
389 395
389 396
389 397
389 431
389 432
389 433
389 434
389 435
389 458
389 459
389 460
389 461
389 462
389 463
389 464
389 465
389 466
389 491
389 500
389 501
389 502
389 503
389 504
389 505
389 506
389 507
389 508
389 509
389 510
389 511
389 512
389 549
389 551
389 552
389 553
389 554
389 555
389 560
390 391
390 392
390 393
390 394
390 395
390 396
390 397
390 430
390 431
390 433
390 434
390 460
390 461
390 463
390 464
390 465
390 466
390 471
390 488
390 490
390 491
390 492
390 498
390 499
390 501
390 503
390 504
390 505
390 506
390 507
390 508
390 509
390 510
390 511
390 551
390 552
390 553
390 555
391 392
391 393
391 394
391 395
391 396
391 397
391 398
391 430
391 432
391 459
391 461
391 462
391 463
391 464
391 465
391 466
391 467
391 488
391 489
391 492
391 493
391 500
391 502
391 505
391 506
391 507
391 508
391 509
391 510
391 511
391 549
391 551
391 552
391 554
391 557
392 393
392 394
392 395
392 396
392 397
392 431
392 432
392 434
392 458
392 460
392 462
392 463
392 464
392 465
392 467
392 490
392 491
392 492
392 500
392 502
392 503
392 506
392 507
392 508
392 509
392 510
392 511
392 512
392 550
392 552
392 554
392 555
392 556
393 394
393 395
393 396
393 397
393 432
393 433
393 459
393 461
393 463
393 464
393 465
393 490
393 491
393 493
393 499
393 501
393 504
393 505
393 506
393 507
393 508
393 509
393 510
393 511
393 553
393 554
393 556
394 395
394 396
394 397
394 398
394 431
394 433
394 434
394 435
394 457
394 460
394 461
394 462
394 463
394 464
394 465
394 466
394 467
394 489
394 490
394 493
394 495
394 500
394 504
394 505
394 506
394 507
394 508
394 509
394 510
394 511
394 550
394 551
394 552
394 553
394 554
394 556
395 396
395 397
395 398
395 431
395 459
395 461
395 463
395 464
395 465
395 467
395 468
395 488
395 489
395 490
395 492
395 493
395 495
395 498
395 501
395 502
395 504
395 505
395 506
395 507
395 508
395 509
395 510
395 511
395 512
395 549
395 551
395 553
395 554
395 555
396 397
396 399
396 432
396 433
396 434
396 435
396 460
396 461
396 463
396 464
396 465
396 466
396 467
396 473
396 490
396 501
396 502
396 503
396 504
396 505
396 506
396 507
396 508
396 509
396 510
396 511
396 512
396 551
396 552
396 553
396 554
396 555
396 556
396 558
397 398
397 431
397 432
397 433
397 434
397 457
397 459
397 460
397 462
397 463
397 464
397 465
397 491
397 492
397 498
397 501
397 502
397 503
397 504
397 505
397 506
397 508
397 509
397 510
397 511
397 549
397 552
397 554
397 560
398 429
398 491
398 504
398 508
398 558
399 463
399 479
400 459
428 461
428 490
428 491
428 553
429 431
429 432
429 459
429 462
429 504
429 510
429 511
429 549
429 554
430 431
430 432
430 456
430 460
430 500
430 501
430 502
430 504
430 508
430 510
430 549
430 551
430 552
431 432
431 434
431 457
431 458
431 459
431 460
431 462
431 463
431 465
431 467
431 490
431 491
431 499
431 503
431 504
431 506
431 509
431 511
431 550
431 551
431 553
431 554
432 456
432 457
432 460
432 461
432 463
432 464
432 465
432 489
432 493
432 505
432 506
432 507
432 509
432 510
432 511
432 551
432 553
432 555
433 456
433 458
433 459
433 464
433 465
433 500
433 502
433 505
433 506
433 508
433 509
433 510
433 551
433 554
434 464
434 491
434 498
434 501
434 511
435 464
435 465
435 501
435 507
435 509
436 510
437 498
455 489
455 509
455 552
456 462
456 465
456 500
456 503
456 504
456 508
456 550
457 463
457 498
457 499
457 501
457 503
457 507
457 508
457 509
457 548
457 554
458 461
458 462
458 463
458 490
458 491
458 498
458 505
458 506
458 510
458 550
458 551
458 552
458 553
459 462
459 490
459 493
459 499
459 500
459 501
459 502
459 503
459 504
459 505
459 509
459 510
459 549
459 550
459 552
459 554
460 461
460 462
460 463
460 464
460 489
460 490
460 500
460 501
460 502
460 503
460 504
460 506
460 507
460 508
460 549
460 550
460 551
460 552
460 555
460 571
461 462
461 464
461 490
461 491
461 497
461 500
461 501
461 502
461 505
461 506
461 507
461 508
461 509
461 510
461 549
461 550
461 552
461 554
462 463
462 464
462 465
462 489
462 491
462 499
462 501
462 503
462 504
462 505
462 506
462 508
462 509
462 510
462 513
462 549
462 552
462 554
463 464
463 465
463 491
463 500
463 501
463 502
463 503
463 504
463 505
463 506
463 507
463 509
463 510
463 551
463 552
463 553
463 554
464 465
464 489
464 490
464 500
464 501
464 502
464 503
464 504
464 505
464 506
464 507
464 508
464 509
464 510
464 511
464 553
464 554
464 555
465 466
465 488
465 490
465 491
465 492
465 495
465 499
465 501
465 502
465 504
465 505
465 506
465 507
465 508
465 509
465 510
465 511
465 549
465 551
465 552
465 553
465 554
465 557
466 501
466 503
466 505
466 507
466 508
466 509
467 508
467 521
469 470
471 509
472 524
472 551
475 562
482 558
483 539
487 501
488 503
488 555
489 490
489 502
489 503
489 506
489 511
489 516
489 548
489 549
489 551
489 552
490 499
490 504
490 507
490 508
490 510
490 511
490 552
490 556
491 494
491 499
491 507
491 508
491 509
491 510
491 551
491 552
491 553
492 502
492 503
492 507
492 508
492 509
492 511
493 508
493 510
494 505
494 554
498 506
498 507
498 511
498 550
499 500
499 502
499 503
499 504
499 509
499 548
499 553
500 503
500 504
500 506
500 508
500 510
500 549
500 551
500 553
501 502
501 503
501 504
501 506
501 507
501 509
501 510
501 511
501 551
501 552
501 553
501 554
502 503
502 505
502 506
502 507
502 508
502 509
502 514
502 550
502 551
502 552
502 553
503 504
503 505
503 506
503 507
503 508
503 509
503 510
503 551
503 552
503 553
503 555
504 505
504 506
504 507
504 508
504 509
504 510
504 511
504 550
504 551
504 552
504 553
504 554
505 506
505 507
505 508
505 510
505 512
505 551
505 552
506 507
506 509
506 510
506 511
506 512
506 548
506 551
506 552
506 555
507 508
507 509
507 510
507 511
507 513
507 551
507 552
507 556
508 509
508 510
508 511
508 550
508 551
508 552
508 554
508 555
508 556
509 510
509 511
509 550
509 553
510 511
510 533
510 552
510 553
510 554
511 550
511 551
511 552
511 553
511 554
511 555
512 556
550 554
551 552
552 554
553 554
559 598
