1 99
1 125
1 421
2 414
2 424
2 580
3 105
3 133
3 416
4 75
4 423
5 418
6 8
6 89
6 334
6 422
6 449
6 453
6 456
7 8
7 80
7 84
7 123
7 126
7 231
7 232
7 233
7 240
7 242
7 243
7 244
7 245
7 337
7 338
7 340
7 400
7 401
7 403
7 404
7 405
7 410
7 419
7 424
7 425
7 447
7 449
7 453
7 551
7 555
7 564
7 567
7 574
8 9
8 71
8 79
8 82
8 85
8 88
8 119
8 123
8 127
8 231
8 232
8 233
8 234
8 236
8 237
8 239
8 241
8 242
8 243
8 244
8 245
8 335
8 340
8 398
8 399
8 400
8 401
8 402
8 404
8 406
8 408
8 410
8 412
8 414
8 415
8 418
8 422
8 448
8 449
8 452
8 453
8 456
8 461
8 462
8 553
8 554
8 555
8 558
8 562
8 564
8 565
8 566
8 569
8 571
8 572
8 573
9 69
9 80
9 82
9 86
9 88
9 118
9 120
9 122
9 123
9 127
9 233
9 234
9 236
9 238
9 240
9 241
9 242
9 243
9 244
9 334
9 335
9 336
9 339
9 340
9 341
9 398
9 402
9 405
9 408
9 409
9 410
9 412
9 414
9 415
9 418
9 419
9 422
9 423
9 424
9 448
9 449
9 450
9 455
9 456
9 459
9 552
9 554
9 556
9 560
9 561
9 563
9 569
9 572
9 574
9 578
10 85
10 121
10 230
10 232
10 235
10 236
10 240
10 242
10 244
10 335
10 336
10 337
10 405
10 411
10 412
10 413
10 421
10 423
10 424
10 454
10 456
10 458
10 556
10 564
10 565
10 566
10 568
10 569
10 570
10 571
10 575
10 576
11 85
11 242
11 245
11 340
11 411
11 412
11 414
11 415
11 416
11 418
11 419
11 421
11 422
11 423
11 424
11 450
11 463
11 571
11 575
12 416
12 418
12 419
12 420
12 422
12 423
12 459
12 561
12 579
13 421
13 423
13 513
13 579
14 53
14 248
15 417
16 422
19 420
20 424
23 422
27 419
28 424
38 416
39 345
40 409
40 420
41 423
42 427
43 212
43 251
44 381
52 423
54 92
68 336
69 80
69 235
69 425
69 450
69 553
69 557
69 559
69 567
69 571
70 88
70 125
70 229
70 232
70 239
70 399
70 409
70 410
70 415
70 416
70 417
70 418
70 452
70 458
70 461
70 556
70 559
70 563
70 571
71 89
71 126
71 230
71 404
71 413
71 418
71 419
71 421
71 423
71 425
71 455
71 456
71 458
71 559
71 570
71 572
71 574
71 577
71 578
72 175
72 244
72 406
72 411
72 416
72 419
72 421
72 422
72 424
72 425
72 563
72 567
72 574
72 577
72 578
73 417
73 420
73 421
73 423
73 424
73 425
73 564
74 209
74 418
74 419
74 422
74 423
75 110
78 81
78 236
78 243
78 409
78 559
79 82
79 125
79 126
79 176
79 240
79 244
79 333
79 337
79 408
79 417
79 419
79 425
79 452
79 454
79 458
79 459
79 552
79 554
79 561
79 568
79 574
80 81
80 82
80 87
80 118
80 122
80 127
80 232
80 233
80 235
80 237
80 242
80 244
80 245
80 246
80 247
80 339
80 405
80 406
80 410
80 411
80 413
80 415
80 420
80 448
80 451
80 452
80 453
80 458
80 459
80 461
80 553
80 554
80 562
80 564
80 565
80 567
80 569
80 573
80 576
80 578
81 84
81 85
81 86
81 87
81 88
81 118
81 120
81 126
81 127
81 230
81 231
81 233
81 234
81 235
81 237
81 239
81 243
81 245
81 332
81 336
81 338
81 339
81 341
81 399
81 403
81 404
81 405
81 406
81 409
81 415
81 416
81 417
81 418
81 419
81 420
81 421
81 422
81 424
81 425
81 448
81 450
81 451
81 454
81 456
81 457
81 458
81 460
81 462
81 555
81 558
81 560
81 568
81 569
81 570
81 571
81 574
81 577
81 578
82 84
82 87
82 88
82 120
82 121
82 122
82 123
82 127
82 230
82 231
82 234
82 235
82 239
82 240
82 241
82 244
82 245
82 246
82 248
82 334
82 335
82 336
82 337
82 338
82 339
82 398
82 399
82 400
82 401
82 403
82 405
82 406
82 408
82 411
82 413
82 414
82 415
82 416
82 417
82 419
82 420
82 422
82 423
82 425
82 426
82 448
82 451
82 453
82 454
82 456
82 457
82 460
82 461
82 552
82 553
82 556
82 558
82 560
82 562
82 566
82 567
82 569
82 572
82 573
82 577
82 578
83 84
83 85
83 87
83 119
83 120
83 121
83 122
83 127
83 176
83 177
83 233
83 234
83 235
83 237
83 239
83 241
83 242
83 244
83 245
83 335
83 337
83 338
83 399
83 401
83 403
83 404
83 405
83 406
83 407
83 408
83 409
83 410
83 411
83 412
83 413
83 414
83 416
83 417
83 418
83 420
83 421
83 422
83 423
83 425
83 426
83 449
83 450
83 452
83 453
83 454
83 455
83 456
83 457
83 458
83 460
83 461
83 554
83 555
83 556
83 557
83 558
83 560
83 562
83 563
83 564
83 565
83 569
83 570
83 574
83 575
83 577
84 85
84 86
84 87
84 88
84 120
84 121
84 122
84 123
84 124
84 127
84 231
84 232
84 233
84 234
84 235
84 236
84 238
84 239
84 240
84 242
84 243
84 244
84 245
84 246
84 335
84 337
84 339
84 401
84 403
84 406
84 409
84 411
84 412
84 413
84 415
84 416
84 417
84 418
84 420
84 422
84 423
84 424
84 425
84 446
84 447
84 451
84 453
84 454
84 455
84 456
84 457
84 458
84 459
84 460
84 461
84 462
84 553
84 554
84 556
84 557
84 559
84 560
84 561
84 563
84 564
84 568
84 569
84 570
84 571
84 572
84 573
84 575
84 576
85 86
85 87
85 120
85 123
85 124
85 125
85 127
85 232
85 234
85 235
85 237
85 238
85 239
85 242
85 243
85 244
85 245
85 246
85 334
85 336
85 338
85 339
85 399
85 400
85 401
85 403
85 404
85 406
85 407
85 408
85 409
85 410
85 411
85 412
85 413
85 414
85 415
85 417
85 418
85 420
85 421
85 422
85 423
85 424
85 425
85 448
85 451
85 452
85 453
85 454
85 455
85 456
85 457
85 458
85 459
85 460
85 461
85 512
85 554
85 556
85 557
85 558
85 559
85 562
85 563
85 564
85 565
85 566
85 568
85 569
85 571
85 572
85 573
85 574
85 575
85 576
85 577
85 578
86 87
86 117
86 121
86 122
86 123
86 124
86 125
86 126
86 127
86 231
86 233
86 235
86 236
86 237
86 238
86 239
86 241
86 242
86 244
86 245
86 246
86 247
86 334
86 336
86 338
86 339
86 340
86 341
86 399
86 400
86 401
86 402
86 403
86 404
86 405
86 406
86 407
86 408
86 409
86 410
86 411
86 412
86 413
86 414
86 415
86 416
86 417
86 418
86 419
86 420
86 421
86 422
86 424
86 425
86 426
86 451
86 452
86 454
86 456
86 457
86 458
86 459
86 460
86 461
86 555
86 556
86 557
86 558
86 559
86 560
86 561
86 562
86 563
86 565
86 566
86 568
86 569
86 570
86 571
86 573
86 574
86 575
86 576
86 577
86 578
87 88
87 119
87 120
87 121
87 122
87 124
87 125
87 126
87 176
87 232
87 233
87 235
87 236
87 237
87 238
87 239
87 240
87 241
87 242
87 243
87 244
87 247
87 335
87 336
87 338
87 340
87 341
87 400
87 401
87 402
87 404
87 405
87 406
87 407
87 409
87 410
87 411
87 412
87 413
87 414
87 415
87 416
87 417
87 418
87 419
87 420
87 421
87 422
87 423
87 424
87 425
87 426
87 450
87 451
87 452
87 453
87 454
87 457
87 458
87 459
87 460
87 461
87 462
87 554
87 556
87 557
87 559
87 561
87 562
87 563
87 564
87 565
87 566
87 567
87 568
87 569
87 570
87 571
87 575
87 576
87 577
87 578
88 107
88 108
88 117
88 118
88 119
88 123
88 124
88 125
88 127
88 236
88 239
88 240
88 241
88 242
88 243
88 245
88 246
88 333
88 334
88 335
88 336
88 337
88 339
88 402
88 406
88 408
88 409
88 410
88 411
88 412
88 413
88 414
88 415
88 416
88 417
88 418
88 419
88 420
88 421
88 422
88 423
88 424
88 425
88 448
88 454
88 455
88 456
88 458
88 459
88 460
88 461
88 553
88 557
88 558
88 559
88 560
88 561
88 563
88 565
88 566
88 567
88 568
88 570
88 571
88 572
88 573
89 120
89 124
89 237
89 241
89 242
89 244
89 246
89 405
89 410
89 413
89 414
89 416
89 417
89 419
89 421
89 423
89 425
89 449
89 450
89 456
89 457
89 462
89 555
89 563
89 565
89 568
89 573
89 575
89 576
90 235
90 344
90 412
90 417
90 420
90 421
90 422
90 423
90 424
90 425
90 450
90 457
90 561
90 562
90 564
90 571
90 579
91 120
91 304
91 418
91 419
91 422
91 423
91 425
91 570
92 95
92 265
92 422
93 137
94 421
94 422
95 422
95 562
96 418
96 580
97 419
97 562
98 464
103 462
104 418
104 420
105 109
105 420
107 244
107 418
107 575
108 418
108 423
108 424
108 452
109 423
116 411
117 235
117 241
117 340
117 399
117 415
117 423
117 452
117 456
117 553
117 570
117 575
118 119
118 127
118 231
118 232
118 233
118 235
118 236
118 237
118 241
118 242
118 245
118 246
118 334
118 336
118 338
118 399
118 402
118 403
118 405
118 407
118 414
118 415
118 416
118 447
118 452
118 453
118 456
118 462
118 554
118 557
118 558
118 564
118 566
118 571
118 576
118 577
118 578
119 124
119 126
119 176
119 232
119 233
119 234
119 235
119 236
119 238
119 240
119 244
119 245
119 324
119 333
119 334
119 336
119 340
119 400
119 402
119 409
119 412
119 417
119 420
119 421
119 422
119 423
119 447
119 448
119 454
119 455
119 456
119 554
119 556
119 559
119 565
119 566
119 570
119 571
119 576
119 577
120 122
120 123
120 125
120 127
120 231
120 233
120 236
120 238
120 240
120 241
120 242
120 243
120 335
120 336
120 337
120 338
120 340
120 398
120 401
120 402
120 403
120 404
120 407
120 410
120 411
120 413
120 415
120 416
120 419
120 420
120 421
120 424
120 447
120 449
120 454
120 456
120 461
120 557
120 560
120 561
120 562
120 563
120 564
120 565
120 568
120 570
120 571
120 572
120 575
120 576
120 577
121 122
121 123
121 126
121 128
121 231
121 233
121 235
121 236
121 238
121 239
121 240
121 241
121 242
121 243
121 245
121 246
121 336
121 338
121 339
121 340
121 400
121 402
121 403
121 404
121 405
121 406
121 408
121 411
121 412
121 413
121 415
121 418
121 419
121 420
121 422
121 426
121 448
121 451
121 452
121 453
121 457
121 458
121 459
121 462
121 555
121 556
121 557
121 558
121 559
121 560
121 561
121 564
121 565
121 566
121 569
121 570
121 571
121 574
121 575
121 577
121 578
122 123
122 124
122 126
122 127
122 232
122 234
122 235
122 236
122 238
122 239
122 240
122 241
122 242
122 243
122 244
122 245
122 246
122 332
122 333
122 334
122 335
122 336
122 339
122 340
122 341
122 399
122 400
122 401
122 402
122 404
122 405
122 406
122 407
122 408
122 409
122 410
122 411
122 412
122 414
122 415
122 417
122 418
122 420
122 422
122 423
122 424
122 426
122 448
122 449
122 451
122 452
122 453
122 455
122 456
122 457
122 459
122 460
122 461
122 553
122 554
122 557
122 559
122 560
122 561
122 564
122 565
122 566
122 568
122 570
122 573
122 574
122 576
122 578
123 124
123 125
123 126
123 234
123 235
123 236
123 237
123 238
123 239
123 241
123 242
123 243
123 244
123 245
123 246
123 335
123 336
123 338
123 339
123 340
123 399
123 400
123 401
123 402
123 403
123 407
123 408
123 409
123 410
123 411
123 412
123 416
123 417
123 418
123 422
123 424
123 425
123 426
123 448
123 451
123 452
123 453
123 454
123 455
123 456
123 458
123 459
123 460
123 461
123 555
123 556
123 557
123 558
123 559
123 560
123 561
123 564
123 565
123 566
123 567
123 568
123 569
123 571
123 572
123 573
123 574
123 575
123 577
123 578
124 125
124 126
124 127
124 177
124 232
124 233
124 234
124 235
124 236
124 237
124 238
124 239
124 240
124 242
124 244
124 245
124 246
124 335
124 338
124 341
124 400
124 402
124 403
124 404
124 405
124 406
124 407
124 409
124 410
124 412
124 413
124 414
124 415
124 416
124 417
124 418
124 419
124 420
124 421
124 422
124 423
124 424
124 425
124 449
124 452
124 453
124 454
124 455
124 456
124 457
124 458
124 459
124 460
124 461
124 553
124 556
124 557
124 558
124 559
124 560
124 561
124 562
124 563
124 564
124 565
124 566
124 568
124 569
124 571
124 572
124 573
124 574
124 575
124 576
124 577
124 578
125 126
125 127
125 177
125 233
125 234
125 235
125 236
125 238
125 239
125 240
125 241
125 243
125 244
125 245
125 246
125 333
125 334
125 335
125 336
125 338
125 339
125 340
125 342
125 398
125 399
125 400
125 401
125 403
125 404
125 406
125 407
125 408
125 409
125 410
125 411
125 412
125 413
125 414
125 415
125 416
125 417
125 418
125 419
125 420
125 421
125 423
125 424
125 425
125 449
125 452
125 453
125 454
125 455
125 456
125 457
125 458
125 459
125 460
125 461
125 553
125 554
125 555
125 556
125 557
125 558
125 559
125 560
125 561
125 562
125 563
125 564
125 565
125 566
125 567
125 568
125 569
125 570
125 571
125 572
125 573
125 574
125 575
125 576
125 577
125 578
125 579
126 127
126 128
126 230
126 234
126 235
126 236
126 237
126 238
126 239
126 240
126 241
126 242
126 243
126 244
126 245
126 246
126 335
126 336
126 338
126 402
126 403
126 404
126 405
126 407
126 408
126 409
126 410
126 411
126 412
126 413
126 414
126 415
126 416
126 417
126 418
126 419
126 420
126 421
126 422
126 423
126 424
126 428
126 451
126 452
126 453
126 454
126 455
126 456
126 457
126 458
126 459
126 460
126 461
126 462
126 553
126 554
126 555
126 556
126 557
126 558
126 559
126 560
126 561
126 562
126 563
126 566
126 567
126 569
126 570
126 571
126 572
126 573
126 574
126 576
126 577
127 231
127 232
127 235
127 236
127 237
127 238
127 239
127 240
127 241
127 242
127 243
127 244
127 245
127 333
127 335
127 336
127 337
127 340
127 341
127 400
127 401
127 402
127 403
127 404
127 405
127 406
127 407
127 408
127 409
127 410
127 411
127 412
127 413
127 414
127 415
127 416
127 417
127 418
127 420
127 421
127 422
127 423
127 424
127 425
127 426
127 428
127 448
127 449
127 451
127 452
127 453
127 454
127 456
127 457
127 458
127 459
127 460
127 461
127 462
127 555
127 556
127 557
127 558
127 559
127 561
127 562
127 563
127 564
127 565
127 566
127 568
127 569
127 570
127 571
127 572
127 573
127 574
127 575
127 576
127 577
127 578
128 237
128 242
128 243
128 245
128 246
128 247
128 338
128 339
128 403
128 404
128 406
128 413
128 414
128 416
128 417
128 419
128 420
128 421
128 422
128 423
128 424
128 425
128 451
128 453
128 455
128 456
128 555
128 564
128 569
128 571
128 575
128 576
128 577
128 578
129 239
129 325
129 415
129 416
129 419
129 420
129 421
129 422
129 423
129 425
129 459
129 563
129 566
130 247
130 303
130 419
130 423
130 424
131 246
131 294
131 581
132 425
133 583
135 572
136 422
149 421
150 422
151 425
152 416
153 424
154 418
155 227
161 426
166 421
166 462
166 576
167 245
167 418
167 574
167 580
168 179
168 464
174 577
175 231
175 232
175 404
175 405
175 412
175 416
175 417
175 554
176 235
176 245
176 339
176 405
176 418
176 425
176 456
176 458
176 460
176 563
176 566
176 570
176 571
177 234
177 246
177 341
177 405
177 414
177 415
177 418
177 419
177 421
177 450
177 453
177 456
177 461
177 559
177 571
178 244
178 246
178 247
178 411
178 415
178 420
178 421
178 422
178 423
178 426
178 456
178 457
178 560
178 564
178 573
179 242
179 419
179 421
179 424
179 426
179 542
180 252
180 316
180 464
185 420
186 412
186 416
186 419
186 422
186 425
186 563
186 574
187 415
187 421
187 422
187 424
187 450
187 460
188 416
188 423
188 424
189 422
190 424
191 370
197 413
198 345
202 250
203 465
208 424
210 573
213 424
214 422
214 424
215 425
223 577
224 326
226 575
228 419
229 236
229 335
229 407
229 420
229 559
229 569
230 234
230 236
230 244
230 246
230 404
230 406
230 408
230 412
230 415
230 416
230 417
230 419
230 451
230 454
230 457
230 461
230 552
230 555
230 569
230 573
230 578
231 232
231 234
231 235
231 237
231 240
231 242
231 243
231 244
231 245
231 333
231 341
231 342
231 404
231 405
231 408
231 409
231 415
231 418
231 425
231 446
231 449
231 450
231 451
231 452
231 457
231 458
231 555
231 558
231 560
231 561
231 562
231 565
231 566
231 567
231 573
231 574
231 577
231 578
232 233
232 234
232 235
232 236
232 242
232 243
232 244
232 245
232 246
232 333
232 334
232 335
232 336
232 337
232 338
232 339
232 340
232 341
232 399
232 400
232 405
232 406
232 407
232 408
232 411
232 412
232 414
232 415
232 419
232 421
232 423
232 425
232 447
232 448
232 450
232 452
232 454
232 455
232 458
232 460
232 553
232 555
232 560
232 561
232 562
232 565
232 566
232 567
232 568
232 570
232 578
232 579
233 234
233 235
233 236
233 238
233 241
233 243
233 244
233 245
233 246
233 336
233 338
233 339
233 341
233 399
233 401
233 403
233 404
233 406
233 407
233 408
233 409
233 412
233 414
233 415
233 418
233 419
233 421
233 422
233 423
233 424
233 425
233 447
233 451
233 452
233 453
233 454
233 455
233 456
233 461
233 555
233 556
233 557
233 562
233 563
233 566
233 568
233 569
233 570
233 571
233 572
233 573
233 574
233 575
233 577
233 578
234 235
234 236
234 237
234 238
234 240
234 241
234 242
234 243
234 244
234 245
234 246
234 334
234 335
234 337
234 339
234 340
234 341
234 399
234 400
234 403
234 405
234 406
234 407
234 409
234 412
234 413
234 414
234 415
234 416
234 417
234 420
234 421
234 422
234 423
234 424
234 425
234 449
234 450
234 453
234 454
234 456
234 457
234 458
234 459
234 460
234 553
234 555
234 556
234 557
234 558
234 559
234 560
234 561
234 562
234 563
234 564
234 565
234 566
234 567
234 569
234 570
234 571
234 572
234 573
234 574
234 575
234 577
234 578
235 237
235 238
235 239
235 241
235 242
235 243
235 244
235 245
235 246
235 247
235 264
235 332
235 335
235 338
235 341
235 399
235 400
235 401
235 402
235 403
235 405
235 406
235 407
235 408
235 409
235 410
235 412
235 413
235 414
235 415
235 417
235 418
235 420
235 423
235 424
235 425
235 448
235 449
235 450
235 452
235 453
235 454
235 455
235 456
235 457
235 458
235 459
235 461
235 553
235 554
235 558
235 559
235 560
235 561
235 562
235 563
235 566
235 568
235 569
235 570
235 571
235 572
235 573
235 574
235 575
235 576
235 577
235 578
236 237
236 238
236 239
236 240
236 241
236 242
236 243
236 244
236 245
236 246
236 335
236 336
236 337
236 338
236 339
236 340
236 400
236 402
236 403
236 405
236 406
236 408
236 409
236 410
236 411
236 412
236 413
236 414
236 415
236 417
236 418
236 419
236 420
236 421
236 422
236 423
236 424
236 425
236 426
236 427
236 449
236 450
236 451
236 452
236 453
236 454
236 455
236 456
236 457
236 458
236 459
236 460
236 461
236 552
236 555
236 558
236 559
236 560
236 561
236 562
236 563
236 564
236 565
236 566
236 571
236 572
236 573
236 574
236 575
236 576
236 577
236 578
237 238
237 239
237 240
237 241
237 242
237 243
237 244
237 245
237 246
237 335
237 337
237 338
237 339
237 340
237 398
237 400
237 401
237 402
237 403
237 404
237 405
237 406
237 407
237 408
237 409
237 411
237 412
237 413
237 414
237 415
237 416
237 417
237 418
237 419
237 420
237 421
237 422
237 423
237 424
237 425
237 448
237 449
237 451
237 452
237 453
237 454
237 455
237 456
237 457
237 458
237 459
237 460
237 461
237 462
237 552
237 554
237 557
237 559
237 560
237 561
237 563
237 565
237 566
237 567
237 568
237 569
237 570
237 571
237 572
237 573
237 574
237 575
237 576
237 577
237 578
237 579
238 239
238 240
238 241
238 242
238 243
238 244
238 245
238 246
238 247
238 335
238 336
238 338
238 339
238 341
238 398
238 399
238 400
238 402
238 403
238 404
238 405
238 406
238 408
238 409
238 410
238 411
238 412
238 413
238 414
238 415
238 416
238 417
238 418
238 419
238 420
238 422
238 423
238 424
238 425
238 427
238 449
238 452
238 453
238 454
238 455
238 456
238 457
238 458
238 459
238 460
238 461
238 462
238 511
238 554
238 555
238 556
238 558
238 559
238 560
238 561
238 562
238 563
238 564
238 565
238 566
238 567
238 568
238 569
238 570
238 571
238 572
238 573
238 574
238 575
238 576
238 577
238 578
239 240
239 241
239 242
239 243
239 244
239 245
239 246
239 247
239 263
239 333
239 335
239 338
239 339
239 397
239 402
239 404
239 405
239 406
239 407
239 408
239 409
239 410
239 411
239 412
239 413
239 414
239 415
239 416
239 417
239 418
239 419
239 420
239 421
239 422
239 423
239 424
239 425
239 449
239 450
239 451
239 452
239 453
239 454
239 455
239 457
239 458
239 459
239 460
239 461
239 555
239 557
239 558
239 559
239 560
239 561
239 562
239 563
239 564
239 565
239 566
239 567
239 568
239 569
239 570
239 571
239 572
239 573
239 574
239 575
239 576
239 577
239 578
240 241
240 242
240 243
240 244
240 245
240 246
240 332
240 335
240 336
240 338
240 340
240 341
240 400
240 403
240 404
240 405
240 406
240 407
240 408
240 409
240 410
240 411
240 412
240 413
240 414
240 415
240 416
240 417
240 418
240 419
240 420
240 421
240 422
240 423
240 424
240 425
240 426
240 427
240 447
240 448
240 449
240 450
240 452
240 453
240 455
240 456
240 457
240 458
240 460
240 461
240 462
240 554
240 555
240 556
240 557
240 558
240 559
240 560
240 561
240 562
240 563
240 564
240 565
240 566
240 567
240 568
240 569
240 570
240 571
240 572
240 573
240 574
240 575
240 576
240 577
240 578
241 242
241 243
241 244
241 245
241 246
241 247
241 333
241 337
241 338
241 339
241 340
241 341
241 400
241 401
241 402
241 403
241 404
241 405
241 406
241 407
241 408
241 409
241 410
241 411
241 412
241 413
241 414
241 415
241 416
241 417
241 418
241 419
241 420
241 421
241 422
241 423
241 424
241 425
241 426
241 427
241 447
241 448
241 449
241 451
241 453
241 454
241 455
241 456
241 457
241 458
241 459
241 460
241 461
241 462
241 553
241 555
241 557
241 558
241 560
241 561
241 562
241 563
241 564
241 565
241 566
241 567
241 568
241 569
241 570
241 571
241 572
241 573
241 574
241 575
241 576
241 577
241 578
242 243
242 244
242 245
242 246
242 335
242 337
242 338
242 339
242 340
242 341
242 342
242 399
242 401
242 404
242 405
242 406
242 407
242 408
242 409
242 410
242 411
242 412
242 413
242 414
242 415
242 416
242 417
242 418
242 419
242 420
242 421
242 422
242 423
242 424
242 425
242 448
242 450
242 451
242 452
242 453
242 454
242 455
242 456
242 457
242 458
242 459
242 460
242 461
242 462
242 553
242 555
242 556
242 558
242 559
242 560
242 561
242 562
242 563
242 564
242 565
242 566
242 567
242 569
242 570
242 571
242 572
242 573
242 574
242 575
242 576
242 577
242 578
243 244
243 245
243 246
243 247
243 333
243 334
243 336
243 337
243 338
243 339
243 341
243 399
243 402
243 404
243 406
243 407
243 408
243 409
243 410
243 411
243 412
243 413
243 414
243 415
243 416
243 417
243 418
243 419
243 420
243 421
243 422
243 423
243 424
243 425
243 426
243 448
243 449
243 450
243 453
243 454
243 455
243 456
243 457
243 458
243 459
243 460
243 461
243 462
243 463
243 553
243 554
243 555
243 557
243 558
243 559
243 560
243 561
243 563
243 564
243 565
243 566
243 567
243 568
243 569
243 570
243 571
243 572
243 573
243 574
243 575
243 576
243 577
243 578
244 245
244 246
244 247
244 335
244 336
244 337
244 338
244 339
244 340
244 341
244 343
244 401
244 402
244 403
244 405
244 406
244 407
244 408
244 409
244 410
244 411
244 412
244 413
244 414
244 415
244 416
244 417
244 418
244 419
244 420
244 421
244 422
244 423
244 424
244 425
244 448
244 449
244 450
244 452
244 453
244 454
244 455
244 456
244 457
244 458
244 459
244 460
244 461
244 462
244 513
244 552
244 553
244 555
244 557
244 558
244 560
244 561
244 562
244 563
244 564
244 565
244 566
244 567
244 568
244 569
244 570
244 571
244 572
244 573
244 574
244 575
244 576
244 577
244 578
244 579
244 580
245 246
245 247
245 248
245 333
245 334
245 336
245 337
245 339
245 340
245 400
245 401
245 402
245 404
245 405
245 407
245 408
245 409
245 410
245 411
245 412
245 413
245 414
245 415
245 416
245 417
245 418
245 419
245 420
245 421
245 422
245 423
245 424
245 425
245 426
245 447
245 450
245 451
245 452
245 453
245 454
245 455
245 456
245 457
245 458
245 459
245 460
245 461
245 462
245 463
245 487
245 555
245 556
245 557
245 558
245 559
245 561
245 562
245 563
245 564
245 565
245 566
245 568
245 569
245 570
245 571
245 572
245 573
245 574
245 575
245 576
245 577
245 578
245 579
246 334
246 338
246 339
246 340
246 341
246 344
246 398
246 400
246 404
246 405
246 406
246 407
246 408
246 409
246 410
246 411
246 412
246 413
246 414
246 415
246 416
246 417
246 418
246 419
246 420
246 421
246 422
246 423
246 424
246 425
246 448
246 451
246 452
246 453
246 454
246 455
246 456
246 457
246 458
246 459
246 460
246 461
246 462
246 554
246 555
246 556
246 557
246 558
246 559
246 560
246 561
246 562
246 563
246 564
246 565
246 566
246 567
246 568
246 569
246 571
246 572
246 573
246 574
246 575
246 576
246 577
246 579
247 251
247 339
247 402
247 406
247 409
247 411
247 413
247 415
247 416
247 417
247 420
247 421
247 422
247 423
247 424
247 450
247 455
247 555
247 561
247 563
247 567
247 568
247 572
247 574
247 579
248 417
248 419
248 420
248 421
248 422
248 423
248 425
248 557
248 559
248 576
249 254
249 415
249 422
249 463
249 566
249 574
250 420
250 464
250 570
251 417
253 416
253 424
263 417
263 419
264 573
265 421
280 423
283 417
284 410
284 418
284 422
285 424
286 423
286 543
287 431
300 423
301 424
302 423
307 423
307 427
308 421
311 409
315 418
320 597
323 459
324 418
324 420
324 423
324 557
325 419
325 421
325 422
325 424
326 424
326 571
327 427
332 407
332 422
332 455
332 459
333 401
333 402
333 409
333 410
333 415
333 422
333 447
333 453
333 462
333 557
333 560
333 568
333 572
333 574
333 575
333 577
334 335
334 336
334 337
334 340
334 397
334 401
334 404
334 405
334 406
334 407
334 408
334 409
334 410
334 411
334 414
334 415
334 417
334 418
334 422
334 425
334 449
334 458
334 459
334 461
334 553
334 554
334 556
334 557
334 561
334 562
334 564
334 566
334 568
334 569
334 571
334 572
334 573
334 575
334 576
335 340
335 342
335 398
335 400
335 404
335 405
335 408
335 411
335 416
335 417
335 420
335 421
335 423
335 425
335 426
335 448
335 450
335 451
335 452
335 454
335 457
335 458
335 459
335 556
335 557
335 560
335 561
335 564
335 565
335 567
335 568
335 569
335 570
335 572
335 575
335 576
335 577
335 578
336 337
336 338
336 401
336 402
336 403
336 404
336 405
336 408
336 411
336 412
336 413
336 414
336 415
336 416
336 417
336 419
336 420
336 423
336 425
336 448
336 450
336 451
336 453
336 454
336 456
336 458
336 459
336 460
336 461
336 462
336 553
336 554
336 555
336 557
336 558
336 561
336 562
336 564
336 565
336 566
336 567
336 570
336 571
336 572
336 573
336 574
336 575
336 576
336 577
337 338
337 339
337 340
337 341
337 342
337 401
337 403
337 406
337 407
337 410
337 411
337 412
337 414
337 416
337 417
337 419
337 420
337 421
337 422
337 423
337 424
337 425
337 426
337 449
337 451
337 452
337 454
337 455
337 456
337 458
337 460
337 552
337 554
337 555
337 556
337 557
337 558
337 559
337 561
337 562
337 563
337 564
337 565
337 566
337 568
337 569
337 570
337 571
337 572
337 574
337 576
337 577
338 340
338 341
338 399
338 400
338 401
338 402
338 403
338 404
338 406
338 407
338 408
338 410
338 411
338 412
338 413
338 414
338 415
338 416
338 417
338 419
338 420
338 421
338 422
338 423
338 424
338 425
338 427
338 448
338 451
338 452
338 454
338 455
338 456
338 457
338 458
338 459
338 460
338 461
338 552
338 553
338 556
338 557
338 559
338 561
338 562
338 563
338 564
338 565
338 566
338 568
338 569
338 570
338 571
338 572
338 573
338 575
338 576
338 577
339 340
339 341
339 403
339 404
339 405
339 406
339 407
339 408
339 409
339 410
339 411
339 413
339 414
339 415
339 416
339 417
339 418
339 419
339 420
339 421
339 422
339 423
339 424
339 425
339 427
339 450
339 451
339 453
339 454
339 455
339 456
339 457
339 459
339 460
339 461
339 462
339 555
339 557
339 560
339 561
339 562
339 563
339 564
339 565
339 566
339 567
339 568
339 569
339 570
339 571
339 572
339 573
339 574
339 575
339 576
339 577
339 578
340 341
340 400
340 401
340 402
340 403
340 404
340 405
340 406
340 407
340 408
340 409
340 410
340 411
340 413
340 414
340 415
340 417
340 418
340 419
340 421
340 422
340 424
340 426
340 428
340 446
340 450
340 451
340 452
340 454
340 455
340 456
340 457
340 458
340 459
340 460
340 461
340 462
340 552
340 554
340 555
340 556
340 557
340 559
340 560
340 561
340 562
340 563
340 564
340 565
340 566
340 567
340 568
340 569
340 570
340 571
340 572
340 574
340 575
340 576
340 577
340 578
340 579
341 398
341 404
341 408
341 410
341 411
341 412
341 413
341 414
341 415
341 416
341 417
341 418
341 420
341 421
341 423
341 424
341 450
341 451
341 458
341 459
341 461
341 559
341 560
341 561
341 562
341 563
341 565
341 567
341 568
341 571
341 572
341 575
341 576
341 577
341 578
342 410
342 412
342 416
342 417
342 418
342 419
342 420
342 421
342 422
342 423
342 424
342 425
342 447
342 455
342 457
342 460
342 461
342 567
342 569
342 571
342 572
342 575
343 411
343 417
343 418
343 420
343 421
343 422
343 423
343 425
343 460
343 564
343 565
344 418
344 421
344 422
344 424
344 426
344 563
345 423
346 598
353 421
354 424
364 417
368 424
369 428
380 424
385 426
397 414
397 424
397 446
397 554
397 560
397 565
397 573
398 400
398 417
398 418
398 422
398 425
398 447
398 451
398 456
398 458
398 556
398 558
398 561
398 569
398 570
398 578
399 400
399 404
399 405
399 409
399 411
399 415
399 416
399 420
399 421
399 423
399 425
399 427
399 451
399 453
399 455
399 456
399 459
399 461
399 556
399 557
399 559
399 563
399 565
399 566
399 570
399 574
399 575
399 578
400 401
400 403
400 405
400 407
400 408
400 409
400 411
400 413
400 414
400 415
400 420
400 422
400 425
400 447
400 453
400 454
400 457
400 458
400 459
400 460
400 461
400 463
400 556
400 557
400 561
400 564
400 570
400 574
400 578
401 403
401 405
401 406
401 407
401 408
401 410
401 411
401 412
401 413
401 414
401 415
401 418
401 419
401 421
401 422
401 423
401 425
401 426
401 447
401 449
401 450
401 451
401 452
401 457
401 459
401 460
401 554
401 555
401 556
401 557
401 558
401 559
401 560
401 561
401 564
401 566
401 567
401 568
401 570
401 571
401 575
401 576
401 577
401 578
402 403
402 404
402 405
402 408
402 409
402 410
402 411
402 413
402 414
402 417
402 418
402 419
402 422
402 425
402 426
402 450
402 452
402 453
402 454
402 456
402 458
402 459
402 460
402 554
402 555
402 558
402 559
402 560
402 561
402 562
402 563
402 564
402 565
402 566
402 567
402 569
402 570
402 571
402 572
402 573
402 574
402 576
402 578
403 405
403 406
403 408
403 409
403 411
403 412
403 413
403 414
403 415
403 416
403 417
403 418
403 419
403 420
403 421
403 422
403 423
403 424
403 425
403 426
403 447
403 449
403 450
403 451
403 453
403 454
403 455
403 456
403 458
403 461
403 556
403 557
403 558
403 559
403 560
403 561
403 562
403 565
403 567
403 568
403 569
403 570
403 571
403 572
403 573
403 574
403 575
403 576
403 577
403 578
404 405
404 406
404 407
404 408
404 410
404 412
404 413
404 414
404 416
404 417
404 418
404 419
404 420
404 421
404 422
404 423
404 427
404 448
404 452
404 453
404 454
404 455
404 456
404 457
404 458
404 459
404 460
404 461
404 462
404 555
404 556
404 558
404 559
404 560
404 561
404 562
404 563
404 564
404 565
404 566
404 567
404 568
404 570
404 571
404 572
404 573
404 574
404 575
404 576
404 577
404 578
405 406
405 407
405 408
405 409
405 410
405 412
405 413
405 414
405 415
405 416
405 417
405 418
405 419
405 420
405 424
405 425
405 449
405 451
405 452
405 453
405 454
405 455
405 456
405 457
405 458
405 459
405 460
405 461
405 462
405 556
405 559
405 560
405 561
405 562
405 563
405 564
405 566
405 567
405 568
405 569
405 570
405 571
405 572
405 573
405 574
405 575
405 576
405 577
405 578
406 407
406 408
406 410
406 411
406 412
406 413
406 414
406 415
406 416
406 417
406 418
406 419
406 420
406 421
406 422
406 424
406 425
406 442
406 448
406 451
406 452
406 453
406 454
406 456
406 457
406 458
406 459
406 460
406 461
406 554
406 555
406 556
406 557
406 558
406 559
406 560
406 561
406 562
406 563
406 564
406 565
406 566
406 567
406 568
406 569
406 570
406 571
406 572
406 573
406 574
406 575
406 576
406 578
407 408
407 409
407 410
407 411
407 412
407 413
407 414
407 415
407 416
407 417
407 418
407 419
407 420
407 421
407 422
407 423
407 424
407 425
407 449
407 450
407 451
407 452
407 453
407 454
407 455
407 456
407 457
407 458
407 459
407 460
407 461
407 554
407 556
407 557
407 558
407 559
407 560
407 561
407 562
407 563
407 564
407 565
407 566
407 567
407 568
407 569
407 570
407 571
407 572
407 573
407 574
407 575
407 576
407 577
408 409
408 410
408 411
408 412
408 413
408 414
408 415
408 416
408 417
408 418
408 419
408 420
408 421
408 422
408 423
408 424
408 425
408 449
408 450
408 451
408 452
408 453
408 454
408 455
408 456
408 457
408 458
408 459
408 460
408 461
408 555
408 556
408 557
408 558
408 559
408 560
408 561
408 562
408 563
408 564
408 565
408 566
408 567
408 568
408 569
408 570
408 571
408 572
408 573
408 574
408 575
408 576
408 577
408 578
409 410
409 411
409 412
409 413
409 414
409 415
409 416
409 417
409 418
409 419
409 420
409 421
409 422
409 423
409 424
409 425
409 449
409 450
409 451
409 452
409 453
409 454
409 455
409 456
409 457
409 458
409 459
409 460
409 461
409 553
409 555
409 556
409 557
409 558
409 560
409 561
409 562
409 563
409 564
409 565
409 566
409 567
409 568
409 569
409 571
409 572
409 573
409 574
409 576
409 577
409 578
410 411
410 412
410 413
410 414
410 415
410 416
410 417
410 418
410 419
410 420
410 421
410 422
410 423
410 424
410 425
410 426
410 447
410 448
410 450
410 451
410 452
410 453
410 454
410 455
410 456
410 457
410 458
410 459
410 460
410 461
410 462
410 556
410 557
410 559
410 561
410 562
410 563
410 564
410 565
410 566
410 567
410 568
410 569
410 570
410 571
410 572
410 573
410 574
410 575
410 576
410 577
410 578
410 579
411 412
411 413
411 414
411 415
411 416
411 417
411 418
411 419
411 420
411 421
411 422
411 423
411 424
411 425
411 448
411 449
411 450
411 452
411 453
411 454
411 455
411 456
411 457
411 458
411 459
411 460
411 461
411 462
411 554
411 557
411 558
411 559
411 560
411 561
411 562
411 563
411 564
411 565
411 566
411 567
411 568
411 569
411 570
411 571
411 572
411 573
411 574
411 575
411 576
411 577
411 578
411 579
412 413
412 414
412 415
412 416
412 417
412 418
412 419
412 420
412 421
412 422
412 423
412 424
412 425
412 426
412 428
412 449
412 451
412 452
412 453
412 454
412 455
412 456
412 457
412 458
412 459
412 460
412 461
412 553
412 554
412 555
412 556
412 557
412 558
412 559
412 560
412 561
412 562
412 563
412 564
412 565
412 566
412 567
412 568
412 569
412 570
412 571
412 572
412 573
412 574
412 575
412 576
412 577
412 578
413 414
413 415
413 416
413 417
413 418
413 419
413 420
413 421
413 422
413 423
413 424
413 425
413 451
413 452
413 453
413 454
413 455
413 456
413 457
413 458
413 459
413 460
413 461
413 462
413 463
413 554
413 555
413 556
413 557
413 558
413 562
413 563
413 564
413 565
413 566
413 567
413 568
413 569
413 570
413 571
413 572
413 573
413 574
413 575
413 576
413 577
413 578
414 415
414 416
414 417
414 418
414 419
414 420
414 421
414 422
414 423
414 424
414 425
414 426
414 448
414 449
414 450
414 451
414 452
414 453
414 454
414 455
414 456
414 457
414 458
414 459
414 460
414 461
414 462
414 463
414 554
414 555
414 556
414 557
414 558
414 559
414 560
414 561
414 562
414 563
414 564
414 565
414 566
414 567
414 568
414 569
414 570
414 571
414 572
414 573
414 574
414 575
414 576
414 577
414 578
414 579
415 416
415 417
415 418
415 419
415 420
415 421
415 422
415 423
415 424
415 425
415 426
415 427
415 451
415 452
415 453
415 454
415 455
415 456
415 457
415 458
415 459
415 460
415 461
415 462
415 553
415 556
415 558
415 559
415 560
415 561
415 562
415 563
415 564
415 565
415 566
415 567
415 568
415 569
415 570
415 571
415 572
415 573
415 574
415 575
415 576
415 577
415 578
416 417
416 418
416 419
416 420
416 421
416 422
416 423
416 424
416 425
416 426
416 447
416 452
416 453
416 454
416 455
416 456
416 457
416 458
416 459
416 460
416 461
416 462
416 504
416 540
416 552
416 556
416 557
416 559
416 560
416 561
416 562
416 563
416 564
416 565
416 566
416 567
416 568
416 569
416 570
416 571
416 572
416 573
416 574
416 575
416 576
416 577
416 578
416 579
417 418
417 419
417 420
417 421
417 422
417 423
417 424
417 425
417 426
417 428
417 430
417 447
417 449
417 450
417 451
417 453
417 454
417 455
417 457
417 458
417 459
417 460
417 461
417 462
417 463
417 465
417 554
417 556
417 558
417 559
417 560
417 561
417 562
417 563
417 564
417 565
417 566
417 567
417 568
417 569
417 570
417 571
417 572
417 573
417 574
417 575
417 576
417 577
417 578
417 579
417 593
417 596
418 419
418 420
418 421
418 422
418 423
418 424
418 425
418 426
418 427
418 449
418 451
418 453
418 454
418 455
418 456
418 457
418 458
418 459
418 460
418 461
418 462
418 463
418 553
418 554
418 556
418 557
418 559
418 560
418 561
418 562
418 563
418 564
418 565
418 566
418 567
418 568
418 569
418 570
418 571
418 572
418 573
418 574
418 575
418 576
418 577
418 578
418 579
419 420
419 421
419 422
419 423
419 424
419 425
419 426
419 451
419 453
419 454
419 455
419 456
419 457
419 458
419 459
419 460
419 461
419 462
419 463
419 554
419 556
419 558
419 559
419 560
419 562
419 563
419 564
419 565
419 566
419 567
419 568
419 569
419 570
419 571
419 572
419 573
419 574
419 575
419 576
419 577
419 578
419 579
420 421
420 422
420 423
420 424
420 425
420 426
420 427
420 433
420 435
420 439
420 451
420 452
420 453
420 454
420 455
420 456
420 457
420 458
420 459
420 460
420 461
420 462
420 463
420 505
420 552
420 553
420 555
420 556
420 558
420 559
420 560
420 561
420 562
420 563
420 564
420 565
420 566
420 567
420 568
420 569
420 570
420 571
420 572
420 573
420 574
420 575
420 576
420 577
420 578
420 579
420 596
421 422
421 423
421 424
421 425
421 426
421 427
421 450
421 451
421 452
421 453
421 454
421 455
421 456
421 457
421 458
421 459
421 460
421 461
421 462
421 463
421 508
421 556
421 558
421 559
421 560
421 561
421 562
421 563
421 564
421 565
421 566
421 567
421 568
421 569
421 570
421 571
421 572
421 573
421 574
421 575
421 576
421 577
421 578
421 579
421 580
421 593
422 423
422 424
422 425
422 426
422 427
422 428
422 429
422 440
422 443
422 444
422 448
422 449
422 451
422 452
422 453
422 455
422 456
422 457
422 458
422 459
422 460
422 461
422 462
422 463
422 464
422 513
422 529
422 541
422 553
422 554
422 557
422 559
422 560
422 561
422 562
422 563
422 564
422 565
422 566
422 567
422 568
422 569
422 570
422 571
422 572
422 573
422 574
422 575
422 576
422 577
422 578
422 579
422 580
422 582
422 597
423 424
423 425
423 426
423 427
423 428
423 429
423 430
423 434
423 439
423 447
423 448
423 449
423 450
423 451
423 452
423 454
423 455
423 456
423 457
423 458
423 459
423 460
423 461
423 462
423 463
423 476
423 513
423 552
423 553
423 556
423 558
423 559
423 560
423 561
423 562
423 563
423 564
423 565
423 566
423 567
423 568
423 569
423 570
423 571
423 572
423 573
423 574
423 575
423 576
423 577
423 578
423 579
423 580
424 425
424 426
424 427
424 428
424 429
424 430
424 448
424 449
424 453
424 454
424 455
424 456
424 457
424 458
424 459
424 460
424 461
424 462
424 463
424 484
424 512
424 514
424 543
424 552
424 555
424 557
424 559
424 560
424 561
424 562
424 563
424 564
424 565
424 566
424 567
424 568
424 569
424 570
424 571
424 572
424 573
424 574
424 575
424 576
424 577
424 578
424 579
425 426
425 429
425 450
425 451
425 452
425 454
425 455
425 456
425 457
425 458
425 459
425 460
425 461
425 462
425 463
425 514
425 553
425 554
425 555
425 557
425 558
425 560
425 561
425 562
425 563
425 564
425 565
425 566
425 567
425 568
425 569
425 570
425 571
425 572
425 573
425 574
425 575
425 576
425 577
425 578
425 579
425 580
426 453
426 456
426 458
426 462
426 552
426 556
426 557
426 562
426 563
426 565
426 566
426 568
426 576
426 578
426 580
426 597
427 456
427 577
428 563
435 594
447 450
447 452
447 460
447 554
447 566
447 567
447 578
448 451
448 462
448 553
448 565
448 566
448 567
448 568
448 569
448 571
448 572
448 575
448 576
448 577
449 450
449 452
449 456
449 458
449 461
449 554
449 556
449 561
449 562
449 566
449 567
449 568
449 569
449 572
449 573
449 574
449 576
449 577
450 451
450 452
450 453
450 454
450 455
450 456
450 458
450 459
450 460
450 461
450 552
450 554
450 556
450 558
450 561
450 564
450 567
450 570
450 572
450 573
450 575
450 577
451 452
451 453
451 455
451 456
451 457
451 458
451 459
451 554
451 555
451 556
451 557
451 558
451 559
451 560
451 563
451 564
451 565
451 566
451 567
451 569
451 573
451 575
451 576
451 577
451 578
452 453
452 454
452 455
452 457
452 458
452 459
452 460
452 461
452 553
452 554
452 555
452 557
452 560
452 561
452 564
452 566
452 567
452 568
452 569
452 570
452 571
452 572
452 575
452 576
452 577
452 578
453 454
453 455
453 456
453 457
453 458
453 459
453 460
453 461
453 462
453 553
453 554
453 555
453 556
453 558
453 559
453 560
453 561
453 562
453 563
453 564
453 566
453 567
453 568
453 570
453 571
453 572
453 574
453 575
453 576
453 577
453 578
454 455
454 456
454 457
454 458
454 459
454 460
454 461
454 462
454 556
454 557
454 558
454 559
454 560
454 561
454 562
454 563
454 564
454 565
454 566
454 567
454 568
454 569
454 570
454 572
454 573
454 574
454 575
454 576
454 577
454 578
455 456
455 457
455 458
455 459
455 460
455 461
455 462
455 554
455 556
455 557
455 558
455 559
455 561
455 562
455 563
455 564
455 566
455 567
455 568
455 569
455 570
455 571
455 572
455 573
455 574
455 575
455 576
455 577
455 578
456 457
456 458
456 459
456 460
456 512
456 554
456 556
456 558
456 559
456 560
456 561
456 562
456 563
456 564
456 565
456 566
456 567
456 568
456 569
456 570
456 571
456 572
456 573
456 574
456 575
456 576
456 577
456 578
457 458
457 459
457 460
457 461
457 462
457 556
457 558
457 560
457 561
457 562
457 563
457 564
457 565
457 566
457 567
457 568
457 569
457 570
457 571
457 572
457 573
457 574
457 575
457 576
458 459
458 460
458 461
458 555
458 556
458 557
458 558
458 559
458 560
458 561
458 562
458 563
458 564
458 565
458 566
458 567
458 568
458 569
458 570
458 571
458 572
458 573
458 574
458 575
458 576
458 577
458 578
459 460
459 461
459 552
459 553
459 556
459 558
459 559
459 561
459 562
459 563
459 564
459 565
459 566
459 567
459 568
459 569
459 570
459 571
459 572
459 573
459 574
459 575
459 576
459 577
459 578
459 579
460 461
460 462
460 463
460 554
460 556
460 557
460 560
460 561
460 562
460 563
460 564
460 565
460 566
460 567
460 568
460 569
460 570
460 571
460 572
460 573
460 574
460 575
460 576
460 577
460 578
461 462
461 481
461 554
461 555
461 556
461 558
461 559
461 560
461 561
461 562
461 563
461 564
461 565
461 566
461 567
461 568
461 569
461 570
461 571
461 572
461 573
461 574
461 575
461 576
461 577
461 578
462 463
462 561
462 562
462 563
462 564
462 565
462 566
462 567
462 568
462 569
462 570
462 573
462 574
462 576
462 577
462 578
463 569
463 576
464 568
465 515
466 572
488 582
530 567
544 574
551 565
551 566
552 554
552 573
553 555
553 557
553 561
553 562
553 563
553 565
553 566
553 568
553 573
553 576
553 579
554 555
554 559
554 560
554 561
554 562
554 563
554 565
554 566
554 567
554 569
554 570
554 573
554 577
555 556
555 557
555 558
555 560
555 561
555 562
555 563
555 564
555 565
555 566
555 567
555 568
555 570
555 571
555 572
555 573
555 574
555 577
555 578
556 558
556 560
556 561
556 562
556 563
556 564
556 565
556 566
556 567
556 568
556 572
556 573
556 575
556 576
556 577
556 578
557 561
557 562
557 564
557 565
557 566
557 567
557 568
557 569
557 570
557 571
557 572
557 573
557 574
557 575
557 576
557 578
558 559
558 560
558 561
558 562
558 563
558 564
558 566
558 568
558 569
558 570
558 572
558 574
558 575
558 576
558 577
558 578
559 560
559 561
559 562
559 563
559 564
559 565
559 566
559 567
559 568
559 570
559 571
559 572
559 573
559 574
559 575
559 576
559 577
559 578
560 562
560 563
560 564
560 566
560 567
560 568
560 569
560 570
560 571
560 572
560 573
560 574
560 575
560 576
560 577
560 578
561 562
561 563
561 564
561 565
561 566
561 567
561 569
561 570
561 571
561 572
561 573
561 574
561 575
561 576
561 577
561 579
562 563
562 564
562 565
562 566
562 567
562 568
562 570
562 571
562 572
562 573
562 574
562 575
562 576
562 577
562 578
563 564
563 565
563 566
563 567
563 568
563 569
563 570
563 571
563 572
563 573
563 574
563 575
563 576
563 577
563 578
564 565
564 566
564 567
564 568
564 569
564 570
564 571
564 572
564 573
564 574
564 575
564 576
564 577
564 578
565 566
565 567
565 568
565 569
565 570
565 571
565 572
565 573
565 574
565 575
565 576
565 577
566 567
566 568
566 569
566 570
566 571
566 572
566 573
566 574
566 575
566 576
566 577
566 578
567 568
567 569
567 570
567 571
567 572
567 573
567 574
567 575
567 576
567 577
567 578
567 581
568 569
568 570
568 571
568 572
568 573
568 574
568 575
568 576
568 577
569 570
569 571
569 572
569 573
569 574
569 576
569 577
569 578
569 579
570 571
570 572
570 573
570 574
570 575
570 576
570 577
571 572
571 573
571 574
571 575
571 576
571 577
571 578
572 573
572 574
572 575
572 576
572 577
572 578
572 581
573 574
573 575
573 576
573 577
573 578
574 575
574 576
574 577
574 578
574 579
575 576
575 577
575 578
576 577
576 578
577 578
578 579
