1 2
1 3
1 4
1 31
1 41
1 177
1 202
1 204
1 207
1 209
1 210
1 211
1 212
1 213
1 214
1 216
1 217
1 218
1 219
1 220
1 221
1 222
1 223
1 224
1 225
1 226
1 227
1 228
1 229
1 230
1 231
1 232
1 233
1 249
1 250
1 251
1 252
1 253
1 254
1 255
1 257
1 258
1 259
1 260
1 261
1 262
1 263
1 264
1 265
1 266
1 267
1 302
1 319
1 351
1 378
1 380
1 382
1 384
1 386
1 387
1 389
1 390
1 391
1 392
1 393
1 394
1 395
1 396
1 397
1 398
1 399
1 400
1 401
1 405
1 406
1 407
1 408
1 409
1 410
1 411
1 412
1 413
1 414
1 415
1 417
1 418
1 419
1 420
1 421
1 422
1 423
1 424
1 433
1 461
1 482
1 495
1 496
1 498
1 499
1 500
1 501
1 502
1 503
1 504
1 505
1 506
1 507
1 508
1 509
1 510
1 511
1 512
1 513
1 514
1 515
1 516
1 546
1 559
1 572
2 3
2 4
2 5
2 11
2 30
2 42
2 206
2 208
2 209
2 210
2 211
2 212
2 213
2 214
2 215
2 216
2 217
2 218
2 219
2 220
2 221
2 222
2 223
2 224
2 225
2 226
2 227
2 228
2 229
2 230
2 231
2 232
2 249
2 250
2 253
2 256
2 257
2 258
2 259
2 260
2 261
2 262
2 263
2 264
2 265
2 266
2 267
2 268
2 269
2 306
2 307
2 336
2 350
2 357
2 380
2 383
2 384
2 385
2 388
2 390
2 391
2 392
2 393
2 394
2 395
2 396
2 397
2 398
2 399
2 400
2 401
2 405
2 406
2 407
2 410
2 411
2 412
2 413
2 414
2 415
2 416
2 417
2 418
2 419
2 420
2 421
2 422
2 423
2 424
2 485
2 493
2 496
2 497
2 498
2 499
2 500
2 501
2 502
2 503
2 504
2 505
2 506
2 507
2 508
2 509
2 510
2 511
2 512
2 513
2 514
2 515
2 516
2 545
3 4
3 5
3 10
3 178
3 205
3 206
3 207
3 208
3 210
3 211
3 212
3 213
3 214
3 215
3 217
3 218
3 219
3 220
3 221
3 222
3 223
3 224
3 225
3 226
3 227
3 228
3 229
3 230
3 231
3 232
3 241
3 249
3 251
3 252
3 254
3 255
3 256
3 257
3 258
3 259
3 260
3 261
3 262
3 263
3 264
3 265
3 266
3 267
3 272
3 274
3 302
3 307
3 321
3 337
3 379
3 382
3 383
3 384
3 385
3 386
3 387
3 388
3 389
3 390
3 391
3 392
3 393
3 394
3 395
3 396
3 397
3 398
3 399
3 400
3 401
3 405
3 406
3 407
3 408
3 410
3 411
3 412
3 413
3 414
3 415
3 416
3 417
3 418
3 419
3 420
3 421
3 422
3 423
3 424
3 425
3 454
3 495
3 497
3 498
3 499
3 501
3 502
3 503
3 504
3 505
3 506
3 507
3 508
3 509
3 510
3 511
3 512
3 513
3 514
3 515
4 206
4 208
4 213
4 215
4 216
4 217
4 218
4 219
4 220
4 221
4 222
4 223
4 224
4 225
4 226
4 227
4 228
4 229
4 230
4 231
4 232
4 233
4 254
4 256
4 257
4 258
4 259
4 260
4 261
4 262
4 263
4 265
4 266
4 268
4 269
4 364
4 382
4 384
4 385
4 386
4 387
4 388
4 390
4 391
4 393
4 394
4 395
4 396
4 398
4 399
4 400
4 401
4 407
4 409
4 410
4 411
4 412
4 413
4 414
4 417
4 419
4 420
4 421
4 422
4 423
4 435
4 494
4 500
4 504
4 505
4 506
4 507
4 508
4 509
4 510
4 512
4 513
4 514
4 515
4 516
4 572
5 205
5 222
5 226
5 227
5 228
5 229
5 231
5 232
5 255
5 257
5 264
5 268
5 393
5 395
5 397
5 423
5 424
5 425
5 505
5 510
5 515
5 516
6 206
6 218
6 230
6 234
6 392
6 400
6 560
7 267
7 281
7 573
8 463
10 411
11 230
12 233
14 227
19 229
20 230
49 512
50 353
50 379
87 400
88 518
89 228
89 499
90 426
99 223
99 561
100 570
102 219
115 226
115 512
116 229
116 387
116 512
117 228
118 434
128 404
130 266
131 483
132 415
133 309
133 380
134 351
164 231
165 230
165 231
181 231
181 559
182 516
183 512
191 269
195 560
203 225
203 263
203 388
203 573
204 211
204 223
204 254
204 257
204 262
204 395
204 402
204 405
204 411
204 423
204 509
204 514
205 207
205 208
205 213
205 215
205 220
205 223
205 226
205 227
205 228
205 231
205 248
205 252
205 256
205 257
205 263
205 265
205 273
205 385
205 386
205 388
205 390
205 391
205 393
205 396
205 397
205 401
205 403
205 406
205 411
205 412
205 415
205 417
205 493
205 495
205 498
205 506
205 510
205 513
206 210
206 212
206 213
206 214
206 215
206 216
206 218
206 221
206 226
206 228
206 230
206 249
206 250
206 253
206 257
206 258
206 263
206 267
206 384
206 385
206 389
206 390
206 391
206 395
206 398
206 400
206 402
206 404
206 406
206 411
206 413
206 414
206 419
206 421
206 422
206 494
206 495
206 497
206 506
206 508
206 510
207 210
207 213
207 216
207 220
207 222
207 223
207 225
207 230
207 249
207 251
207 253
207 255
207 256
207 259
207 261
207 262
207 263
207 265
207 266
207 267
207 379
207 383
207 385
207 386
207 387
207 389
207 390
207 391
207 392
207 396
207 397
207 399
207 402
207 404
207 408
207 409
207 410
207 411
207 413
207 414
207 415
207 416
207 417
207 419
207 420
207 421
207 424
207 496
207 499
207 500
207 503
207 504
207 507
207 508
207 509
207 510
207 511
207 512
207 514
208 209
208 210
208 211
208 212
208 214
208 215
208 216
208 217
208 219
208 220
208 221
208 224
208 225
208 228
208 229
208 230
208 231
208 252
208 253
208 254
208 255
208 257
208 258
208 260
208 261
208 262
208 263
208 264
208 267
208 381
208 383
208 384
208 385
208 386
208 388
208 389
208 390
208 394
208 395
208 396
208 398
208 399
208 404
208 406
208 408
208 409
208 413
208 414
208 415
208 419
208 422
208 494
208 496
208 498
208 499
208 500
208 502
208 503
208 504
208 505
208 506
208 507
208 508
208 509
208 510
208 511
208 513
209 210
209 211
209 212
209 214
209 215
209 216
209 220
209 221
209 222
209 223
209 224
209 225
209 227
209 228
209 229
209 230
209 248
209 251
209 252
209 253
209 254
209 255
209 256
209 257
209 258
209 259
209 260
209 261
209 262
209 263
209 264
209 265
209 266
209 267
209 379
209 380
209 382
209 383
209 384
209 386
209 387
209 388
209 392
209 393
209 394
209 395
209 398
209 399
209 400
209 401
209 403
209 404
209 406
209 407
209 408
209 412
209 414
209 415
209 416
209 417
209 418
209 419
209 420
209 421
209 422
209 423
209 496
209 498
209 499
209 501
209 502
209 503
209 505
209 506
209 507
209 508
209 509
209 510
209 511
209 512
209 513
210 211
210 212
210 213
210 214
210 215
210 216
210 217
210 218
210 219
210 220
210 221
210 222
210 223
210 224
210 225
210 226
210 227
210 229
210 230
210 231
210 249
210 250
210 252
210 254
210 255
210 256
210 257
210 259
210 260
210 261
210 263
210 264
210 265
210 266
210 381
210 382
210 383
210 385
210 386
210 387
210 388
210 389
210 390
210 391
210 394
210 395
210 396
210 397
210 398
210 399
210 400
210 401
210 403
210 405
210 406
210 408
210 409
210 410
210 411
210 412
210 413
210 414
210 415
210 416
210 417
210 419
210 420
210 421
210 422
210 423
210 494
210 496
210 497
210 498
210 499
210 500
210 503
210 505
210 506
210 508
210 509
210 510
210 511
210 512
210 514
211 212
211 213
211 214
211 215
211 216
211 219
211 220
211 222
211 223
211 224
211 225
211 227
211 228
211 229
211 230
211 231
211 249
211 252
211 253
211 254
211 255
211 257
211 258
211 259
211 261
211 262
211 263
211 264
211 266
211 267
211 379
211 382
211 383
211 384
211 385
211 387
211 388
211 390
211 391
211 392
211 393
211 394
211 395
211 398
211 399
211 402
211 404
211 405
211 408
211 409
211 410
211 412
211 413
211 415
211 416
211 417
211 418
211 419
211 420
211 421
211 422
211 495
211 496
211 499
211 500
211 501
211 502
211 504
211 505
211 506
211 508
211 510
211 511
211 512
211 513
211 514
211 515
212 213
212 215
212 216
212 217
212 218
212 219
212 220
212 221
212 222
212 224
212 225
212 226
212 227
212 228
212 229
212 230
212 231
212 250
212 252
212 253
212 254
212 255
212 256
212 257
212 258
212 259
212 260
212 261
212 262
212 263
212 264
212 265
212 266
212 267
212 380
212 382
212 386
212 387
212 388
212 389
212 390
212 391
212 392
212 393
212 394
212 395
212 396
212 397
212 398
212 399
212 401
212 406
212 407
212 408
212 409
212 410
212 412
212 413
212 414
212 415
212 416
212 417
212 418
212 419
212 420
212 421
212 422
212 493
212 494
212 495
212 496
212 498
212 499
212 500
212 501
212 502
212 503
212 505
212 506
212 507
212 508
212 509
212 510
212 511
212 512
212 513
212 514
213 214
213 215
213 216
213 217
213 218
213 219
213 220
213 221
213 222
213 223
213 224
213 225
213 227
213 228
213 229
213 230
213 231
213 247
213 250
213 251
213 252
213 253
213 255
213 256
213 258
213 259
213 260
213 261
213 262
213 263
213 264
213 265
213 266
213 267
213 268
213 275
213 307
213 381
213 383
213 384
213 385
213 386
213 387
213 388
213 389
213 390
213 391
213 392
213 393
213 394
213 395
213 396
213 397
213 398
213 399
213 402
213 404
213 405
213 406
213 408
213 410
213 411
213 412
213 413
213 414
213 415
213 416
213 417
213 419
213 420
213 421
213 422
213 494
213 495
213 496
213 498
213 500
213 501
213 502
213 503
213 504
213 505
213 506
213 507
213 508
213 509
213 510
213 511
213 512
213 513
213 514
214 215
214 216
214 217
214 218
214 219
214 220
214 221
214 222
214 223
214 224
214 225
214 226
214 227
214 228
214 229
214 230
214 231
214 249
214 251
214 252
214 253
214 254
214 255
214 256
214 257
214 258
214 259
214 260
214 261
214 262
214 263
214 264
214 265
214 267
214 335
214 378
214 380
214 381
214 382
214 383
214 384
214 388
214 390
214 391
214 392
214 393
214 394
214 395
214 396
214 397
214 398
214 399
214 403
214 405
214 406
214 407
214 409
214 410
214 411
214 412
214 413
214 414
214 415
214 416
214 417
214 418
214 419
214 420
214 421
214 422
214 423
214 495
214 496
214 498
214 500
214 501
214 502
214 503
214 505
214 506
214 507
214 508
214 509
214 510
214 511
214 512
214 513
215 216
215 217
215 218
215 219
215 220
215 221
215 222
215 223
215 224
215 225
215 226
215 227
215 228
215 229
215 230
215 231
215 232
215 249
215 251
215 252
215 253
215 254
215 255
215 256
215 258
215 259
215 260
215 261
215 262
215 263
215 264
215 265
215 266
215 355
215 377
215 382
215 384
215 385
215 386
215 387
215 388
215 389
215 390
215 391
215 392
215 393
215 394
215 395
215 396
215 397
215 398
215 399
215 402
215 403
215 405
215 406
215 407
215 409
215 410
215 411
215 412
215 413
215 414
215 415
215 416
215 417
215 418
215 419
215 420
215 421
215 422
215 493
215 494
215 496
215 497
215 498
215 499
215 500
215 501
215 503
215 504
215 505
215 506
215 507
215 508
215 509
215 510
215 511
215 512
215 513
215 514
216 217
216 218
216 219
216 220
216 221
216 222
216 223
216 224
216 225
216 226
216 227
216 228
216 229
216 230
216 231
216 249
216 251
216 253
216 254
216 255
216 256
216 257
216 259
216 260
216 261
216 262
216 263
216 264
216 265
216 266
216 267
216 381
216 384
216 387
216 388
216 389
216 390
216 391
216 392
216 393
216 394
216 395
216 396
216 397
216 398
216 399
216 400
216 404
216 405
216 406
216 407
216 408
216 409
216 410
216 411
216 412
216 413
216 414
216 415
216 416
216 417
216 418
216 419
216 420
216 421
216 422
216 494
216 496
216 497
216 499
216 500
216 501
216 502
216 503
216 504
216 505
216 506
216 507
216 508
216 509
216 510
216 511
216 512
216 513
216 514
217 218
217 219
217 220
217 221
217 222
217 223
217 224
217 225
217 226
217 227
217 228
217 229
217 230
217 231
217 251
217 252
217 253
217 254
217 255
217 256
217 257
217 258
217 259
217 260
217 261
217 262
217 263
217 264
217 265
217 266
217 267
217 268
217 338
217 380
217 381
217 382
217 383
217 384
217 385
217 386
217 387
217 388
217 389
217 390
217 391
217 392
217 393
217 394
217 395
217 396
217 397
217 398
217 399
217 400
217 406
217 407
217 408
217 409
217 410
217 411
217 412
217 413
217 414
217 415
217 416
217 417
217 418
217 419
217 420
217 421
217 422
217 433
217 496
217 497
217 498
217 499
217 500
217 501
217 502
217 503
217 504
217 505
217 506
217 507
217 508
217 509
217 510
217 511
217 512
217 513
217 514
218 219
218 220
218 221
218 222
218 223
218 224
218 225
218 226
218 227
218 228
218 229
218 230
218 231
218 248
218 252
218 254
218 255
218 256
218 257
218 258
218 259
218 260
218 261
218 262
218 263
218 264
218 265
218 266
218 267
218 306
218 381
218 382
218 383
218 385
218 386
218 387
218 388
218 389
218 390
218 391
218 392
218 393
218 394
218 395
218 396
218 397
218 398
218 399
218 408
218 409
218 410
218 411
218 412
218 413
218 414
218 415
218 416
218 417
218 418
218 419
218 420
218 421
218 422
218 493
218 495
218 497
218 498
218 499
218 500
218 501
218 502
218 503
218 504
218 505
218 506
218 507
218 508
218 509
218 510
218 511
218 512
218 513
218 514
219 220
219 221
219 222
219 223
219 224
219 225
219 226
219 227
219 228
219 229
219 230
219 231
219 232
219 251
219 253
219 254
219 255
219 256
219 258
219 259
219 260
219 261
219 262
219 263
219 264
219 265
219 266
219 267
219 268
219 380
219 381
219 384
219 385
219 387
219 388
219 389
219 390
219 391
219 392
219 393
219 394
219 395
219 396
219 397
219 398
219 399
219 400
219 401
219 403
219 405
219 406
219 407
219 408
219 409
219 410
219 411
219 412
219 413
219 414
219 415
219 416
219 417
219 418
219 419
219 420
219 421
219 422
219 423
219 492
219 495
219 497
219 498
219 499
219 500
219 501
219 503
219 504
219 505
219 506
219 507
219 508
219 509
219 510
219 511
219 512
219 513
219 514
219 558
220 221
220 222
220 223
220 224
220 225
220 226
220 227
220 228
220 229
220 230
220 231
220 248
220 249
220 250
220 251
220 253
220 254
220 255
220 256
220 257
220 258
220 259
220 260
220 261
220 262
220 263
220 264
220 265
220 266
220 267
220 382
220 383
220 385
220 386
220 387
220 388
220 389
220 390
220 391
220 392
220 393
220 394
220 395
220 396
220 397
220 398
220 399
220 400
220 402
220 406
220 407
220 408
220 411
220 412
220 413
220 414
220 415
220 416
220 417
220 418
220 419
220 420
220 421
220 422
220 423
220 424
220 497
220 498
220 499
220 500
220 501
220 502
220 503
220 504
220 505
220 506
220 507
220 508
220 509
220 510
220 511
220 512
220 513
220 514
220 515
221 222
221 223
221 224
221 225
221 226
221 227
221 228
221 229
221 230
221 231
221 232
221 247
221 252
221 255
221 256
221 257
221 258
221 259
221 260
221 261
221 262
221 263
221 264
221 265
221 266
221 267
221 268
221 381
221 384
221 385
221 386
221 387
221 388
221 389
221 390
221 391
221 392
221 393
221 394
221 395
221 396
221 397
221 398
221 399
221 405
221 407
221 409
221 411
221 412
221 413
221 414
221 415
221 416
221 417
221 418
221 419
221 420
221 421
221 422
221 423
221 494
221 496
221 497
221 500
221 501
221 502
221 503
221 504
221 506
221 507
221 508
221 509
221 510
221 511
221 512
221 513
221 514
222 223
222 224
222 225
222 226
222 227
222 228
222 229
222 230
222 231
222 247
222 248
222 249
222 250
222 253
222 254
222 255
222 256
222 257
222 258
222 259
222 260
222 261
222 262
222 263
222 264
222 265
222 266
222 267
222 378
222 380
222 383
222 384
222 385
222 386
222 387
222 388
222 389
222 390
222 391
222 392
222 393
222 394
222 395
222 396
222 397
222 398
222 399
222 403
222 404
222 405
222 406
222 407
222 408
222 409
222 410
222 411
222 412
222 413
222 414
222 415
222 416
222 417
222 418
222 419
222 420
222 421
222 422
222 434
222 494
222 495
222 497
222 499
222 500
222 501
222 502
222 503
222 504
222 505
222 506
222 507
222 508
222 509
222 510
222 511
222 512
222 513
222 514
222 572
223 224
223 225
223 226
223 227
223 228
223 229
223 230
223 231
223 232
223 249
223 250
223 252
223 253
223 254
223 255
223 256
223 257
223 258
223 259
223 260
223 261
223 262
223 263
223 264
223 265
223 266
223 267
223 351
223 382
223 383
223 384
223 385
223 386
223 388
223 389
223 390
223 391
223 392
223 393
223 394
223 395
223 396
223 397
223 398
223 399
223 401
223 409
223 410
223 411
223 412
223 413
223 414
223 415
223 416
223 417
223 418
223 419
223 420
223 421
223 422
223 423
223 424
223 496
223 497
223 498
223 499
223 500
223 501
223 502
223 503
223 504
223 505
223 506
223 507
223 508
223 509
223 510
223 511
223 512
223 513
223 514
223 516
223 568
224 225
224 226
224 227
224 228
224 229
224 230
224 231
224 236
224 249
224 251
224 252
224 253
224 255
224 256
224 257
224 258
224 259
224 260
224 261
224 262
224 263
224 264
224 265
224 266
224 267
224 273
224 306
224 382
224 383
224 384
224 385
224 387
224 388
224 389
224 390
224 391
224 392
224 393
224 394
224 395
224 396
224 397
224 398
224 399
224 400
224 401
224 402
224 405
224 406
224 408
224 411
224 412
224 413
224 414
224 415
224 416
224 417
224 418
224 419
224 420
224 421
224 422
224 423
224 461
224 492
224 494
224 497
224 499
224 500
224 501
224 502
224 504
224 505
224 506
224 507
224 508
224 509
224 510
224 511
224 512
224 513
224 514
224 515
224 523
225 226
225 227
225 228
225 229
225 230
225 231
225 232
225 248
225 254
225 255
225 256
225 257
225 258
225 259
225 260
225 261
225 262
225 263
225 264
225 265
225 266
225 267
225 268
225 384
225 386
225 387
225 388
225 389
225 390
225 391
225 392
225 393
225 394
225 395
225 396
225 397
225 398
225 399
225 400
225 401
225 405
225 406
225 407
225 408
225 409
225 410
225 412
225 413
225 414
225 415
225 416
225 417
225 418
225 419
225 420
225 421
225 422
225 423
225 424
225 486
225 494
225 496
225 497
225 498
225 499
225 500
225 501
225 502
225 503
225 504
225 505
225 506
225 507
225 508
225 509
225 510
225 511
225 512
225 513
225 514
225 515
226 227
226 228
226 229
226 230
226 231
226 251
226 252
226 253
226 254
226 255
226 256
226 257
226 258
226 259
226 260
226 261
226 262
226 263
226 264
226 265
226 266
226 267
226 293
226 306
226 379
226 380
226 381
226 382
226 383
226 384
226 386
226 387
226 388
226 389
226 390
226 391
226 392
226 393
226 394
226 395
226 396
226 397
226 398
226 399
226 400
226 401
226 402
226 403
226 404
226 405
226 407
226 408
226 409
226 410
226 411
226 412
226 413
226 414
226 415
226 416
226 417
226 418
226 419
226 420
226 421
226 422
226 423
226 424
226 425
226 496
226 497
226 499
226 500
226 501
226 502
226 503
226 504
226 505
226 506
226 507
226 508
226 509
226 510
226 511
226 512
226 513
226 514
226 515
226 524
226 525
226 546
226 558
227 228
227 229
227 230
227 231
227 232
227 248
227 249
227 251
227 252
227 253
227 255
227 256
227 257
227 258
227 259
227 260
227 261
227 262
227 263
227 264
227 265
227 266
227 267
227 268
227 308
227 351
227 381
227 384
227 386
227 388
227 389
227 390
227 391
227 392
227 393
227 394
227 395
227 396
227 397
227 398
227 399
227 400
227 401
227 403
227 404
227 405
227 406
227 407
227 408
227 409
227 410
227 411
227 412
227 413
227 414
227 415
227 416
227 417
227 418
227 419
227 420
227 421
227 422
227 423
227 424
227 425
227 434
227 435
227 482
227 487
227 495
227 496
227 498
227 499
227 500
227 501
227 502
227 503
227 504
227 505
227 506
227 507
227 508
227 509
227 510
227 511
227 512
227 513
227 514
227 515
227 517
228 229
228 230
228 231
228 249
228 251
228 252
228 254
228 255
228 256
228 257
228 258
228 259
228 260
228 261
228 262
228 263
228 264
228 265
228 266
228 267
228 268
228 269
228 301
228 305
228 339
228 352
228 382
228 386
228 387
228 388
228 389
228 390
228 391
228 392
228 393
228 394
228 395
228 396
228 397
228 398
228 399
228 400
228 401
228 402
228 404
228 405
228 407
228 408
228 409
228 410
228 411
228 413
228 414
228 415
228 416
228 417
228 418
228 419
228 420
228 421
228 422
228 423
228 424
228 453
228 461
228 483
228 494
228 497
228 498
228 499
228 501
228 502
228 503
228 504
228 505
228 506
228 507
228 508
228 509
228 510
228 511
228 512
228 513
228 514
228 515
228 558
229 230
229 231
229 232
229 247
229 251
229 252
229 253
229 255
229 256
229 257
229 258
229 259
229 260
229 261
229 262
229 263
229 264
229 265
229 266
229 267
229 268
229 336
229 340
229 352
229 353
229 356
229 357
229 380
229 382
229 383
229 384
229 385
229 386
229 387
229 388
229 389
229 390
229 391
229 392
229 393
229 394
229 395
229 396
229 397
229 398
229 399
229 400
229 401
229 402
229 403
229 405
229 406
229 407
229 408
229 409
229 410
229 411
229 412
229 413
229 414
229 415
229 416
229 417
229 418
229 419
229 420
229 421
229 422
229 423
229 431
229 462
229 493
229 495
229 497
229 498
229 499
229 500
229 501
229 502
229 503
229 505
229 506
229 507
229 508
229 509
229 510
229 511
229 512
229 513
229 514
229 515
229 516
229 547
229 559
230 231
230 232
230 233
230 250
230 251
230 252
230 253
230 254
230 255
230 256
230 257
230 258
230 259
230 260
230 261
230 262
230 263
230 264
230 265
230 266
230 267
230 269
230 272
230 281
230 301
230 306
230 307
230 352
230 356
230 382
230 385
230 386
230 387
230 388
230 389
230 390
230 391
230 392
230 393
230 394
230 395
230 396
230 397
230 398
230 399
230 400
230 404
230 406
230 407
230 408
230 409
230 410
230 411
230 412
230 413
230 414
230 415
230 416
230 417
230 418
230 419
230 420
230 421
230 422
230 423
230 424
230 455
230 490
230 493
230 496
230 497
230 498
230 499
230 500
230 501
230 502
230 503
230 504
230 505
230 506
230 507
230 508
230 509
230 510
230 511
230 512
230 513
230 514
230 515
230 540
230 559
230 560
230 581
231 232
231 233
231 248
231 249
231 251
231 252
231 253
231 254
231 255
231 256
231 257
231 258
231 259
231 260
231 261
231 262
231 263
231 264
231 265
231 266
231 267
231 268
231 320
231 352
231 380
231 384
231 385
231 386
231 387
231 388
231 389
231 390
231 391
231 392
231 393
231 394
231 395
231 396
231 397
231 398
231 399
231 400
231 401
231 403
231 406
231 409
231 410
231 411
231 412
231 413
231 414
231 415
231 416
231 417
231 418
231 419
231 420
231 421
231 422
231 423
231 424
231 425
231 434
231 463
231 493
231 495
231 496
231 497
231 498
231 500
231 501
231 502
231 503
231 504
231 505
231 506
231 507
231 508
231 509
231 510
231 511
231 512
231 513
231 514
231 515
231 546
231 569
231 571
231 572
232 233
232 260
232 262
232 264
232 265
232 280
232 293
232 308
232 379
232 391
232 393
232 397
232 398
232 402
232 404
232 409
232 416
232 418
232 419
232 420
232 421
232 423
232 500
232 510
232 513
232 548
232 549
232 560
232 590
233 234
233 385
233 516
233 563
234 270
234 548
235 574
240 396
247 249
247 257
247 382
247 384
247 389
247 398
247 403
247 407
247 410
247 422
247 423
247 506
247 514
248 249
248 252
248 254
248 257
248 260
248 261
248 384
248 386
248 389
248 390
248 393
248 395
248 396
248 398
248 404
248 415
248 416
248 421
248 493
248 499
248 501
248 502
248 507
248 511
248 513
249 251
249 252
249 256
249 258
249 259
249 263
249 266
249 385
249 387
249 390
249 395
249 396
249 398
249 399
249 401
249 402
249 404
249 406
249 408
249 412
249 413
249 416
249 417
249 418
249 419
249 421
249 496
249 498
249 500
249 501
249 502
249 503
249 504
249 507
249 508
249 511
249 512
249 513
249 514
250 253
250 254
250 255
250 256
250 257
250 258
250 259
250 261
250 262
250 263
250 264
250 267
250 382
250 388
250 389
250 390
250 391
250 393
250 396
250 398
250 399
250 400
250 405
250 406
250 407
250 408
250 409
250 411
250 412
250 413
250 415
250 417
250 422
250 494
250 495
250 496
250 497
250 498
250 500
250 501
250 504
250 506
250 507
250 509
250 510
250 511
250 512
250 513
250 514
251 252
251 253
251 254
251 255
251 258
251 259
251 261
251 262
251 263
251 264
251 266
251 268
251 381
251 382
251 383
251 384
251 385
251 386
251 387
251 388
251 389
251 390
251 391
251 392
251 393
251 394
251 395
251 396
251 397
251 398
251 403
251 404
251 405
251 406
251 407
251 408
251 409
251 410
251 411
251 412
251 413
251 415
251 417
251 418
251 419
251 421
251 422
251 460
251 493
251 494
251 495
251 496
251 498
251 500
251 501
251 502
251 505
251 507
251 508
251 510
251 511
251 513
251 514
252 253
252 254
252 255
252 256
252 258
252 260
252 261
252 262
252 264
252 265
252 266
252 267
252 306
252 351
252 384
252 386
252 387
252 389
252 390
252 391
252 394
252 395
252 399
252 402
252 404
252 405
252 406
252 408
252 411
252 413
252 415
252 416
252 417
252 419
252 422
252 492
252 497
252 498
252 499
252 503
252 504
252 505
252 506
252 507
252 509
252 511
252 512
252 513
253 255
253 256
253 257
253 258
253 259
253 260
253 261
253 263
253 264
253 265
253 266
253 384
253 385
253 386
253 387
253 389
253 391
253 392
253 393
253 394
253 395
253 398
253 400
253 401
253 403
253 405
253 407
253 408
253 409
253 411
253 412
253 413
253 415
253 418
253 420
253 421
253 422
253 423
253 493
253 497
253 498
253 499
253 500
253 501
253 502
253 505
253 506
253 507
253 508
253 509
253 511
253 513
253 514
254 255
254 256
254 257
254 258
254 259
254 260
254 261
254 263
254 264
254 265
254 266
254 383
254 384
254 385
254 386
254 387
254 388
254 389
254 390
254 391
254 392
254 393
254 394
254 395
254 396
254 397
254 398
254 399
254 401
254 402
254 405
254 407
254 408
254 409
254 410
254 411
254 412
254 413
254 414
254 415
254 416
254 417
254 418
254 419
254 420
254 421
254 422
254 423
254 493
254 495
254 496
254 498
254 499
254 500
254 501
254 502
254 503
254 504
254 506
254 507
254 508
254 509
254 510
254 512
254 513
255 257
255 259
255 260
255 261
255 262
255 263
255 264
255 265
255 266
255 267
255 268
255 384
255 385
255 386
255 387
255 388
255 389
255 390
255 391
255 392
255 393
255 394
255 395
255 396
255 397
255 399
255 406
255 407
255 408
255 409
255 410
255 412
255 413
255 415
255 416
255 417
255 418
255 419
255 420
255 423
255 494
255 498
255 499
255 500
255 501
255 502
255 503
255 504
255 505
255 506
255 507
255 508
255 509
255 510
255 511
255 512
255 513
255 514
256 257
256 258
256 259
256 260
256 261
256 262
256 263
256 264
256 265
256 266
256 267
256 268
256 379
256 381
256 382
256 384
256 385
256 386
256 387
256 388
256 389
256 390
256 391
256 392
256 394
256 395
256 396
256 398
256 399
256 403
256 404
256 405
256 406
256 407
256 409
256 410
256 411
256 412
256 413
256 414
256 415
256 416
256 417
256 418
256 419
256 420
256 421
256 494
256 497
256 498
256 499
256 501
256 503
256 504
256 505
256 506
256 507
256 508
256 509
256 510
256 511
256 512
256 513
256 514
257 258
257 259
257 260
257 261
257 262
257 263
257 265
257 266
257 267
257 306
257 380
257 382
257 385
257 386
257 387
257 388
257 389
257 390
257 391
257 392
257 393
257 394
257 395
257 396
257 397
257 398
257 399
257 400
257 404
257 406
257 407
257 408
257 409
257 410
257 411
257 412
257 413
257 414
257 415
257 416
257 417
257 418
257 419
257 420
257 421
257 422
257 423
257 493
257 494
257 495
257 497
257 498
257 500
257 501
257 502
257 503
257 504
257 505
257 506
257 507
257 508
257 509
257 510
257 511
257 512
257 513
257 514
257 571
258 259
258 260
258 261
258 262
258 263
258 264
258 265
258 267
258 300
258 334
258 380
258 383
258 384
258 385
258 386
258 387
258 388
258 389
258 390
258 391
258 392
258 393
258 394
258 395
258 396
258 397
258 398
258 399
258 403
258 405
258 406
258 407
258 408
258 409
258 411
258 412
258 413
258 414
258 415
258 416
258 417
258 418
258 419
258 420
258 421
258 422
258 492
258 494
258 496
258 497
258 498
258 499
258 500
258 501
258 502
258 503
258 504
258 505
258 506
258 507
258 508
258 509
258 510
258 511
258 512
258 513
258 514
258 515
259 260
259 261
259 262
259 263
259 264
259 265
259 266
259 380
259 383
259 384
259 386
259 387
259 388
259 390
259 391
259 392
259 393
259 394
259 395
259 396
259 397
259 398
259 399
259 401
259 404
259 406
259 407
259 408
259 409
259 410
259 411
259 412
259 413
259 414
259 415
259 416
259 417
259 418
259 419
259 420
259 421
259 422
259 423
259 493
259 494
259 495
259 496
259 497
259 499
259 500
259 501
259 502
259 503
259 504
259 505
259 506
259 507
259 508
259 509
259 510
259 511
259 512
259 513
259 514
260 261
260 262
260 263
260 264
260 265
260 266
260 267
260 330
260 380
260 382
260 384
260 385
260 386
260 387
260 389
260 390
260 391
260 392
260 393
260 394
260 395
260 396
260 397
260 398
260 399
260 404
260 405
260 407
260 408
260 410
260 411
260 412
260 413
260 414
260 415
260 416
260 417
260 418
260 419
260 420
260 421
260 422
260 492
260 493
260 496
260 497
260 499
260 500
260 501
260 502
260 503
260 504
260 505
260 506
260 507
260 508
260 509
260 510
260 511
260 512
260 513
260 514
261 262
261 263
261 264
261 265
261 266
261 267
261 380
261 381
261 382
261 383
261 384
261 385
261 386
261 387
261 388
261 389
261 390
261 391
261 392
261 393
261 394
261 395
261 396
261 397
261 398
261 399
261 400
261 402
261 403
261 406
261 407
261 408
261 409
261 410
261 411
261 412
261 413
261 414
261 415
261 416
261 417
261 418
261 419
261 420
261 421
261 422
261 423
261 494
261 497
261 498
261 499
261 500
261 501
261 502
261 503
261 504
261 505
261 506
261 507
261 508
261 509
261 510
261 511
261 512
261 513
261 514
262 263
262 264
262 265
262 266
262 267
262 268
262 336
262 383
262 384
262 385
262 386
262 387
262 388
262 389
262 390
262 391
262 392
262 393
262 394
262 395
262 396
262 397
262 398
262 399
262 403
262 404
262 406
262 407
262 408
262 409
262 410
262 411
262 412
262 413
262 414
262 415
262 416
262 417
262 418
262 419
262 420
262 421
262 422
262 423
262 496
262 497
262 498
262 499
262 500
262 501
262 502
262 503
262 504
262 505
262 506
262 507
262 508
262 509
262 510
262 511
262 512
262 513
262 514
262 571
263 264
263 265
263 266
263 267
263 380
263 382
263 385
263 386
263 388
263 389
263 390
263 391
263 392
263 393
263 394
263 395
263 396
263 397
263 398
263 399
263 401
263 406
263 407
263 408
263 409
263 410
263 411
263 412
263 413
263 414
263 415
263 416
263 417
263 418
263 419
263 420
263 421
263 422
263 423
263 495
263 497
263 499
263 500
263 501
263 502
263 503
263 504
263 505
263 506
263 507
263 508
263 509
263 510
263 511
263 512
263 513
263 514
263 571
263 573
264 265
264 266
264 267
264 305
264 379
264 381
264 382
264 383
264 384
264 385
264 386
264 387
264 388
264 389
264 390
264 391
264 392
264 393
264 394
264 395
264 396
264 397
264 398
264 400
264 402
264 404
264 407
264 408
264 409
264 410
264 411
264 412
264 413
264 414
264 415
264 416
264 417
264 418
264 419
264 420
264 421
264 422
264 423
264 424
264 494
264 495
264 496
264 497
264 500
264 501
264 502
264 503
264 504
264 505
264 506
264 507
264 508
264 509
264 510
264 511
264 512
264 513
264 514
265 266
265 267
265 381
265 382
265 383
265 384
265 386
265 387
265 388
265 389
265 390
265 391
265 392
265 393
265 394
265 395
265 396
265 397
265 398
265 399
265 400
265 402
265 404
265 405
265 406
265 407
265 410
265 411
265 412
265 413
265 414
265 415
265 416
265 417
265 418
265 419
265 420
265 421
265 422
265 423
265 424
265 493
265 496
265 497
265 499
265 500
265 501
265 502
265 503
265 504
265 505
265 506
265 507
265 508
265 509
265 510
265 511
265 512
265 513
265 514
266 267
266 268
266 272
266 305
266 334
266 380
266 382
266 383
266 384
266 385
266 386
266 388
266 389
266 390
266 391
266 392
266 393
266 394
266 395
266 396
266 397
266 398
266 399
266 403
266 404
266 405
266 406
266 407
266 408
266 410
266 411
266 412
266 413
266 414
266 415
266 416
266 417
266 418
266 419
266 420
266 421
266 422
266 423
266 424
266 433
266 487
266 495
266 496
266 498
266 499
266 501
266 502
266 503
266 504
266 505
266 506
266 507
266 508
266 509
266 510
266 511
266 512
266 513
266 514
266 515
266 558
266 572
267 354
267 384
267 385
267 386
267 387
267 388
267 390
267 391
267 392
267 393
267 395
267 396
267 397
267 398
267 399
267 403
267 404
267 405
267 407
267 408
267 409
267 410
267 411
267 412
267 413
267 414
267 415
267 416
267 417
267 418
267 419
267 420
267 421
267 422
267 425
267 494
267 496
267 498
267 499
267 500
267 501
267 503
267 504
267 505
267 507
267 508
267 509
267 510
267 511
267 513
268 307
268 386
268 391
268 394
268 410
268 420
268 424
268 436
268 506
268 511
268 513
268 514
269 294
269 322
269 416
269 512
270 423
270 484
270 526
270 569
271 436
271 573
272 405
272 421
273 417
273 591
274 573
282 308
287 539
288 582
300 495
301 509
303 425
305 419
306 412
306 415
306 507
307 396
307 419
307 422
307 509
308 512
308 517
309 397
309 508
310 494
310 515
314 381
316 426
331 488
334 384
334 503
335 416
335 513
337 403
341 345
350 417
351 395
352 422
353 388
353 498
354 399
355 416
356 512
358 547
365 533
378 412
378 422
378 513
379 414
380 399
380 407
380 408
380 416
380 497
380 499
380 500
380 509
380 513
381 385
381 391
381 392
381 397
381 402
381 403
381 404
381 407
381 409
381 412
381 415
381 416
381 417
381 420
381 421
381 495
381 498
381 501
381 502
381 507
381 508
381 509
381 513
381 514
382 387
382 393
382 394
382 396
382 399
382 405
382 406
382 408
382 409
382 413
382 414
382 415
382 418
382 420
382 421
382 492
382 494
382 501
382 504
382 505
382 507
382 509
382 510
382 514
383 385
383 387
383 389
383 390
383 391
383 393
383 394
383 395
383 396
383 397
383 399
383 405
383 406
383 407
383 409
383 411
383 412
383 413
383 414
383 415
383 416
383 417
383 418
383 419
383 420
383 493
383 498
383 499
383 502
383 503
383 505
383 507
383 508
383 511
383 512
383 513
384 385
384 386
384 387
384 388
384 390
384 391
384 392
384 394
384 397
384 399
384 403
384 405
384 406
384 407
384 408
384 409
384 411
384 412
384 413
384 414
384 415
384 416
384 417
384 422
384 486
384 493
384 495
384 496
384 497
384 498
384 499
384 500
384 502
384 503
384 504
384 505
384 508
384 511
384 512
384 513
384 514
385 386
385 387
385 388
385 390
385 392
385 393
385 394
385 396
385 399
385 400
385 403
385 407
385 408
385 409
385 411
385 412
385 413
385 414
385 415
385 416
385 417
385 419
385 420
385 421
385 422
385 495
385 496
385 497
385 499
385 500
385 501
385 502
385 503
385 504
385 506
385 507
385 508
385 509
385 510
385 511
385 512
385 513
386 387
386 389
386 390
386 391
386 392
386 393
386 394
386 395
386 396
386 397
386 398
386 399
386 407
386 408
386 409
386 410
386 411
386 412
386 413
386 414
386 417
386 418
386 420
386 421
386 422
386 495
386 496
386 497
386 498
386 499
386 501
386 502
386 503
386 504
386 505
386 506
386 507
386 508
386 509
386 510
386 512
386 513
386 514
387 388
387 389
387 390
387 391
387 392
387 393
387 394
387 395
387 396
387 397
387 398
387 399
387 402
387 404
387 405
387 406
387 407
387 408
387 409
387 410
387 411
387 412
387 414
387 415
387 416
387 418
387 419
387 420
387 422
387 493
387 494
387 495
387 497
387 498
387 499
387 503
387 504
387 505
387 506
387 507
387 508
387 510
387 512
387 513
387 514
387 515
388 389
388 390
388 391
388 392
388 393
388 394
388 395
388 396
388 397
388 400
388 402
388 405
388 406
388 407
388 408
388 409
388 410
388 411
388 412
388 413
388 414
388 415
388 416
388 417
388 419
388 420
388 421
388 422
388 423
388 495
388 497
388 498
388 499
388 500
388 501
388 502
388 503
388 505
388 506
388 508
388 509
388 510
388 511
388 512
388 513
388 514
389 390
389 391
389 392
389 393
389 394
389 395
389 396
389 397
389 398
389 399
389 400
389 401
389 402
389 404
389 406
389 408
389 409
389 410
389 411
389 412
389 413
389 414
389 415
389 416
389 417
389 419
389 420
389 421
389 422
389 492
389 495
389 496
389 498
389 499
389 500
389 501
389 502
389 503
389 504
389 505
389 506
389 507
389 508
389 509
389 510
389 511
389 512
389 513
389 514
390 391
390 392
390 393
390 394
390 395
390 396
390 398
390 399
390 405
390 407
390 409
390 410
390 411
390 412
390 413
390 414
390 415
390 416
390 419
390 420
390 421
390 422
390 495
390 496
390 498
390 499
390 500
390 501
390 502
390 503
390 504
390 505
390 506
390 507
390 508
390 509
390 510
390 511
390 512
390 513
390 514
391 392
391 393
391 394
391 395
391 396
391 397
391 398
391 399
391 401
391 405
391 406
391 407
391 408
391 409
391 410
391 411
391 412
391 413
391 414
391 415
391 416
391 417
391 418
391 420
391 421
391 422
391 494
391 496
391 497
391 498
391 499
391 500
391 501
391 502
391 503
391 504
391 505
391 506
391 507
391 508
391 509
391 510
391 511
391 512
391 513
391 514
392 393
392 394
392 395
392 396
392 397
392 398
392 399
392 404
392 407
392 410
392 411
392 412
392 413
392 414
392 415
392 416
392 417
392 418
392 419
392 420
392 421
392 422
392 423
392 495
392 496
392 497
392 499
392 500
392 501
392 502
392 503
392 504
392 505
392 506
392 507
392 508
392 509
392 510
392 511
392 512
392 513
392 514
392 571
393 394
393 395
393 396
393 397
393 398
393 399
393 400
393 404
393 406
393 407
393 408
393 409
393 410
393 412
393 413
393 414
393 415
393 416
393 417
393 418
393 419
393 420
393 421
393 422
393 423
393 492
393 496
393 498
393 499
393 500
393 501
393 502
393 503
393 504
393 505
393 506
393 507
393 508
393 509
393 510
393 511
393 512
393 513
393 514
394 395
394 396
394 397
394 398
394 399
394 400
394 403
394 405
394 406
394 408
394 409
394 410
394 411
394 412
394 413
394 414
394 415
394 416
394 417
394 418
394 419
394 420
394 421
394 422
394 423
394 477
394 494
394 495
394 496
394 498
394 499
394 500
394 501
394 502
394 503
394 504
394 505
394 506
394 507
394 508
394 509
394 510
394 511
394 512
394 513
394 514
394 545
395 396
395 397
395 398
395 399
395 401
395 405
395 407
395 409
395 410
395 411
395 412
395 413
395 414
395 415
395 416
395 417
395 418
395 419
395 420
395 421
395 422
395 423
395 495
395 496
395 498
395 499
395 500
395 501
395 502
395 503
395 504
395 505
395 506
395 507
395 508
395 509
395 510
395 511
395 512
395 513
395 514
395 515
396 397
396 398
396 399
396 400
396 404
396 405
396 406
396 408
396 409
396 410
396 411
396 412
396 413
396 414
396 415
396 416
396 417
396 418
396 419
396 420
396 421
396 422
396 423
396 432
396 495
396 497
396 498
396 499
396 500
396 501
396 502
396 503
396 504
396 505
396 506
396 507
396 508
396 509
396 510
396 511
396 512
396 513
396 514
396 515
397 398
397 399
397 400
397 402
397 406
397 408
397 409
397 410
397 411
397 412
397 413
397 414
397 415
397 416
397 417
397 418
397 419
397 420
397 421
397 422
397 423
397 496
397 499
397 500
397 501
397 502
397 503
397 504
397 505
397 506
397 507
397 508
397 509
397 510
397 511
397 512
397 513
397 514
398 399
398 402
398 404
398 405
398 406
398 407
398 408
398 409
398 410
398 411
398 412
398 413
398 414
398 415
398 416
398 417
398 418
398 419
398 420
398 421
398 422
398 423
398 487
398 495
398 496
398 497
398 499
398 501
398 502
398 503
398 504
398 505
398 506
398 507
398 508
398 509
398 510
398 511
398 512
398 513
398 514
398 572
398 589
399 400
399 405
399 407
399 408
399 409
399 410
399 411
399 412
399 413
399 415
399 416
399 417
399 418
399 419
399 420
399 421
399 422
399 423
399 486
399 494
399 497
399 498
399 499
399 500
399 501
399 502
399 503
399 505
399 506
399 507
399 508
399 509
399 510
399 511
399 512
399 513
399 514
399 515
399 561
399 573
400 401
400 402
400 409
400 412
400 415
400 416
400 417
400 418
400 419
400 420
400 421
400 422
400 423
400 492
400 494
400 502
400 507
400 508
400 509
400 510
400 541
401 402
401 408
401 413
401 414
401 415
401 416
401 420
401 494
401 499
401 500
401 502
401 511
401 514
402 405
402 409
402 412
402 413
402 415
402 494
402 497
402 499
402 509
402 510
402 513
403 406
403 407
403 408
403 411
403 412
403 417
403 418
403 421
403 492
403 494
403 496
403 499
403 500
403 501
403 507
403 509
403 511
403 513
403 514
403 517
404 405
404 407
404 408
404 410
404 411
404 412
404 413
404 417
404 418
404 419
404 420
404 422
404 493
404 494
404 495
404 498
404 500
404 502
404 503
404 509
404 511
404 512
404 513
404 514
405 406
405 408
405 410
405 412
405 413
405 414
405 418
405 420
405 422
405 496
405 499
405 501
405 504
405 505
405 506
405 507
405 509
405 510
405 511
405 512
405 513
406 409
406 410
406 411
406 412
406 413
406 414
406 415
406 417
406 418
406 419
406 422
406 493
406 494
406 495
406 498
406 500
406 501
406 502
406 503
406 504
406 505
406 507
406 509
406 510
406 513
406 514
406 571
407 408
407 409
407 410
407 411
407 414
407 415
407 416
407 418
407 419
407 420
407 421
407 422
407 494
407 496
407 497
407 499
407 500
407 501
407 502
407 503
407 504
407 505
407 506
407 507
407 509
407 510
407 511
407 513
407 514
408 409
408 410
408 411
408 413
408 414
408 416
408 417
408 418
408 419
408 420
408 421
408 422
408 433
408 494
408 495
408 496
408 500
408 503
408 504
408 505
408 506
408 507
408 508
408 509
408 512
408 513
408 514
409 410
409 412
409 413
409 414
409 415
409 416
409 417
409 418
409 419
409 420
409 421
409 422
409 423
409 424
409 496
409 498
409 501
409 502
409 503
409 504
409 505
409 506
409 507
409 508
409 510
409 511
409 513
409 514
410 411
410 413
410 414
410 415
410 416
410 418
410 420
410 421
410 422
410 497
410 498
410 500
410 501
410 502
410 503
410 504
410 506
410 507
410 508
410 509
410 510
410 511
410 512
410 513
410 545
410 572
411 413
411 414
411 415
411 416
411 417
411 418
411 420
411 421
411 423
411 498
411 499
411 500
411 502
411 503
411 504
411 505
411 506
411 507
411 509
411 510
411 511
411 512
411 513
411 514
412 413
412 414
412 415
412 416
412 417
412 418
412 419
412 420
412 421
412 422
412 423
412 494
412 495
412 496
412 497
412 498
412 500
412 501
412 502
412 503
412 504
412 505
412 506
412 507
412 508
412 509
412 510
412 511
412 512
412 513
412 514
412 515
413 414
413 415
413 416
413 417
413 418
413 420
413 421
413 422
413 493
413 494
413 496
413 497
413 499
413 500
413 501
413 502
413 503
413 504
413 505
413 506
413 507
413 508
413 509
413 510
413 511
413 512
413 513
413 514
414 415
414 416
414 417
414 418
414 419
414 420
414 421
414 422
414 423
414 493
414 495
414 498
414 499
414 500
414 501
414 502
414 503
414 504
414 505
414 506
414 507
414 508
414 509
414 510
414 511
414 512
414 513
415 416
415 417
415 418
415 419
415 420
415 421
415 422
415 423
415 494
415 495
415 496
415 497
415 498
415 499
415 501
415 502
415 503
415 504
415 505
415 506
415 507
415 508
415 509
415 510
415 511
415 512
415 513
415 514
416 417
416 418
416 419
416 420
416 421
416 422
416 423
416 498
416 499
416 500
416 501
416 503
416 504
416 505
416 506
416 507
416 508
416 509
416 510
416 511
416 512
416 513
416 514
416 515
416 516
417 418
417 419
417 420
417 421
417 422
417 423
417 495
417 496
417 498
417 499
417 500
417 501
417 502
417 503
417 504
417 505
417 506
417 507
417 508
417 509
417 510
417 511
417 512
417 513
417 514
417 559
418 419
418 420
418 421
418 422
418 423
418 449
418 460
418 494
418 495
418 496
418 497
418 499
418 500
418 501
418 502
418 503
418 504
418 505
418 506
418 507
418 508
418 509
418 510
418 511
418 512
418 513
418 514
418 571
419 420
419 421
419 422
419 423
419 497
419 498
419 499
419 500
419 501
419 502
419 503
419 505
419 506
419 507
419 508
419 509
419 510
419 511
419 512
419 513
419 514
420 421
420 422
420 498
420 499
420 501
420 502
420 503
420 504
420 505
420 506
420 507
420 508
420 509
420 510
420 511
420 512
420 513
420 514
421 422
421 423
421 495
421 496
421 497
421 498
421 499
421 500
421 501
421 502
421 503
421 504
421 505
421 506
421 507
421 508
421 509
421 510
421 511
421 512
421 513
421 514
421 515
422 423
422 492
422 495
422 496
422 497
422 498
422 499
422 501
422 502
422 503
422 504
422 505
422 506
422 507
422 508
422 509
422 510
422 511
422 512
422 513
422 514
422 515
423 424
423 462
423 500
423 501
423 502
423 504
423 505
423 507
423 508
423 510
423 511
423 512
423 514
423 560
424 513
424 514
424 546
425 516
430 432
435 517
450 562
460 509
486 514
492 502
493 504
493 506
493 508
494 498
494 503
494 506
494 507
494 508
494 509
494 510
494 514
495 496
495 497
495 499
495 502
495 503
495 505
495 506
495 507
495 512
495 514
496 498
496 499
496 501
496 502
496 503
496 505
496 508
496 511
496 513
497 498
497 499
497 500
497 501
497 503
497 505
497 507
497 508
497 510
497 511
497 512
497 513
497 514
497 570
498 499
498 500
498 501
498 502
498 503
498 504
498 506
498 507
498 508
498 509
498 510
498 512
498 513
498 514
498 515
499 500
499 501
499 502
499 503
499 504
499 505
499 506
499 507
499 508
499 509
499 510
499 511
499 512
499 514
500 501
500 502
500 503
500 504
500 505
500 506
500 507
500 508
500 509
500 510
500 511
500 512
500 513
500 514
501 502
501 503
501 504
501 505
501 506
501 507
501 508
501 509
501 510
501 511
501 512
501 513
501 514
502 503
502 504
502 505
502 506
502 507
502 508
502 509
502 510
502 511
502 512
502 513
502 514
503 504
503 505
503 506
503 507
503 508
503 509
503 510
503 511
503 514
503 570
504 505
504 506
504 507
504 508
504 509
504 510
504 511
504 512
504 513
504 514
504 515
505 506
505 507
505 508
505 509
505 510
505 511
505 512
505 513
505 514
506 507
506 508
506 509
506 510
506 511
506 512
506 513
506 514
507 508
507 509
507 510
507 511
507 512
507 513
507 514
508 509
508 510
508 511
508 512
508 513
508 514
509 510
509 511
509 512
509 513
509 514
509 515
510 511
510 512
510 513
510 514
510 515
510 572
511 512
511 513
511 514
512 513
512 514
512 515
512 559
513 514
513 515
514 515
515 533
515 545
516 547
516 569
