1 2
1 3
1 4
1 5
1 6
1 10
1 12
1 14
1 16
1 20
1 29
1 31
1 32
1 33
1 34
1 35
1 36
1 37
1 38
1 39
1 40
1 41
1 42
1 43
1 44
1 45
1 47
1 53
1 55
1 56
1 57
1 59
2 3
2 4
2 5
2 6
2 10
2 11
2 12
2 13
2 14
2 15
2 16
2 23
2 30
2 31
2 32
2 33
2 34
2 35
2 36
2 37
2 38
2 39
2 40
2 41
2 42
2 43
2 44
2 45
2 46
2 51
2 52
2 53
2 54
2 55
2 56
2 58
3 4
3 5
3 6
3 11
3 12
3 13
3 15
3 16
3 17
3 18
3 24
3 30
3 31
3 32
3 33
3 34
3 35
3 36
3 37
3 38
3 39
3 40
3 41
3 42
3 43
3 44
3 45
3 46
3 52
3 53
3 54
3 55
3 56
3 57
3 58
4 5
4 6
4 7
4 9
4 12
4 13
4 17
4 25
4 32
4 33
4 34
4 35
4 36
4 37
4 38
4 39
4 40
4 41
4 42
4 43
4 44
4 45
4 46
4 47
4 54
4 55
4 56
4 58
5 16
5 18
5 19
5 23
5 31
5 34
5 35
5 36
5 37
5 38
5 39
5 40
5 41
5 42
5 43
5 44
5 45
5 46
5 53
5 54
6 8
6 16
6 20
6 21
6 33
6 37
7 19
7 46
10 36
10 37
10 41
11 32
11 36
11 38
11 39
11 43
12 37
12 38
12 40
12 41
12 42
13 40
13 42
13 44
14 36
14 37
14 38
14 39
15 42
15 45
16 32
16 36
16 37
16 38
16 42
17 34
17 37
17 38
17 39
17 43
18 43
18 44
20 37
22 40
22 44
23 41
24 38
24 55
27 37
28 38
30 35
30 37
30 40
30 41
31 33
31 35
31 36
31 37
31 38
31 39
31 40
31 42
31 43
32 34
32 35
32 36
32 37
32 38
32 39
32 40
32 41
32 42
32 43
32 44
32 45
33 34
33 35
33 36
33 37
33 38
33 39
33 40
33 41
33 42
33 43
33 44
33 45
33 48
33 55
34 35
34 36
34 37
34 38
34 39
34 40
34 41
34 42
34 43
34 44
34 45
35 36
35 37
35 38
35 39
35 40
35 41
35 42
35 43
35 44
35 45
35 53
35 54
35 55
36 37
36 38
36 39
36 40
36 41
36 42
36 43
36 44
36 45
36 50
36 52
36 53
36 54
36 55
36 57
37 38
37 39
37 40
37 41
37 42
37 43
37 44
37 45
37 55
37 56
37 57
38 39
38 40
38 41
38 42
38 43
38 44
38 45
38 54
38 55
38 56
39 40
39 41
39 42
39 43
39 44
39 45
39 53
39 54
39 58
40 41
40 42
40 43
40 44
40 45
40 53
40 54
40 55
40 57
41 42
41 43
41 44
41 45
41 54
41 55
42 43
42 44
42 45
42 46
42 52
42 53
42 55
43 44
43 45
43 46
43 52
43 53
43 54
43 55
43 56
43 58
44 45
44 47
44 52
44 54
44 56
44 57
45 46
45 53
45 57
46 52
46 56
46 59
47 56
53 54
