1 43
1 44
1 45
1 46
1 48
2 41
2 45
2 46
2 47
2 48
3 6
3 10
3 11
3 12
3 13
3 14
3 15
3 37
3 40
3 41
3 44
3 45
3 46
3 47
4 5
4 6
4 7
4 10
4 11
4 12
4 13
4 14
4 18
4 35
4 38
4 40
4 41
4 42
4 43
4 45
4 46
4 47
5 6
5 7
5 9
5 10
5 11
5 12
5 13
5 14
5 15
5 35
5 37
5 38
5 39
5 40
5 42
5 43
5 44
5 45
5 46
5 47
5 48
6 7
6 8
6 9
6 10
6 11
6 12
6 13
6 14
6 16
6 36
6 37
6 38
6 39
6 40
6 41
6 42
6 43
6 44
6 45
6 46
6 47
7 8
7 9
7 10
7 11
7 12
7 13
7 14
7 36
7 37
7 38
7 39
7 40
7 41
7 42
7 43
7 44
7 45
7 46
7 47
8 9
8 10
8 11
8 12
8 13
8 14
8 15
8 35
8 36
8 37
8 38
8 39
8 40
8 41
8 42
8 43
8 44
8 45
8 46
8 47
9 10
9 11
9 12
9 13
9 14
9 15
9 17
9 36
9 37
9 38
9 39
9 40
9 41
9 42
9 43
9 44
9 45
9 46
9 47
10 11
10 12
10 13
10 14
10 15
10 17
10 35
10 36
10 37
10 38
10 39
10 40
10 41
10 42
10 43
10 44
10 45
10 46
10 47
10 48
11 12
11 13
11 14
11 15
11 35
11 36
11 37
11 38
11 39
11 40
11 41
11 42
11 43
11 44
11 45
11 46
11 47
11 48
12 13
12 14
12 15
12 17
12 36
12 37
12 38
12 39
12 40
12 41
12 42
12 43
12 44
12 45
12 46
12 47
12 48
13 14
13 15
13 16
13 34
13 35
13 36
13 37
13 38
13 39
13 40
13 41
13 42
13 43
13 44
13 45
13 46
13 47
13 48
13 49
14 15
14 17
14 31
14 36
14 37
14 38
14 39
14 40
14 41
14 42
14 43
14 44
14 45
14 46
14 47
14 48
14 56
15 16
15 31
15 38
15 39
15 41
15 42
15 43
15 44
15 45
15 46
15 47
15 48
15 50
16 18
16 32
16 38
16 39
16 40
16 41
16 42
16 44
16 45
16 46
16 48
17 43
17 44
17 47
17 49
18 42
18 50
19 43
24 43
29 57
30 44
30 45
35 41
35 42
35 43
35 44
35 45
35 46
35 47
36 37
36 39
36 40
36 41
36 42
36 43
36 44
36 45
36 46
36 47
37 38
37 39
37 40
37 41
37 42
37 43
37 44
37 45
37 46
37 47
37 48
38 39
38 40
38 41
38 42
38 43
38 44
38 45
38 46
38 47
39 40
39 41
39 42
39 43
39 44
39 45
39 46
39 48
40 41
40 42
40 43
40 44
40 45
40 46
40 47
41 42
41 43
41 44
41 45
41 46
41 47
41 48
42 43
42 44
42 45
42 46
42 47
42 48
43 44
43 45
43 46
43 47
43 48
44 45
44 46
44 47
44 48
44 49
45 46
45 47
45 48
45 49
46 47
46 48
46 49
47 48
47 49
47 56
49 51
