1 2
1 3
1 4
1 5
1 6
1 7
1 8
1 9
1 10
1 11
1 12
1 13
1 14
1 15
1 16
1 17
1 18
1 19
1 34
1 38
1 39
1 40
1 41
1 42
1 43
1 44
1 45
1 46
1 47
1 48
1 49
1 55
2 3
2 4
2 5
2 6
2 7
2 8
2 9
2 10
2 11
2 12
2 13
2 14
2 15
2 16
2 17
2 18
2 19
2 39
2 40
2 41
2 42
2 43
2 44
2 45
2 46
2 47
2 48
2 52
3 4
3 5
3 6
3 7
3 8
3 9
3 10
3 11
3 12
3 13
3 14
3 15
3 16
3 17
3 18
3 36
3 39
3 40
3 41
3 42
3 43
3 44
3 45
3 46
3 47
3 48
4 5
4 6
4 7
4 8
4 9
4 10
4 11
4 12
4 13
4 14
4 15
4 16
4 17
4 18
4 19
4 39
4 40
4 41
4 42
4 43
4 44
4 45
4 46
4 47
4 48
4 49
5 6
5 7
5 8
5 9
5 10
5 11
5 12
5 13
5 14
5 15
5 16
5 17
5 18
5 39
5 40
5 41
5 42
5 43
5 44
5 45
5 46
5 47
5 48
5 50
6 7
6 8
6 9
6 10
6 11
6 12
6 13
6 14
6 15
6 16
6 17
6 18
6 19
6 20
6 35
6 37
6 40
6 41
6 42
6 43
6 44
6 45
6 46
6 47
6 49
7 8
7 9
7 10
7 11
7 12
7 13
7 14
7 15
7 16
7 17
7 18
7 20
7 21
7 38
7 39
7 41
7 42
7 43
7 44
7 45
7 46
7 47
8 9
8 10
8 11
8 12
8 13
8 14
8 15
8 16
8 17
8 40
8 41
8 42
8 43
8 44
8 45
8 46
9 10
9 11
9 12
9 13
9 14
9 15
9 16
9 38
9 39
9 41
9 42
9 43
9 44
9 45
9 46
10 11
10 12
10 13
10 14
10 15
10 16
10 17
10 39
10 40
10 41
10 42
10 43
10 44
10 45
10 46
10 47
10 55
11 12
11 13
11 14
11 15
11 16
11 17
11 18
11 34
11 40
11 41
11 42
11 43
11 44
11 45
11 46
11 47
11 51
12 13
12 14
12 15
12 16
12 17
12 18
12 39
12 40
12 41
12 42
12 43
12 44
12 45
12 46
12 47
13 14
13 15
13 16
13 17
13 39
13 40
13 41
13 42
13 43
13 44
13 45
13 46
13 47
14 15
14 16
14 17
14 18
14 19
14 20
14 33
14 39
14 40
14 41
14 42
14 43
14 44
14 45
14 46
14 47
15 16
15 17
15 39
15 40
15 41
15 42
15 43
15 44
15 45
15 46
15 47
16 17
16 39
16 41
16 42
16 43
16 44
16 45
16 46
16 47
16 48
17 18
17 42
17 43
17 44
17 45
17 46
17 48
38 40
38 44
39 41
39 43
39 45
39 46
40 41
40 42
40 43
40 44
40 45
40 46
41 42
41 43
41 44
41 45
41 46
41 47
42 43
42 44
42 45
42 46
43 44
43 45
43 46
43 47
43 48
44 45
44 46
44 47
44 50
45 46
45 47
45 48
