2 26
4 21
5 14
5 20
5 21
5 22
5 23
5 25
5 49
5 50
5 51
6 22
6 23
6 24
6 26
6 27
6 45
6 50
6 51
7 20
7 22
7 23
7 24
7 25
7 26
7 47
7 48
7 49
7 51
8 22
8 25
8 26
8 27
8 28
8 46
8 47
8 50
8 51
9 19
9 24
9 25
9 26
9 48
10 15
10 19
10 21
10 27
10 48
11 19
11 22
11 24
11 26
11 27
11 29
11 45
11 48
11 50
12 13
12 22
12 24
12 25
12 26
12 27
12 43
12 46
12 47
12 48
12 49
12 50
13 18
13 21
13 22
13 23
13 24
13 25
13 26
13 27
13 43
13 44
13 47
13 48
13 49
13 50
13 52
14 20
14 21
14 22
14 23
14 24
14 25
14 26
14 27
14 28
14 45
14 46
14 49
15 24
15 25
15 26
15 27
15 28
15 44
15 45
15 51
16 22
16 24
16 27
16 44
16 45
16 48
16 52
16 58
17 19
17 21
17 22
17 23
17 24
17 25
17 26
17 27
17 46
17 47
17 49
17 54
18 19
18 20
18 21
18 22
18 23
18 24
18 25
18 26
18 27
18 42
18 43
18 44
18 45
18 46
18 47
18 48
18 49
18 50
19 20
19 21
19 22
19 23
19 24
19 25
19 26
19 27
19 42
19 43
19 44
19 45
19 46
19 47
19 48
19 49
19 50
19 51
20 21
20 22
20 23
20 24
20 25
20 26
20 27
20 43
20 44
20 45
20 46
20 47
20 48
20 49
20 50
20 51
21 22
21 23
21 24
21 25
21 26
21 27
21 28
21 42
21 43
21 44
21 45
21 46
21 47
21 48
21 49
21 50
21 51
21 56
22 23
22 24
22 25
22 26
22 27
22 28
22 42
22 43
22 44
22 45
22 46
22 47
22 48
22 49
22 50
22 51
22 52
23 24
23 25
23 26
23 27
23 28
23 42
23 43
23 44
23 45
23 46
23 47
23 48
23 49
23 50
23 51
23 52
24 25
24 26
24 27
24 28
24 29
24 43
24 44
24 45
24 46
24 47
24 48
24 49
24 50
24 51
24 52
25 26
25 27
25 28
25 42
25 43
25 44
25 45
25 46
25 47
25 48
25 49
25 50
25 51
25 52
25 53
25 57
26 27
26 28
26 29
26 42
26 43
26 44
26 45
26 46
26 47
26 48
26 49
26 50
26 51
26 52
26 53
26 56
27 28
27 41
27 43
27 44
27 45
27 46
27 47
27 48
27 49
27 50
27 51
27 52
27 53
28 45
28 47
28 48
28 49
28 50
28 51
28 52
28 53
29 50
29 52
29 53
29 57
30 49
30 53
32 52
41 43
42 44
42 47
42 48
42 49
42 50
42 51
43 44
43 45
43 46
43 47
43 48
43 49
43 50
43 51
43 52
44 45
44 46
44 47
44 48
44 49
44 50
44 51
45 46
45 47
45 48
45 49
45 50
45 51
45 52
46 47
46 48
46 49
46 50
46 51
47 48
47 49
47 50
47 51
48 49
48 50
48 51
48 52
48 55
49 50
49 51
50 51
50 52
50 53
51 52
51 53
52 54
