2 15
4 33
5 37
6 8
6 12
6 17
6 29
6 35
7 9
7 10
7 11
7 12
7 13
7 15
7 16
7 17
7 20
7 28
7 29
7 30
7 31
7 32
7 33
7 34
7 43
7 51
8 9
8 10
8 11
8 12
8 13
8 14
8 15
8 16
8 20
8 21
8 26
8 27
8 28
8 29
8 30
8 31
8 32
8 33
8 34
8 35
8 36
8 42
8 43
8 44
8 48
9 10
9 11
9 12
9 13
9 14
9 15
9 16
9 18
9 19
9 21
9 23
9 27
9 28
9 29
9 30
9 31
9 32
9 33
9 34
9 35
9 36
9 43
9 47
10 11
10 12
10 13
10 14
10 15
10 16
10 17
10 19
10 20
10 22
10 23
10 25
10 26
10 27
10 28
10 29
10 30
10 31
10 32
10 33
10 34
10 35
10 36
10 42
10 43
10 44
10 45
10 46
10 47
11 12
11 13
11 14
11 15
11 16
11 17
11 18
11 19
11 20
11 21
11 22
11 26
11 27
11 28
11 29
11 30
11 31
11 32
11 33
11 34
11 35
11 36
11 42
11 43
11 44
11 45
11 48
12 13
12 14
12 15
12 16
12 17
12 19
12 20
12 21
12 22
12 23
12 26
12 27
12 28
12 29
12 30
12 31
12 32
12 33
12 34
12 35
12 36
12 37
12 41
12 42
12 43
12 44
12 45
12 46
12 47
13 14
13 15
13 16
13 17
13 18
13 19
13 20
13 21
13 22
13 23
13 27
13 28
13 29
13 30
13 31
13 32
13 33
13 34
13 35
13 36
13 37
13 42
13 43
13 44
13 45
13 46
13 47
13 49
14 15
14 16
14 17
14 19
14 20
14 21
14 22
14 23
14 24
14 26
14 27
14 28
14 29
14 30
14 31
14 32
14 33
14 34
14 35
14 36
14 37
14 38
14 42
14 43
14 44
14 45
14 46
14 47
14 48
14 49
15 16
15 17
15 18
15 19
15 20
15 21
15 22
15 23
15 24
15 25
15 26
15 27
15 28
15 29
15 30
15 31
15 32
15 33
15 34
15 35
15 36
15 37
15 38
15 41
15 42
15 43
15 44
15 45
15 46
15 49
15 52
15 56
15 57
16 17
16 18
16 19
16 20
16 21
16 22
16 23
16 24
16 25
16 26
16 27
16 28
16 29
16 30
16 31
16 32
16 33
16 34
16 35
16 36
16 44
16 45
16 46
16 47
16 48
16 50
16 57
17 18
17 20
17 24
17 28
17 29
17 30
17 33
17 34
17 35
17 36
17 37
17 38
17 44
17 45
17 46
17 47
17 50
17 51
18 25
18 26
18 28
18 29
18 31
18 33
18 34
18 35
18 37
18 45
18 48
18 49
18 51
19 20
19 21
19 22
19 27
19 28
19 29
19 30
19 31
19 32
19 33
19 34
19 35
19 37
19 43
19 44
20 21
20 24
20 30
20 31
20 32
20 33
20 34
20 35
20 36
20 42
20 45
21 22
21 23
21 29
21 30
21 31
21 32
21 33
21 34
21 35
21 36
21 42
22 28
22 29
22 30
22 31
22 32
22 33
22 34
22 45
22 46
23 33
23 34
23 35
23 36
23 45
24 34
24 36
25 27
25 36
25 39
26 27
26 28
26 29
26 31
26 33
26 34
26 44
26 46
27 28
27 29
27 30
27 31
27 32
27 33
27 34
27 35
27 36
27 45
28 29
28 30
28 31
28 32
28 33
28 34
28 35
28 36
28 41
29 30
29 31
29 32
29 33
29 34
29 35
29 36
29 37
29 43
29 45
29 47
29 49
30 31
30 32
30 33
30 34
30 35
30 38
30 42
30 43
30 44
30 45
31 32
31 33
31 34
31 35
31 36
31 42
31 44
31 45
31 46
32 33
32 34
32 35
32 36
32 37
32 42
32 43
32 44
32 45
33 34
33 35
33 36
33 41
33 42
33 43
33 44
33 45
33 48
34 35
34 36
34 37
34 43
34 44
34 45
34 46
35 36
35 37
35 42
35 43
35 44
35 45
35 46
35 50
36 38
36 44
36 46
37 53
38 48
39 47
43 51
48 52
50 58
