1 2
1 3
1 4
1 5
1 13
1 14
1 15
1 16
1 17
1 25
1 26
1 27
1 28
1 29
1 30
1 31
1 32
1 33
1 34
1 35
1 46
1 47
2 3
2 4
2 5
2 6
2 11
2 12
2 13
2 14
2 15
2 16
2 17
2 19
2 23
2 24
2 26
2 27
2 28
2 29
2 30
2 31
2 32
2 33
2 34
2 35
2 46
3 4
3 5
3 6
3 7
3 10
3 11
3 13
3 14
3 15
3 16
3 17
3 18
3 20
3 22
3 24
3 25
3 26
3 27
3 28
3 29
3 30
3 31
3 32
3 33
3 34
3 35
3 47
4 5
4 6
4 12
4 13
4 14
4 15
4 16
4 17
4 18
4 19
4 20
4 25
4 26
4 27
4 28
4 29
4 30
4 31
4 32
4 33
4 34
4 35
4 45
4 46
4 48
5 6
5 11
5 13
5 14
5 15
5 16
5 17
5 18
5 23
5 24
5 25
5 26
5 27
5 28
5 29
5 30
5 31
5 32
5 33
5 34
5 35
5 47
6 7
6 13
6 14
6 15
6 17
6 23
6 24
6 26
6 28
6 29
6 30
6 31
6 32
6 33
6 34
6 35
6 36
6 47
6 50
7 8
7 13
7 14
7 16
7 17
7 19
7 27
7 28
7 29
7 31
7 32
7 33
7 34
7 35
7 36
7 49
8 34
8 35
8 36
8 38
8 51
8 57
9 12
9 28
9 31
9 37
10 14
10 16
10 25
10 28
10 30
10 33
11 12
11 13
11 14
11 16
11 17
11 19
11 25
11 26
11 30
11 31
11 32
11 33
11 34
12 13
12 14
12 15
12 16
12 18
12 24
12 26
12 27
12 28
12 29
12 30
12 31
12 32
12 33
12 34
12 46
13 14
13 15
13 16
13 17
13 19
13 24
13 25
13 26
13 27
13 28
13 29
13 30
13 31
13 32
13 33
13 34
13 48
14 15
14 16
14 17
14 18
14 22
14 23
14 24
14 25
14 26
14 27
14 28
14 29
14 30
14 31
14 32
14 33
14 34
14 35
14 36
14 47
14 49
15 16
15 17
15 18
15 19
15 21
15 22
15 23
15 25
15 26
15 27
15 28
15 29
15 30
15 31
15 32
15 33
15 34
15 35
15 46
15 47
16 17
16 18
16 19
16 20
16 21
16 22
16 23
16 24
16 25
16 26
16 27
16 28
16 29
16 30
16 31
16 32
16 33
16 34
16 35
16 38
16 48
17 18
17 19
17 20
17 21
17 24
17 25
17 26
17 27
17 28
17 29
17 30
17 31
17 32
17 33
17 34
17 35
17 45
17 47
17 48
18 19
18 24
18 25
18 26
18 27
18 28
18 29
18 30
18 31
18 32
18 33
18 34
18 35
18 47
18 49
19 20
19 25
19 29
19 32
19 33
19 34
19 35
19 36
20 28
20 30
20 32
20 33
20 34
20 35
20 37
21 28
21 29
21 32
21 33
21 52
22 26
22 28
22 29
22 30
22 31
22 32
22 33
23 24
23 25
23 26
23 27
23 28
23 29
23 30
23 31
23 32
23 33
23 34
23 35
24 26
24 28
24 29
24 30
24 31
24 32
24 33
24 34
24 35
25 26
25 27
25 29
25 30
25 31
25 32
25 33
25 34
25 35
25 36
25 47
26 27
26 28
26 29
26 30
26 31
26 32
26 33
26 34
26 35
26 37
26 49
26 50
27 28
27 29
27 30
27 31
27 32
27 33
27 34
27 36
27 45
27 53
28 29
28 30
28 31
28 32
28 33
28 34
28 35
28 45
28 47
29 30
29 31
29 32
29 33
29 34
29 35
29 46
29 47
29 48
30 31
30 32
30 33
30 34
30 35
30 45
30 46
30 47
30 48
30 51
31 32
31 33
31 34
31 35
31 36
31 40
31 46
31 47
31 48
32 33
32 34
32 35
32 36
32 44
32 46
32 47
32 49
32 54
33 34
33 35
33 36
33 46
33 47
33 48
33 49
33 50
34 35
34 36
34 46
34 47
34 49
35 36
35 47
35 48
35 52
36 37
36 48
36 50
37 45
39 54
48 49
