1 10
1 18
1 20
1 21
1 24
1 37
2 21
2 22
2 23
2 24
3 23
3 24
3 40
4 28
5 21
6 11
6 12
6 15
6 17
7 10
7 12
7 13
7 15
7 16
7 18
7 19
7 20
7 21
7 22
7 23
7 47
8 11
8 12
8 13
8 14
8 15
8 16
8 17
8 20
8 21
8 22
8 23
8 34
8 35
8 36
8 51
8 52
9 10
9 12
9 13
9 14
9 15
9 16
9 17
9 18
9 19
9 20
9 21
9 22
9 23
9 24
9 32
9 33
9 35
9 36
9 47
9 52
9 55
10 11
10 12
10 13
10 14
10 15
10 16
10 17
10 18
10 19
10 20
10 21
10 22
10 23
10 24
10 31
10 35
10 36
10 37
10 47
10 50
10 51
11 12
11 13
11 14
11 15
11 16
11 17
11 18
11 19
11 20
11 21
11 22
11 23
11 24
11 26
11 31
11 32
11 33
11 34
11 35
11 36
11 37
11 38
11 47
11 50
11 51
12 13
12 14
12 15
12 16
12 17
12 18
12 19
12 20
12 21
12 22
12 23
12 24
12 27
12 28
12 33
12 34
12 35
12 36
12 37
12 39
12 48
12 49
12 50
12 51
13 14
13 15
13 16
13 17
13 18
13 19
13 20
13 21
13 22
13 23
13 24
13 25
13 31
13 32
13 33
13 34
13 35
13 36
13 37
13 38
13 47
13 48
13 49
13 50
13 51
14 15
14 16
14 17
14 18
14 19
14 20
14 21
14 22
14 23
14 24
14 27
14 28
14 33
14 34
14 35
14 36
14 37
14 38
14 39
14 43
14 48
14 49
14 50
14 51
14 54
15 16
15 17
15 18
15 19
15 20
15 21
15 22
15 23
15 24
15 28
15 29
15 31
15 33
15 34
15 35
15 36
15 37
15 38
15 39
15 48
15 49
15 50
15 51
15 52
15 53
16 17
16 18
16 19
16 20
16 21
16 22
16 23
16 24
16 25
16 27
16 31
16 32
16 33
16 34
16 35
16 36
16 37
16 38
16 39
16 47
16 48
16 49
16 50
16 51
16 52
16 53
16 54
16 56
17 18
17 19
17 20
17 21
17 22
17 23
17 24
17 28
17 29
17 32
17 33
17 34
17 35
17 36
17 37
17 38
17 39
17 40
17 48
17 49
17 50
17 51
17 52
17 53
17 54
17 55
18 19
18 20
18 21
18 22
18 23
18 24
18 25
18 29
18 30
18 32
18 33
18 34
18 35
18 36
18 37
18 38
18 39
18 40
18 41
18 47
18 48
18 49
18 50
18 51
18 52
19 20
19 21
19 22
19 23
19 24
19 25
19 26
19 29
19 31
19 32
19 33
19 34
19 35
19 36
19 37
19 38
19 39
19 40
19 48
19 49
19 50
19 52
19 55
20 21
20 22
20 23
20 24
20 25
20 26
20 28
20 33
20 34
20 35
20 36
20 37
20 38
20 39
20 40
20 47
20 48
20 49
20 50
20 51
20 54
20 58
21 22
21 23
21 24
21 25
21 27
21 28
21 29
21 32
21 33
21 34
21 35
21 36
21 37
21 38
21 39
21 48
21 49
21 50
21 51
21 52
21 53
21 54
21 59
22 23
22 24
22 25
22 27
22 28
22 29
22 32
22 33
22 34
22 35
22 36
22 37
22 38
22 39
22 40
22 48
22 49
22 50
22 51
22 52
22 53
22 54
22 55
23 24
23 25
23 26
23 27
23 30
23 32
23 33
23 34
23 35
23 36
23 37
23 38
23 39
23 40
23 48
23 50
23 51
23 52
23 53
23 55
23 56
24 25
24 29
24 31
24 35
24 37
24 38
24 39
24 40
24 41
24 48
24 49
24 50
24 51
24 53
24 56
25 30
25 32
25 38
25 41
25 42
25 54
26 27
26 42
26 57
27 34
27 49
30 34
31 34
31 36
32 35
32 36
32 48
33 34
33 35
33 36
33 51
33 52
34 35
34 37
34 48
34 51
34 52
35 36
35 37
35 38
35 49
36 37
36 38
36 39
36 50
36 51
37 38
37 39
37 47
38 49
39 52
41 53
47 50
49 50
51 53
