1 2
1 3
1 4
1 5
1 6
1 7
1 8
1 9
1 17
1 18
1 19
1 20
1 21
1 42
1 43
1 44
1 45
1 46
1 47
1 48
1 49
1 50
1 51
1 52
1 53
1 54
1 55
1 56
1 57
2 3
2 4
2 5
2 6
2 7
2 8
2 17
2 18
2 19
2 20
2 21
2 41
2 42
2 43
2 44
2 45
2 46
2 47
2 48
2 49
2 50
2 51
2 52
2 53
2 54
2 55
2 56
3 4
3 5
3 6
3 7
3 8
3 9
3 10
3 11
3 16
3 19
3 20
3 21
3 22
3 33
3 41
3 43
3 44
3 45
3 46
3 47
3 48
3 49
3 50
3 51
3 52
3 53
3 54
3 55
3 56
4 5
4 6
4 7
4 8
4 9
4 10
4 18
4 19
4 20
4 21
4 22
4 29
4 35
4 43
4 44
4 45
4 46
4 47
4 48
4 49
4 50
4 51
4 52
4 53
4 54
4 55
4 56
5 6
5 7
5 8
5 9
5 10
5 18
5 19
5 20
5 21
5 23
5 41
5 42
5 43
5 44
5 45
5 46
5 47
5 48
5 49
5 50
5 51
5 52
5 53
5 54
5 55
5 56
5 58
6 7
6 8
6 9
6 17
6 18
6 19
6 20
6 21
6 22
6 41
6 42
6 43
6 44
6 45
6 46
6 47
6 48
6 49
6 50
6 51
6 52
6 53
6 54
6 55
6 56
7 8
7 9
7 14
7 18
7 20
7 21
7 22
7 33
7 43
7 44
7 45
7 46
7 47
7 48
7 49
7 50
7 51
7 52
7 53
7 54
7 55
7 56
8 18
8 20
8 29
8 30
8 42
8 44
8 45
8 46
8 47
8 48
8 49
8 50
8 51
8 52
8 53
8 54
8 55
8 56
8 57
9 19
9 21
9 42
9 45
9 48
9 49
9 50
9 51
9 52
9 53
9 54
9 55
9 56
9 57
10 15
10 18
10 20
10 34
10 43
10 45
10 48
10 51
10 52
10 54
10 55
10 56
10 57
11 24
11 25
11 53
11 55
11 57
12 55
12 59
13 24
14 47
16 20
16 48
17 41
17 44
17 45
17 46
17 47
17 48
17 49
17 50
17 51
17 52
17 53
17 54
17 55
18 20
18 41
18 42
18 44
18 46
18 47
18 48
18 49
18 50
18 51
18 53
18 54
18 55
18 56
19 41
19 42
19 44
19 45
19 46
19 47
19 49
19 50
19 51
19 52
19 53
19 54
19 55
19 57
20 29
20 43
20 44
20 45
20 46
20 48
20 49
20 50
20 51
20 52
20 53
20 54
20 55
20 56
21 43
21 45
21 46
21 49
21 50
21 51
21 52
21 53
21 54
21 55
21 56
22 50
22 51
22 52
22 53
22 54
22 55
22 56
23 48
23 54
23 55
23 56
23 57
23 59
24 58
26 55
27 56
28 48
28 53
28 55
29 54
30 49
30 54
31 46
31 47
31 50
31 51
31 54
32 52
32 53
32 54
32 55
33 56
34 58
35 49
36 53
41 45
41 52
41 55
41 56
42 43
42 44
42 45
42 47
42 48
42 50
42 51
42 52
42 53
42 54
42 55
43 44
43 45
43 46
43 47
43 48
43 49
43 50
43 51
43 52
43 53
43 54
43 55
43 56
44 45
44 46
44 47
44 48
44 49
44 50
44 51
44 52
44 53
44 54
44 55
44 56
45 46
45 47
45 48
45 49
45 50
45 51
45 52
45 53
45 54
45 55
46 47
46 48
46 49
46 50
46 51
46 52
46 53
46 54
46 55
46 56
46 57
47 48
47 49
47 50
47 51
47 52
47 53
47 54
47 55
47 56
47 57
48 49
48 50
48 51
48 52
48 53
48 54
48 55
48 56
48 57
49 50
49 51
49 52
49 53
49 54
49 55
49 56
49 57
50 51
50 52
50 53
50 54
50 55
50 56
50 57
51 52
51 53
51 54
51 55
51 56
51 57
52 53
52 54
52 55
52 56
52 57
52 58
53 54
53 55
53 56
53 57
54 55
54 56
54 57
54 58
55 56
55 57
56 57
56 58
57 58
