1 32
1 34
1 37
1 38
1 91
1 252
1 309
1 603
1 618
1 623
1 624
1 625
2 33
2 35
2 36
2 38
2 251
2 253
2 357
2 608
2 623
3 38
3 39
3 192
3 353
3 628
4 287
4 311
5 354
7 349
8 38
8 245
9 622
10 13
10 18
10 25
10 27
10 236
10 238
10 489
11 13
11 17
11 33
11 228
11 233
11 240
11 246
11 248
11 252
11 339
11 343
11 345
11 481
11 540
11 541
11 552
11 607
11 611
11 612
11 613
11 619
11 622
11 623
12 13
12 14
12 21
12 24
12 28
12 31
12 32
12 34
12 35
12 36
12 37
12 38
12 222
12 223
12 225
12 228
12 230
12 234
12 237
12 238
12 241
12 243
12 245
12 249
12 252
12 337
12 339
12 345
12 347
12 348
12 483
12 484
12 485
12 487
12 541
12 543
12 547
12 548
12 549
12 550
12 552
12 553
12 554
12 603
12 604
12 608
12 609
12 610
12 613
12 614
12 616
12 617
12 621
12 623
12 624
12 625
13 14
13 16
13 18
13 19
13 21
13 24
13 26
13 30
13 31
13 32
13 33
13 35
13 36
13 37
13 38
13 220
13 222
13 224
13 226
13 228
13 231
13 232
13 233
13 236
13 237
13 238
13 239
13 240
13 241
13 243
13 245
13 246
13 247
13 248
13 250
13 251
13 252
13 338
13 339
13 340
13 341
13 342
13 343
13 344
13 345
13 346
13 347
13 482
13 483
13 488
13 539
13 540
13 543
13 545
13 548
13 553
13 554
13 604
13 605
13 606
13 608
13 609
13 610
13 613
13 614
13 615
13 618
13 619
13 621
13 623
13 624
13 626
14 15
14 18
14 19
14 21
14 24
14 25
14 27
14 28
14 29
14 30
14 31
14 32
14 34
14 35
14 36
14 37
14 38
14 39
14 187
14 224
14 227
14 229
14 230
14 231
14 232
14 233
14 235
14 236
14 237
14 239
14 243
14 245
14 246
14 247
14 249
14 251
14 252
14 337
14 338
14 340
14 341
14 343
14 344
14 348
14 482
14 483
14 487
14 488
14 489
14 515
14 544
14 546
14 547
14 548
14 549
14 550
14 552
14 553
14 602
14 606
14 610
14 612
14 613
14 614
14 615
14 616
14 618
14 619
14 620
14 621
14 622
14 624
14 625
15 17
15 18
15 19
15 20
15 21
15 22
15 23
15 25
15 26
15 27
15 28
15 29
15 30
15 32
15 36
15 37
15 64
15 224
15 225
15 226
15 227
15 230
15 231
15 233
15 234
15 235
15 238
15 241
15 242
15 243
15 245
15 246
15 247
15 248
15 249
15 250
15 251
15 316
15 341
15 342
15 343
15 345
15 346
15 348
15 486
15 487
15 488
15 539
15 541
15 542
15 543
15 545
15 549
15 553
15 601
15 603
15 604
15 606
15 607
15 608
15 609
15 610
15 611
15 613
15 614
15 615
15 616
15 617
15 619
15 620
15 625
16 17
16 20
16 21
16 22
16 23
16 27
16 29
16 30
16 35
16 36
16 37
16 225
16 226
16 227
16 228
16 230
16 231
16 233
16 234
16 235
16 236
16 238
16 240
16 241
16 242
16 243
16 244
16 247
16 251
16 252
16 253
16 309
16 338
16 340
16 341
16 342
16 343
16 344
16 347
16 348
16 481
16 485
16 486
16 542
16 543
16 545
16 546
16 548
16 549
16 550
16 551
16 552
16 553
16 601
16 602
16 603
16 604
16 605
16 606
16 607
16 608
16 610
16 611
16 613
16 615
16 616
16 617
16 618
16 619
16 620
16 621
16 622
16 624
16 625
16 626
17 18
17 19
17 20
17 21
17 22
17 23
17 24
17 26
17 27
17 28
17 29
17 30
17 31
17 32
17 33
17 34
17 35
17 37
17 39
17 65
17 71
17 222
17 223
17 224
17 226
17 227
17 228
17 229
17 230
17 231
17 232
17 233
17 234
17 235
17 236
17 237
17 238
17 239
17 240
17 242
17 243
17 244
17 245
17 246
17 247
17 248
17 249
17 250
17 251
17 252
17 339
17 340
17 341
17 342
17 343
17 344
17 345
17 346
17 347
17 348
17 481
17 483
17 487
17 488
17 542
17 544
17 545
17 546
17 547
17 549
17 550
17 551
17 552
17 553
17 603
17 604
17 606
17 607
17 608
17 609
17 610
17 612
17 613
17 614
17 615
17 616
17 618
17 619
17 620
17 621
17 622
17 624
17 625
17 626
17 638
18 19
18 20
18 21
18 24
18 25
18 26
18 27
18 28
18 29
18 30
18 31
18 32
18 33
18 34
18 35
18 36
18 37
18 38
18 65
18 90
18 223
18 224
18 225
18 226
18 227
18 232
18 233
18 234
18 235
18 236
18 237
18 238
18 240
18 241
18 242
18 243
18 244
18 245
18 246
18 247
18 248
18 249
18 250
18 251
18 252
18 253
18 308
18 315
18 337
18 341
18 342
18 343
18 344
18 345
18 346
18 347
18 348
18 482
18 483
18 485
18 486
18 487
18 488
18 489
18 515
18 543
18 546
18 547
18 548
18 549
18 550
18 551
18 552
18 554
18 602
18 605
18 606
18 607
18 608
18 609
18 610
18 611
18 612
18 613
18 614
18 615
18 616
18 617
18 618
18 619
18 620
18 621
18 622
18 623
18 624
18 625
18 626
19 20
19 21
19 22
19 23
19 24
19 25
19 26
19 27
19 28
19 29
19 30
19 31
19 33
19 34
19 35
19 37
19 38
19 220
19 221
19 222
19 225
19 226
19 229
19 230
19 231
19 232
19 234
19 236
19 237
19 238
19 239
19 240
19 241
19 242
19 243
19 244
19 245
19 246
19 248
19 249
19 250
19 251
19 252
19 253
19 315
19 337
19 339
19 340
19 341
19 342
19 343
19 344
19 345
19 346
19 347
19 348
19 349
19 482
19 483
19 484
19 486
19 487
19 541
19 544
19 545
19 546
19 548
19 550
19 551
19 552
19 553
19 554
19 602
19 603
19 604
19 605
19 607
19 609
19 610
19 611
19 612
19 613
19 614
19 615
19 616
19 617
19 618
19 619
19 620
19 621
19 622
19 624
19 625
20 21
20 23
20 24
20 25
20 26
20 27
20 28
20 29
20 30
20 31
20 32
20 33
20 34
20 35
20 36
20 37
20 38
20 39
20 191
20 221
20 225
20 226
20 227
20 228
20 229
20 230
20 231
20 233
20 234
20 236
20 237
20 238
20 239
20 240
20 241
20 242
20 243
20 244
20 245
20 246
20 247
20 248
20 249
20 250
20 251
20 252
20 253
20 338
20 339
20 340
20 341
20 342
20 343
20 344
20 345
20 346
20 347
20 348
20 482
20 485
20 486
20 487
20 489
20 544
20 545
20 546
20 548
20 549
20 550
20 551
20 552
20 601
20 605
20 606
20 607
20 608
20 609
20 610
20 611
20 612
20 613
20 614
20 615
20 616
20 617
20 618
20 619
20 620
20 621
20 622
20 623
20 624
20 625
20 626
21 22
21 23
21 24
21 25
21 26
21 27
21 28
21 29
21 30
21 31
21 32
21 33
21 34
21 35
21 36
21 37
21 38
21 39
21 71
21 221
21 222
21 225
21 226
21 227
21 229
21 230
21 232
21 233
21 234
21 235
21 236
21 237
21 238
21 239
21 240
21 241
21 242
21 243
21 244
21 245
21 246
21 247
21 248
21 249
21 250
21 251
21 252
21 253
21 317
21 341
21 342
21 343
21 344
21 345
21 346
21 347
21 348
21 349
21 481
21 482
21 484
21 485
21 486
21 487
21 488
21 545
21 546
21 548
21 549
21 550
21 551
21 552
21 553
21 601
21 603
21 607
21 608
21 609
21 610
21 611
21 612
21 613
21 614
21 615
21 616
21 617
21 618
21 619
21 620
21 621
21 622
21 623
21 624
21 625
21 626
22 23
22 24
22 25
22 26
22 27
22 28
22 29
22 30
22 31
22 32
22 33
22 34
22 35
22 36
22 37
22 38
22 64
22 71
22 189
22 221
22 222
22 224
22 225
22 228
22 229
22 230
22 232
22 233
22 234
22 235
22 236
22 237
22 238
22 239
22 240
22 241
22 242
22 243
22 244
22 245
22 246
22 247
22 248
22 249
22 250
22 251
22 252
22 253
22 310
22 339
22 340
22 341
22 343
22 344
22 345
22 346
22 347
22 348
22 350
22 482
22 483
22 484
22 486
22 487
22 543
22 544
22 546
22 548
22 549
22 550
22 552
22 553
22 603
22 605
22 606
22 607
22 608
22 609
22 610
22 611
22 612
22 613
22 614
22 615
22 616
22 617
22 618
22 619
22 620
22 621
22 622
22 623
22 624
22 625
22 626
23 24
23 25
23 26
23 27
23 28
23 29
23 30
23 31
23 32
23 33
23 34
23 35
23 36
23 37
23 38
23 39
23 189
23 220
23 221
23 222
23 224
23 225
23 227
23 228
23 229
23 231
23 233
23 234
23 235
23 236
23 237
23 238
23 239
23 240
23 241
23 242
23 243
23 244
23 245
23 246
23 247
23 248
23 249
23 250
23 251
23 252
23 253
23 318
23 320
23 337
23 338
23 339
23 340
23 341
23 342
23 344
23 345
23 346
23 347
23 348
23 349
23 480
23 482
23 483
23 484
23 485
23 486
23 487
23 488
23 542
23 543
23 544
23 546
23 547
23 549
23 550
23 551
23 552
23 553
23 576
23 602
23 603
23 604
23 605
23 606
23 607
23 608
23 609
23 610
23 611
23 612
23 613
23 614
23 615
23 616
23 617
23 618
23 619
23 620
23 621
23 622
23 623
23 624
23 625
23 626
24 25
24 26
24 27
24 28
24 29
24 30
24 31
24 32
24 33
24 34
24 35
24 36
24 37
24 38
24 39
24 189
24 191
24 220
24 222
24 223
24 225
24 226
24 227
24 228
24 230
24 231
24 233
24 234
24 235
24 236
24 237
24 238
24 239
24 240
24 241
24 242
24 243
24 244
24 245
24 246
24 247
24 248
24 249
24 250
24 251
24 252
24 253
24 316
24 338
24 339
24 340
24 341
24 342
24 343
24 346
24 347
24 348
24 349
24 350
24 481
24 483
24 484
24 485
24 486
24 488
24 545
24 546
24 548
24 549
24 550
24 551
24 552
24 553
24 604
24 605
24 606
24 607
24 608
24 610
24 611
24 612
24 613
24 614
24 615
24 616
24 617
24 618
24 619
24 620
24 621
24 622
24 623
24 624
24 625
24 626
25 26
25 27
25 28
25 29
25 30
25 31
25 32
25 33
25 34
25 35
25 36
25 37
25 38
25 39
25 189
25 223
25 224
25 225
25 226
25 227
25 228
25 230
25 231
25 232
25 233
25 234
25 236
25 237
25 238
25 239
25 240
25 241
25 242
25 243
25 244
25 245
25 246
25 247
25 248
25 249
25 250
25 251
25 252
25 253
25 321
25 338
25 340
25 342
25 343
25 344
25 345
25 346
25 347
25 348
25 349
25 350
25 483
25 484
25 486
25 488
25 489
25 540
25 541
25 545
25 546
25 547
25 548
25 549
25 550
25 551
25 552
25 553
25 554
25 603
25 606
25 607
25 608
25 609
25 610
25 611
25 613
25 614
25 615
25 616
25 617
25 618
25 619
25 620
25 621
25 622
25 623
25 624
25 625
25 626
26 27
26 28
26 29
26 30
26 31
26 32
26 33
26 34
26 35
26 36
26 37
26 38
26 188
26 189
26 223
26 226
26 228
26 229
26 230
26 231
26 233
26 234
26 235
26 236
26 237
26 238
26 239
26 240
26 241
26 242
26 243
26 244
26 245
26 246
26 247
26 248
26 249
26 250
26 251
26 252
26 253
26 317
26 336
26 340
26 341
26 345
26 346
26 347
26 348
26 480
26 482
26 483
26 486
26 487
26 488
26 491
26 541
26 544
26 546
26 547
26 548
26 549
26 550
26 551
26 552
26 553
26 601
26 604
26 605
26 606
26 607
26 608
26 609
26 610
26 611
26 612
26 613
26 614
26 615
26 616
26 617
26 618
26 619
26 620
26 621
26 622
26 623
26 624
26 625
26 626
27 28
27 29
27 30
27 31
27 32
27 33
27 34
27 35
27 36
27 37
27 38
27 39
27 90
27 222
27 223
27 224
27 225
27 227
27 228
27 229
27 230
27 231
27 232
27 234
27 235
27 236
27 237
27 238
27 239
27 240
27 241
27 242
27 243
27 244
27 245
27 246
27 247
27 248
27 249
27 250
27 251
27 252
27 253
27 316
27 337
27 339
27 342
27 344
27 345
27 346
27 347
27 348
27 349
27 363
27 483
27 484
27 486
27 487
27 488
27 543
27 544
27 545
27 547
27 548
27 549
27 550
27 551
27 552
27 553
27 554
27 604
27 605
27 606
27 607
27 608
27 609
27 612
27 613
27 614
27 615
27 616
27 617
27 618
27 619
27 620
27 621
27 622
27 623
27 624
27 625
27 626
28 29
28 30
28 31
28 32
28 33
28 34
28 35
28 36
28 37
28 38
28 39
28 71
28 88
28 90
28 190
28 219
28 223
28 224
28 226
28 227
28 228
28 229
28 230
28 231
28 233
28 234
28 235
28 236
28 237
28 238
28 239
28 240
28 241
28 242
28 243
28 244
28 245
28 246
28 247
28 248
28 249
28 250
28 251
28 252
28 253
28 254
28 310
28 340
28 341
28 343
28 344
28 345
28 346
28 347
28 348
28 349
28 483
28 484
28 485
28 486
28 490
28 534
28 545
28 546
28 548
28 549
28 550
28 551
28 552
28 553
28 554
28 602
28 603
28 604
28 605
28 607
28 608
28 610
28 611
28 612
28 613
28 614
28 615
28 616
28 617
28 618
28 619
28 620
28 621
28 622
28 623
28 624
28 625
28 626
29 30
29 31
29 32
29 33
29 34
29 35
29 36
29 37
29 38
29 39
29 220
29 221
29 224
29 226
29 228
29 229
29 230
29 231
29 234
29 235
29 236
29 237
29 238
29 239
29 240
29 241
29 242
29 243
29 244
29 245
29 246
29 247
29 248
29 249
29 250
29 251
29 252
29 253
29 337
29 340
29 341
29 342
29 343
29 344
29 345
29 346
29 347
29 348
29 349
29 350
29 387
29 484
29 485
29 486
29 487
29 488
29 540
29 543
29 544
29 545
29 546
29 547
29 548
29 549
29 550
29 552
29 553
29 603
29 605
29 606
29 607
29 608
29 609
29 610
29 611
29 612
29 613
29 614
29 615
29 616
29 617
29 618
29 619
29 620
29 621
29 622
29 623
29 624
29 625
29 626
29 627
30 31
30 32
30 33
30 34
30 35
30 36
30 37
30 38
30 39
30 90
30 153
30 189
30 190
30 191
30 223
30 224
30 226
30 227
30 228
30 229
30 230
30 232
30 233
30 235
30 236
30 237
30 238
30 239
30 240
30 241
30 242
30 243
30 244
30 245
30 246
30 247
30 248
30 249
30 250
30 251
30 252
30 253
30 308
30 339
30 340
30 341
30 342
30 343
30 344
30 345
30 346
30 347
30 348
30 349
30 350
30 356
30 364
30 480
30 482
30 484
30 485
30 486
30 487
30 489
30 491
30 540
30 541
30 544
30 545
30 546
30 547
30 548
30 549
30 550
30 551
30 552
30 553
30 602
30 603
30 604
30 605
30 607
30 608
30 609
30 610
30 611
30 612
30 613
30 614
30 615
30 616
30 617
30 618
30 619
30 620
30 621
30 622
30 623
30 624
30 625
30 626
30 627
31 32
31 33
31 34
31 35
31 36
31 37
31 38
31 39
31 65
31 66
31 71
31 72
31 89
31 90
31 187
31 188
31 190
31 221
31 224
31 225
31 227
31 228
31 229
31 231
31 234
31 236
31 237
31 238
31 239
31 240
31 241
31 242
31 243
31 244
31 245
31 246
31 247
31 248
31 249
31 250
31 251
31 252
31 253
31 338
31 340
31 342
31 343
31 345
31 346
31 347
31 348
31 349
31 351
31 481
31 483
31 484
31 486
31 487
31 488
31 489
31 542
31 545
31 546
31 547
31 548
31 549
31 550
31 551
31 552
31 553
31 554
31 604
31 606
31 607
31 608
31 609
31 610
31 611
31 612
31 613
31 614
31 615
31 616
31 617
31 618
31 619
31 620
31 621
31 622
31 623
31 624
31 625
31 626
31 631
31 639
32 33
32 34
32 35
32 36
32 37
32 38
32 39
32 72
32 222
32 224
32 226
32 227
32 228
32 229
32 230
32 231
32 232
32 233
32 234
32 235
32 236
32 237
32 238
32 239
32 240
32 241
32 242
32 243
32 244
32 245
32 246
32 247
32 248
32 249
32 250
32 251
32 252
32 253
32 254
32 309
32 317
32 337
32 339
32 341
32 342
32 344
32 345
32 346
32 347
32 348
32 351
32 364
32 444
32 483
32 486
32 487
32 488
32 529
32 541
32 544
32 545
32 546
32 548
32 549
32 550
32 551
32 552
32 553
32 554
32 605
32 606
32 608
32 609
32 610
32 611
32 612
32 613
32 614
32 615
32 616
32 617
32 618
32 619
32 620
32 621
32 622
32 623
32 624
32 625
32 626
32 627
33 34
33 35
33 36
33 37
33 38
33 39
33 40
33 56
33 64
33 67
33 189
33 191
33 223
33 224
33 225
33 226
33 227
33 228
33 230
33 231
33 232
33 234
33 235
33 236
33 237
33 239
33 240
33 241
33 242
33 243
33 244
33 245
33 246
33 247
33 248
33 249
33 250
33 251
33 252
33 253
33 254
33 314
33 320
33 339
33 340
33 341
33 342
33 343
33 344
33 345
33 346
33 347
33 348
33 349
33 350
33 363
33 365
33 483
33 484
33 485
33 486
33 487
33 488
33 490
33 539
33 540
33 543
33 545
33 546
33 547
33 548
33 549
33 550
33 551
33 552
33 553
33 554
33 555
33 602
33 603
33 605
33 606
33 607
33 608
33 609
33 610
33 611
33 612
33 613
33 614
33 615
33 616
33 617
33 618
33 619
33 620
33 621
33 622
33 623
33 624
33 625
33 626
33 628
34 35
34 36
34 37
34 38
34 39
34 40
34 65
34 67
34 68
34 72
34 88
34 164
34 190
34 221
34 222
34 224
34 225
34 226
34 228
34 229
34 230
34 231
34 232
34 234
34 235
34 237
34 238
34 239
34 240
34 241
34 242
34 243
34 244
34 245
34 246
34 247
34 248
34 249
34 250
34 251
34 252
34 253
34 254
34 310
34 338
34 339
34 341
34 342
34 343
34 344
34 345
34 346
34 347
34 348
34 352
34 357
34 429
34 481
34 484
34 485
34 486
34 489
34 491
34 513
34 516
34 543
34 544
34 547
34 548
34 549
34 550
34 551
34 552
34 553
34 556
34 604
34 605
34 606
34 607
34 608
34 609
34 610
34 611
34 612
34 613
34 614
34 615
34 616
34 617
34 618
34 619
34 620
34 621
34 622
34 623
34 624
34 625
34 626
34 627
34 638
35 36
35 37
35 38
35 39
35 66
35 67
35 71
35 73
35 89
35 187
35 189
35 190
35 221
35 223
35 225
35 226
35 228
35 229
35 230
35 231
35 232
35 233
35 234
35 237
35 238
35 239
35 240
35 241
35 242
35 243
35 244
35 245
35 246
35 247
35 248
35 249
35 250
35 251
35 252
35 253
35 254
35 284
35 304
35 309
35 317
35 318
35 319
35 337
35 340
35 341
35 343
35 344
35 345
35 346
35 347
35 348
35 349
35 350
35 351
35 353
35 481
35 483
35 484
35 485
35 486
35 487
35 488
35 489
35 491
35 516
35 540
35 541
35 543
35 544
35 545
35 546
35 547
35 548
35 549
35 550
35 551
35 552
35 553
35 554
35 555
35 556
35 567
35 600
35 603
35 606
35 608
35 609
35 610
35 611
35 612
35 613
35 614
35 615
35 616
35 617
35 618
35 619
35 620
35 621
35 622
35 623
35 624
35 625
35 626
35 627
35 628
35 630
36 37
36 38
36 39
36 40
36 67
36 88
36 125
36 147
36 150
36 151
36 191
36 192
36 218
36 221
36 222
36 223
36 225
36 226
36 227
36 229
36 230
36 231
36 232
36 233
36 234
36 235
36 236
36 237
36 238
36 239
36 240
36 241
36 242
36 243
36 244
36 245
36 246
36 247
36 248
36 249
36 250
36 251
36 252
36 253
36 254
36 266
36 267
36 283
36 309
36 310
36 316
36 317
36 318
36 319
36 342
36 343
36 344
36 345
36 346
36 347
36 348
36 349
36 350
36 352
36 355
36 358
36 364
36 412
36 481
36 483
36 484
36 485
36 486
36 487
36 490
36 491
36 504
36 545
36 546
36 548
36 549
36 550
36 551
36 552
36 553
36 554
36 555
36 556
36 558
36 602
36 605
36 606
36 608
36 609
36 610
36 611
36 612
36 613
36 614
36 615
36 616
36 617
36 618
36 619
36 620
36 621
36 622
36 623
36 624
36 625
36 626
36 627
36 637
37 38
37 39
37 40
37 66
37 74
37 89
37 90
37 91
37 151
37 156
37 166
37 188
37 192
37 193
37 221
37 223
37 225
37 226
37 227
37 228
37 229
37 230
37 231
37 232
37 233
37 234
37 235
37 236
37 237
37 238
37 239
37 240
37 241
37 242
37 243
37 244
37 245
37 246
37 247
37 248
37 249
37 250
37 251
37 252
37 253
37 254
37 255
37 280
37 286
37 287
37 315
37 318
37 321
37 337
37 339
37 340
37 341
37 342
37 343
37 344
37 345
37 346
37 347
37 348
37 349
37 350
37 351
37 352
37 355
37 358
37 359
37 365
37 366
37 376
37 383
37 396
37 430
37 477
37 483
37 484
37 485
37 486
37 487
37 488
37 516
37 540
37 542
37 544
37 546
37 547
37 548
37 549
37 550
37 551
37 552
37 553
37 554
37 555
37 567
37 572
37 577
37 604
37 605
37 606
37 607
37 608
37 610
37 611
37 612
37 613
37 614
37 615
37 616
37 617
37 618
37 619
37 620
37 621
37 622
37 623
37 624
37 625
37 626
37 627
37 628
37 629
37 633
38 39
38 40
38 67
38 73
38 89
38 90
38 150
38 161
38 189
38 190
38 192
38 193
38 217
38 222
38 224
38 225
38 226
38 228
38 229
38 230
38 231
38 232
38 233
38 235
38 236
38 237
38 238
38 239
38 240
38 241
38 242
38 243
38 244
38 245
38 246
38 247
38 248
38 249
38 250
38 251
38 252
38 253
38 254
38 288
38 308
38 309
38 311
38 340
38 341
38 342
38 343
38 345
38 346
38 347
38 348
38 349
38 350
38 351
38 356
38 430
38 482
38 483
38 484
38 485
38 487
38 488
38 489
38 490
38 491
38 492
38 530
38 535
38 542
38 543
38 545
38 546
38 547
38 549
38 550
38 551
38 552
38 553
38 554
38 555
38 558
38 605
38 606
38 607
38 608
38 609
38 610
38 611
38 612
38 613
38 614
38 615
38 616
38 617
38 618
38 619
38 620
38 621
38 622
38 623
38 624
38 625
38 626
38 627
38 640
39 40
39 77
39 90
39 126
39 188
39 190
39 224
39 225
39 227
39 231
39 234
39 235
39 236
39 237
39 238
39 240
39 241
39 242
39 243
39 245
39 246
39 247
39 248
39 249
39 250
39 251
39 252
39 253
39 255
39 256
39 315
39 319
39 340
39 341
39 343
39 344
39 346
39 347
39 349
39 413
39 486
39 487
39 488
39 515
39 541
39 543
39 548
39 550
39 553
39 556
39 603
39 609
39 613
39 615
39 617
39 620
39 621
39 622
39 623
39 624
39 625
39 626
39 638
40 91
40 185
40 228
40 311
40 357
40 490
40 606
40 621
40 623
40 624
40 625
41 143
41 228
41 234
41 253
41 501
41 611
42 167
42 226
42 256
43 322
45 493
52 558
53 414
57 230
58 281
63 241
63 252
63 345
63 547
63 603
64 221
64 224
64 238
64 243
64 339
64 549
64 553
64 606
64 612
64 621
65 235
65 239
65 240
65 242
65 248
65 350
65 484
65 486
65 488
65 545
65 611
65 615
65 623
65 625
66 230
66 236
66 240
66 242
66 245
66 250
66 347
66 349
66 437
66 551
66 620
66 624
67 622
67 625
67 627
67 628
68 152
68 269
68 627
69 288
70 244
70 247
71 238
71 245
71 251
71 555
71 617
71 624
72 224
72 350
72 486
72 552
72 622
72 624
73 249
73 517
73 535
73 544
73 547
74 577
74 624
74 628
75 259
76 285
79 617
81 547
82 621
87 249
87 250
87 251
87 349
88 226
88 251
88 349
88 623
90 233
92 318
92 619
105 244
106 255
142 233
144 632
148 626
149 243
153 488
154 253
154 626
154 639
155 518
156 245
157 578
160 624
163 624
165 250
166 254
167 252
170 239
174 251
175 188
187 480
187 485
187 486
187 547
187 551
187 609
187 621
188 222
188 246
188 247
188 248
188 249
188 342
188 484
188 488
188 613
188 615
188 625
189 233
189 248
189 249
189 250
189 317
189 488
189 546
189 548
189 603
189 612
189 621
189 622
189 624
190 225
190 231
190 241
190 246
190 340
190 411
190 552
190 612
190 613
190 623
191 241
191 246
191 251
191 278
191 619
191 625
192 623
192 624
192 625
193 627
193 628
194 233
194 352
195 312
219 322
219 342
220 223
220 227
220 231
220 241
220 242
220 252
220 341
220 348
220 480
220 541
220 543
220 551
220 602
220 608
220 610
220 616
221 222
221 223
221 225
221 229
221 230
221 232
221 233
221 235
221 239
221 241
221 244
221 245
221 248
221 345
221 346
221 481
221 482
221 483
221 486
221 488
221 545
221 546
221 550
221 602
221 606
221 614
221 615
221 616
221 619
221 622
221 623
222 223
222 228
222 229
222 232
222 234
222 235
222 236
222 237
222 238
222 239
222 240
222 241
222 243
222 244
222 245
222 246
222 247
222 249
222 251
222 253
222 339
222 341
222 343
222 344
222 349
222 482
222 485
222 486
222 487
222 541
222 543
222 546
222 547
222 548
222 549
222 551
222 552
222 553
222 601
222 603
222 604
222 610
222 613
222 615
222 618
222 620
222 622
222 625
222 626
223 227
223 229
223 230
223 231
223 232
223 233
223 234
223 236
223 239
223 240
223 242
223 244
223 246
223 248
223 249
223 250
223 251
223 252
223 309
223 336
223 339
223 340
223 341
223 344
223 345
223 346
223 347
223 349
223 353
223 481
223 484
223 485
223 486
223 488
223 543
223 544
223 545
223 546
223 551
223 553
223 554
223 600
223 602
223 605
223 607
223 608
223 610
223 611
223 612
223 613
223 615
223 616
223 617
223 618
223 619
223 624
224 225
224 226
224 227
224 228
224 229
224 231
224 232
224 233
224 234
224 237
224 240
224 241
224 242
224 244
224 246
224 247
224 250
224 339
224 342
224 343
224 344
224 345
224 346
224 481
224 484
224 485
224 487
224 488
224 489
224 542
224 543
224 544
224 545
224 546
224 548
224 550
224 551
224 552
224 553
224 602
224 607
224 609
224 610
224 613
224 614
224 615
224 616
224 618
224 619
224 622
224 623
224 625
224 626
225 227
225 232
225 233
225 234
225 235
225 236
225 237
225 238
225 240
225 241
225 243
225 244
225 245
225 247
225 249
225 250
225 251
225 253
225 339
225 341
225 343
225 344
225 347
225 349
225 481
225 485
225 486
225 487
225 489
225 540
225 541
225 542
225 543
225 544
225 545
225 546
225 548
225 549
225 550
225 551
225 552
225 603
225 606
225 607
225 609
225 613
225 615
225 616
225 617
225 618
225 619
225 620
225 622
225 623
225 624
225 625
225 626
226 227
226 228
226 229
226 230
226 231
226 233
226 234
226 235
226 236
226 238
226 239
226 241
226 242
226 243
226 244
226 245
226 246
226 247
226 249
226 250
226 251
226 252
226 314
226 337
226 339
226 341
226 343
226 344
226 345
226 346
226 347
226 348
226 485
226 486
226 487
226 528
226 541
226 542
226 545
226 546
226 547
226 548
226 549
226 551
226 552
226 604
226 605
226 606
226 608
226 609
226 610
226 611
226 612
226 614
226 615
226 616
226 617
226 618
226 619
226 620
226 621
226 623
226 624
226 625
226 626
227 228
227 229
227 230
227 232
227 233
227 234
227 236
227 237
227 238
227 239
227 240
227 241
227 242
227 243
227 245
227 247
227 248
227 249
227 250
227 251
227 252
227 309
227 337
227 339
227 341
227 343
227 344
227 345
227 347
227 348
227 481
227 483
227 484
227 485
227 486
227 487
227 543
227 544
227 546
227 547
227 548
227 549
227 551
227 552
227 553
227 606
227 608
227 609
227 610
227 611
227 612
227 613
227 614
227 615
227 616
227 617
227 618
227 619
227 621
227 622
227 623
227 624
227 625
228 230
228 231
228 232
228 235
228 236
228 237
228 238
228 239
228 240
228 241
228 242
228 243
228 244
228 245
228 246
228 247
228 248
228 250
228 251
228 252
228 338
228 339
228 340
228 341
228 342
228 343
228 344
228 345
228 346
228 347
228 348
228 349
228 481
228 483
228 484
228 489
228 540
228 543
228 544
228 547
228 549
228 550
228 551
228 552
228 553
228 602
228 604
228 607
228 609
228 610
228 613
228 614
228 615
228 616
228 618
228 619
228 620
228 621
228 622
228 623
228 624
228 625
228 626
229 230
229 232
229 234
229 235
229 236
229 237
229 238
229 240
229 241
229 243
229 245
229 248
229 249
229 250
229 251
229 252
229 253
229 319
229 338
229 340
229 342
229 343
229 345
229 346
229 347
229 348
229 412
229 484
229 485
229 486
229 541
229 543
229 544
229 546
229 547
229 548
229 549
229 550
229 551
229 552
229 553
229 554
229 596
229 606
229 607
229 608
229 610
229 612
229 613
229 614
229 615
229 616
229 617
229 619
229 620
229 621
229 622
229 623
229 624
229 625
229 626
230 233
230 235
230 237
230 238
230 239
230 240
230 241
230 242
230 244
230 246
230 247
230 249
230 250
230 251
230 252
230 338
230 339
230 341
230 343
230 344
230 345
230 346
230 347
230 349
230 482
230 485
230 488
230 515
230 541
230 543
230 544
230 546
230 547
230 548
230 549
230 550
230 551
230 552
230 604
230 606
230 607
230 608
230 609
230 613
230 614
230 615
230 616
230 617
230 619
230 620
230 621
230 623
230 624
230 625
230 626
231 232
231 233
231 238
231 240
231 241
231 242
231 244
231 245
231 246
231 247
231 249
231 250
231 251
231 252
231 253
231 345
231 347
231 348
231 349
231 482
231 483
231 484
231 485
231 487
231 540
231 545
231 546
231 547
231 549
231 550
231 551
231 552
231 553
231 554
231 603
231 606
231 607
231 608
231 611
231 612
231 613
231 614
231 615
231 616
231 617
231 619
231 620
231 621
231 623
231 624
232 233
232 234
232 235
232 236
232 237
232 239
232 242
232 243
232 244
232 245
232 246
232 247
232 249
232 250
232 251
232 309
232 339
232 341
232 342
232 343
232 344
232 345
232 346
232 348
232 349
232 354
232 481
232 483
232 487
232 541
232 543
232 545
232 548
232 549
232 552
232 601
232 603
232 604
232 605
232 606
232 608
232 613
232 614
232 616
232 617
232 618
232 619
232 620
232 623
232 624
232 625
233 234
233 235
233 236
233 237
233 238
233 239
233 240
233 241
233 242
233 243
233 244
233 245
233 249
233 250
233 251
233 252
233 254
233 315
233 338
233 339
233 341
233 342
233 345
233 347
233 348
233 349
233 355
233 484
233 487
233 488
233 544
233 545
233 546
233 547
233 548
233 549
233 550
233 551
233 552
233 604
233 605
233 606
233 607
233 608
233 610
233 612
233 613
233 614
233 615
233 616
233 617
233 618
233 619
233 620
233 621
233 622
233 624
233 625
234 236
234 237
234 239
234 240
234 241
234 242
234 244
234 246
234 248
234 249
234 250
234 251
234 252
234 315
234 336
234 341
234 342
234 343
234 344
234 345
234 347
234 348
234 482
234 485
234 486
234 487
234 488
234 489
234 542
234 543
234 545
234 546
234 547
234 549
234 550
234 551
234 552
234 553
234 604
234 605
234 606
234 607
234 611
234 612
234 613
234 615
234 616
234 617
234 619
234 620
234 621
234 622
234 623
234 624
234 625
234 629
235 237
235 238
235 240
235 241
235 242
235 243
235 244
235 245
235 246
235 247
235 248
235 249
235 250
235 339
235 341
235 342
235 344
235 345
235 346
235 347
235 348
235 431
235 483
235 486
235 487
235 488
235 545
235 546
235 547
235 548
235 550
235 551
235 552
235 553
235 568
235 603
235 604
235 605
235 606
235 608
235 609
235 610
235 611
235 612
235 613
235 614
235 617
235 618
235 620
235 621
235 622
235 623
235 624
235 625
235 626
236 237
236 238
236 239
236 241
236 243
236 244
236 245
236 246
236 247
236 248
236 250
236 251
236 252
236 253
236 317
236 337
236 340
236 341
236 342
236 343
236 344
236 345
236 347
236 348
236 484
236 485
236 486
236 488
236 490
236 543
236 544
236 545
236 547
236 548
236 549
236 550
236 551
236 552
236 553
236 602
236 603
236 605
236 607
236 608
236 609
236 611
236 613
236 614
236 615
236 616
236 617
236 618
236 619
236 620
236 621
236 622
236 623
236 624
236 625
236 626
237 238
237 239
237 240
237 241
237 242
237 243
237 244
237 245
237 246
237 247
237 248
237 249
237 250
237 251
237 252
237 253
237 339
237 341
237 342
237 343
237 344
237 345
237 346
237 347
237 348
237 484
237 485
237 486
237 487
237 542
237 544
237 546
237 547
237 548
237 549
237 550
237 551
237 552
237 553
237 554
237 602
237 604
237 606
237 607
237 608
237 609
237 610
237 611
237 612
237 613
237 614
237 615
237 616
237 617
237 618
237 619
237 620
237 622
237 623
237 624
237 625
237 626
238 239
238 240
238 241
238 242
238 243
238 244
238 245
238 246
238 247
238 248
238 249
238 250
238 251
238 252
238 338
238 339
238 340
238 342
238 343
238 344
238 345
238 346
238 347
238 348
238 349
238 481
238 484
238 485
238 486
238 487
238 541
238 545
238 547
238 548
238 549
238 550
238 551
238 552
238 553
238 601
238 602
238 605
238 606
238 607
238 608
238 609
238 610
238 611
238 612
238 613
238 614
238 615
238 616
238 617
238 618
238 619
238 620
238 621
238 622
238 623
238 624
238 625
238 626
239 240
239 241
239 242
239 243
239 244
239 245
239 247
239 248
239 249
239 250
239 251
239 252
239 253
239 277
239 336
239 341
239 342
239 343
239 344
239 345
239 346
239 347
239 348
239 349
239 482
239 483
239 484
239 485
239 486
239 487
239 488
239 489
239 543
239 544
239 545
239 546
239 547
239 548
239 549
239 550
239 551
239 552
239 553
239 554
239 602
239 603
239 607
239 608
239 609
239 610
239 611
239 612
239 613
239 614
239 615
239 616
239 617
239 618
239 619
239 620
239 621
239 622
239 624
239 625
239 626
240 241
240 242
240 243
240 244
240 246
240 247
240 248
240 249
240 250
240 251
240 252
240 253
240 342
240 344
240 345
240 346
240 347
240 348
240 349
240 481
240 483
240 484
240 486
240 487
240 488
240 542
240 544
240 546
240 547
240 548
240 549
240 550
240 551
240 552
240 553
240 602
240 603
240 605
240 606
240 608
240 609
240 610
240 611
240 612
240 613
240 614
240 615
240 616
240 617
240 618
240 619
240 620
240 621
240 622
240 623
240 624
240 625
240 626
241 242
241 243
241 244
241 245
241 246
241 247
241 248
241 249
241 250
241 251
241 252
241 253
241 337
241 342
241 343
241 344
241 345
241 346
241 347
241 348
241 349
241 350
241 480
241 483
241 484
241 485
241 486
241 487
241 541
241 543
241 544
241 545
241 546
241 547
241 548
241 549
241 550
241 551
241 552
241 553
241 554
241 603
241 604
241 605
241 606
241 607
241 608
241 609
241 610
241 612
241 613
241 614
241 615
241 616
241 617
241 618
241 619
241 620
241 621
241 622
241 623
241 624
241 625
241 626
241 627
242 243
242 244
242 245
242 246
242 247
242 248
242 249
242 250
242 251
242 252
242 253
242 316
242 340
242 341
242 342
242 343
242 344
242 345
242 346
242 347
242 348
242 349
242 482
242 483
242 485
242 486
242 487
242 489
242 541
242 543
242 545
242 548
242 549
242 550
242 552
242 553
242 554
242 555
242 604
242 605
242 607
242 608
242 609
242 610
242 611
242 612
242 613
242 614
242 615
242 616
242 617
242 618
242 619
242 620
242 621
242 622
242 623
242 624
242 625
242 626
243 244
243 245
243 246
243 247
243 248
243 249
243 250
243 251
243 252
243 317
243 340
243 341
243 343
243 345
243 346
243 347
243 348
243 349
243 483
243 485
243 487
243 540
243 542
243 543
243 544
243 545
243 546
243 547
243 548
243 549
243 550
243 551
243 552
243 553
243 554
243 602
243 607
243 608
243 609
243 610
243 611
243 612
243 613
243 614
243 615
243 616
243 617
243 618
243 619
243 620
243 621
243 622
243 623
243 624
243 625
243 626
244 245
244 246
244 247
244 248
244 249
244 250
244 251
244 252
244 253
244 340
244 341
244 342
244 343
244 344
244 345
244 346
244 347
244 348
244 349
244 483
244 484
244 485
244 487
244 488
244 540
244 541
244 543
244 544
244 545
244 546
244 548
244 549
244 550
244 551
244 552
244 553
244 601
244 603
244 605
244 606
244 607
244 608
244 609
244 610
244 611
244 612
244 613
244 614
244 615
244 616
244 617
244 618
244 619
244 620
244 621
244 622
244 623
244 624
244 625
244 626
244 640
245 246
245 247
245 248
245 249
245 250
245 251
245 252
245 253
245 310
245 340
245 341
245 343
245 344
245 345
245 346
245 347
245 348
245 349
245 444
245 482
245 484
245 485
245 486
245 487
245 488
245 490
245 542
245 544
245 547
245 548
245 549
245 550
245 551
245 552
245 553
245 601
245 603
245 604
245 606
245 607
245 608
245 609
245 610
245 611
245 612
245 613
245 614
245 615
245 616
245 617
245 618
245 619
245 620
245 621
245 622
245 623
245 624
245 625
245 626
246 247
246 248
246 249
246 250
246 251
246 252
246 253
246 317
246 339
246 342
246 343
246 344
246 345
246 346
246 347
246 348
246 349
246 413
246 482
246 484
246 486
246 487
246 488
246 489
246 540
246 545
246 546
246 547
246 548
246 549
246 550
246 551
246 552
246 553
246 556
246 603
246 604
246 605
246 606
246 607
246 608
246 609
246 610
246 611
246 612
246 613
246 614
246 615
246 616
246 617
246 618
246 619
246 620
246 621
246 622
246 623
246 624
246 625
246 626
247 248
247 249
247 250
247 251
247 252
247 253
247 265
247 278
247 311
247 316
247 339
247 340
247 341
247 342
247 343
247 344
247 345
247 346
247 347
247 348
247 349
247 475
247 480
247 484
247 485
247 487
247 488
247 489
247 490
247 540
247 544
247 545
247 546
247 547
247 548
247 549
247 550
247 551
247 552
247 553
247 554
247 601
247 604
247 608
247 609
247 610
247 611
247 612
247 613
247 614
247 615
247 616
247 617
247 618
247 619
247 620
247 621
247 622
247 623
247 624
247 625
247 626
248 249
248 250
248 251
248 252
248 253
248 309
248 317
248 338
248 339
248 340
248 342
248 344
248 345
248 346
248 347
248 348
248 349
248 350
248 481
248 484
248 485
248 486
248 487
248 488
248 541
248 542
248 543
248 544
248 545
248 547
248 548
248 549
248 550
248 551
248 552
248 553
248 555
248 604
248 606
248 607
248 608
248 609
248 610
248 611
248 612
248 614
248 615
248 616
248 617
248 618
248 619
248 620
248 621
248 622
248 623
248 624
248 625
248 626
249 250
249 251
249 252
249 253
249 311
249 316
249 338
249 340
249 342
249 343
249 344
249 346
249 347
249 348
249 349
249 443
249 483
249 484
249 486
249 487
249 488
249 490
249 529
249 540
249 541
249 542
249 544
249 545
249 546
249 547
249 548
249 549
249 550
249 551
249 552
249 553
249 554
249 602
249 603
249 604
249 607
249 608
249 609
249 610
249 611
249 612
249 614
249 615
249 616
249 617
249 618
249 619
249 620
249 621
249 622
249 623
249 624
249 625
249 626
250 251
250 252
250 253
250 254
250 316
250 338
250 340
250 341
250 343
250 344
250 345
250 346
250 347
250 348
250 349
250 350
250 480
250 483
250 485
250 487
250 488
250 489
250 539
250 542
250 543
250 544
250 545
250 546
250 547
250 548
250 549
250 550
250 551
250 552
250 553
250 601
250 605
250 606
250 607
250 608
250 609
250 610
250 611
250 613
250 614
250 615
250 616
250 617
250 618
250 619
250 620
250 621
250 622
250 623
250 624
250 625
250 626
250 627
250 638
251 252
251 253
251 308
251 318
251 342
251 343
251 344
251 345
251 346
251 347
251 348
251 475
251 482
251 483
251 484
251 485
251 486
251 488
251 489
251 540
251 541
251 542
251 544
251 545
251 546
251 547
251 549
251 550
251 551
251 552
251 553
251 554
251 604
251 605
251 606
251 607
251 608
251 609
251 610
251 611
251 612
251 613
251 614
251 615
251 616
251 617
251 618
251 619
251 620
251 621
251 622
251 623
251 624
251 625
251 626
251 627
252 253
252 256
252 314
252 315
252 316
252 338
252 340
252 341
252 343
252 344
252 345
252 346
252 347
252 348
252 349
252 436
252 481
252 483
252 485
252 486
252 487
252 488
252 489
252 490
252 543
252 544
252 546
252 547
252 548
252 549
252 550
252 551
252 552
252 553
252 554
252 555
252 595
252 601
252 603
252 606
252 607
252 608
252 609
252 610
252 611
252 612
252 613
252 614
252 615
252 616
252 617
252 618
252 619
252 620
252 621
252 622
252 623
252 624
252 625
252 626
252 627
253 309
253 341
253 345
253 348
253 383
253 476
253 543
253 546
253 551
253 553
253 612
253 613
253 614
253 617
253 619
253 620
253 621
253 622
253 623
253 624
253 625
253 626
254 350
254 516
254 587
254 605
254 615
254 619
254 624
254 625
254 626
255 311
255 321
255 548
256 517
257 313
260 623
267 624
268 556
268 627
270 601
280 557
303 621
308 346
308 607
308 611
308 616
308 625
309 348
309 614
309 619
309 624
310 486
310 596
310 609
310 613
310 618
310 622
311 620
312 588
314 483
314 603
314 605
315 341
315 346
315 347
315 548
315 551
315 604
315 621
315 622
316 541
316 559
316 612
316 618
316 620
317 623
318 624
319 491
319 626
320 564
320 616
320 626
321 617
335 611
336 487
336 539
336 550
336 603
336 621
337 486
337 488
337 540
337 541
337 543
337 551
337 603
337 608
337 610
337 612
337 618
337 619
337 621
337 624
337 625
337 626
338 343
338 346
338 347
338 482
338 483
338 542
338 543
338 544
338 545
338 547
338 548
338 549
338 602
338 603
338 604
338 605
338 606
338 607
338 608
338 609
338 610
338 615
338 617
338 621
338 624
339 341
339 346
339 348
339 349
339 481
339 483
339 484
339 487
339 542
339 548
339 551
339 553
339 602
339 606
339 608
339 613
339 617
339 618
339 619
339 621
339 623
339 624
339 625
339 626
340 342
340 343
340 345
340 346
340 347
340 482
340 483
340 484
340 540
340 541
340 542
340 544
340 546
340 547
340 549
340 551
340 553
340 604
340 605
340 608
340 613
340 614
340 615
340 616
340 617
340 620
340 621
341 342
341 343
341 344
341 345
341 346
341 347
341 481
341 482
341 484
341 485
341 539
341 541
341 545
341 546
341 547
341 550
341 551
341 552
341 553
341 605
341 606
341 607
341 608
341 614
341 615
341 616
341 618
341 620
341 621
341 622
341 623
341 624
341 625
342 343
342 344
342 345
342 346
342 347
342 348
342 349
342 487
342 488
342 542
342 543
342 545
342 546
342 547
342 549
342 550
342 552
342 553
342 602
342 603
342 604
342 605
342 606
342 607
342 608
342 609
342 610
342 612
342 614
342 615
342 617
342 618
342 619
342 620
342 621
342 622
342 623
342 624
342 625
342 626
343 344
343 345
343 346
343 347
343 348
343 349
343 386
343 485
343 487
343 488
343 515
343 541
343 543
343 544
343 545
343 546
343 547
343 548
343 549
343 550
343 551
343 552
343 555
343 604
343 605
343 607
343 608
343 609
343 610
343 611
343 612
343 613
343 614
343 615
343 616
343 617
343 620
343 621
343 622
343 623
343 625
343 626
344 345
344 346
344 348
344 479
344 487
344 489
344 541
344 542
344 544
344 545
344 546
344 547
344 548
344 549
344 550
344 551
344 552
344 553
344 603
344 605
344 607
344 608
344 609
344 610
344 611
344 614
344 615
344 616
344 618
344 619
344 620
344 621
344 622
344 623
344 624
344 625
344 626
345 346
345 347
345 348
345 349
345 365
345 484
345 485
345 486
345 487
345 488
345 541
345 542
345 544
345 545
345 546
345 547
345 548
345 549
345 550
345 552
345 604
345 606
345 607
345 608
345 609
345 610
345 611
345 612
345 613
345 614
345 615
345 616
345 618
345 619
345 620
345 621
345 622
345 623
345 624
345 625
345 626
345 627
346 347
346 348
346 484
346 485
346 486
346 541
346 542
346 543
346 544
346 545
346 546
346 547
346 548
346 549
346 550
346 551
346 552
346 553
346 554
346 604
346 605
346 606
346 607
346 608
346 609
346 610
346 611
346 612
346 614
346 615
346 616
346 617
346 618
346 619
346 620
346 621
346 622
346 623
346 624
346 625
346 626
347 348
347 349
347 482
347 484
347 485
347 486
347 487
347 488
347 543
347 544
347 545
347 546
347 547
347 548
347 549
347 550
347 551
347 552
347 553
347 605
347 606
347 608
347 610
347 611
347 612
347 613
347 614
347 615
347 616
347 617
347 618
347 619
347 620
347 621
347 622
347 623
347 624
347 626
347 627
348 483
348 484
348 485
348 486
348 487
348 540
348 541
348 542
348 543
348 544
348 545
348 546
348 547
348 548
348 549
348 550
348 551
348 552
348 553
348 555
348 602
348 605
348 606
348 608
348 609
348 611
348 612
348 613
348 614
348 615
348 616
348 617
348 618
348 619
348 620
348 621
348 622
348 623
348 624
348 625
348 626
349 484
349 486
349 488
349 490
349 540
349 541
349 546
349 547
349 548
349 549
349 550
349 553
349 603
349 604
349 606
349 607
349 608
349 611
349 613
349 614
349 616
349 617
349 618
349 619
349 620
349 621
349 622
349 623
349 624
349 625
350 606
350 619
350 623
350 624
350 625
350 626
351 387
351 554
351 614
351 623
351 624
352 609
352 616
352 618
353 547
353 625
355 608
356 514
358 492
363 626
364 617
364 620
365 618
365 623
366 557
366 590
367 491
367 628
382 623
384 595
384 626
400 508
411 550
412 477
419 624
420 492
435 629
445 591
474 621
475 616
475 621
478 625
478 639
479 573
480 481
480 484
480 540
480 543
480 602
480 612
480 613
481 482
481 484
481 540
481 543
481 544
481 546
481 548
481 549
481 550
481 610
481 620
481 621
481 622
481 626
482 487
482 488
482 539
482 541
482 548
482 549
482 550
482 551
482 604
482 606
482 610
482 611
482 612
482 617
482 627
483 484
483 486
483 541
483 546
483 547
483 549
483 551
483 553
483 606
483 608
483 613
483 619
483 620
483 622
483 623
483 624
483 625
484 485
484 486
484 487
484 490
484 541
484 542
484 543
484 544
484 545
484 546
484 550
484 552
484 553
484 603
484 605
484 606
484 607
484 608
484 610
484 611
484 612
484 615
484 616
484 617
484 618
484 621
484 622
484 623
484 626
485 487
485 488
485 540
485 541
485 542
485 543
485 544
485 546
485 547
485 548
485 549
485 550
485 551
485 552
485 603
485 604
485 605
485 606
485 607
485 608
485 610
485 612
485 613
485 614
485 616
485 617
485 618
485 620
485 621
485 623
485 624
485 625
486 543
486 544
486 546
486 547
486 548
486 549
486 550
486 551
486 552
486 553
486 602
486 604
486 606
486 607
486 608
486 609
486 613
486 616
486 617
486 619
486 620
486 621
486 622
486 623
486 625
486 626
487 545
487 546
487 547
487 548
487 549
487 550
487 551
487 552
487 553
487 554
487 602
487 606
487 608
487 612
487 613
487 614
487 615
487 616
487 617
487 618
487 619
487 620
487 621
487 623
487 624
487 625
487 626
488 541
488 542
488 543
488 545
488 546
488 548
488 549
488 550
488 551
488 552
488 553
488 605
488 606
488 609
488 611
488 612
488 613
488 614
488 615
488 616
488 617
488 619
488 620
488 623
488 624
488 626
489 544
489 604
489 607
489 611
489 613
489 616
489 618
489 619
489 620
489 622
489 623
489 624
489 625
489 626
490 623
490 624
490 625
497 612
522 610
536 645
539 602
539 607
539 613
539 621
539 623
540 542
540 547
540 549
540 553
540 604
540 605
540 609
540 613
540 615
540 616
540 619
540 624
540 626
541 543
541 546
541 548
541 550
541 601
541 609
541 611
541 612
541 614
541 615
541 616
541 624
541 625
542 543
542 544
542 546
542 548
542 549
542 551
542 552
542 602
542 603
542 605
542 606
542 607
542 612
542 613
542 614
542 616
542 620
543 544
543 545
543 546
543 547
543 550
543 551
543 553
543 604
543 605
543 608
543 610
543 611
543 612
543 614
543 615
543 616
543 618
543 619
543 620
543 622
543 624
544 545
544 548
544 549
544 551
544 552
544 553
544 606
544 609
544 610
544 612
544 613
544 614
544 615
544 616
544 618
544 619
544 620
544 621
544 623
544 625
544 626
545 546
545 547
545 548
545 549
545 551
545 552
545 571
545 605
545 606
545 607
545 608
545 609
545 610
545 611
545 612
545 613
545 614
545 615
545 616
545 617
545 618
545 621
545 622
545 623
545 624
545 625
545 626
546 547
546 549
546 550
546 551
546 553
546 555
546 602
546 606
546 607
546 608
546 609
546 610
546 611
546 612
546 613
546 614
546 615
546 616
546 617
546 618
546 619
546 620
546 621
546 622
546 624
546 625
547 549
547 550
547 551
547 552
547 553
547 554
547 603
547 604
547 605
547 606
547 607
547 608
547 609
547 610
547 611
547 612
547 613
547 614
547 615
547 616
547 617
547 618
547 619
547 620
547 621
547 622
547 623
547 624
547 625
547 626
548 549
548 550
548 551
548 553
548 601
548 603
548 604
548 605
548 606
548 607
548 608
548 609
548 610
548 611
548 612
548 613
548 614
548 615
548 618
548 619
548 620
548 621
548 622
548 623
548 624
548 625
548 627
549 550
549 551
549 552
549 553
549 554
549 601
549 603
549 604
549 605
549 606
549 607
549 608
549 609
549 610
549 611
549 612
549 613
549 614
549 615
549 616
549 617
549 618
549 620
549 622
549 624
549 625
549 626
549 639
550 551
550 552
550 553
550 604
550 605
550 606
550 607
550 608
550 609
550 610
550 611
550 612
550 613
550 614
550 615
550 616
550 617
550 618
550 619
550 620
550 621
550 622
550 623
550 624
550 625
550 626
551 552
551 553
551 605
551 607
551 608
551 609
551 610
551 611
551 612
551 613
551 614
551 615
551 616
551 617
551 618
551 619
551 620
551 621
551 623
551 624
551 625
551 626
552 553
552 554
552 601
552 604
552 605
552 606
552 608
552 609
552 610
552 611
552 612
552 613
552 615
552 616
552 617
552 618
552 619
552 620
552 621
552 622
552 623
552 624
552 625
553 601
553 605
553 606
553 608
553 609
553 610
553 611
553 612
553 613
553 614
553 615
553 616
553 617
553 618
553 619
553 620
553 621
553 622
553 623
553 624
553 625
553 626
554 557
554 610
554 612
554 613
554 614
554 619
554 620
554 621
554 622
554 624
554 625
555 619
555 621
555 623
555 624
556 614
563 623
572 626
586 614
601 603
601 604
601 609
602 609
602 611
602 612
602 615
602 619
602 620
602 622
602 624
602 625
603 605
603 606
603 609
603 618
603 621
603 623
603 624
604 606
604 607
604 609
604 611
604 614
604 615
604 616
604 617
604 618
604 619
604 621
604 622
604 625
604 626
605 607
605 608
605 609
605 610
605 612
605 614
605 615
605 616
605 617
605 618
605 620
605 621
605 622
605 627
606 607
606 608
606 609
606 610
606 611
606 612
606 613
606 614
606 615
606 616
606 622
606 625
607 608
607 609
607 610
607 612
607 613
607 614
607 615
607 616
607 617
607 618
607 619
607 620
607 623
607 624
607 626
607 638
608 609
608 610
608 611
608 613
608 614
608 615
608 616
608 617
608 619
608 621
608 623
608 624
608 625
608 626
609 611
609 613
609 614
609 615
609 616
609 617
609 618
609 619
609 620
609 621
609 622
609 623
609 624
609 625
609 626
610 611
610 612
610 614
610 615
610 616
610 617
610 618
610 619
610 620
610 621
610 622
610 623
610 624
611 612
611 613
611 615
611 616
611 618
611 619
611 620
611 621
611 622
611 623
611 624
611 625
611 626
611 627
612 613
612 614
612 615
612 616
612 617
612 618
612 619
612 620
612 621
612 622
612 623
612 624
612 625
612 626
612 627
613 614
613 615
613 616
613 617
613 618
613 619
613 620
613 621
613 622
613 623
613 624
613 625
613 626
614 615
614 616
614 617
614 618
614 619
614 620
614 621
614 622
614 623
614 624
614 625
614 626
615 616
615 617
615 618
615 619
615 620
615 621
615 622
615 623
615 624
615 625
615 626
616 617
616 618
616 619
616 620
616 621
616 622
616 623
616 624
616 625
616 626
617 618
617 619
617 620
617 621
617 622
617 623
617 624
617 625
617 626
618 619
618 620
618 621
618 622
618 623
618 624
618 625
619 620
619 621
619 622
619 623
619 624
619 625
619 626
620 621
620 622
620 623
620 624
620 625
620 626
621 622
621 623
621 624
621 625
621 626
621 627
622 623
622 624
622 625
622 626
623 624
623 625
623 626
624 625
624 626
624 627
625 626
625 627
625 637
626 627
631 648
