1 341
7 340
12 355
16 303
16 356
19 31
19 40
19 57
19 60
19 139
19 140
19 143
19 355
19 487
19 596
20 22
20 31
20 35
20 40
20 128
20 132
20 137
20 139
20 142
20 330
20 338
20 341
20 344
20 346
20 347
20 351
20 355
20 356
20 357
20 360
20 362
20 482
20 491
20 549
20 555
20 585
20 586
20 590
20 597
21 24
21 25
21 26
21 35
21 37
21 39
21 59
21 124
21 125
21 126
21 127
21 132
21 133
21 138
21 328
21 329
21 330
21 332
21 333
21 340
21 341
21 342
21 343
21 345
21 349
21 351
21 352
21 353
21 355
21 361
21 479
21 481
21 483
21 484
21 486
21 487
21 490
21 491
21 545
21 548
21 551
21 554
21 555
21 581
21 584
21 585
21 586
21 587
21 590
21 593
22 23
22 26
22 28
22 31
22 32
22 33
22 34
22 35
22 37
22 40
22 58
22 60
22 96
22 125
22 126
22 127
22 128
22 129
22 131
22 139
22 140
22 141
22 326
22 330
22 332
22 334
22 335
22 337
22 339
22 343
22 344
22 346
22 348
22 351
22 352
22 353
22 355
22 356
22 358
22 360
22 362
22 482
22 484
22 485
22 486
22 487
22 488
22 491
22 492
22 550
22 551
22 553
22 555
22 581
22 585
22 586
22 587
22 590
22 593
22 595
22 597
22 598
23 25
23 26
23 27
23 29
23 30
23 32
23 33
23 34
23 35
23 36
23 37
23 38
23 39
23 59
23 123
23 126
23 127
23 129
23 130
23 131
23 133
23 136
23 137
23 139
23 143
23 144
23 327
23 333
23 334
23 336
23 337
23 338
23 339
23 342
23 344
23 346
23 347
23 348
23 349
23 351
23 352
23 353
23 355
23 357
23 358
23 360
23 361
23 362
23 482
23 484
23 487
23 490
23 492
23 546
23 547
23 548
23 549
23 550
23 552
23 553
23 554
23 580
23 582
23 584
23 585
23 586
23 587
23 588
23 589
23 590
23 591
23 592
23 594
23 595
23 596
23 597
23 598
24 25
24 26
24 30
24 31
24 32
24 33
24 34
24 35
24 36
24 38
24 60
24 126
24 127
24 128
24 129
24 131
24 133
24 138
24 143
24 144
24 145
24 331
24 332
24 335
24 336
24 339
24 340
24 342
24 343
24 346
24 349
24 350
24 351
24 352
24 353
24 354
24 355
24 356
24 357
24 358
24 361
24 362
24 363
24 481
24 482
24 483
24 484
24 485
24 486
24 487
24 489
24 491
24 492
24 493
24 548
24 549
24 550
24 551
24 552
24 553
24 581
24 583
24 584
24 586
24 588
24 589
24 591
24 592
24 593
24 594
24 595
24 596
24 598
25 26
25 27
25 28
25 29
25 30
25 31
25 34
25 35
25 37
25 38
25 39
25 40
25 58
25 89
25 124
25 125
25 127
25 128
25 130
25 131
25 135
25 136
25 138
25 139
25 140
25 143
25 144
25 145
25 329
25 330
25 332
25 333
25 335
25 336
25 337
25 338
25 339
25 340
25 341
25 342
25 343
25 344
25 345
25 346
25 347
25 348
25 349
25 350
25 351
25 352
25 353
25 354
25 356
25 357
25 360
25 361
25 481
25 483
25 484
25 486
25 488
25 489
25 491
25 492
25 546
25 547
25 551
25 552
25 553
25 554
25 556
25 578
25 580
25 581
25 582
25 584
25 585
25 586
25 587
25 589
25 590
25 591
25 592
25 593
25 595
25 597
25 598
25 603
26 27
26 28
26 29
26 30
26 33
26 34
26 36
26 37
26 38
26 39
26 40
26 123
26 126
26 128
26 129
26 130
26 131
26 132
26 133
26 137
26 139
26 140
26 141
26 142
26 143
26 144
26 145
26 185
26 328
26 329
26 330
26 332
26 334
26 336
26 337
26 338
26 339
26 340
26 342
26 343
26 344
26 345
26 346
26 347
26 348
26 349
26 351
26 353
26 354
26 355
26 356
26 357
26 360
26 361
26 363
26 364
26 481
26 483
26 484
26 486
26 487
26 489
26 490
26 491
26 492
26 547
26 551
26 552
26 553
26 554
26 555
26 556
26 581
26 582
26 583
26 584
26 585
26 586
26 587
26 588
26 589
26 590
26 591
26 593
26 594
26 595
26 596
26 597
26 598
26 599
27 28
27 29
27 30
27 31
27 32
27 33
27 35
27 37
27 39
27 125
27 126
27 128
27 131
27 132
27 133
27 138
27 139
27 140
27 141
27 142
27 143
27 144
27 145
27 147
27 329
27 331
27 332
27 333
27 334
27 335
27 336
27 338
27 339
27 340
27 341
27 342
27 343
27 344
27 345
27 346
27 347
27 348
27 349
27 350
27 351
27 352
27 353
27 354
27 355
27 356
27 357
27 359
27 360
27 361
27 362
27 476
27 483
27 484
27 485
27 487
27 488
27 489
27 490
27 491
27 492
27 548
27 549
27 550
27 551
27 552
27 553
27 554
27 555
27 556
27 580
27 581
27 582
27 584
27 585
27 587
27 588
27 589
27 590
27 591
27 593
27 594
27 596
27 597
27 598
28 29
28 30
28 31
28 32
28 33
28 34
28 35
28 36
28 37
28 38
28 39
28 63
28 90
28 121
28 127
28 128
28 129
28 130
28 131
28 132
28 133
28 136
28 141
28 143
28 144
28 145
28 146
28 148
28 330
28 332
28 333
28 334
28 335
28 336
28 337
28 338
28 339
28 340
28 341
28 342
28 343
28 344
28 345
28 346
28 347
28 348
28 349
28 350
28 352
28 353
28 355
28 356
28 357
28 358
28 359
28 360
28 361
28 362
28 481
28 482
28 483
28 484
28 486
28 487
28 488
28 489
28 490
28 491
28 492
28 493
28 546
28 547
28 549
28 550
28 551
28 553
28 554
28 555
28 556
28 580
28 581
28 583
28 584
28 585
28 586
28 587
28 588
28 589
28 590
28 591
28 592
28 593
28 594
28 595
28 596
28 597
28 598
28 599
29 30
29 31
29 32
29 33
29 34
29 35
29 36
29 37
29 38
29 39
29 40
29 59
29 62
29 63
29 127
29 129
29 131
29 132
29 133
29 134
29 137
29 138
29 139
29 140
29 141
29 142
29 143
29 144
29 145
29 256
29 258
29 294
29 326
29 327
29 330
29 331
29 332
29 334
29 335
29 336
29 337
29 338
29 339
29 340
29 341
29 342
29 343
29 344
29 345
29 346
29 347
29 348
29 349
29 350
29 352
29 353
29 354
29 355
29 356
29 357
29 360
29 361
29 362
29 363
29 481
29 485
29 486
29 487
29 488
29 489
29 490
29 491
29 492
29 493
29 548
29 550
29 552
29 553
29 554
29 579
29 580
29 581
29 582
29 583
29 584
29 585
29 586
29 587
29 588
29 589
29 590
29 591
29 592
29 593
29 594
29 595
29 596
29 597
29 598
30 31
30 32
30 33
30 34
30 35
30 36
30 37
30 38
30 39
30 40
30 125
30 127
30 128
30 129
30 130
30 131
30 132
30 133
30 137
30 138
30 139
30 140
30 142
30 143
30 145
30 185
30 221
30 256
30 328
30 330
30 331
30 332
30 333
30 334
30 335
30 336
30 337
30 338
30 339
30 340
30 341
30 342
30 343
30 344
30 345
30 346
30 347
30 348
30 349
30 350
30 351
30 352
30 353
30 354
30 355
30 356
30 358
30 359
30 360
30 361
30 362
30 363
30 364
30 483
30 484
30 485
30 486
30 487
30 489
30 490
30 491
30 492
30 493
30 548
30 549
30 550
30 552
30 553
30 555
30 556
30 580
30 582
30 583
30 584
30 586
30 587
30 588
30 589
30 590
30 591
30 592
30 593
30 594
30 595
30 596
30 597
30 599
31 32
31 33
31 34
31 35
31 36
31 37
31 38
31 39
31 40
31 60
31 62
31 129
31 131
31 132
31 133
31 135
31 136
31 140
31 141
31 142
31 143
31 144
31 256
31 266
31 327
31 328
31 332
31 333
31 334
31 335
31 336
31 337
31 338
31 339
31 340
31 341
31 342
31 343
31 344
31 345
31 346
31 347
31 348
31 349
31 350
31 351
31 352
31 353
31 354
31 355
31 356
31 357
31 359
31 360
31 361
31 362
31 363
31 481
31 482
31 483
31 484
31 485
31 486
31 487
31 488
31 489
31 490
31 491
31 492
31 493
31 549
31 551
31 553
31 554
31 555
31 556
31 577
31 579
31 581
31 583
31 584
31 585
31 586
31 587
31 588
31 589
31 590
31 591
31 592
31 593
31 594
31 595
31 596
31 597
31 598
31 599
32 33
32 34
32 35
32 36
32 37
32 38
32 39
32 40
32 59
32 123
32 124
32 125
32 126
32 128
32 129
32 130
32 131
32 132
32 133
32 136
32 137
32 138
32 140
32 141
32 143
32 144
32 147
32 220
32 258
32 328
32 329
32 331
32 332
32 333
32 334
32 335
32 336
32 337
32 338
32 339
32 340
32 341
32 342
32 343
32 344
32 345
32 346
32 347
32 348
32 349
32 350
32 351
32 352
32 353
32 354
32 355
32 356
32 357
32 358
32 359
32 360
32 361
32 362
32 363
32 479
32 481
32 484
32 486
32 487
32 488
32 489
32 490
32 491
32 492
32 552
32 553
32 554
32 555
32 557
32 581
32 582
32 583
32 584
32 585
32 586
32 587
32 588
32 589
32 590
32 591
32 592
32 593
32 594
32 595
32 596
32 597
32 598
32 599
33 34
33 35
33 36
33 37
33 38
33 39
33 60
33 125
33 127
33 128
33 129
33 130
33 132
33 133
33 134
33 137
33 138
33 139
33 140
33 142
33 143
33 144
33 145
33 188
33 327
33 329
33 330
33 331
33 333
33 334
33 335
33 336
33 337
33 338
33 339
33 340
33 341
33 342
33 343
33 344
33 345
33 346
33 347
33 348
33 349
33 350
33 351
33 352
33 353
33 354
33 355
33 356
33 357
33 358
33 359
33 361
33 362
33 365
33 378
33 480
33 481
33 484
33 485
33 486
33 487
33 488
33 489
33 490
33 491
33 492
33 493
33 494
33 550
33 551
33 553
33 554
33 555
33 556
33 557
33 579
33 582
33 583
33 584
33 585
33 586
33 587
33 588
33 589
33 590
33 591
33 592
33 593
33 594
33 595
33 596
33 597
33 598
34 35
34 36
34 37
34 38
34 39
34 40
34 41
34 62
34 80
34 102
34 124
34 126
34 127
34 129
34 131
34 132
34 133
34 134
34 135
34 139
34 140
34 142
34 144
34 145
34 258
34 328
34 330
34 331
34 332
34 333
34 334
34 335
34 336
34 337
34 338
34 340
34 341
34 342
34 343
34 344
34 345
34 346
34 347
34 348
34 349
34 350
34 351
34 352
34 353
34 354
34 355
34 356
34 359
34 360
34 361
34 362
34 363
34 484
34 485
34 487
34 489
34 490
34 491
34 492
34 494
34 546
34 549
34 550
34 552
34 553
34 554
34 555
34 558
34 581
34 584
34 585
34 586
34 587
34 588
34 589
34 590
34 591
34 592
34 593
34 594
34 595
34 596
34 597
34 598
35 36
35 37
35 38
35 39
35 40
35 125
35 126
35 128
35 129
35 131
35 132
35 133
35 141
35 142
35 143
35 144
35 145
35 146
35 257
35 329
35 331
35 332
35 334
35 336
35 338
35 339
35 340
35 341
35 342
35 343
35 344
35 345
35 346
35 347
35 348
35 349
35 350
35 351
35 352
35 353
35 354
35 355
35 356
35 357
35 358
35 359
35 360
35 361
35 362
35 482
35 484
35 485
35 486
35 487
35 488
35 489
35 490
35 491
35 492
35 493
35 547
35 548
35 550
35 552
35 553
35 554
35 555
35 557
35 578
35 580
35 581
35 585
35 586
35 587
35 588
35 589
35 590
35 591
35 592
35 593
35 594
35 595
35 596
35 597
35 598
36 37
36 38
36 39
36 40
36 41
36 62
36 125
36 126
36 127
36 128
36 130
36 131
36 132
36 133
36 136
36 137
36 138
36 140
36 142
36 143
36 144
36 145
36 187
36 257
36 329
36 330
36 331
36 332
36 333
36 334
36 335
36 336
36 337
36 338
36 339
36 340
36 341
36 342
36 343
36 344
36 345
36 346
36 347
36 348
36 349
36 350
36 351
36 352
36 353
36 354
36 355
36 356
36 357
36 358
36 359
36 360
36 361
36 362
36 363
36 425
36 482
36 483
36 484
36 485
36 486
36 487
36 488
36 489
36 490
36 491
36 492
36 493
36 548
36 549
36 550
36 553
36 555
36 556
36 581
36 582
36 583
36 584
36 585
36 586
36 587
36 588
36 589
36 590
36 591
36 592
36 593
36 594
36 595
36 596
36 597
36 598
36 599
36 603
37 38
37 39
37 40
37 60
37 124
37 125
37 126
37 127
37 128
37 129
37 130
37 131
37 132
37 133
37 134
37 135
37 139
37 140
37 141
37 143
37 144
37 145
37 293
37 328
37 329
37 330
37 331
37 332
37 333
37 334
37 335
37 336
37 337
37 338
37 339
37 340
37 341
37 342
37 343
37 344
37 345
37 346
37 347
37 348
37 349
37 350
37 351
37 352
37 353
37 354
37 355
37 356
37 358
37 359
37 360
37 361
37 362
37 363
37 364
37 406
37 480
37 481
37 484
37 485
37 486
37 487
37 488
37 489
37 490
37 491
37 492
37 493
37 496
37 547
37 548
37 549
37 550
37 552
37 553
37 554
37 555
37 556
37 557
37 580
37 581
37 583
37 584
37 585
37 586
37 587
37 588
37 589
37 590
37 591
37 592
37 593
37 594
37 595
37 596
37 597
37 598
37 599
38 39
38 40
38 41
38 60
38 61
38 89
38 116
38 125
38 126
38 127
38 128
38 129
38 130
38 131
38 132
38 133
38 134
38 139
38 141
38 142
38 143
38 144
38 145
38 146
38 186
38 188
38 257
38 263
38 327
38 328
38 329
38 330
38 331
38 332
38 333
38 334
38 335
38 336
38 337
38 338
38 339
38 340
38 341
38 342
38 343
38 344
38 345
38 346
38 347
38 348
38 349
38 350
38 351
38 352
38 353
38 354
38 355
38 356
38 357
38 358
38 359
38 360
38 362
38 363
38 481
38 484
38 485
38 486
38 487
38 488
38 489
38 490
38 491
38 492
38 494
38 510
38 546
38 549
38 550
38 551
38 552
38 554
38 555
38 558
38 578
38 580
38 582
38 583
38 584
38 585
38 586
38 587
38 588
38 589
38 590
38 591
38 592
38 593
38 594
38 595
38 596
38 597
38 598
38 599
38 605
39 40
39 59
39 63
39 90
39 127
39 128
39 129
39 130
39 131
39 132
39 134
39 135
39 136
39 137
39 138
39 139
39 140
39 142
39 143
39 144
39 145
39 146
39 257
39 332
39 333
39 334
39 335
39 336
39 337
39 338
39 339
39 340
39 341
39 342
39 343
39 344
39 345
39 346
39 347
39 348
39 349
39 350
39 351
39 352
39 353
39 354
39 355
39 356
39 357
39 359
39 360
39 361
39 362
39 363
39 481
39 483
39 484
39 485
39 486
39 487
39 488
39 489
39 490
39 491
39 492
39 493
39 494
39 546
39 548
39 551
39 552
39 554
39 555
39 556
39 557
39 578
39 581
39 582
39 583
39 584
39 585
39 586
39 587
39 588
39 589
39 590
39 591
39 592
39 593
39 594
39 595
39 596
39 597
39 598
39 599
39 600
40 43
40 49
40 126
40 127
40 128
40 131
40 132
40 134
40 136
40 140
40 141
40 142
40 143
40 147
40 255
40 327
40 332
40 333
40 334
40 336
40 338
40 339
40 340
40 341
40 343
40 344
40 345
40 346
40 347
40 348
40 349
40 350
40 351
40 352
40 353
40 354
40 355
40 356
40 358
40 361
40 362
40 480
40 482
40 486
40 487
40 488
40 489
40 490
40 492
40 493
40 551
40 552
40 553
40 554
40 555
40 557
40 578
40 582
40 584
40 589
40 590
40 591
40 592
40 593
40 594
40 595
40 596
40 597
40 598
40 599
40 603
41 125
41 128
41 135
41 145
41 146
41 328
41 335
41 339
41 344
41 347
41 348
41 349
41 350
41 351
41 352
41 353
41 354
41 355
41 356
41 357
41 492
41 597
41 598
41 599
42 83
42 219
42 349
42 351
42 352
42 353
42 354
42 355
42 488
42 596
43 261
43 352
43 355
43 388
43 600
44 264
44 357
44 447
45 149
46 89
46 351
48 348
48 593
49 352
49 355
50 355
50 356
52 354
57 130
57 135
58 125
58 131
58 140
58 141
58 145
58 258
58 330
58 332
58 337
58 344
58 357
58 358
58 360
58 550
58 551
58 591
59 132
59 140
59 333
59 334
59 337
59 342
59 345
59 349
59 353
59 355
59 481
59 487
59 489
59 491
59 547
59 550
59 552
59 555
59 580
59 582
59 583
59 585
59 586
60 129
60 130
60 136
60 137
60 140
60 141
60 142
60 143
60 144
60 327
60 329
60 336
60 340
60 346
60 352
60 353
60 357
60 361
60 480
60 485
60 486
60 489
60 550
60 551
60 553
60 555
60 579
60 580
60 581
60 582
60 593
60 594
60 595
60 599
61 129
61 338
61 343
61 344
61 347
61 353
61 354
61 482
61 484
61 488
61 489
61 491
61 492
61 548
61 558
61 583
61 585
61 586
61 587
61 590
61 592
61 598
62 343
62 344
62 349
62 354
62 355
62 356
62 490
62 582
62 593
62 595
63 344
63 350
63 351
63 354
63 592
63 594
63 627
64 100
64 348
64 350
64 351
64 355
64 495
65 250
65 350
65 352
66 607
69 357
78 351
78 354
79 351
79 352
79 353
79 355
80 353
80 354
80 486
81 353
81 354
81 355
82 355
82 357
86 168
88 144
88 352
89 125
89 346
89 356
89 589
89 590
89 595
90 137
90 343
90 344
90 353
90 356
90 357
90 486
90 597
91 347
91 348
91 350
91 353
91 355
91 487
91 594
92 349
92 351
92 352
92 356
93 351
93 355
93 356
94 266
96 342
96 347
96 348
97 130
97 340
97 350
97 351
97 355
97 484
98 350
98 351
98 353
98 596
99 352
99 512
100 353
100 355
101 128
101 355
102 559
103 351
103 353
103 354
103 355
103 598
104 348
104 351
104 355
104 596
105 354
109 351
114 352
115 602
117 351
119 580
120 347
121 186
121 352
121 490
122 349
122 355
122 356
122 584
123 143
123 331
123 334
123 340
123 343
123 346
123 354
123 358
123 491
123 550
123 553
123 579
123 580
123 584
123 592
123 595
123 596
124 129
124 133
124 138
124 139
124 141
124 328
124 329
124 330
124 334
124 337
124 344
124 347
124 350
124 351
124 356
124 357
124 359
124 480
124 481
124 482
124 486
124 487
124 489
124 490
124 549
124 551
124 579
124 582
124 583
124 584
124 585
124 586
124 588
124 589
124 596
125 126
125 130
125 131
125 133
125 134
125 137
125 138
125 140
125 141
125 142
125 144
125 326
125 328
125 333
125 334
125 342
125 344
125 355
125 358
125 362
125 363
125 482
125 483
125 486
125 487
125 490
125 493
125 546
125 547
125 548
125 549
125 550
125 552
125 553
125 554
125 584
125 586
125 587
125 588
125 589
125 591
125 592
125 598
126 127
126 130
126 131
126 132
126 133
126 136
126 140
126 141
126 142
126 144
126 328
126 329
126 330
126 331
126 332
126 334
126 336
126 337
126 339
126 340
126 341
126 343
126 345
126 346
126 347
126 348
126 350
126 356
126 358
126 360
126 361
126 362
126 363
126 483
126 485
126 487
126 489
126 490
126 492
126 547
126 549
126 550
126 553
126 554
126 555
126 580
126 581
126 582
126 583
126 584
126 585
126 586
126 589
126 591
126 592
126 597
126 598
127 128
127 129
127 130
127 131
127 132
127 133
127 134
127 136
127 137
127 139
127 141
127 142
127 143
127 145
127 259
127 327
127 328
127 329
127 332
127 333
127 334
127 335
127 336
127 337
127 339
127 340
127 341
127 342
127 344
127 346
127 347
127 348
127 349
127 350
127 351
127 353
127 354
127 356
127 359
127 360
127 362
127 363
127 480
127 482
127 483
127 484
127 486
127 487
127 488
127 489
127 490
127 492
127 493
127 547
127 548
127 550
127 552
127 553
127 554
127 581
127 582
127 584
127 585
127 586
127 587
127 589
127 594
127 595
127 597
127 598
128 129
128 130
128 138
128 139
128 140
128 141
128 142
128 144
128 145
128 328
128 329
128 331
128 332
128 333
128 336
128 337
128 339
128 342
128 343
128 345
128 347
128 349
128 350
128 351
128 352
128 353
128 354
128 356
128 357
128 358
128 360
128 361
128 362
128 481
128 482
128 485
128 486
128 487
128 488
128 489
128 490
128 491
128 492
128 547
128 548
128 550
128 552
128 553
128 554
128 579
128 580
128 581
128 583
128 584
128 585
128 586
128 588
128 589
128 590
128 592
128 593
128 594
128 595
128 597
128 598
129 130
129 131
129 132
129 133
129 136
129 138
129 139
129 140
129 141
129 142
129 143
129 144
129 188
129 329
129 330
129 332
129 334
129 335
129 337
129 339
129 340
129 341
129 342
129 344
129 345
129 346
129 347
129 348
129 349
129 350
129 351
129 352
129 353
129 355
129 356
129 357
129 359
129 360
129 361
129 362
129 478
129 481
129 482
129 484
129 485
129 486
129 487
129 488
129 490
129 491
129 492
129 494
129 547
129 548
129 549
129 550
129 553
129 555
129 583
129 584
129 585
129 587
129 589
129 590
129 592
129 593
129 594
129 595
129 597
129 598
130 131
130 132
130 133
130 136
130 138
130 140
130 141
130 142
130 143
130 144
130 256
130 257
130 330
130 332
130 333
130 336
130 338
130 339
130 340
130 341
130 342
130 343
130 345
130 346
130 347
130 348
130 349
130 350
130 351
130 353
130 354
130 355
130 357
130 358
130 360
130 361
130 362
130 484
130 485
130 486
130 487
130 488
130 489
130 490
130 491
130 492
130 545
130 549
130 550
130 551
130 552
130 553
130 554
130 555
130 578
130 579
130 581
130 583
130 585
130 586
130 587
130 588
130 589
130 590
130 591
130 592
130 596
130 598
130 599
131 132
131 136
131 138
131 139
131 140
131 141
131 143
131 144
131 145
131 146
131 221
131 330
131 331
131 332
131 334
131 335
131 336
131 337
131 339
131 340
131 341
131 342
131 343
131 344
131 345
131 346
131 347
131 349
131 351
131 352
131 353
131 354
131 355
131 356
131 357
131 358
131 359
131 360
131 361
131 362
131 482
131 483
131 484
131 486
131 487
131 489
131 490
131 492
131 493
131 548
131 549
131 552
131 555
131 578
131 579
131 581
131 582
131 583
131 584
131 585
131 586
131 587
131 588
131 589
131 591
131 592
131 593
131 594
131 595
131 596
131 597
131 598
131 599
132 133
132 134
132 138
132 139
132 141
132 142
132 143
132 144
132 145
132 327
132 329
132 331
132 332
132 333
132 334
132 335
132 336
132 337
132 338
132 339
132 340
132 341
132 342
132 343
132 344
132 345
132 346
132 347
132 348
132 349
132 351
132 352
132 353
132 354
132 355
132 356
132 359
132 360
132 361
132 362
132 363
132 365
132 481
132 482
132 484
132 485
132 486
132 487
132 488
132 489
132 490
132 491
132 492
132 545
132 551
132 553
132 554
132 580
132 581
132 583
132 584
132 585
132 586
132 587
132 588
132 589
132 590
132 591
132 592
132 593
132 594
132 595
132 596
132 597
132 598
132 599
133 139
133 140
133 141
133 142
133 144
133 145
133 329
133 330
133 332
133 333
133 335
133 336
133 337
133 338
133 339
133 340
133 341
133 342
133 343
133 344
133 345
133 346
133 347
133 348
133 349
133 350
133 351
133 352
133 353
133 354
133 355
133 356
133 357
133 362
133 363
133 364
133 456
133 481
133 482
133 483
133 485
133 487
133 491
133 492
133 548
133 550
133 551
133 552
133 553
133 554
133 577
133 581
133 582
133 583
133 584
133 585
133 587
133 588
133 589
133 590
133 591
133 592
133 593
133 594
133 595
133 597
133 598
134 146
134 328
134 329
134 336
134 341
134 342
134 343
134 344
134 346
134 347
134 349
134 350
134 351
134 352
134 353
134 354
134 355
134 357
134 359
134 361
134 363
134 484
134 485
134 489
134 492
134 493
134 546
134 554
134 555
134 578
134 590
134 592
134 594
134 595
134 596
134 597
134 598
134 599
135 141
135 328
135 341
135 348
135 349
135 350
135 351
135 352
135 353
135 356
135 360
135 362
135 366
135 483
135 484
135 486
135 488
135 490
135 553
135 555
135 581
135 582
135 586
135 587
135 593
135 594
135 598
136 137
136 138
136 140
136 141
136 335
136 342
136 346
136 348
136 350
136 351
136 352
136 354
136 362
136 480
136 481
136 490
136 491
136 492
136 545
136 548
136 571
136 581
136 583
136 584
136 585
136 587
136 592
136 593
136 594
136 596
136 597
136 598
137 139
137 141
137 143
137 282
137 336
137 337
137 340
137 342
137 344
137 348
137 349
137 350
137 351
137 353
137 354
137 356
137 357
137 359
137 360
137 480
137 486
137 545
137 549
137 550
137 552
137 554
137 555
137 579
137 580
137 582
137 584
137 588
137 591
137 592
137 594
137 595
137 596
137 598
138 140
138 141
138 142
138 143
138 145
138 220
138 334
138 335
138 337
138 338
138 339
138 340
138 341
138 342
138 344
138 346
138 347
138 349
138 350
138 351
138 354
138 356
138 357
138 358
138 479
138 483
138 484
138 487
138 489
138 490
138 491
138 546
138 547
138 551
138 552
138 554
138 556
138 580
138 584
138 585
138 586
138 587
138 588
138 591
138 593
138 596
139 140
139 142
139 144
139 327
139 328
139 330
139 331
139 332
139 335
139 336
139 337
139 338
139 339
139 340
139 342
139 343
139 344
139 345
139 347
139 349
139 350
139 352
139 353
139 354
139 355
139 356
139 359
139 361
139 362
139 480
139 483
139 485
139 489
139 492
139 547
139 548
139 549
139 551
139 556
139 580
139 582
139 586
139 590
139 591
139 592
139 595
139 598
140 142
140 143
140 144
140 148
140 257
140 328
140 329
140 333
140 334
140 336
140 337
140 338
140 339
140 340
140 341
140 342
140 344
140 345
140 346
140 347
140 349
140 350
140 351
140 352
140 353
140 354
140 356
140 357
140 358
140 360
140 361
140 362
140 482
140 484
140 485
140 486
140 487
140 488
140 489
140 490
140 491
140 546
140 550
140 551
140 552
140 554
140 579
140 583
140 585
140 586
140 587
140 588
140 589
140 590
140 592
140 596
140 597
141 142
141 143
141 328
141 329
141 330
141 331
141 332
141 333
141 334
141 335
141 337
141 339
141 340
141 341
141 342
141 344
141 345
141 346
141 348
141 349
141 351
141 354
141 355
141 358
141 359
141 360
141 362
141 481
141 482
141 483
141 484
141 485
141 486
141 487
141 489
141 490
141 491
141 492
141 493
141 549
141 550
141 552
141 553
141 555
141 578
141 581
141 582
141 583
141 584
141 587
141 588
141 589
141 590
141 591
141 592
141 593
141 594
141 595
141 597
142 143
142 144
142 222
142 330
142 331
142 332
142 333
142 335
142 336
142 337
142 338
142 340
142 341
142 342
142 343
142 346
142 347
142 348
142 350
142 351
142 353
142 354
142 355
142 356
142 360
142 362
142 363
142 480
142 481
142 483
142 485
142 486
142 487
142 488
142 489
142 490
142 491
142 492
142 493
142 546
142 549
142 550
142 552
142 553
142 554
142 555
142 580
142 582
142 585
142 586
142 587
142 588
142 589
142 590
142 591
142 592
142 593
142 594
142 595
142 596
142 597
142 598
143 144
143 145
143 282
143 329
143 330
143 331
143 332
143 333
143 334
143 335
143 336
143 337
143 338
143 339
143 341
143 342
143 343
143 344
143 345
143 347
143 348
143 349
143 350
143 351
143 353
143 354
143 355
143 356
143 357
143 358
143 360
143 361
143 364
143 482
143 485
143 486
143 487
143 488
143 490
143 491
143 492
143 493
143 494
143 547
143 549
143 551
143 552
143 553
143 554
143 579
143 582
143 583
143 584
143 585
143 586
143 587
143 588
143 589
143 590
143 591
143 592
143 593
143 594
143 595
143 596
143 597
143 598
144 145
144 188
144 263
144 330
144 331
144 332
144 333
144 334
144 335
144 336
144 337
144 338
144 339
144 340
144 341
144 342
144 343
144 344
144 345
144 346
144 347
144 348
144 349
144 350
144 351
144 352
144 353
144 354
144 355
144 356
144 357
144 358
144 359
144 360
144 361
144 362
144 363
144 480
144 484
144 485
144 486
144 487
144 488
144 489
144 490
144 491
144 492
144 548
144 549
144 550
144 551
144 552
144 553
144 554
144 555
144 556
144 557
144 579
144 581
144 583
144 584
144 585
144 588
144 589
144 590
144 591
144 592
144 593
144 594
144 595
144 596
144 597
144 599
145 327
145 328
145 331
145 332
145 334
145 335
145 336
145 337
145 338
145 339
145 340
145 341
145 342
145 343
145 344
145 345
145 347
145 348
145 349
145 350
145 351
145 352
145 353
145 355
145 357
145 358
145 359
145 360
145 361
145 362
145 363
145 482
145 486
145 488
145 490
145 491
145 492
145 550
145 552
145 554
145 555
145 582
145 584
145 585
145 586
145 588
145 589
145 590
145 591
145 592
145 594
145 595
145 597
145 598
146 338
146 339
146 344
146 345
146 346
146 349
146 351
146 352
146 354
146 490
146 492
146 553
146 589
146 592
146 594
146 595
146 596
146 597
146 598
147 347
147 348
147 349
147 350
147 351
147 353
147 354
147 355
147 487
148 187
148 353
148 354
148 355
148 591
148 600
149 353
149 354
149 355
149 481
149 595
150 155
150 259
151 357
152 491
153 351
153 352
153 598
154 355
154 356
155 180
156 342
156 349
156 350
157 344
157 352
157 353
158 353
162 355
164 347
164 349
165 353
167 355
176 354
177 354
178 346
182 352
183 445
185 257
185 587
185 597
186 340
186 342
186 346
186 358
186 362
186 552
186 579
186 586
186 591
186 596
187 349
187 352
187 353
187 355
187 486
187 554
187 586
187 587
188 349
188 351
188 352
188 353
188 487
189 351
189 353
189 355
189 599
190 559
201 348
202 589
207 613
208 600
218 352
219 343
219 352
219 483
220 341
220 348
220 349
220 350
220 353
220 360
221 346
221 351
221 353
221 355
221 358
221 590
221 597
222 332
222 350
222 351
222 354
222 356
223 352
223 355
223 403
224 354
224 487
225 358
233 295
234 380
237 346
243 594
247 355
254 356
255 345
255 357
255 583
256 330
256 337
256 343
256 480
256 481
256 491
256 512
256 548
256 584
256 587
256 594
256 599
257 341
257 345
257 346
257 348
257 350
257 351
257 352
257 353
257 553
257 554
257 584
257 593
258 345
258 347
258 349
258 353
258 355
258 358
258 481
258 488
258 579
258 588
258 589
259 334
259 335
259 352
259 353
259 355
259 599
260 351
260 354
260 355
260 595
260 598
261 349
262 353
262 598
263 352
263 353
263 590
263 595
264 346
264 352
264 353
265 355
265 359
265 361
266 349
266 355
267 346
267 353
268 353
272 349
281 354
282 351
282 353
283 352
286 354
287 354
291 602
292 346
293 347
293 353
293 355
294 350
294 352
294 354
294 355
295 356
295 599
296 488
301 344
302 346
302 355
313 355
314 350
315 356
322 354
323 354
326 336
326 355
327 329
327 330
327 337
327 347
327 354
327 359
327 361
327 485
327 552
327 556
327 578
327 586
327 592
327 598
328 337
328 340
328 343
328 344
328 346
328 348
328 349
328 352
328 354
328 355
328 360
328 482
328 483
328 484
328 486
328 489
328 550
328 551
328 554
328 578
328 579
328 580
328 583
328 586
328 587
328 588
328 595
328 598
329 331
329 332
329 335
329 337
329 338
329 340
329 341
329 344
329 345
329 347
329 350
329 352
329 354
329 355
329 356
329 360
329 483
329 484
329 485
329 488
329 491
329 547
329 548
329 552
329 553
329 555
329 580
329 582
329 583
329 584
329 586
329 589
329 594
329 595
329 598
330 333
330 334
330 336
330 337
330 338
330 340
330 342
330 345
330 350
330 354
330 356
330 358
330 362
330 481
330 484
330 485
330 487
330 488
330 489
330 546
330 549
330 551
330 553
330 554
330 555
330 580
330 581
330 583
330 584
330 586
330 589
330 591
330 592
330 593
330 594
330 595
330 597
330 598
331 332
331 334
331 335
331 336
331 338
331 339
331 340
331 341
331 342
331 343
331 344
331 346
331 349
331 353
331 354
331 355
331 356
331 357
331 358
331 359
331 360
331 361
331 362
331 363
331 479
331 481
331 482
331 483
331 484
331 485
331 486
331 488
331 489
331 490
331 491
331 493
331 547
331 549
331 550
331 552
331 553
331 554
331 579
331 580
331 581
331 582
331 583
331 584
331 586
331 587
331 589
331 590
331 592
331 594
331 596
331 597
331 598
332 333
332 336
332 337
332 338
332 339
332 340
332 341
332 342
332 344
332 346
332 347
332 349
332 350
332 351
332 352
332 355
332 356
332 357
332 358
332 359
332 362
332 480
332 483
332 486
332 487
332 489
332 490
332 491
332 545
332 548
332 549
332 551
332 553
332 554
332 555
332 579
332 581
332 585
332 586
332 587
332 588
332 589
332 590
332 594
332 595
332 596
332 597
332 598
333 334
333 335
333 336
333 337
333 338
333 339
333 340
333 342
333 345
333 346
333 347
333 348
333 349
333 351
333 352
333 353
333 354
333 355
333 358
333 359
333 360
333 361
333 363
333 481
333 482
333 483
333 485
333 486
333 487
333 488
333 489
333 490
333 491
333 492
333 493
333 546
333 547
333 548
333 549
333 550
333 552
333 553
333 554
333 555
333 582
333 583
333 584
333 585
333 586
333 587
333 588
333 589
333 590
333 591
333 593
333 595
333 596
333 598
334 336
334 337
334 338
334 339
334 343
334 344
334 345
334 346
334 347
334 348
334 349
334 350
334 353
334 354
334 355
334 356
334 358
334 359
334 360
334 361
334 362
334 483
334 486
334 487
334 488
334 489
334 490
334 492
334 547
334 549
334 550
334 551
334 552
334 553
334 555
334 556
334 578
334 580
334 582
334 583
334 584
334 585
334 586
334 587
334 588
334 589
334 590
334 591
334 592
334 593
334 594
334 595
334 596
334 598
335 336
335 337
335 338
335 339
335 340
335 341
335 342
335 343
335 344
335 345
335 346
335 347
335 348
335 349
335 350
335 351
335 353
335 354
335 355
335 356
335 358
335 359
335 360
335 361
335 362
335 363
335 481
335 484
335 485
335 486
335 488
335 489
335 490
335 491
335 492
335 493
335 546
335 548
335 549
335 550
335 553
335 554
335 555
335 580
335 581
335 582
335 583
335 584
335 585
335 586
335 587
335 588
335 589
335 590
335 591
335 592
335 593
335 594
335 597
335 598
335 616
336 337
336 338
336 339
336 340
336 341
336 342
336 343
336 344
336 345
336 346
336 347
336 348
336 349
336 350
336 351
336 353
336 354
336 355
336 356
336 357
336 358
336 359
336 360
336 361
336 362
336 363
336 483
336 485
336 486
336 487
336 488
336 489
336 490
336 491
336 492
336 548
336 550
336 551
336 552
336 553
336 580
336 581
336 582
336 584
336 585
336 586
336 587
336 588
336 589
336 590
336 591
336 592
336 593
336 594
336 595
336 596
336 597
336 598
337 338
337 340
337 341
337 342
337 343
337 344
337 345
337 346
337 347
337 348
337 349
337 350
337 351
337 352
337 353
337 354
337 355
337 356
337 357
337 358
337 359
337 361
337 362
337 480
337 484
337 486
337 487
337 488
337 489
337 490
337 491
337 492
337 493
337 548
337 549
337 550
337 552
337 553
337 554
337 555
337 582
337 583
337 584
337 585
337 586
337 587
337 588
337 589
337 590
337 591
337 592
337 593
337 594
337 595
337 596
337 597
337 598
338 339
338 341
338 342
338 343
338 344
338 345
338 346
338 347
338 348
338 349
338 350
338 351
338 352
338 353
338 354
338 355
338 357
338 358
338 360
338 361
338 362
338 363
338 364
338 481
338 482
338 483
338 484
338 485
338 486
338 487
338 488
338 489
338 490
338 491
338 492
338 493
338 547
338 548
338 549
338 550
338 552
338 554
338 555
338 556
338 557
338 578
338 582
338 583
338 584
338 585
338 586
338 587
338 588
338 589
338 590
338 591
338 592
338 593
338 594
338 595
338 596
338 597
338 599
338 600
339 340
339 341
339 342
339 343
339 344
339 346
339 347
339 348
339 349
339 350
339 351
339 352
339 353
339 354
339 355
339 356
339 357
339 358
339 360
339 361
339 362
339 363
339 483
339 485
339 486
339 487
339 489
339 490
339 491
339 492
339 493
339 546
339 549
339 550
339 551
339 552
339 553
339 555
339 556
339 578
339 581
339 582
339 583
339 584
339 585
339 586
339 587
339 588
339 589
339 590
339 591
339 592
339 593
339 594
339 595
339 596
339 597
339 598
340 341
340 342
340 343
340 344
340 345
340 346
340 347
340 348
340 349
340 350
340 351
340 352
340 353
340 354
340 355
340 356
340 358
340 359
340 360
340 362
340 363
340 480
340 483
340 485
340 486
340 487
340 488
340 489
340 490
340 491
340 492
340 493
340 549
340 550
340 551
340 552
340 553
340 554
340 555
340 579
340 581
340 582
340 583
340 584
340 585
340 587
340 588
340 589
340 590
340 591
340 592
340 593
340 594
340 595
340 596
340 597
340 598
341 342
341 343
341 344
341 345
341 346
341 347
341 348
341 349
341 350
341 351
341 352
341 353
341 354
341 355
341 356
341 359
341 360
341 361
341 362
341 363
341 365
341 479
341 483
341 484
341 487
341 488
341 489
341 490
341 491
341 492
341 550
341 551
341 552
341 553
341 554
341 581
341 583
341 585
341 586
341 587
341 588
341 589
341 590
341 591
341 592
341 593
341 594
341 595
341 596
341 597
341 598
341 600
342 343
342 344
342 345
342 346
342 347
342 348
342 349
342 350
342 351
342 352
342 353
342 354
342 355
342 356
342 358
342 359
342 360
342 361
342 363
342 480
342 483
342 486
342 487
342 488
342 489
342 490
342 491
342 492
342 545
342 547
342 550
342 551
342 552
342 553
342 554
342 555
342 579
342 580
342 581
342 582
342 583
342 584
342 585
342 586
342 587
342 588
342 589
342 590
342 591
342 592
342 593
342 594
342 595
342 596
342 597
342 598
342 599
343 344
343 345
343 346
343 347
343 348
343 349
343 350
343 351
343 352
343 353
343 354
343 355
343 356
343 357
343 359
343 360
343 361
343 362
343 363
343 365
343 480
343 483
343 484
343 485
343 486
343 487
343 488
343 489
343 490
343 491
343 492
343 546
343 547
343 548
343 549
343 550
343 551
343 552
343 553
343 554
343 555
343 578
343 579
343 582
343 583
343 584
343 585
343 586
343 587
343 588
343 589
343 590
343 591
343 592
343 593
343 594
343 595
343 596
343 597
343 598
343 604
344 345
344 346
344 347
344 348
344 349
344 350
344 351
344 352
344 353
344 354
344 355
344 356
344 357
344 358
344 360
344 362
344 363
344 364
344 365
344 482
344 483
344 485
344 486
344 487
344 488
344 489
344 490
344 491
344 492
344 493
344 511
344 548
344 550
344 551
344 552
344 553
344 579
344 580
344 582
344 583
344 584
344 585
344 586
344 587
344 588
344 589
344 590
344 591
344 592
344 593
344 594
344 595
344 596
344 597
344 598
344 599
344 600
345 346
345 347
345 348
345 349
345 350
345 351
345 352
345 353
345 354
345 355
345 356
345 357
345 358
345 359
345 360
345 361
345 362
345 363
345 365
345 402
345 446
345 481
345 483
345 484
345 485
345 486
345 487
345 488
345 489
345 490
345 491
345 492
345 493
345 494
345 546
345 548
345 549
345 550
345 551
345 554
345 555
345 557
345 578
345 580
345 583
345 584
345 585
345 586
345 587
345 588
345 589
345 590
345 591
345 592
345 593
345 594
345 595
345 596
345 597
345 598
345 599
346 347
346 348
346 349
346 350
346 351
346 352
346 353
346 354
346 355
346 356
346 357
346 359
346 360
346 361
346 362
346 363
346 364
346 483
346 485
346 486
346 487
346 488
346 489
346 490
346 491
346 492
346 493
346 548
346 551
346 553
346 554
346 555
346 556
346 558
346 581
346 583
346 584
346 587
346 588
346 589
346 590
346 591
346 592
346 593
346 594
346 595
346 596
346 597
346 598
346 599
346 604
347 348
347 349
347 350
347 351
347 352
347 353
347 354
347 355
347 356
347 357
347 358
347 359
347 360
347 361
347 362
347 363
347 364
347 366
347 477
347 481
347 484
347 485
347 486
347 487
347 488
347 489
347 490
347 491
347 492
347 493
347 494
347 549
347 550
347 551
347 552
347 553
347 554
347 555
347 556
347 578
347 579
347 580
347 581
347 582
347 583
347 584
347 585
347 586
347 587
347 588
347 589
347 590
347 591
347 592
347 593
347 594
347 595
347 596
347 597
347 598
347 599
347 600
348 349
348 350
348 351
348 352
348 353
348 354
348 355
348 356
348 357
348 358
348 359
348 360
348 362
348 364
348 365
348 379
348 482
348 483
348 485
348 486
348 487
348 488
348 489
348 490
348 491
348 492
348 493
348 494
348 495
348 525
348 545
348 549
348 551
348 552
348 554
348 555
348 556
348 582
348 583
348 584
348 585
348 586
348 587
348 588
348 589
348 590
348 591
348 592
348 593
348 594
348 595
348 596
348 597
348 598
348 599
348 605
349 350
349 351
349 352
349 353
349 354
349 355
349 356
349 359
349 360
349 361
349 362
349 363
349 364
349 365
349 479
349 483
349 484
349 486
349 487
349 488
349 489
349 490
349 491
349 492
349 493
349 494
349 495
349 513
349 526
349 548
349 550
349 551
349 552
349 553
349 554
349 555
349 556
349 557
349 580
349 581
349 582
349 583
349 585
349 586
349 587
349 588
349 589
349 590
349 591
349 592
349 593
349 594
349 595
349 596
349 597
349 598
349 599
349 600
349 605
350 351
350 352
350 353
350 354
350 355
350 356
350 357
350 358
350 360
350 361
350 362
350 363
350 365
350 366
350 399
350 480
350 481
350 483
350 485
350 486
350 487
350 488
350 489
350 490
350 491
350 492
350 494
350 495
350 498
350 510
350 545
350 551
350 552
350 553
350 554
350 555
350 556
350 558
350 580
350 581
350 582
350 583
350 584
350 585
350 587
350 588
350 589
350 590
350 591
350 592
350 593
350 594
350 595
350 596
350 597
350 598
350 599
350 600
350 601
350 604
350 626
351 352
351 353
351 354
351 355
351 356
351 357
351 359
351 361
351 362
351 363
351 364
351 365
351 398
351 399
351 410
351 468
351 481
351 483
351 484
351 485
351 486
351 487
351 488
351 489
351 490
351 491
351 492
351 493
351 494
351 511
351 513
351 547
351 548
351 549
351 550
351 551
351 552
351 554
351 555
351 556
351 557
351 558
351 578
351 581
351 582
351 583
351 584
351 585
351 586
351 587
351 588
351 589
351 590
351 591
351 592
351 593
351 594
351 595
351 596
351 597
351 598
351 599
351 600
351 604
351 612
351 643
352 353
352 354
352 355
352 356
352 357
352 358
352 359
352 361
352 362
352 363
352 365
352 366
352 379
352 425
352 447
352 467
352 476
352 477
352 482
352 483
352 484
352 486
352 487
352 488
352 489
352 490
352 491
352 492
352 493
352 494
352 495
352 550
352 551
352 552
352 553
352 554
352 555
352 556
352 557
352 558
352 559
352 578
352 579
352 580
352 582
352 584
352 585
352 586
352 587
352 588
352 589
352 591
352 592
352 593
352 594
352 595
352 596
352 597
352 598
352 599
352 600
352 601
352 604
352 605
352 611
352 612
352 625
352 633
353 354
353 355
353 356
353 357
353 359
353 360
353 362
353 363
353 364
353 365
353 366
353 389
353 393
353 400
353 424
353 476
353 482
353 483
353 484
353 485
353 486
353 488
353 489
353 490
353 491
353 492
353 493
353 494
353 495
353 496
353 511
353 544
353 548
353 549
353 550
353 552
353 553
353 554
353 555
353 557
353 558
353 568
353 579
353 581
353 584
353 585
353 586
353 587
353 588
353 589
353 590
353 591
353 592
353 593
353 594
353 595
353 596
353 597
353 598
353 599
353 600
353 602
353 605
353 606
353 626
354 355
354 356
354 357
354 358
354 361
354 362
354 363
354 364
354 366
354 369
354 375
354 386
354 387
354 401
354 413
354 426
354 431
354 480
354 482
354 483
354 486
354 487
354 488
354 490
354 491
354 492
354 493
354 494
354 495
354 514
354 549
354 550
354 551
354 552
354 553
354 554
354 555
354 556
354 557
354 558
354 559
354 581
354 583
354 584
354 585
354 586
354 587
354 588
354 589
354 590
354 591
354 592
354 593
354 594
354 595
354 596
354 597
354 598
354 599
355 356
355 357
355 358
355 361
355 362
355 363
355 364
355 365
355 366
355 367
355 369
355 430
355 462
355 482
355 483
355 484
355 485
355 486
355 487
355 488
355 489
355 490
355 491
355 492
355 493
355 494
355 495
355 498
355 509
355 512
355 525
355 540
355 541
355 548
355 549
355 551
355 552
355 553
355 554
355 555
355 556
355 558
355 559
355 570
355 577
355 579
355 583
355 584
355 585
355 586
355 587
355 588
355 589
355 590
355 591
355 592
355 593
355 594
355 595
355 596
355 597
355 598
355 599
355 600
355 601
355 605
355 622
355 623
356 357
356 358
356 360
356 361
356 362
356 363
356 367
356 477
356 481
356 483
356 484
356 485
356 486
356 487
356 488
356 489
356 491
356 492
356 495
356 513
356 548
356 550
356 551
356 554
356 555
356 557
356 582
356 584
356 585
356 586
356 587
356 588
356 589
356 590
356 591
356 592
356 593
356 594
356 595
356 596
356 597
356 598
356 599
356 601
356 606
356 624
357 362
357 367
357 370
357 479
357 480
357 482
357 483
357 484
357 487
357 488
357 490
357 491
357 492
357 549
357 550
357 551
357 553
357 555
357 560
357 580
357 581
357 582
357 585
357 586
357 587
357 588
357 589
357 590
357 591
357 592
357 593
357 595
357 596
357 597
357 598
357 599
358 359
358 363
358 379
358 482
358 484
358 486
358 491
358 549
358 550
358 552
358 553
358 554
358 555
358 579
358 580
358 582
358 585
358 588
358 589
358 591
358 592
358 593
358 595
358 597
358 598
359 360
359 361
359 362
359 363
359 482
359 483
359 484
359 485
359 486
359 488
359 489
359 490
359 491
359 492
359 493
359 547
359 548
359 551
359 552
359 555
359 579
359 581
359 582
359 583
359 584
359 585
359 587
359 588
359 589
359 590
359 591
359 592
359 593
359 594
359 596
359 597
360 361
360 362
360 363
360 481
360 485
360 486
360 487
360 488
360 489
360 490
360 491
360 492
360 551
360 552
360 554
360 556
360 579
360 580
360 581
360 582
360 583
360 585
360 586
360 588
360 589
360 590
360 591
360 592
360 593
360 596
360 597
360 598
361 362
361 364
361 481
361 482
361 483
361 484
361 485
361 486
361 487
361 488
361 489
361 490
361 491
361 492
361 546
361 550
361 553
361 554
361 579
361 582
361 583
361 584
361 585
361 586
361 587
361 588
361 590
361 592
361 593
361 595
361 596
361 597
361 599
362 483
362 484
362 485
362 490
362 491
362 492
362 546
362 547
362 550
362 551
362 553
362 555
362 581
362 582
362 583
362 584
362 585
362 586
362 588
362 589
362 590
362 591
362 592
362 593
362 594
362 595
362 596
362 597
363 364
363 487
363 489
363 490
363 491
363 492
363 547
363 550
363 553
363 581
363 582
363 585
363 586
363 588
363 591
363 592
363 593
363 594
363 596
363 598
364 489
364 553
364 582
364 588
364 590
364 598
368 497
374 589
387 593
400 595
411 606
448 601
455 589
477 592
479 483
479 552
479 553
479 582
479 593
480 482
480 488
480 491
480 549
480 550
480 553
480 580
480 583
480 587
480 590
480 591
480 595
480 597
481 485
481 487
481 489
481 490
481 491
481 492
481 547
481 550
481 552
481 579
481 581
481 587
481 589
481 594
481 597
482 486
482 487
482 488
482 547
482 548
482 549
482 550
482 551
482 552
482 553
482 554
482 555
482 580
482 583
482 589
482 590
482 593
482 594
482 595
483 484
483 487
483 488
483 490
483 491
483 492
483 493
483 546
483 548
483 550
483 551
483 552
483 553
483 555
483 582
483 584
483 586
483 587
483 594
483 596
483 598
484 486
484 487
484 488
484 489
484 490
484 491
484 545
484 551
484 552
484 580
484 582
484 583
484 584
484 585
484 588
484 591
484 593
484 598
484 599
485 486
485 487
485 488
485 490
485 491
485 492
485 494
485 546
485 547
485 548
485 549
485 550
485 554
485 555
485 556
485 579
485 581
485 582
485 583
485 584
485 585
485 586
485 587
485 588
485 589
485 591
485 592
485 596
485 597
486 487
486 488
486 489
486 490
486 491
486 492
486 547
486 549
486 551
486 552
486 553
486 554
486 555
486 556
486 580
486 583
486 585
486 587
486 588
486 589
486 590
486 591
486 592
486 593
486 594
486 595
486 596
486 597
486 598
487 488
487 489
487 490
487 491
487 492
487 546
487 549
487 550
487 551
487 552
487 553
487 556
487 557
487 580
487 581
487 582
487 583
487 584
487 585
487 587
487 588
487 589
487 590
487 593
487 594
487 595
487 596
487 597
487 599
488 489
488 490
488 491
488 492
488 547
488 548
488 549
488 551
488 552
488 554
488 555
488 579
488 581
488 582
488 583
488 585
488 586
488 587
488 588
488 589
488 590
488 591
488 592
488 593
488 595
488 596
488 597
488 598
489 490
489 491
489 492
489 547
489 548
489 550
489 552
489 553
489 554
489 581
489 583
489 584
489 585
489 586
489 587
489 588
489 589
489 590
489 591
489 592
489 593
489 594
489 596
489 597
489 598
490 491
490 492
490 546
490 549
490 550
490 551
490 552
490 553
490 554
490 555
490 580
490 581
490 582
490 583
490 584
490 585
490 586
490 587
490 588
490 589
490 590
490 591
490 592
490 593
490 594
490 595
490 596
490 598
490 599
491 492
491 493
491 546
491 547
491 552
491 553
491 554
491 555
491 582
491 583
491 584
491 585
491 586
491 587
491 588
491 589
491 590
491 591
491 592
491 593
491 594
491 595
491 596
491 597
491 598
491 603
492 493
492 547
492 548
492 549
492 550
492 551
492 552
492 553
492 554
492 555
492 556
492 582
492 585
492 586
492 587
492 588
492 589
492 590
492 591
492 592
492 593
492 595
492 596
492 597
492 598
493 546
493 549
493 552
493 553
493 554
493 555
493 579
493 582
493 583
493 586
493 587
493 588
493 589
493 590
493 591
493 592
493 593
493 594
493 596
493 597
493 598
494 548
494 592
494 596
494 597
494 599
496 606
510 595
510 598
514 542
545 590
545 598
546 555
546 580
546 587
546 596
547 551
547 552
547 553
547 555
547 578
547 581
547 582
547 592
547 594
547 596
547 598
548 550
548 551
548 580
548 581
548 582
548 583
548 584
548 586
548 587
548 589
548 590
548 591
548 592
548 594
548 597
548 598
549 550
549 551
549 553
549 554
549 556
549 579
549 583
549 587
549 588
549 592
549 593
549 594
549 595
549 596
549 597
549 598
550 551
550 553
550 554
550 578
550 581
550 582
550 584
550 585
550 587
550 588
550 589
550 590
550 591
550 592
550 593
550 594
550 595
550 596
550 597
551 552
551 553
551 554
551 555
551 581
551 582
551 584
551 585
551 586
551 587
551 588
551 589
551 590
551 591
551 593
551 596
551 597
551 598
552 553
552 554
552 555
552 557
552 579
552 582
552 583
552 584
552 585
552 586
552 587
552 588
552 590
552 592
552 593
552 594
552 596
552 597
552 598
552 601
553 554
553 555
553 584
553 585
553 586
553 588
553 589
553 590
553 591
553 592
553 595
553 596
553 597
553 598
553 602
553 604
554 579
554 583
554 584
554 585
554 586
554 587
554 588
554 589
554 590
554 591
554 592
554 593
554 594
554 596
554 597
554 598
554 604
555 578
555 585
555 586
555 587
555 588
555 590
555 591
555 592
555 593
555 594
555 595
555 596
556 579
556 584
556 588
556 590
556 591
556 595
556 599
557 588
557 590
557 591
577 579
578 595
579 582
579 583
579 584
579 586
579 589
579 592
580 582
580 583
580 584
580 585
580 589
580 591
580 592
580 595
580 596
580 597
580 598
581 582
581 583
581 584
581 585
581 586
581 587
581 588
581 591
581 593
581 595
581 598
582 583
582 585
582 586
582 588
582 589
582 591
582 592
582 593
582 595
582 597
582 598
582 599
582 605
583 585
583 588
583 591
583 592
583 593
583 594
583 595
583 596
583 597
583 598
583 599
584 585
584 586
584 587
584 588
584 589
584 590
584 591
584 593
584 594
584 595
584 596
584 597
584 598
584 599
585 586
585 587
585 588
585 589
585 590
585 591
585 592
585 593
585 594
585 596
585 597
585 598
586 587
586 588
586 589
586 590
586 591
586 592
586 593
586 594
586 595
586 596
586 597
586 598
586 599
587 588
587 589
587 590
587 591
587 592
587 593
587 594
587 595
587 596
587 597
587 598
588 589
588 590
588 591
588 592
588 593
588 594
588 595
588 596
588 597
588 598
588 599
589 590
589 591
589 592
589 593
589 594
589 595
589 596
589 597
589 598
589 599
590 591
590 592
590 593
590 594
590 595
590 596
590 597
590 598
590 599
591 592
591 593
591 594
591 595
591 596
591 597
591 598
591 599
591 600
592 593
592 594
592 595
592 596
592 597
592 598
593 594
593 595
593 596
593 597
593 598
593 599
594 595
594 596
594 597
594 598
594 599
595 596
595 597
595 598
596 597
596 598
596 599
597 598
