5 402
6 509
7 418
7 491
8 420
8 509
8 580
9 416
9 419
9 420
9 421
10 409
11 512
17 413
17 418
18 415
18 423
19 420
29 418
32 420
34 585
38 470
44 268
45 315
47 361
48 419
49 421
50 421
51 584
52 406
52 417
52 418
53 419
53 421
53 515
54 491
54 585
55 612
57 416
58 420
59 424
66 420
71 402
71 570
72 418
72 420
72 575
73 140
73 421
79 242
80 624
91 314
93 421
98 350
98 499
98 503
98 517
99 406
99 411
99 418
99 423
99 569
99 584
100 415
100 417
100 418
100 420
100 576
101 415
101 416
101 422
102 418
102 419
103 110
107 421
109 216
109 419
112 415
113 422
121 419
121 420
122 415
122 420
122 421
123 499
126 209
126 417
127 422
127 517
128 409
128 419
129 644
136 413
136 419
137 412
137 419
138 333
138 419
139 420
139 488
140 422
141 414
146 418
153 419
154 416
156 421
159 417
160 425
160 586
167 390
167 409
167 497
167 576
168 254
168 396
168 397
168 404
168 416
168 418
168 516
168 569
168 576
168 584
169 193
169 395
169 409
169 416
169 419
169 420
169 421
169 503
169 504
169 575
169 580
170 410
170 416
170 420
170 421
170 579
170 580
170 581
171 413
171 414
171 419
171 421
172 468
173 419
174 420
179 409
180 259
188 250
189 425
191 517
191 562
192 308
192 382
192 389
192 394
192 396
192 401
192 410
192 414
192 417
192 421
192 495
192 568
192 571
193 388
193 393
193 400
193 401
193 414
193 417
193 418
193 422
193 482
193 490
193 502
193 505
193 511
193 567
193 580
193 581
193 584
194 393
194 397
194 399
194 410
194 415
194 416
194 419
194 420
194 422
194 503
194 505
194 508
195 407
195 416
195 418
195 419
195 421
195 490
195 506
196 417
196 419
196 421
196 424
197 418
197 422
198 604
210 420
214 418
214 491
214 501
214 575
214 580
215 398
215 411
215 418
215 421
216 421
217 423
239 416
240 419
242 512
243 586
244 585
245 409
245 419
246 285
248 408
248 578
249 419
252 583
253 255
253 421
254 420
255 414
255 514
255 578
255 585
256 289
256 411
256 418
256 595
257 386
257 402
257 409
257 413
257 419
257 420
257 566
257 572
258 406
258 416
258 417
258 418
258 421
258 490
258 513
258 560
258 562
259 413
259 414
259 416
259 417
259 419
259 421
260 407
260 420
260 422
261 408
262 403
263 420
263 581
264 514
264 581
264 582
265 401
265 411
265 419
265 578
266 414
266 415
266 417
266 418
267 420
267 421
267 585
268 535
269 614
272 504
273 418
273 542
274 422
278 421
283 414
284 421
288 419
293 396
293 417
293 482
293 570
294 397
294 418
294 421
294 508
295 417
295 419
295 420
295 422
296 414
296 419
297 422
297 532
304 393
304 495
304 515
305 308
305 309
305 390
305 392
305 393
305 413
305 482
305 483
305 487
305 493
305 498
305 500
305 503
305 515
305 569
305 576
305 582
306 388
306 389
306 390
306 394
306 396
306 407
306 408
306 409
306 413
306 415
306 417
306 421
306 480
306 485
306 493
306 495
306 503
306 506
306 508
306 509
306 510
306 513
306 517
306 518
306 563
306 566
306 567
306 568
306 570
306 575
306 580
307 308
307 386
307 387
307 389
307 394
307 395
307 399
307 400
307 407
307 409
307 412
307 415
307 416
307 420
307 422
307 478
307 482
307 483
307 485
307 486
307 488
307 489
307 492
307 493
307 495
307 496
307 498
307 502
307 506
307 507
307 508
307 510
307 511
307 512
307 513
307 514
307 518
307 557
307 559
307 563
307 565
307 567
307 568
307 569
307 571
307 573
307 576
307 577
307 578
307 579
307 580
308 309
308 347
308 385
308 386
308 387
308 389
308 392
308 394
308 395
308 396
308 397
308 398
308 399
308 401
308 403
308 404
308 406
308 407
308 409
308 412
308 413
308 416
308 419
308 478
308 480
308 482
308 483
308 484
308 486
308 492
308 493
308 494
308 495
308 499
308 501
308 502
308 504
308 506
308 508
308 511
308 512
308 514
308 516
308 517
308 518
308 560
308 564
308 565
308 566
308 570
308 571
308 574
308 575
308 577
308 583
308 584
309 310
309 383
309 387
309 388
309 389
309 392
309 393
309 394
309 395
309 396
309 397
309 399
309 400
309 401
309 403
309 404
309 405
309 406
309 409
309 412
309 413
309 415
309 417
309 418
309 419
309 421
309 422
309 477
309 480
309 481
309 482
309 483
309 484
309 485
309 486
309 487
309 489
309 490
309 491
309 492
309 493
309 494
309 495
309 496
309 498
309 499
309 500
309 501
309 503
309 508
309 510
309 513
309 515
309 516
309 519
309 558
309 561
309 562
309 563
309 564
309 565
309 566
309 567
309 568
309 569
309 570
309 572
309 573
309 575
309 577
309 578
309 579
309 580
309 582
309 583
309 584
309 585
310 384
310 390
310 391
310 393
310 397
310 398
310 401
310 403
310 404
310 406
310 407
310 409
310 410
310 411
310 414
310 415
310 419
310 483
310 484
310 485
310 486
310 487
310 489
310 490
310 492
310 493
310 494
310 495
310 496
310 497
310 498
310 499
310 501
310 502
310 503
310 505
310 506
310 507
310 510
310 511
310 513
310 515
310 517
310 518
310 532
310 558
310 561
310 562
310 563
310 565
310 566
310 567
310 568
310 569
310 570
310 573
310 576
310 577
310 579
310 580
310 581
310 582
310 583
310 584
310 585
311 384
311 390
311 392
311 393
311 398
311 400
311 401
311 406
311 410
311 414
311 415
311 416
311 420
311 421
311 422
311 480
311 484
311 485
311 488
311 508
311 509
311 513
311 514
311 516
311 559
311 564
311 573
311 574
311 575
311 579
311 584
312 398
312 400
312 407
312 413
312 418
312 419
312 420
312 421
312 422
312 488
312 499
312 501
312 504
312 513
312 572
312 574
312 575
313 406
313 415
313 416
313 419
313 420
313 421
313 424
313 573
313 580
313 585
314 417
314 419
314 420
314 421
315 406
315 415
316 404
317 418
318 421
322 412
323 417
323 418
328 504
329 397
329 402
329 413
329 572
330 419
330 420
330 421
330 493
330 499
330 510
331 418
331 420
331 489
331 506
331 511
331 573
332 406
332 410
332 421
332 491
335 407
342 421
343 422
346 420
347 401
347 562
347 579
347 583
347 584
348 414
348 416
348 419
348 420
349 415
349 417
349 419
350 541
351 586
358 495
359 417
360 483
360 586
362 421
365 399
366 416
371 420
372 416
381 398
381 405
381 412
381 414
381 490
381 501
381 508
381 515
381 560
382 386
382 401
382 410
382 411
382 421
382 480
382 488
382 491
382 492
382 496
382 503
382 506
382 510
382 514
382 517
382 518
382 519
382 561
382 564
382 568
382 572
382 574
382 578
382 584
382 585
383 384
383 386
383 388
383 389
383 391
383 393
383 397
383 398
383 399
383 400
383 401
383 405
383 406
383 411
383 414
383 415
383 417
383 418
383 419
383 420
383 421
383 478
383 489
383 491
383 496
383 499
383 503
383 507
383 512
383 514
383 515
383 516
383 517
383 518
383 557
383 559
383 561
383 565
383 567
383 568
383 569
383 572
383 579
383 581
383 583
383 585
384 386
384 388
384 390
384 391
384 393
384 397
384 398
384 401
384 415
384 418
384 420
384 421
384 422
384 479
384 480
384 481
384 482
384 483
384 489
384 491
384 492
384 496
384 497
384 500
384 502
384 503
384 505
384 506
384 509
384 511
384 513
384 514
384 517
384 558
384 559
384 561
384 562
384 563
384 566
384 567
384 568
384 570
384 572
384 576
384 577
384 578
384 579
384 581
385 387
385 389
385 390
385 391
385 394
385 396
385 397
385 398
385 399
385 400
385 404
385 405
385 406
385 407
385 408
385 409
385 410
385 411
385 412
385 414
385 415
385 416
385 417
385 419
385 421
385 422
385 478
385 482
385 484
385 485
385 489
385 491
385 492
385 493
385 495
385 496
385 497
385 498
385 499
385 500
385 501
385 502
385 503
385 504
385 505
385 506
385 509
385 510
385 515
385 516
385 558
385 559
385 561
385 563
385 564
385 568
385 570
385 572
385 576
385 578
385 579
385 582
385 583
385 584
385 585
386 390
386 391
386 392
386 393
386 396
386 397
386 399
386 400
386 401
386 402
386 403
386 405
386 407
386 408
386 409
386 410
386 413
386 415
386 416
386 417
386 418
386 421
386 422
386 478
386 479
386 480
386 481
386 482
386 484
386 485
386 487
386 488
386 489
386 490
386 494
386 495
386 497
386 498
386 499
386 500
386 503
386 504
386 506
386 510
386 512
386 513
386 514
386 515
386 516
386 517
386 558
386 561
386 563
386 564
386 565
386 567
386 568
386 572
386 573
386 574
386 575
386 579
386 580
386 582
386 584
386 585
387 390
387 391
387 392
387 393
387 395
387 396
387 397
387 398
387 399
387 400
387 401
387 402
387 403
387 406
387 407
387 408
387 409
387 410
387 411
387 412
387 413
387 414
387 416
387 418
387 419
387 420
387 421
387 422
387 423
387 481
387 482
387 483
387 486
387 487
387 488
387 489
387 490
387 493
387 494
387 495
387 496
387 497
387 498
387 500
387 501
387 502
387 503
387 504
387 505
387 506
387 507
387 510
387 512
387 513
387 514
387 515
387 516
387 517
387 518
387 533
387 560
387 564
387 565
387 566
387 568
387 570
387 571
387 572
387 573
387 575
387 576
387 577
387 578
387 580
387 581
387 582
387 584
387 585
388 389
388 390
388 392
388 393
388 394
388 396
388 398
388 399
388 400
388 402
388 403
388 404
388 405
388 407
388 409
388 410
388 411
388 413
388 414
388 418
388 419
388 420
388 421
388 478
388 479
388 481
388 483
388 484
388 485
388 486
388 488
388 490
388 491
388 492
388 493
388 494
388 497
388 498
388 499
388 500
388 501
388 502
388 503
388 505
388 506
388 507
388 508
388 509
388 510
388 511
388 514
388 515
388 516
388 517
388 518
388 559
388 560
388 561
388 562
388 563
388 564
388 565
388 566
388 567
388 569
388 570
388 572
388 573
388 574
388 575
388 576
388 577
388 580
388 582
388 583
388 584
388 585
389 390
389 391
389 392
389 393
389 394
389 395
389 396
389 397
389 398
389 399
389 400
389 401
389 402
389 403
389 405
389 406
389 407
389 408
389 409
389 411
389 412
389 414
389 415
389 416
389 417
389 418
389 419
389 420
389 421
389 422
389 480
389 481
389 482
389 483
389 484
389 485
389 486
389 487
389 488
389 489
389 490
389 491
389 492
389 494
389 496
389 497
389 498
389 499
389 500
389 501
389 503
389 504
389 505
389 506
389 507
389 508
389 509
389 510
389 511
389 512
389 513
389 514
389 515
389 516
389 517
389 518
389 519
389 558
389 560
389 561
389 562
389 563
389 564
389 565
389 566
389 568
389 569
389 570
389 571
389 572
389 573
389 574
389 575
389 577
389 578
389 579
389 580
389 581
389 582
389 583
389 584
390 391
390 392
390 393
390 394
390 395
390 397
390 398
390 399
390 400
390 401
390 402
390 403
390 404
390 405
390 406
390 407
390 408
390 410
390 411
390 412
390 413
390 414
390 415
390 416
390 417
390 418
390 419
390 420
390 422
390 476
390 479
390 481
390 483
390 485
390 486
390 487
390 488
390 489
390 490
390 491
390 492
390 493
390 494
390 495
390 496
390 497
390 498
390 499
390 500
390 501
390 502
390 503
390 504
390 505
390 506
390 507
390 508
390 509
390 510
390 511
390 513
390 515
390 517
390 518
390 561
390 562
390 563
390 564
390 565
390 566
390 567
390 568
390 570
390 571
390 572
390 573
390 574
390 575
390 576
390 577
390 578
390 579
390 581
390 582
390 583
390 584
390 585
391 392
391 393
391 395
391 396
391 397
391 398
391 399
391 400
391 401
391 402
391 403
391 405
391 406
391 407
391 409
391 410
391 411
391 412
391 413
391 414
391 416
391 417
391 420
391 421
391 422
391 481
391 483
391 484
391 485
391 486
391 487
391 488
391 489
391 490
391 491
391 492
391 493
391 494
391 495
391 496
391 498
391 499
391 500
391 501
391 502
391 503
391 504
391 505
391 506
391 507
391 508
391 509
391 510
391 511
391 512
391 513
391 514
391 515
391 516
391 517
391 518
391 558
391 560
391 561
391 562
391 564
391 565
391 566
391 567
391 568
391 569
391 570
391 571
391 572
391 574
391 575
391 576
391 577
391 578
391 579
391 580
391 581
391 583
391 584
391 585
391 586
391 614
391 623
392 393
392 394
392 395
392 396
392 397
392 398
392 399
392 400
392 401
392 402
392 403
392 404
392 405
392 407
392 408
392 409
392 410
392 411
392 412
392 413
392 414
392 415
392 416
392 417
392 418
392 419
392 420
392 421
392 422
392 479
392 483
392 484
392 485
392 486
392 487
392 488
392 489
392 490
392 493
392 495
392 496
392 497
392 498
392 499
392 500
392 501
392 502
392 503
392 504
392 505
392 506
392 507
392 508
392 509
392 510
392 511
392 512
392 513
392 514
392 515
392 517
392 518
392 560
392 561
392 562
392 563
392 564
392 566
392 567
392 568
392 569
392 570
392 571
392 572
392 573
392 574
392 575
392 576
392 577
392 578
392 580
392 581
392 582
392 583
392 584
392 585
393 394
393 397
393 398
393 399
393 401
393 402
393 403
393 404
393 405
393 406
393 407
393 408
393 409
393 410
393 411
393 412
393 413
393 414
393 415
393 416
393 417
393 418
393 419
393 420
393 421
393 422
393 479
393 480
393 482
393 483
393 485
393 487
393 488
393 489
393 491
393 492
393 494
393 495
393 496
393 497
393 498
393 499
393 500
393 501
393 502
393 503
393 504
393 505
393 506
393 507
393 508
393 509
393 511
393 512
393 513
393 514
393 515
393 516
393 517
393 518
393 533
393 560
393 561
393 562
393 563
393 564
393 565
393 566
393 567
393 568
393 569
393 570
393 571
393 572
393 573
393 574
393 575
393 576
393 577
393 578
393 579
393 580
393 581
393 582
393 583
393 584
393 585
394 395
394 396
394 397
394 398
394 399
394 400
394 401
394 402
394 403
394 404
394 405
394 406
394 407
394 408
394 409
394 410
394 411
394 412
394 413
394 414
394 415
394 416
394 417
394 418
394 419
394 420
394 421
394 422
394 478
394 480
394 482
394 483
394 484
394 485
394 486
394 487
394 488
394 489
394 490
394 491
394 493
394 495
394 496
394 497
394 498
394 499
394 500
394 501
394 502
394 503
394 504
394 505
394 506
394 507
394 508
394 509
394 510
394 511
394 512
394 513
394 514
394 515
394 516
394 517
394 518
394 519
394 558
394 559
394 561
394 562
394 563
394 564
394 565
394 566
394 567
394 568
394 569
394 570
394 571
394 572
394 573
394 574
394 575
394 576
394 577
394 578
394 579
394 580
394 581
394 582
394 583
394 584
394 585
394 601
395 396
395 397
395 398
395 399
395 400
395 401
395 402
395 403
395 404
395 405
395 406
395 407
395 408
395 409
395 410
395 411
395 412
395 413
395 414
395 415
395 416
395 417
395 418
395 419
395 420
395 421
395 422
395 481
395 482
395 483
395 484
395 485
395 486
395 487
395 488
395 489
395 491
395 492
395 493
395 494
395 495
395 496
395 498
395 499
395 500
395 501
395 502
395 503
395 504
395 505
395 506
395 507
395 508
395 509
395 510
395 511
395 512
395 513
395 514
395 515
395 516
395 517
395 518
395 519
395 559
395 561
395 563
395 564
395 565
395 566
395 567
395 568
395 569
395 570
395 571
395 572
395 573
395 574
395 575
395 576
395 577
395 578
395 579
395 580
395 581
395 582
395 584
395 585
396 397
396 398
396 399
396 400
396 401
396 402
396 403
396 404
396 405
396 407
396 408
396 409
396 410
396 411
396 412
396 413
396 414
396 415
396 416
396 417
396 418
396 419
396 420
396 421
396 422
396 423
396 479
396 480
396 482
396 483
396 484
396 485
396 486
396 487
396 489
396 490
396 492
396 493
396 494
396 495
396 496
396 497
396 498
396 499
396 500
396 501
396 502
396 503
396 504
396 505
396 506
396 507
396 508
396 509
396 510
396 511
396 512
396 513
396 514
396 515
396 516
396 517
396 518
396 558
396 559
396 560
396 561
396 562
396 563
396 564
396 565
396 566
396 567
396 568
396 569
396 570
396 571
396 572
396 573
396 574
396 575
396 576
396 577
396 578
396 579
396 580
396 581
396 582
396 583
396 584
396 585
397 398
397 399
397 400
397 401
397 402
397 403
397 404
397 405
397 406
397 407
397 408
397 409
397 410
397 411
397 412
397 413
397 414
397 415
397 416
397 417
397 418
397 419
397 420
397 421
397 422
397 477
397 478
397 479
397 480
397 481
397 482
397 483
397 484
397 486
397 487
397 488
397 489
397 490
397 491
397 493
397 494
397 495
397 496
397 497
397 498
397 499
397 500
397 501
397 502
397 503
397 504
397 505
397 506
397 507
397 508
397 509
397 510
397 511
397 512
397 513
397 514
397 515
397 516
397 517
397 518
397 532
397 560
397 561
397 562
397 563
397 564
397 567
397 568
397 569
397 570
397 571
397 572
397 573
397 574
397 575
397 576
397 577
397 578
397 579
397 580
397 581
397 582
397 583
397 584
397 585
398 399
398 400
398 401
398 402
398 403
398 404
398 405
398 406
398 407
398 408
398 409
398 410
398 411
398 412
398 413
398 414
398 415
398 416
398 417
398 418
398 419
398 420
398 421
398 422
398 477
398 482
398 483
398 484
398 485
398 486
398 487
398 488
398 489
398 490
398 491
398 492
398 493
398 494
398 495
398 496
398 497
398 498
398 499
398 500
398 501
398 503
398 504
398 505
398 506
398 507
398 508
398 509
398 510
398 511
398 512
398 513
398 514
398 515
398 516
398 517
398 518
398 519
398 558
398 559
398 560
398 561
398 562
398 563
398 564
398 565
398 566
398 567
398 568
398 569
398 570
398 571
398 572
398 573
398 574
398 575
398 576
398 577
398 578
398 579
398 580
398 581
398 582
398 583
398 584
398 585
399 400
399 401
399 402
399 403
399 404
399 405
399 406
399 407
399 408
399 409
399 410
399 411
399 412
399 413
399 414
399 415
399 416
399 417
399 418
399 419
399 420
399 421
399 422
399 476
399 479
399 483
399 485
399 486
399 487
399 488
399 489
399 490
399 491
399 494
399 495
399 497
399 498
399 499
399 500
399 501
399 502
399 503
399 504
399 505
399 506
399 507
399 508
399 509
399 510
399 511
399 512
399 513
399 514
399 515
399 516
399 517
399 518
399 558
399 560
399 561
399 562
399 563
399 565
399 566
399 567
399 569
399 570
399 571
399 572
399 573
399 574
399 575
399 576
399 577
399 578
399 579
399 580
399 581
399 582
399 583
399 584
399 585
400 401
400 402
400 403
400 404
400 405
400 406
400 407
400 408
400 409
400 410
400 411
400 412
400 413
400 414
400 415
400 416
400 417
400 418
400 419
400 420
400 421
400 422
400 482
400 483
400 484
400 485
400 486
400 487
400 488
400 489
400 490
400 491
400 492
400 494
400 495
400 496
400 497
400 498
400 499
400 500
400 501
400 502
400 503
400 504
400 505
400 506
400 507
400 508
400 509
400 510
400 511
400 512
400 513
400 514
400 515
400 516
400 517
400 518
400 519
400 532
400 559
400 560
400 561
400 562
400 565
400 567
400 568
400 569
400 570
400 571
400 572
400 573
400 574
400 575
400 576
400 577
400 578
400 579
400 580
400 581
400 582
400 583
400 584
400 585
400 586
400 623
401 402
401 403
401 404
401 405
401 406
401 407
401 408
401 409
401 410
401 411
401 412
401 413
401 414
401 415
401 416
401 417
401 418
401 419
401 420
401 421
401 422
401 480
401 481
401 482
401 483
401 484
401 485
401 486
401 487
401 488
401 489
401 491
401 492
401 493
401 494
401 495
401 496
401 497
401 498
401 499
401 500
401 501
401 502
401 503
401 504
401 505
401 506
401 507
401 508
401 509
401 510
401 511
401 512
401 513
401 514
401 515
401 516
401 517
401 518
401 533
401 560
401 561
401 562
401 563
401 565
401 566
401 567
401 568
401 569
401 570
401 571
401 572
401 573
401 574
401 575
401 576
401 577
401 578
401 579
401 580
401 581
401 582
401 583
401 584
401 585
402 403
402 404
402 405
402 406
402 407
402 408
402 409
402 410
402 411
402 412
402 413
402 414
402 415
402 416
402 417
402 418
402 419
402 420
402 421
402 422
402 423
402 476
402 481
402 482
402 483
402 484
402 485
402 487
402 488
402 490
402 492
402 493
402 494
402 495
402 496
402 497
402 498
402 499
402 500
402 501
402 502
402 503
402 504
402 505
402 506
402 507
402 508
402 509
402 510
402 511
402 512
402 513
402 514
402 515
402 516
402 517
402 518
402 519
402 532
402 562
402 563
402 564
402 565
402 567
402 568
402 569
402 570
402 571
402 572
402 573
402 574
402 575
402 576
402 577
402 578
402 579
402 580
402 581
402 582
402 583
402 584
402 585
402 636
403 404
403 405
403 406
403 407
403 408
403 409
403 410
403 411
403 412
403 413
403 414
403 415
403 416
403 417
403 418
403 419
403 420
403 421
403 422
403 423
403 478
403 481
403 482
403 483
403 484
403 486
403 487
403 488
403 489
403 491
403 493
403 494
403 496
403 497
403 498
403 499
403 500
403 501
403 502
403 503
403 504
403 505
403 506
403 507
403 508
403 509
403 510
403 511
403 512
403 513
403 514
403 515
403 516
403 517
403 518
403 519
403 557
403 558
403 560
403 561
403 562
403 564
403 565
403 566
403 567
403 568
403 569
403 570
403 571
403 572
403 573
403 574
403 575
403 576
403 577
403 578
403 579
403 580
403 581
403 582
403 583
403 584
403 585
403 586
404 405
404 406
404 407
404 408
404 409
404 410
404 411
404 412
404 413
404 414
404 415
404 416
404 417
404 418
404 419
404 420
404 421
404 422
404 423
404 478
404 479
404 480
404 481
404 482
404 485
404 486
404 487
404 488
404 490
404 491
404 492
404 493
404 494
404 495
404 496
404 497
404 498
404 499
404 500
404 501
404 502
404 503
404 504
404 505
404 506
404 507
404 508
404 509
404 510
404 511
404 512
404 513
404 514
404 515
404 516
404 517
404 518
404 557
404 560
404 563
404 564
404 566
404 567
404 569
404 570
404 571
404 572
404 573
404 574
404 575
404 576
404 577
404 578
404 579
404 580
404 581
404 582
404 583
404 584
404 585
405 406
405 407
405 408
405 409
405 410
405 411
405 412
405 413
405 414
405 415
405 416
405 417
405 418
405 419
405 420
405 421
405 422
405 423
405 476
405 479
405 482
405 484
405 485
405 486
405 487
405 488
405 490
405 491
405 492
405 493
405 494
405 495
405 496
405 497
405 498
405 499
405 500
405 501
405 502
405 503
405 504
405 505
405 506
405 507
405 508
405 509
405 510
405 511
405 512
405 513
405 514
405 515
405 516
405 517
405 518
405 557
405 558
405 559
405 560
405 561
405 562
405 564
405 565
405 566
405 567
405 568
405 569
405 570
405 571
405 572
405 573
405 574
405 575
405 576
405 577
405 578
405 579
405 580
405 581
405 582
405 583
405 584
405 585
406 407
406 408
406 409
406 410
406 411
406 412
406 413
406 414
406 415
406 416
406 417
406 418
406 419
406 420
406 421
406 422
406 423
406 479
406 481
406 482
406 484
406 486
406 488
406 489
406 490
406 491
406 492
406 494
406 495
406 496
406 497
406 498
406 499
406 500
406 501
406 502
406 503
406 504
406 505
406 506
406 507
406 508
406 509
406 510
406 511
406 512
406 513
406 514
406 515
406 516
406 517
406 518
406 519
406 520
406 535
406 557
406 561
406 562
406 564
406 565
406 566
406 567
406 568
406 569
406 570
406 571
406 572
406 573
406 574
406 575
406 576
406 577
406 578
406 579
406 580
406 581
406 582
406 583
406 584
406 585
406 622
407 408
407 409
407 410
407 411
407 412
407 413
407 414
407 415
407 416
407 417
407 418
407 419
407 420
407 421
407 422
407 423
407 477
407 480
407 483
407 484
407 485
407 487
407 489
407 490
407 491
407 492
407 493
407 494
407 495
407 496
407 497
407 498
407 499
407 500
407 501
407 502
407 503
407 504
407 505
407 506
407 507
407 508
407 509
407 510
407 511
407 512
407 513
407 514
407 515
407 516
407 517
407 518
407 519
407 533
407 560
407 563
407 565
407 566
407 567
407 568
407 569
407 570
407 571
407 572
407 573
407 574
407 575
407 576
407 577
407 578
407 579
407 580
407 581
407 582
407 583
407 584
407 585
408 409
408 410
408 411
408 412
408 413
408 414
408 415
408 416
408 417
408 418
408 419
408 420
408 421
408 422
408 423
408 480
408 481
408 482
408 484
408 485
408 486
408 487
408 488
408 489
408 490
408 491
408 492
408 493
408 495
408 496
408 497
408 498
408 499
408 500
408 501
408 502
408 503
408 504
408 505
408 506
408 507
408 508
408 509
408 510
408 511
408 512
408 513
408 514
408 515
408 516
408 517
408 518
408 519
408 520
408 558
408 559
408 561
408 562
408 564
408 565
408 566
408 567
408 568
408 569
408 570
408 571
408 572
408 573
408 574
408 575
408 576
408 577
408 578
408 579
408 580
408 581
408 582
408 583
408 584
408 585
408 586
408 605
408 643
409 410
409 411
409 412
409 413
409 414
409 415
409 416
409 417
409 418
409 419
409 420
409 421
409 422
409 423
409 479
409 480
409 482
409 483
409 484
409 485
409 486
409 487
409 490
409 491
409 492
409 493
409 494
409 495
409 496
409 497
409 498
409 499
409 500
409 501
409 502
409 503
409 504
409 505
409 506
409 507
409 508
409 509
409 510
409 511
409 512
409 513
409 514
409 515
409 516
409 517
409 518
409 533
409 558
409 560
409 561
409 563
409 564
409 566
409 567
409 568
409 569
409 570
409 571
409 572
409 573
409 574
409 575
409 576
409 577
409 578
409 579
409 580
409 581
409 582
409 583
409 584
409 585
409 603
409 610
410 411
410 412
410 413
410 414
410 415
410 416
410 417
410 418
410 419
410 420
410 421
410 422
410 479
410 481
410 482
410 483
410 484
410 485
410 486
410 487
410 488
410 489
410 490
410 492
410 493
410 494
410 495
410 496
410 497
410 498
410 499
410 500
410 501
410 502
410 503
410 504
410 505
410 506
410 507
410 508
410 509
410 510
410 511
410 512
410 513
410 514
410 515
410 516
410 517
410 518
410 519
410 532
410 534
410 560
410 563
410 564
410 565
410 566
410 567
410 569
410 570
410 571
410 572
410 573
410 574
410 575
410 576
410 577
410 578
410 579
410 580
410 581
410 582
410 583
410 584
410 585
410 586
411 412
411 413
411 414
411 415
411 416
411 417
411 418
411 419
411 420
411 421
411 422
411 480
411 481
411 482
411 483
411 484
411 485
411 486
411 487
411 488
411 489
411 490
411 491
411 492
411 494
411 495
411 496
411 497
411 498
411 499
411 500
411 501
411 502
411 503
411 504
411 505
411 506
411 507
411 508
411 509
411 510
411 511
411 512
411 513
411 514
411 515
411 516
411 517
411 518
411 519
411 520
411 530
411 558
411 559
411 560
411 561
411 562
411 563
411 564
411 565
411 566
411 567
411 568
411 569
411 570
411 571
411 572
411 573
411 574
411 575
411 576
411 577
411 578
411 579
411 580
411 581
411 582
411 583
411 584
411 585
411 594
412 413
412 414
412 415
412 416
412 417
412 418
412 419
412 420
412 421
412 422
412 423
412 478
412 479
412 480
412 482
412 483
412 484
412 485
412 486
412 487
412 488
412 489
412 490
412 491
412 492
412 493
412 494
412 495
412 496
412 497
412 498
412 499
412 500
412 501
412 502
412 503
412 504
412 505
412 506
412 507
412 508
412 509
412 510
412 511
412 512
412 513
412 514
412 515
412 516
412 517
412 518
412 519
412 530
412 557
412 560
412 561
412 562
412 563
412 564
412 565
412 566
412 567
412 568
412 569
412 570
412 572
412 573
412 574
412 575
412 576
412 577
412 578
412 579
412 580
412 581
412 582
412 583
412 584
412 585
412 586
412 624
413 414
413 415
413 416
413 417
413 418
413 419
413 420
413 421
413 422
413 423
413 478
413 479
413 480
413 481
413 482
413 483
413 484
413 485
413 486
413 487
413 488
413 489
413 490
413 491
413 492
413 493
413 494
413 495
413 496
413 497
413 498
413 499
413 500
413 501
413 502
413 503
413 504
413 505
413 506
413 507
413 508
413 509
413 510
413 511
413 512
413 513
413 514
413 515
413 516
413 517
413 518
413 519
413 532
413 561
413 564
413 567
413 568
413 569
413 570
413 571
413 572
413 573
413 574
413 575
413 576
413 577
413 578
413 579
413 580
413 581
413 582
413 583
413 584
413 585
413 586
413 635
413 636
414 415
414 416
414 417
414 418
414 419
414 420
414 421
414 422
414 423
414 480
414 481
414 483
414 484
414 485
414 486
414 487
414 488
414 489
414 490
414 491
414 493
414 494
414 495
414 496
414 497
414 499
414 500
414 501
414 502
414 503
414 504
414 505
414 506
414 507
414 508
414 509
414 510
414 511
414 512
414 513
414 514
414 515
414 516
414 517
414 518
414 519
414 520
414 533
414 554
414 559
414 560
414 563
414 566
414 567
414 568
414 569
414 570
414 571
414 572
414 573
414 574
414 575
414 576
414 577
414 578
414 579
414 580
414 581
414 582
414 583
414 584
414 585
414 623
415 416
415 417
415 418
415 419
415 420
415 421
415 422
415 423
415 426
415 429
415 478
415 480
415 481
415 482
415 483
415 484
415 485
415 486
415 487
415 488
415 490
415 491
415 492
415 493
415 494
415 495
415 496
415 497
415 498
415 499
415 500
415 501
415 502
415 503
415 504
415 505
415 506
415 507
415 508
415 509
415 510
415 511
415 512
415 513
415 514
415 515
415 516
415 517
415 518
415 519
415 520
415 525
415 532
415 535
415 548
415 560
415 562
415 564
415 565
415 566
415 567
415 568
415 569
415 570
415 571
415 572
415 573
415 574
415 575
415 576
415 577
415 578
415 579
415 580
415 581
415 582
415 583
415 584
415 585
415 586
415 602
415 613
415 635
416 417
416 418
416 419
416 420
416 421
416 422
416 423
416 424
416 482
416 484
416 485
416 486
416 487
416 488
416 489
416 490
416 493
416 494
416 495
416 497
416 498
416 499
416 500
416 501
416 502
416 503
416 504
416 505
416 506
416 507
416 508
416 509
416 510
416 511
416 512
416 513
416 514
416 515
416 516
416 517
416 518
416 519
416 533
416 558
416 560
416 562
416 563
416 564
416 565
416 566
416 567
416 568
416 570
416 571
416 572
416 573
416 574
416 575
416 576
416 577
416 578
416 579
416 580
416 581
416 582
416 583
416 584
416 585
416 610
417 418
417 419
417 420
417 421
417 422
417 423
417 424
417 478
417 479
417 480
417 481
417 483
417 484
417 485
417 487
417 488
417 489
417 490
417 491
417 492
417 493
417 494
417 495
417 496
417 497
417 498
417 499
417 500
417 501
417 502
417 503
417 504
417 505
417 506
417 507
417 508
417 509
417 510
417 511
417 512
417 513
417 514
417 515
417 516
417 517
417 518
417 519
417 520
417 521
417 560
417 561
417 563
417 564
417 565
417 566
417 567
417 568
417 569
417 570
417 571
417 572
417 573
417 574
417 575
417 576
417 577
417 578
417 579
417 580
417 581
417 582
417 583
417 584
417 585
417 586
417 601
417 606
417 607
417 624
417 636
418 419
418 420
418 421
418 422
418 423
418 424
418 477
418 479
418 480
418 481
418 482
418 483
418 485
418 486
418 487
418 488
418 489
418 490
418 491
418 492
418 493
418 494
418 495
418 496
418 497
418 498
418 499
418 500
418 501
418 502
418 503
418 504
418 505
418 506
418 507
418 508
418 509
418 510
418 511
418 512
418 513
418 514
418 515
418 516
418 517
418 518
418 519
418 520
418 527
418 534
418 535
418 561
418 562
418 563
418 564
418 565
418 566
418 567
418 568
418 569
418 570
418 571
418 572
418 573
418 574
418 575
418 576
418 577
418 578
418 579
418 580
418 581
418 582
418 583
418 584
418 585
418 586
418 610
418 626
419 420
419 421
419 422
419 423
419 424
419 431
419 477
419 479
419 480
419 481
419 482
419 483
419 484
419 485
419 486
419 487
419 488
419 489
419 490
419 491
419 492
419 493
419 494
419 495
419 496
419 497
419 498
419 499
419 500
419 502
419 503
419 504
419 505
419 506
419 507
419 508
419 509
419 510
419 511
419 512
419 513
419 514
419 515
419 516
419 517
419 518
419 520
419 521
419 534
419 549
419 561
419 562
419 563
419 564
419 565
419 566
419 567
419 569
419 570
419 571
419 572
419 573
419 574
419 575
419 576
419 577
419 578
419 579
419 580
419 581
419 582
419 583
419 584
419 585
419 586
419 610
419 611
419 619
419 625
419 626
420 421
420 422
420 423
420 424
420 430
420 432
420 445
420 463
420 480
420 481
420 482
420 483
420 484
420 485
420 486
420 487
420 488
420 489
420 491
420 492
420 494
420 495
420 496
420 497
420 498
420 500
420 501
420 502
420 503
420 504
420 505
420 506
420 507
420 508
420 509
420 510
420 511
420 512
420 513
420 514
420 515
420 516
420 517
420 518
420 519
420 520
420 521
420 525
420 531
420 533
420 543
420 561
420 562
420 563
420 564
420 566
420 567
420 568
420 569
420 570
420 571
420 572
420 573
420 574
420 575
420 576
420 577
420 578
420 579
420 580
420 581
420 582
420 583
420 584
420 585
420 586
420 587
420 601
420 602
420 603
420 607
420 608
420 609
420 611
420 625
420 627
421 422
421 423
421 424
421 425
421 428
421 479
421 482
421 484
421 486
421 488
421 489
421 490
421 491
421 492
421 493
421 494
421 495
421 496
421 497
421 498
421 499
421 500
421 501
421 502
421 503
421 504
421 505
421 506
421 507
421 508
421 509
421 510
421 511
421 512
421 513
421 514
421 515
421 516
421 517
421 518
421 519
421 521
421 524
421 530
421 531
421 534
421 543
421 560
421 561
421 562
421 563
421 565
421 566
421 567
421 568
421 569
421 570
421 571
421 572
421 573
421 574
421 575
421 576
421 577
421 578
421 579
421 580
421 581
421 582
421 583
421 584
421 585
421 586
421 587
421 594
421 602
421 607
421 608
421 617
421 625
421 644
422 423
422 481
422 482
422 483
422 484
422 485
422 486
422 487
422 489
422 491
422 492
422 493
422 494
422 495
422 496
422 497
422 498
422 499
422 500
422 501
422 502
422 503
422 504
422 505
422 506
422 507
422 508
422 509
422 510
422 511
422 512
422 513
422 514
422 515
422 516
422 517
422 518
422 519
422 520
422 532
422 533
422 555
422 559
422 560
422 561
422 562
422 563
422 564
422 565
422 566
422 569
422 570
422 571
422 572
422 573
422 574
422 575
422 576
422 577
422 578
422 579
422 580
422 581
422 582
422 583
422 584
422 585
422 586
422 602
422 603
422 613
422 637
422 639
422 645
423 489
423 490
423 493
423 495
423 496
423 497
423 499
423 503
423 504
423 507
423 509
423 511
423 515
423 517
423 522
423 532
423 571
423 577
423 580
423 581
423 583
423 584
423 585
423 586
423 587
423 625
423 626
423 628
423 646
424 505
424 508
424 581
424 588
451 580
467 491
469 566
476 477
476 494
476 514
476 517
476 532
476 565
476 585
477 481
477 482
477 484
477 485
477 486
477 493
477 495
477 498
477 499
477 501
477 505
477 508
477 516
477 559
477 561
477 563
477 577
477 583
477 624
478 479
478 480
478 482
478 484
478 487
478 491
478 494
478 499
478 501
478 502
478 503
478 504
478 506
478 509
478 511
478 512
478 517
478 558
478 559
478 562
478 565
478 569
478 570
478 573
478 574
478 575
478 576
478 578
478 579
478 580
478 582
479 482
479 483
479 484
479 488
479 489
479 491
479 492
479 493
479 495
479 499
479 501
479 510
479 512
479 513
479 514
479 516
479 517
479 518
479 557
479 559
479 563
479 564
479 566
479 567
479 568
479 569
479 570
479 573
479 574
479 577
479 578
479 580
479 581
480 484
480 487
480 492
480 493
480 494
480 495
480 496
480 497
480 500
480 503
480 506
480 508
480 509
480 510
480 511
480 512
480 517
480 518
480 557
480 561
480 562
480 563
480 565
480 566
480 567
480 569
480 570
480 571
480 572
480 573
480 575
480 579
480 580
480 581
480 582
480 583
480 584
480 585
481 485
481 486
481 487
481 489
481 490
481 491
481 492
481 493
481 496
481 497
481 498
481 499
481 500
481 501
481 502
481 503
481 505
481 507
481 508
481 509
481 511
481 512
481 513
481 514
481 515
481 516
481 518
481 519
481 559
481 561
481 563
481 564
481 565
481 566
481 568
481 569
481 571
481 572
481 573
481 574
481 575
481 576
481 579
481 580
481 581
481 582
481 584
482 483
482 484
482 485
482 487
482 488
482 489
482 492
482 493
482 495
482 496
482 497
482 498
482 500
482 501
482 502
482 503
482 504
482 505
482 506
482 507
482 508
482 510
482 511
482 513
482 514
482 517
482 518
482 558
482 559
482 561
482 562
482 563
482 564
482 566
482 567
482 568
482 569
482 570
482 571
482 572
482 574
482 575
482 576
482 577
482 578
482 580
482 581
482 582
482 583
482 584
482 585
482 622
483 484
483 485
483 486
483 487
483 489
483 490
483 491
483 492
483 493
483 494
483 495
483 497
483 500
483 501
483 502
483 503
483 504
483 505
483 506
483 507
483 508
483 511
483 512
483 513
483 514
483 516
483 517
483 518
483 519
483 558
483 559
483 560
483 562
483 563
483 564
483 565
483 567
483 568
483 569
483 570
483 571
483 572
483 573
483 574
483 575
483 576
483 577
483 578
483 582
483 583
483 584
483 585
484 485
484 486
484 487
484 488
484 489
484 493
484 494
484 495
484 496
484 497
484 498
484 500
484 502
484 505
484 506
484 507
484 508
484 509
484 510
484 511
484 512
484 513
484 514
484 515
484 517
484 518
484 559
484 560
484 561
484 562
484 563
484 564
484 566
484 567
484 570
484 571
484 572
484 573
484 574
484 575
484 577
484 579
484 580
484 582
484 583
484 584
484 585
485 487
485 488
485 489
485 490
485 491
485 492
485 494
485 495
485 496
485 497
485 498
485 499
485 500
485 502
485 503
485 505
485 506
485 507
485 508
485 509
485 510
485 511
485 512
485 513
485 515
485 516
485 517
485 518
485 519
485 532
485 533
485 559
485 560
485 561
485 562
485 564
485 565
485 566
485 567
485 568
485 570
485 572
485 573
485 574
485 575
485 578
485 579
485 580
485 581
485 582
485 583
485 584
485 585
486 487
486 488
486 490
486 491
486 492
486 493
486 495
486 496
486 497
486 498
486 499
486 500
486 501
486 502
486 503
486 504
486 505
486 506
486 507
486 508
486 509
486 510
486 511
486 512
486 513
486 515
486 517
486 518
486 561
486 562
486 563
486 564
486 566
486 567
486 568
486 569
486 570
486 571
486 572
486 574
486 575
486 576
486 577
486 578
486 579
486 580
486 581
486 585
487 488
487 489
487 492
487 493
487 494
487 495
487 496
487 497
487 498
487 499
487 500
487 501
487 502
487 503
487 504
487 505
487 507
487 508
487 509
487 510
487 512
487 513
487 514
487 515
487 516
487 517
487 518
487 560
487 561
487 562
487 563
487 564
487 566
487 567
487 568
487 569
487 571
487 572
487 573
487 574
487 575
487 576
487 577
487 578
487 579
487 580
487 582
487 583
487 584
487 585
488 489
488 490
488 491
488 492
488 493
488 495
488 496
488 497
488 498
488 499
488 501
488 502
488 503
488 504
488 505
488 506
488 507
488 509
488 510
488 511
488 512
488 514
488 515
488 516
488 517
488 518
488 533
488 559
488 560
488 563
488 564
488 565
488 566
488 567
488 568
488 569
488 570
488 571
488 573
488 574
488 575
488 576
488 577
488 578
488 579
488 580
488 581
488 582
488 584
488 585
489 490
489 494
489 495
489 496
489 497
489 498
489 499
489 500
489 501
489 503
489 504
489 506
489 507
489 508
489 509
489 512
489 513
489 514
489 515
489 516
489 517
489 518
489 557
489 561
489 562
489 564
489 565
489 566
489 568
489 569
489 570
489 571
489 572
489 573
489 574
489 575
489 576
489 577
489 578
489 579
489 580
489 581
489 582
489 585
490 491
490 492
490 493
490 494
490 495
490 496
490 497
490 498
490 499
490 500
490 501
490 502
490 503
490 504
490 505
490 506
490 507
490 508
490 509
490 510
490 512
490 513
490 514
490 515
490 516
490 517
490 518
490 560
490 561
490 562
490 564
490 565
490 566
490 568
490 569
490 570
490 572
490 573
490 574
490 575
490 576
490 577
490 579
490 581
490 582
490 583
490 584
490 585
490 604
491 492
491 493
491 494
491 495
491 496
491 497
491 498
491 499
491 500
491 501
491 502
491 503
491 504
491 505
491 506
491 507
491 508
491 509
491 510
491 511
491 512
491 514
491 515
491 518
491 560
491 561
491 562
491 563
491 564
491 566
491 567
491 568
491 569
491 570
491 571
491 574
491 575
491 576
491 577
491 578
491 580
491 581
491 582
491 583
492 493
492 494
492 495
492 496
492 497
492 499
492 500
492 502
492 503
492 504
492 505
492 506
492 507
492 508
492 510
492 511
492 512
492 513
492 514
492 515
492 516
492 517
492 518
492 519
492 536
492 560
492 561
492 562
492 563
492 566
492 567
492 568
492 569
492 570
492 572
492 573
492 574
492 575
492 576
492 577
492 578
492 579
492 580
492 581
492 583
492 584
492 585
492 606
493 494
493 495
493 496
493 497
493 498
493 499
493 501
493 502
493 505
493 506
493 507
493 508
493 509
493 510
493 511
493 512
493 513
493 514
493 515
493 516
493 518
493 519
493 558
493 562
493 564
493 565
493 566
493 567
493 568
493 570
493 571
493 572
493 573
493 574
493 575
493 576
493 578
493 579
493 580
493 581
493 582
493 583
493 584
493 585
494 495
494 496
494 497
494 498
494 499
494 500
494 501
494 502
494 503
494 504
494 505
494 506
494 507
494 509
494 510
494 511
494 512
494 513
494 514
494 515
494 516
494 517
494 518
494 557
494 562
494 563
494 564
494 566
494 567
494 568
494 569
494 570
494 571
494 572
494 573
494 574
494 575
494 576
494 577
494 578
494 579
494 580
494 581
494 582
494 583
494 584
494 585
495 496
495 497
495 498
495 499
495 501
495 502
495 503
495 504
495 505
495 506
495 507
495 508
495 509
495 510
495 511
495 512
495 514
495 515
495 516
495 517
495 518
495 562
495 563
495 565
495 566
495 567
495 568
495 569
495 570
495 571
495 572
495 573
495 574
495 575
495 576
495 577
495 578
495 579
495 580
495 582
495 583
495 584
495 585
495 635
496 497
496 498
496 499
496 500
496 501
496 502
496 503
496 504
496 505
496 506
496 507
496 508
496 509
496 510
496 511
496 512
496 513
496 514
496 515
496 516
496 517
496 518
496 560
496 561
496 562
496 563
496 565
496 566
496 567
496 568
496 569
496 570
496 572
496 573
496 574
496 575
496 576
496 577
496 578
496 579
496 580
496 581
496 582
496 583
496 584
496 585
496 586
497 498
497 499
497 500
497 501
497 502
497 503
497 504
497 505
497 506
497 507
497 508
497 509
497 510
497 511
497 512
497 513
497 514
497 515
497 516
497 517
497 518
497 519
497 531
497 558
497 560
497 562
497 563
497 564
497 565
497 566
497 567
497 568
497 569
497 570
497 571
497 572
497 573
497 574
497 575
497 576
497 577
497 578
497 579
497 580
497 581
497 582
497 583
497 584
497 585
497 610
498 499
498 500
498 501
498 502
498 503
498 504
498 505
498 506
498 507
498 508
498 509
498 510
498 511
498 512
498 513
498 514
498 515
498 516
498 517
498 518
498 553
498 556
498 560
498 561
498 562
498 563
498 566
498 567
498 568
498 569
498 570
498 571
498 572
498 574
498 575
498 576
498 577
498 578
498 579
498 580
498 581
498 582
498 583
498 584
498 585
499 500
499 501
499 502
499 503
499 504
499 505
499 506
499 507
499 508
499 509
499 510
499 511
499 512
499 513
499 514
499 515
499 516
499 517
499 518
499 559
499 561
499 562
499 563
499 564
499 565
499 567
499 568
499 569
499 570
499 571
499 572
499 573
499 574
499 575
499 576
499 577
499 578
499 579
499 580
499 581
499 582
499 583
499 584
499 585
500 501
500 502
500 503
500 504
500 505
500 506
500 507
500 508
500 509
500 510
500 511
500 512
500 513
500 514
500 515
500 516
500 517
500 518
500 519
500 559
500 561
500 563
500 566
500 567
500 568
500 569
500 570
500 571
500 572
500 573
500 574
500 575
500 576
500 577
500 578
500 579
500 580
500 581
500 582
500 583
500 584
500 585
500 602
501 502
501 503
501 504
501 505
501 506
501 507
501 508
501 509
501 510
501 511
501 512
501 513
501 514
501 515
501 516
501 517
501 518
501 519
501 532
501 559
501 560
501 561
501 562
501 563
501 564
501 565
501 566
501 567
501 568
501 569
501 570
501 571
501 572
501 573
501 574
501 575
501 576
501 577
501 578
501 579
501 580
501 581
501 582
501 583
501 584
501 585
501 623
502 503
502 504
502 505
502 506
502 507
502 508
502 509
502 510
502 511
502 512
502 513
502 515
502 516
502 517
502 518
502 532
502 559
502 560
502 561
502 562
502 564
502 565
502 567
502 568
502 569
502 570
502 571
502 572
502 573
502 574
502 575
502 576
502 577
502 578
502 579
502 580
502 581
502 582
502 583
502 584
502 585
503 504
503 505
503 506
503 507
503 508
503 509
503 510
503 511
503 512
503 513
503 514
503 515
503 516
503 517
503 518
503 558
503 560
503 561
503 562
503 563
503 564
503 565
503 566
503 567
503 568
503 569
503 570
503 571
503 572
503 573
503 574
503 575
503 576
503 577
503 578
503 579
503 580
503 581
503 582
503 583
503 584
503 585
504 505
504 506
504 507
504 508
504 509
504 510
504 511
504 512
504 513
504 514
504 515
504 516
504 517
504 518
504 519
504 534
504 560
504 562
504 563
504 564
504 565
504 566
504 567
504 568
504 569
504 570
504 571
504 572
504 573
504 574
504 575
504 576
504 577
504 578
504 579
504 580
504 581
504 582
504 583
504 584
504 585
504 601
505 506
505 507
505 508
505 509
505 510
505 511
505 512
505 513
505 514
505 515
505 516
505 517
505 518
505 519
505 520
505 533
505 557
505 558
505 559
505 560
505 562
505 563
505 564
505 565
505 566
505 567
505 568
505 569
505 570
505 571
505 572
505 573
505 574
505 575
505 576
505 577
505 578
505 579
505 580
505 581
505 582
505 583
505 584
505 585
505 623
505 636
506 507
506 508
506 509
506 510
506 511
506 512
506 513
506 514
506 515
506 516
506 517
506 518
506 519
506 558
506 562
506 563
506 564
506 565
506 568
506 569
506 570
506 571
506 572
506 573
506 574
506 575
506 576
506 577
506 578
506 579
506 580
506 581
506 582
506 583
506 584
506 585
507 508
507 509
507 510
507 511
507 512
507 513
507 514
507 515
507 516
507 517
507 518
507 519
507 561
507 562
507 564
507 565
507 566
507 567
507 568
507 569
507 570
507 571
507 572
507 573
507 574
507 575
507 576
507 577
507 578
507 579
507 580
507 581
507 582
507 583
507 584
507 585
508 509
508 510
508 511
508 512
508 513
508 514
508 515
508 516
508 517
508 518
508 519
508 520
508 558
508 559
508 560
508 561
508 562
508 564
508 567
508 568
508 569
508 570
508 571
508 572
508 573
508 574
508 575
508 576
508 577
508 578
508 579
508 580
508 581
508 582
508 583
508 584
508 585
508 586
509 510
509 511
509 512
509 513
509 514
509 515
509 516
509 517
509 518
509 533
509 560
509 563
509 564
509 565
509 566
509 567
509 568
509 569
509 570
509 571
509 572
509 573
509 574
509 575
509 576
509 577
509 578
509 579
509 580
509 581
509 582
509 583
509 584
509 585
509 586
510 511
510 512
510 513
510 514
510 515
510 516
510 517
510 518
510 519
510 560
510 563
510 564
510 565
510 566
510 567
510 568
510 569
510 570
510 571
510 572
510 573
510 574
510 575
510 576
510 577
510 578
510 580
510 581
510 582
510 583
510 584
510 585
510 603
511 512
511 513
511 515
511 516
511 517
511 518
511 561
511 562
511 564
511 565
511 566
511 567
511 568
511 569
511 570
511 571
511 572
511 573
511 574
511 575
511 576
511 577
511 578
511 579
511 580
511 581
511 582
511 583
511 584
511 585
512 513
512 514
512 515
512 516
512 517
512 518
512 544
512 557
512 561
512 562
512 563
512 564
512 565
512 566
512 567
512 568
512 569
512 570
512 571
512 572
512 573
512 574
512 575
512 576
512 577
512 578
512 579
512 580
512 581
512 582
512 583
512 584
512 585
513 514
513 515
513 516
513 517
513 518
513 560
513 562
513 563
513 564
513 565
513 566
513 567
513 568
513 569
513 570
513 571
513 572
513 573
513 574
513 575
513 576
513 577
513 578
513 579
513 580
513 581
513 582
513 583
513 584
513 585
513 586
513 587
514 515
514 516
514 517
514 518
514 519
514 557
514 558
514 559
514 560
514 561
514 562
514 563
514 565
514 566
514 567
514 568
514 569
514 570
514 571
514 572
514 573
514 574
514 575
514 576
514 577
514 578
514 579
514 580
514 581
514 582
514 583
514 584
514 585
515 516
515 517
515 518
515 519
515 561
515 565
515 566
515 567
515 569
515 570
515 571
515 572
515 573
515 574
515 575
515 576
515 577
515 578
515 579
515 580
515 581
515 582
515 583
515 584
515 585
516 517
516 518
516 558
516 560
516 561
516 562
516 563
516 564
516 565
516 566
516 567
516 568
516 569
516 570
516 571
516 572
516 573
516 574
516 575
516 576
516 577
516 578
516 579
516 580
516 581
516 582
516 583
516 584
516 585
516 623
517 518
517 519
517 560
517 561
517 564
517 565
517 567
517 568
517 569
517 570
517 571
517 572
517 573
517 574
517 575
517 576
517 577
517 578
517 579
517 580
517 581
517 582
517 583
517 584
517 585
517 643
518 519
518 520
518 559
518 560
518 562
518 564
518 565
518 566
518 567
518 568
518 569
518 570
518 571
518 572
518 573
518 574
518 575
518 576
518 577
518 578
518 579
518 580
518 581
518 582
518 583
518 584
518 585
519 561
519 562
519 563
519 570
519 571
519 572
519 573
519 575
519 577
519 579
519 580
519 583
519 584
519 585
519 644
520 583
520 585
521 638
522 586
529 580
531 583
532 563
532 566
533 570
533 571
533 582
533 583
533 585
534 579
534 584
534 587
535 588
557 563
557 566
557 567
557 573
557 574
557 577
557 578
557 580
558 559
558 560
558 563
558 564
558 566
558 567
558 568
558 569
558 570
558 572
558 576
558 578
558 580
559 563
559 564
559 566
559 570
559 574
559 575
559 577
559 578
559 580
559 585
560 561
560 562
560 563
560 564
560 565
560 566
560 568
560 569
560 571
560 572
560 574
560 575
560 578
560 579
561 563
561 564
561 566
561 567
561 568
561 569
561 576
561 577
561 580
561 582
561 583
561 584
561 585
562 563
562 564
562 565
562 566
562 567
562 568
562 569
562 570
562 571
562 572
562 574
562 575
562 577
562 578
562 579
562 582
562 622
563 564
563 565
563 566
563 567
563 568
563 570
563 571
563 572
563 573
563 574
563 576
563 577
563 578
563 579
563 580
563 581
563 582
563 583
563 585
564 565
564 566
564 568
564 570
564 571
564 572
564 573
564 574
564 575
564 578
564 579
564 580
564 581
564 582
564 583
564 584
564 585
565 566
565 567
565 568
565 569
565 570
565 572
565 573
565 574
565 575
565 576
565 577
565 578
565 579
565 580
565 584
566 567
566 568
566 569
566 570
566 571
566 572
566 573
566 575
566 576
566 577
566 578
566 579
566 580
566 581
566 582
566 583
566 584
566 585
567 568
567 569
567 570
567 571
567 572
567 573
567 574
567 575
567 576
567 577
567 578
567 579
567 580
567 581
567 582
567 583
567 585
568 569
568 570
568 571
568 572
568 573
568 574
568 575
568 576
568 577
568 578
568 579
568 580
568 581
568 583
568 584
568 585
568 624
569 570
569 571
569 572
569 573
569 574
569 575
569 576
569 577
569 578
569 579
569 581
569 582
569 583
569 601
570 571
570 572
570 573
570 574
570 575
570 576
570 577
570 578
570 579
570 580
570 581
570 582
570 583
570 584
570 585
570 586
571 572
571 573
571 574
571 575
571 576
571 577
571 578
571 579
571 580
571 581
571 582
571 583
571 585
572 573
572 574
572 575
572 576
572 577
572 578
572 579
572 580
572 581
572 582
572 583
572 584
572 585
572 601
573 574
573 575
573 576
573 577
573 578
573 579
573 580
573 581
573 582
573 583
573 584
573 585
573 624
574 575
574 576
574 577
574 578
574 579
574 580
574 581
574 582
574 583
574 584
574 585
575 576
575 577
575 578
575 579
575 580
575 581
575 582
575 583
575 584
575 585
575 612
575 625
576 577
576 578
576 579
576 580
576 581
576 582
576 583
576 584
576 585
576 586
576 635
577 578
577 579
577 580
577 581
577 582
577 583
577 584
577 585
577 605
578 579
578 580
578 581
578 582
578 583
578 584
578 585
578 586
578 602
578 623
578 624
579 580
579 581
579 582
579 583
579 584
579 585
579 586
580 581
580 582
580 583
580 584
580 585
580 623
581 582
581 583
581 584
581 585
581 644
582 583
582 584
582 585
582 586
582 587
583 584
583 585
583 586
583 615
584 585
584 586
584 614
585 604
587 593
