10 335
17 329
21 84
21 537
27 241
27 261
27 262
27 298
27 334
28 87
28 263
28 264
28 272
28 333
28 339
29 276
29 277
29 334
30 259
35 459
53 92
54 331
55 350
62 268
63 259
63 332
63 463
64 266
64 557
65 336
69 83
69 239
69 265
69 268
69 291
69 293
69 411
70 72
70 75
70 77
70 80
70 81
70 87
70 93
70 229
70 231
70 238
70 260
70 261
70 263
70 265
70 267
70 290
70 296
70 300
70 301
70 302
70 310
70 311
70 314
70 315
70 328
70 332
71 73
71 75
71 79
71 81
71 83
71 88
71 89
71 90
71 230
71 231
71 234
71 242
71 248
71 252
71 258
71 259
71 261
71 262
71 263
71 264
71 265
71 267
71 268
71 270
71 292
71 295
71 296
71 298
71 299
71 303
71 306
71 307
71 314
71 317
71 318
71 320
71 325
71 326
72 73
72 74
72 75
72 76
72 77
72 80
72 82
72 83
72 84
72 85
72 86
72 88
72 90
72 91
72 92
72 227
72 228
72 229
72 231
72 234
72 235
72 236
72 238
72 239
72 240
72 241
72 242
72 245
72 247
72 253
72 254
72 256
72 258
72 260
72 262
72 266
72 270
72 272
72 274
72 294
72 295
72 299
72 300
72 301
72 302
72 312
72 313
72 316
72 319
72 320
72 323
72 324
72 325
72 326
72 327
72 330
72 331
72 332
72 333
72 409
72 413
72 495
73 74
73 76
73 77
73 78
73 79
73 80
73 82
73 90
73 91
73 93
73 226
73 227
73 229
73 230
73 231
73 234
73 235
73 236
73 237
73 238
73 239
73 242
73 244
73 247
73 248
73 249
73 250
73 253
73 256
73 257
73 258
73 262
73 263
73 264
73 266
73 267
73 270
73 273
73 274
73 293
73 295
73 296
73 297
73 298
73 299
73 302
73 303
73 309
73 311
73 313
73 316
73 317
73 318
73 319
73 320
73 321
73 322
73 324
73 325
73 326
73 328
73 329
73 330
73 331
73 332
74 76
74 77
74 78
74 80
74 81
74 82
74 83
74 84
74 86
74 88
74 91
74 228
74 229
74 230
74 231
74 232
74 234
74 235
74 236
74 237
74 239
74 240
74 241
74 242
74 244
74 246
74 248
74 249
74 250
74 251
74 252
74 254
74 255
74 261
74 262
74 263
74 264
74 267
74 268
74 269
74 271
74 272
74 274
74 295
74 297
74 298
74 302
74 303
74 306
74 307
74 308
74 309
74 310
74 311
74 313
74 314
74 316
74 317
74 319
74 320
74 321
74 322
74 323
74 325
74 326
74 330
74 331
74 333
74 410
75 76
75 77
75 78
75 79
75 80
75 82
75 83
75 85
75 86
75 87
75 88
75 89
75 90
75 91
75 92
75 227
75 228
75 231
75 233
75 234
75 236
75 237
75 238
75 239
75 240
75 241
75 242
75 243
75 244
75 245
75 247
75 249
75 250
75 251
75 252
75 253
75 254
75 255
75 256
75 257
75 259
75 261
75 262
75 264
75 265
75 267
75 268
75 270
75 271
75 273
75 274
75 293
75 295
75 296
75 298
75 299
75 302
75 303
75 304
75 307
75 308
75 309
75 310
75 312
75 314
75 315
75 316
75 317
75 319
75 320
75 323
75 324
75 326
75 327
75 328
75 329
75 330
75 331
75 332
75 333
75 410
75 411
75 412
75 413
75 414
76 77
76 78
76 79
76 81
76 82
76 83
76 84
76 85
76 86
76 87
76 88
76 89
76 90
76 91
76 92
76 93
76 230
76 232
76 234
76 235
76 236
76 237
76 238
76 239
76 240
76 241
76 244
76 245
76 246
76 247
76 248
76 249
76 250
76 251
76 254
76 255
76 256
76 257
76 258
76 259
76 261
76 262
76 263
76 264
76 265
76 266
76 267
76 268
76 269
76 271
76 272
76 273
76 291
76 292
76 294
76 296
76 297
76 299
76 300
76 301
76 302
76 303
76 304
76 305
76 307
76 308
76 309
76 310
76 311
76 312
76 313
76 314
76 316
76 317
76 318
76 319
76 321
76 322
76 323
76 324
76 325
76 326
76 329
76 332
76 333
76 412
76 413
77 78
77 79
77 80
77 81
77 82
77 83
77 84
77 85
77 86
77 87
77 88
77 90
77 91
77 92
77 93
77 227
77 228
77 230
77 232
77 233
77 234
77 235
77 237
77 238
77 239
77 240
77 241
77 242
77 245
77 246
77 247
77 249
77 250
77 251
77 252
77 253
77 254
77 255
77 256
77 257
77 258
77 259
77 260
77 261
77 262
77 264
77 267
77 268
77 269
77 270
77 271
77 272
77 273
77 274
77 275
77 290
77 291
77 294
77 295
77 296
77 298
77 299
77 300
77 302
77 303
77 304
77 305
77 306
77 307
77 309
77 310
77 312
77 313
77 315
77 316
77 317
77 319
77 320
77 321
77 322
77 323
77 324
77 325
77 326
77 327
77 329
77 330
77 332
77 333
77 406
77 411
77 412
77 414
78 79
78 80
78 81
78 82
78 83
78 84
78 85
78 86
78 87
78 88
78 89
78 90
78 91
78 92
78 93
78 230
78 231
78 232
78 233
78 235
78 236
78 237
78 238
78 239
78 240
78 241
78 243
78 244
78 245
78 246
78 247
78 248
78 249
78 250
78 251
78 252
78 253
78 254
78 255
78 257
78 258
78 259
78 261
78 262
78 267
78 268
78 269
78 270
78 273
78 274
78 275
78 292
78 294
78 295
78 296
78 297
78 298
78 299
78 300
78 301
78 302
78 303
78 304
78 306
78 308
78 309
78 310
78 311
78 312
78 313
78 314
78 315
78 316
78 317
78 318
78 320
78 321
78 322
78 323
78 324
78 325
78 326
78 327
78 328
78 329
78 330
78 331
78 332
78 333
78 334
78 413
79 80
79 81
79 82
79 83
79 84
79 85
79 86
79 87
79 88
79 89
79 90
79 91
79 92
79 93
79 227
79 228
79 229
79 231
79 232
79 234
79 235
79 236
79 237
79 238
79 239
79 240
79 241
79 244
79 245
79 246
79 247
79 248
79 249
79 250
79 251
79 252
79 253
79 254
79 255
79 256
79 257
79 258
79 259
79 260
79 261
79 262
79 263
79 264
79 265
79 266
79 267
79 268
79 269
79 270
79 271
79 272
79 273
79 274
79 293
79 297
79 298
79 299
79 300
79 301
79 302
79 303
79 304
79 305
79 307
79 308
79 309
79 311
79 312
79 313
79 314
79 316
79 317
79 318
79 319
79 320
79 321
79 322
79 323
79 324
79 325
79 326
79 327
79 328
79 329
79 330
79 331
79 332
79 333
79 412
80 81
80 82
80 83
80 84
80 85
80 86
80 87
80 88
80 89
80 90
80 91
80 92
80 93
80 94
80 229
80 230
80 231
80 232
80 233
80 234
80 235
80 236
80 237
80 238
80 239
80 240
80 241
80 242
80 243
80 244
80 245
80 246
80 247
80 248
80 249
80 250
80 251
80 252
80 253
80 254
80 255
80 256
80 257
80 258
80 259
80 260
80 261
80 262
80 263
80 264
80 265
80 266
80 267
80 268
80 269
80 270
80 271
80 272
80 273
80 274
80 291
80 293
80 294
80 295
80 296
80 298
80 299
80 300
80 301
80 302
80 304
80 305
80 306
80 307
80 308
80 309
80 310
80 311
80 312
80 313
80 314
80 315
80 316
80 317
80 318
80 319
80 320
80 321
80 322
80 323
80 324
80 325
80 326
80 327
80 328
80 329
80 330
80 331
80 332
80 333
81 82
81 84
81 85
81 86
81 87
81 88
81 89
81 90
81 91
81 92
81 226
81 227
81 229
81 230
81 231
81 232
81 233
81 234
81 235
81 236
81 237
81 238
81 239
81 240
81 241
81 242
81 243
81 244
81 245
81 246
81 247
81 248
81 249
81 250
81 251
81 252
81 253
81 254
81 255
81 256
81 257
81 258
81 259
81 260
81 261
81 262
81 263
81 264
81 265
81 266
81 267
81 268
81 269
81 270
81 271
81 272
81 273
81 274
81 294
81 297
81 298
81 299
81 300
81 301
81 302
81 303
81 304
81 305
81 306
81 307
81 308
81 309
81 310
81 311
81 312
81 313
81 314
81 315
81 316
81 317
81 318
81 319
81 320
81 321
81 322
81 323
81 324
81 325
81 326
81 327
81 328
81 329
81 330
81 331
81 332
81 333
81 334
81 335
81 411
81 414
82 83
82 84
82 85
82 86
82 87
82 88
82 89
82 90
82 91
82 92
82 93
82 230
82 231
82 232
82 233
82 234
82 235
82 236
82 237
82 238
82 239
82 240
82 241
82 242
82 243
82 244
82 245
82 246
82 247
82 248
82 250
82 251
82 252
82 253
82 254
82 255
82 256
82 257
82 258
82 259
82 260
82 261
82 262
82 263
82 264
82 265
82 266
82 267
82 268
82 269
82 270
82 271
82 272
82 273
82 274
82 275
82 291
82 292
82 293
82 294
82 296
82 297
82 299
82 300
82 301
82 302
82 303
82 304
82 305
82 306
82 307
82 308
82 309
82 310
82 311
82 312
82 313
82 314
82 315
82 316
82 317
82 318
82 319
82 320
82 321
82 322
82 323
82 324
82 325
82 326
82 327
82 328
82 329
82 330
82 331
82 332
82 333
82 334
82 338
82 412
83 84
83 85
83 86
83 87
83 88
83 89
83 90
83 91
83 92
83 93
83 94
83 228
83 229
83 230
83 231
83 233
83 234
83 235
83 236
83 237
83 239
83 240
83 241
83 242
83 243
83 244
83 245
83 247
83 248
83 249
83 250
83 251
83 252
83 253
83 254
83 255
83 256
83 257
83 258
83 259
83 260
83 261
83 262
83 263
83 264
83 265
83 266
83 267
83 268
83 269
83 270
83 271
83 272
83 273
83 274
83 291
83 295
83 296
83 297
83 298
83 299
83 300
83 301
83 302
83 303
83 304
83 305
83 306
83 307
83 308
83 309
83 310
83 311
83 312
83 313
83 314
83 315
83 316
83 317
83 318
83 319
83 320
83 321
83 322
83 323
83 324
83 325
83 326
83 327
83 328
83 329
83 331
83 332
83 333
83 413
84 85
84 86
84 87
84 88
84 89
84 90
84 91
84 92
84 93
84 228
84 229
84 230
84 232
84 233
84 234
84 235
84 236
84 237
84 238
84 239
84 240
84 241
84 242
84 243
84 244
84 245
84 246
84 247
84 248
84 249
84 250
84 251
84 252
84 253
84 254
84 255
84 256
84 257
84 258
84 259
84 260
84 261
84 262
84 263
84 264
84 265
84 266
84 268
84 269
84 270
84 271
84 272
84 273
84 274
84 293
84 294
84 295
84 297
84 298
84 299
84 300
84 301
84 302
84 303
84 304
84 305
84 306
84 307
84 308
84 309
84 310
84 311
84 312
84 313
84 314
84 315
84 316
84 317
84 318
84 319
84 320
84 321
84 322
84 323
84 324
84 325
84 326
84 327
84 328
84 330
84 331
84 332
84 333
84 414
84 559
85 86
85 87
85 88
85 89
85 90
85 91
85 92
85 93
85 96
85 228
85 229
85 230
85 232
85 233
85 234
85 235
85 236
85 237
85 238
85 239
85 240
85 241
85 242
85 243
85 244
85 245
85 247
85 248
85 249
85 250
85 251
85 252
85 253
85 254
85 255
85 256
85 257
85 258
85 259
85 260
85 261
85 262
85 263
85 264
85 265
85 266
85 267
85 268
85 269
85 270
85 271
85 272
85 273
85 274
85 293
85 295
85 296
85 300
85 302
85 303
85 304
85 305
85 306
85 307
85 308
85 309
85 310
85 311
85 312
85 313
85 314
85 315
85 316
85 317
85 318
85 319
85 320
85 321
85 322
85 323
85 324
85 325
85 326
85 327
85 328
85 329
85 330
85 331
85 332
85 333
85 409
85 411
85 412
85 413
85 416
86 87
86 88
86 89
86 90
86 91
86 92
86 93
86 228
86 229
86 230
86 231
86 233
86 234
86 235
86 236
86 237
86 238
86 239
86 240
86 241
86 242
86 243
86 244
86 245
86 246
86 247
86 249
86 250
86 252
86 253
86 254
86 255
86 256
86 257
86 258
86 259
86 260
86 261
86 262
86 263
86 264
86 265
86 266
86 267
86 268
86 269
86 270
86 271
86 272
86 273
86 274
86 275
86 276
86 293
86 294
86 295
86 296
86 297
86 298
86 299
86 300
86 301
86 302
86 303
86 304
86 305
86 306
86 307
86 308
86 309
86 310
86 311
86 312
86 313
86 314
86 315
86 316
86 317
86 318
86 319
86 320
86 321
86 322
86 323
86 324
86 325
86 326
86 327
86 328
86 329
86 330
86 331
86 332
86 333
86 413
86 414
87 88
87 89
87 90
87 91
87 92
87 93
87 95
87 227
87 231
87 232
87 233
87 234
87 235
87 236
87 237
87 238
87 239
87 240
87 241
87 242
87 243
87 244
87 246
87 247
87 248
87 249
87 250
87 251
87 252
87 253
87 254
87 255
87 256
87 257
87 258
87 259
87 260
87 261
87 262
87 263
87 264
87 265
87 266
87 267
87 268
87 269
87 270
87 271
87 272
87 273
87 274
87 275
87 292
87 293
87 294
87 295
87 296
87 297
87 298
87 299
87 300
87 301
87 302
87 303
87 304
87 305
87 306
87 307
87 308
87 309
87 310
87 311
87 312
87 313
87 314
87 315
87 316
87 317
87 318
87 319
87 320
87 321
87 322
87 323
87 324
87 325
87 326
87 327
87 328
87 329
87 330
87 331
87 332
87 333
87 411
87 412
88 89
88 90
88 91
88 92
88 93
88 94
88 228
88 230
88 232
88 233
88 234
88 235
88 236
88 237
88 238
88 239
88 240
88 242
88 245
88 246
88 247
88 248
88 249
88 250
88 251
88 252
88 253
88 254
88 255
88 256
88 257
88 258
88 259
88 260
88 261
88 262
88 263
88 264
88 265
88 266
88 267
88 268
88 269
88 270
88 271
88 272
88 273
88 274
88 290
88 295
88 296
88 297
88 298
88 299
88 300
88 301
88 302
88 304
88 305
88 306
88 307
88 308
88 309
88 310
88 311
88 312
88 313
88 314
88 315
88 316
88 317
88 318
88 319
88 320
88 321
88 322
88 323
88 324
88 325
88 326
88 327
88 328
88 329
88 330
88 331
88 332
88 333
88 334
88 413
88 414
88 532
89 90
89 91
89 92
89 93
89 225
89 228
89 229
89 230
89 231
89 232
89 233
89 234
89 235
89 236
89 237
89 238
89 239
89 240
89 241
89 242
89 243
89 244
89 245
89 246
89 247
89 248
89 249
89 251
89 252
89 253
89 254
89 255
89 256
89 257
89 258
89 259
89 260
89 261
89 262
89 263
89 264
89 265
89 266
89 267
89 268
89 269
89 270
89 271
89 272
89 273
89 274
89 275
89 290
89 292
89 294
89 295
89 298
89 299
89 300
89 301
89 302
89 303
89 304
89 305
89 306
89 307
89 308
89 309
89 310
89 311
89 313
89 314
89 315
89 316
89 317
89 318
89 319
89 320
89 321
89 322
89 323
89 324
89 325
89 326
89 327
89 328
89 329
89 330
89 331
89 332
89 333
89 334
89 412
89 414
90 91
90 92
90 93
90 95
90 98
90 228
90 229
90 230
90 232
90 233
90 234
90 235
90 236
90 237
90 238
90 239
90 240
90 241
90 242
90 244
90 245
90 246
90 247
90 248
90 249
90 250
90 251
90 252
90 253
90 254
90 255
90 256
90 257
90 258
90 259
90 260
90 261
90 262
90 263
90 264
90 265
90 266
90 267
90 268
90 269
90 270
90 271
90 272
90 273
90 274
90 275
90 292
90 293
90 294
90 296
90 297
90 299
90 300
90 301
90 302
90 303
90 304
90 305
90 306
90 307
90 308
90 309
90 310
90 311
90 312
90 313
90 314
90 315
90 316
90 317
90 318
90 319
90 320
90 321
90 322
90 323
90 324
90 325
90 326
90 327
90 328
90 329
90 330
90 331
90 332
90 333
90 334
90 381
90 411
90 414
90 415
90 416
90 457
91 92
91 93
91 227
91 228
91 230
91 232
91 233
91 234
91 235
91 236
91 237
91 238
91 239
91 240
91 241
91 242
91 243
91 244
91 245
91 246
91 247
91 248
91 249
91 250
91 251
91 252
91 253
91 254
91 255
91 256
91 257
91 258
91 259
91 260
91 261
91 262
91 263
91 264
91 265
91 266
91 267
91 268
91 269
91 270
91 271
91 272
91 273
91 274
91 281
91 289
91 293
91 294
91 295
91 297
91 298
91 299
91 300
91 303
91 304
91 305
91 306
91 307
91 308
91 309
91 310
91 311
91 312
91 313
91 314
91 315
91 316
91 317
91 318
91 319
91 320
91 321
91 322
91 323
91 324
91 325
91 326
91 327
91 328
91 329
91 330
91 331
91 332
91 333
91 334
91 405
91 410
91 413
92 93
92 177
92 227
92 228
92 232
92 233
92 234
92 235
92 236
92 237
92 238
92 239
92 240
92 241
92 242
92 243
92 244
92 246
92 247
92 248
92 249
92 250
92 251
92 252
92 253
92 254
92 255
92 256
92 257
92 258
92 259
92 260
92 261
92 262
92 263
92 264
92 265
92 266
92 267
92 268
92 269
92 270
92 271
92 272
92 273
92 274
92 275
92 276
92 290
92 291
92 292
92 294
92 295
92 297
92 298
92 300
92 301
92 302
92 303
92 304
92 305
92 306
92 307
92 308
92 309
92 310
92 311
92 312
92 313
92 314
92 315
92 316
92 317
92 318
92 319
92 320
92 321
92 322
92 323
92 324
92 325
92 326
92 327
92 328
92 329
92 330
92 331
92 332
92 333
92 334
92 401
92 413
92 497
92 589
93 94
93 229
93 231
93 232
93 233
93 234
93 236
93 238
93 239
93 240
93 241
93 242
93 243
93 244
93 245
93 247
93 248
93 249
93 250
93 251
93 252
93 253
93 254
93 255
93 256
93 257
93 258
93 259
93 260
93 261
93 262
93 263
93 264
93 265
93 266
93 267
93 268
93 269
93 270
93 271
93 272
93 273
93 274
93 275
93 291
93 295
93 297
93 298
93 299
93 300
93 301
93 302
93 303
93 304
93 305
93 306
93 307
93 308
93 309
93 310
93 311
93 312
93 313
93 315
93 316
93 317
93 319
93 320
93 321
93 322
93 323
93 325
93 326
93 327
93 328
93 329
93 330
93 331
93 332
93 333
93 334
93 335
93 411
93 415
93 457
93 496
93 600
94 235
94 252
94 258
94 261
94 262
94 263
94 264
94 266
94 275
94 299
94 309
94 319
94 320
94 325
94 328
94 329
94 330
94 332
94 333
94 417
94 456
94 460
95 179
95 255
95 261
95 550
95 601
95 602
96 98
96 241
96 332
97 240
97 332
97 335
99 418
109 326
112 331
128 391
135 331
136 316
139 326
140 263
140 270
141 168
142 213
143 273
143 634
144 336
151 313
152 246
167 330
170 332
171 268
183 263
185 331
189 262
190 258
190 274
191 336
207 312
210 477
214 333
223 261
225 228
225 256
225 264
225 270
225 305
226 229
226 239
226 243
226 244
226 249
226 250
226 256
226 257
226 262
226 269
226 270
226 298
226 299
226 301
226 303
226 305
226 311
226 323
226 328
226 331
226 332
226 412
227 228
227 230
227 231
227 232
227 237
227 238
227 242
227 245
227 254
227 257
227 258
227 259
227 261
227 263
227 264
227 272
227 295
227 299
227 301
227 308
227 311
227 313
227 314
227 315
227 316
227 322
227 323
227 326
227 327
227 331
227 332
227 409
228 229
228 231
228 233
228 234
228 235
228 236
228 237
228 241
228 242
228 245
228 246
228 247
228 248
228 249
228 251
228 252
228 256
228 258
228 260
228 261
228 262
228 263
228 264
228 267
228 268
228 269
228 270
228 274
228 275
228 293
228 298
228 299
228 301
228 302
228 304
228 305
228 306
228 308
228 311
228 312
228 315
228 316
228 319
228 322
228 324
228 325
228 326
228 329
228 331
228 333
228 412
228 413
229 230
229 235
229 236
229 237
229 240
229 242
229 243
229 244
229 245
229 248
229 249
229 251
229 252
229 253
229 254
229 255
229 256
229 257
229 258
229 260
229 263
229 264
229 265
229 266
229 267
229 268
229 271
229 272
229 273
229 294
229 295
229 296
229 297
229 298
229 299
229 301
229 303
229 304
229 305
229 311
229 312
229 313
229 314
229 315
229 316
229 317
229 319
229 320
229 321
229 323
229 325
229 326
229 327
229 331
229 332
229 410
229 411
229 412
230 231
230 234
230 235
230 236
230 237
230 240
230 241
230 242
230 246
230 247
230 248
230 249
230 250
230 251
230 252
230 253
230 254
230 256
230 257
230 258
230 259
230 260
230 261
230 262
230 263
230 264
230 265
230 267
230 270
230 271
230 272
230 275
230 293
230 296
230 298
230 299
230 300
230 301
230 303
230 304
230 305
230 309
230 310
230 312
230 313
230 314
230 315
230 316
230 318
230 319
230 320
230 322
230 323
230 326
230 328
230 329
230 330
230 331
230 332
230 410
230 411
231 234
231 235
231 236
231 237
231 238
231 239
231 240
231 241
231 242
231 243
231 245
231 247
231 248
231 249
231 250
231 251
231 253
231 254
231 256
231 258
231 259
231 260
231 261
231 262
231 263
231 264
231 265
231 266
231 267
231 269
231 270
231 271
231 272
231 274
231 275
231 292
231 294
231 295
231 296
231 297
231 298
231 299
231 300
231 301
231 302
231 303
231 304
231 305
231 306
231 307
231 308
231 309
231 310
231 311
231 312
231 313
231 315
231 317
231 318
231 319
231 320
231 321
231 322
231 323
231 324
231 326
231 327
231 328
231 329
231 330
231 331
231 333
231 412
231 414
232 233
232 234
232 235
232 236
232 237
232 238
232 239
232 240
232 241
232 242
232 243
232 244
232 245
232 247
232 248
232 249
232 250
232 251
232 252
232 254
232 256
232 257
232 258
232 259
232 261
232 262
232 263
232 264
232 265
232 266
232 267
232 268
232 269
232 270
232 271
232 272
232 273
232 274
232 291
232 293
232 294
232 295
232 296
232 297
232 299
232 301
232 302
232 303
232 304
232 305
232 306
232 307
232 308
232 310
232 312
232 313
232 314
232 315
232 316
232 317
232 318
232 319
232 320
232 321
232 322
232 323
232 326
232 327
232 328
232 329
232 330
232 331
232 412
233 234
233 235
233 236
233 237
233 238
233 239
233 240
233 241
233 242
233 243
233 244
233 245
233 246
233 247
233 248
233 249
233 250
233 251
233 252
233 253
233 254
233 255
233 256
233 257
233 259
233 260
233 261
233 262
233 263
233 265
233 266
233 267
233 268
233 269
233 270
233 271
233 272
233 273
233 274
233 275
233 291
233 293
233 294
233 295
233 296
233 297
233 298
233 299
233 300
233 301
233 302
233 303
233 304
233 305
233 306
233 307
233 308
233 309
233 310
233 312
233 313
233 315
233 316
233 318
233 319
233 321
233 322
233 323
233 324
233 325
233 327
233 328
233 329
233 330
233 332
234 235
234 236
234 237
234 238
234 239
234 240
234 241
234 242
234 243
234 244
234 245
234 246
234 247
234 248
234 249
234 250
234 251
234 252
234 253
234 254
234 255
234 256
234 257
234 258
234 259
234 260
234 261
234 262
234 263
234 264
234 265
234 266
234 267
234 268
234 269
234 270
234 271
234 272
234 273
234 274
234 291
234 292
234 294
234 295
234 296
234 297
234 298
234 299
234 300
234 301
234 302
234 303
234 304
234 305
234 306
234 307
234 308
234 310
234 311
234 312
234 313
234 314
234 315
234 316
234 317
234 318
234 319
234 320
234 321
234 322
234 323
234 324
234 325
234 326
234 327
234 328
234 329
234 330
234 331
234 332
234 333
234 334
234 412
234 413
234 415
235 236
235 237
235 238
235 239
235 240
235 241
235 242
235 243
235 246
235 247
235 248
235 249
235 250
235 251
235 252
235 253
235 254
235 255
235 256
235 257
235 258
235 259
235 260
235 261
235 262
235 263
235 264
235 265
235 266
235 267
235 268
235 269
235 270
235 271
235 272
235 273
235 274
235 292
235 298
235 299
235 300
235 301
235 304
235 306
235 307
235 308
235 309
235 310
235 311
235 312
235 313
235 315
235 316
235 317
235 318
235 319
235 320
235 321
235 322
235 323
235 324
235 325
235 326
235 327
235 328
235 329
235 330
235 331
235 332
235 333
235 334
235 412
235 414
236 237
236 238
236 239
236 240
236 241
236 242
236 243
236 244
236 245
236 246
236 247
236 248
236 249
236 250
236 251
236 252
236 253
236 254
236 255
236 256
236 257
236 258
236 259
236 260
236 261
236 262
236 263
236 264
236 265
236 266
236 268
236 269
236 270
236 271
236 272
236 273
236 274
236 294
236 295
236 296
236 297
236 298
236 299
236 300
236 301
236 303
236 304
236 305
236 306
236 307
236 308
236 309
236 310
236 311
236 312
236 313
236 314
236 315
236 316
236 317
236 318
236 319
236 320
236 321
236 322
236 323
236 324
236 325
236 326
236 327
236 328
236 329
236 330
236 331
236 332
236 333
236 497
237 238
237 239
237 240
237 241
237 242
237 243
237 244
237 246
237 247
237 248
237 249
237 250
237 251
237 252
237 253
237 254
237 255
237 256
237 257
237 258
237 259
237 260
237 261
237 262
237 263
237 264
237 265
237 266
237 267
237 268
237 269
237 270
237 271
237 272
237 273
237 274
237 291
237 294
237 295
237 296
237 297
237 298
237 299
237 300
237 302
237 303
237 304
237 305
237 306
237 308
237 309
237 310
237 311
237 312
237 313
237 314
237 315
237 316
237 317
237 318
237 319
237 320
237 321
237 322
237 323
237 324
237 325
237 326
237 327
237 328
237 329
237 330
237 331
237 332
237 333
237 334
237 411
238 239
238 240
238 241
238 243
238 245
238 246
238 248
238 249
238 250
238 251
238 252
238 253
238 254
238 255
238 256
238 258
238 259
238 260
238 261
238 262
238 263
238 264
238 265
238 266
238 267
238 268
238 269
238 270
238 271
238 272
238 273
238 274
238 275
238 277
238 294
238 295
238 296
238 297
238 298
238 299
238 300
238 301
238 302
238 303
238 304
238 305
238 306
238 307
238 308
238 309
238 310
238 311
238 312
238 313
238 314
238 315
238 316
238 317
238 318
238 319
238 320
238 321
238 322
238 323
238 324
238 325
238 326
238 327
238 328
238 329
238 330
238 331
238 332
238 333
238 414
239 240
239 241
239 242
239 243
239 244
239 246
239 247
239 249
239 250
239 251
239 252
239 253
239 254
239 255
239 256
239 257
239 258
239 259
239 260
239 261
239 262
239 263
239 264
239 265
239 266
239 267
239 268
239 269
239 270
239 271
239 272
239 273
239 274
239 275
239 291
239 292
239 293
239 294
239 295
239 297
239 298
239 299
239 300
239 301
239 302
239 303
239 304
239 306
239 307
239 308
239 309
239 310
239 311
239 312
239 313
239 314
239 315
239 316
239 317
239 318
239 319
239 320
239 321
239 322
239 323
239 324
239 325
239 326
239 327
239 328
239 329
239 330
239 331
239 332
239 333
239 411
239 494
240 241
240 242
240 243
240 244
240 245
240 246
240 247
240 248
240 249
240 250
240 251
240 252
240 253
240 254
240 255
240 256
240 257
240 259
240 260
240 261
240 262
240 263
240 264
240 265
240 266
240 267
240 268
240 269
240 270
240 271
240 272
240 273
240 274
240 275
240 290
240 298
240 299
240 300
240 302
240 303
240 304
240 305
240 306
240 307
240 308
240 309
240 310
240 311
240 312
240 315
240 316
240 317
240 318
240 319
240 320
240 321
240 322
240 323
240 324
240 325
240 326
240 327
240 328
240 329
240 331
240 332
240 341
240 413
240 414
240 415
240 458
240 498
241 242
241 243
241 245
241 246
241 248
241 249
241 250
241 251
241 252
241 253
241 254
241 255
241 256
241 257
241 258
241 259
241 260
241 261
241 262
241 263
241 264
241 265
241 266
241 267
241 269
241 270
241 271
241 272
241 273
241 274
241 276
241 294
241 295
241 296
241 297
241 298
241 299
241 300
241 301
241 302
241 303
241 304
241 305
241 306
241 307
241 308
241 309
241 310
241 311
241 313
241 314
241 316
241 317
241 318
241 319
241 320
241 321
241 322
241 323
241 324
241 325
241 326
241 327
241 328
241 329
241 330
241 331
241 332
241 333
241 412
241 414
242 243
242 244
242 245
242 246
242 247
242 248
242 249
242 250
242 251
242 252
242 253
242 254
242 255
242 256
242 257
242 258
242 259
242 260
242 261
242 262
242 263
242 264
242 265
242 266
242 267
242 268
242 269
242 270
242 271
242 272
242 273
242 274
242 275
242 292
242 295
242 296
242 297
242 299
242 302
242 303
242 304
242 305
242 307
242 308
242 309
242 310
242 311
242 312
242 313
242 314
242 315
242 316
242 317
242 318
242 319
242 320
242 321
242 322
242 323
242 324
242 325
242 326
242 327
242 328
242 329
242 330
242 331
242 332
242 333
242 335
242 410
242 413
243 244
243 245
243 247
243 248
243 249
243 250
243 251
243 252
243 254
243 255
243 256
243 257
243 258
243 259
243 260
243 261
243 262
243 263
243 264
243 265
243 266
243 267
243 268
243 270
243 271
243 272
243 273
243 274
243 275
243 290
243 291
243 292
243 294
243 295
243 296
243 297
243 299
243 300
243 301
243 303
243 304
243 305
243 306
243 307
243 310
243 311
243 312
243 313
243 315
243 317
243 318
243 319
243 320
243 321
243 322
243 323
243 324
243 325
243 326
243 327
243 328
243 329
243 330
243 331
243 332
243 333
243 334
243 410
244 245
244 246
244 248
244 249
244 250
244 251
244 252
244 253
244 254
244 255
244 256
244 257
244 258
244 259
244 260
244 261
244 262
244 263
244 264
244 266
244 267
244 268
244 269
244 270
244 271
244 272
244 274
244 291
244 295
244 297
244 298
244 299
244 300
244 301
244 303
244 304
244 305
244 306
244 307
244 308
244 309
244 310
244 311
244 312
244 313
244 314
244 315
244 316
244 317
244 318
244 320
244 321
244 323
244 324
244 325
244 326
244 327
244 328
244 329
244 330
244 331
244 332
244 333
244 334
244 413
244 455
245 246
245 247
245 248
245 249
245 250
245 251
245 252
245 253
245 254
245 255
245 256
245 257
245 258
245 259
245 260
245 261
245 262
245 264
245 265
245 266
245 267
245 268
245 269
245 270
245 271
245 272
245 273
245 274
245 291
245 292
245 293
245 295
245 296
245 297
245 298
245 299
245 300
245 301
245 302
245 303
245 304
245 305
245 306
245 307
245 308
245 309
245 310
245 312
245 313
245 314
245 315
245 316
245 317
245 318
245 319
245 320
245 321
245 322
245 324
245 325
245 326
245 327
245 328
245 329
245 330
245 331
245 332
245 413
245 626
246 247
246 248
246 249
246 250
246 251
246 252
246 253
246 254
246 255
246 256
246 257
246 258
246 259
246 260
246 261
246 262
246 263
246 264
246 265
246 266
246 267
246 271
246 272
246 273
246 274
246 291
246 293
246 297
246 298
246 299
246 300
246 301
246 302
246 303
246 304
246 305
246 306
246 307
246 308
246 309
246 310
246 311
246 312
246 313
246 314
246 315
246 316
246 317
246 318
246 319
246 320
246 321
246 323
246 324
246 325
246 326
246 328
246 329
246 330
246 331
246 332
246 333
246 411
246 555
247 248
247 249
247 250
247 251
247 252
247 253
247 254
247 255
247 256
247 257
247 258
247 259
247 260
247 261
247 262
247 263
247 264
247 265
247 266
247 267
247 268
247 269
247 270
247 271
247 272
247 273
247 274
247 291
247 294
247 295
247 296
247 297
247 299
247 300
247 301
247 302
247 303
247 304
247 305
247 306
247 307
247 308
247 309
247 311
247 312
247 313
247 314
247 315
247 316
247 317
247 318
247 319
247 320
247 321
247 322
247 323
247 325
247 326
247 327
247 328
247 330
247 331
247 332
247 333
247 412
247 413
248 249
248 250
248 251
248 252
248 253
248 254
248 255
248 256
248 257
248 258
248 259
248 260
248 261
248 262
248 263
248 264
248 265
248 266
248 267
248 268
248 269
248 270
248 271
248 272
248 273
248 274
248 294
248 296
248 297
248 298
248 299
248 300
248 301
248 302
248 303
248 304
248 305
248 306
248 307
248 308
248 309
248 310
248 311
248 312
248 315
248 316
248 317
248 318
248 319
248 320
248 321
248 322
248 323
248 324
248 325
248 326
248 327
248 328
248 329
248 330
248 332
248 333
248 410
248 412
248 414
249 250
249 251
249 252
249 253
249 254
249 255
249 256
249 257
249 258
249 259
249 260
249 261
249 262
249 263
249 264
249 265
249 266
249 267
249 268
249 269
249 270
249 271
249 272
249 273
249 274
249 275
249 290
249 293
249 294
249 295
249 296
249 297
249 298
249 299
249 300
249 301
249 302
249 303
249 304
249 305
249 306
249 307
249 308
249 309
249 310
249 311
249 312
249 313
249 314
249 315
249 316
249 317
249 318
249 319
249 320
249 321
249 322
249 323
249 325
249 326
249 327
249 328
249 329
249 330
249 331
249 332
249 333
249 411
249 412
249 413
249 414
250 251
250 252
250 253
250 254
250 255
250 256
250 257
250 258
250 259
250 260
250 261
250 262
250 263
250 264
250 265
250 266
250 267
250 268
250 269
250 270
250 271
250 272
250 273
250 274
250 295
250 297
250 299
250 300
250 301
250 302
250 303
250 304
250 305
250 306
250 307
250 308
250 309
250 310
250 311
250 312
250 313
250 314
250 315
250 316
250 317
250 318
250 319
250 320
250 321
250 322
250 323
250 324
250 325
250 326
250 327
250 328
250 329
250 330
250 331
250 332
250 333
250 334
250 413
250 493
251 252
251 253
251 254
251 255
251 256
251 257
251 258
251 259
251 260
251 261
251 262
251 263
251 264
251 265
251 266
251 267
251 269
251 270
251 271
251 272
251 273
251 274
251 291
251 294
251 295
251 296
251 297
251 298
251 299
251 301
251 302
251 303
251 304
251 305
251 306
251 307
251 308
251 309
251 310
251 311
251 312
251 313
251 314
251 315
251 316
251 317
251 318
251 319
251 320
251 321
251 322
251 323
251 324
251 325
251 326
251 327
251 328
251 329
251 330
251 331
251 332
251 333
251 334
251 409
251 411
251 496
252 253
252 254
252 255
252 256
252 257
252 258
252 259
252 260
252 261
252 262
252 263
252 264
252 265
252 266
252 267
252 268
252 269
252 270
252 271
252 272
252 273
252 274
252 294
252 295
252 296
252 298
252 299
252 300
252 301
252 302
252 303
252 304
252 305
252 306
252 307
252 308
252 309
252 310
252 311
252 312
252 313
252 315
252 316
252 317
252 318
252 319
252 320
252 321
252 322
252 323
252 324
252 325
252 326
252 327
252 328
252 329
252 330
252 331
252 332
252 333
252 412
252 413
253 254
253 255
253 256
253 257
253 258
253 259
253 260
253 261
253 262
253 263
253 264
253 265
253 266
253 267
253 268
253 269
253 270
253 271
253 272
253 273
253 274
253 293
253 295
253 296
253 298
253 299
253 300
253 301
253 302
253 303
253 304
253 305
253 306
253 307
253 308
253 309
253 310
253 311
253 312
253 313
253 314
253 315
253 316
253 317
253 318
253 319
253 320
253 321
253 322
253 323
253 324
253 325
253 326
253 327
253 328
253 329
253 330
253 331
253 332
253 333
253 411
254 255
254 256
254 257
254 258
254 259
254 260
254 261
254 262
254 263
254 264
254 265
254 266
254 267
254 268
254 269
254 270
254 271
254 272
254 273
254 274
254 275
254 293
254 295
254 296
254 297
254 298
254 299
254 300
254 301
254 302
254 303
254 304
254 305
254 306
254 307
254 308
254 309
254 310
254 311
254 312
254 313
254 314
254 315
254 316
254 317
254 318
254 319
254 320
254 321
254 322
254 323
254 324
254 325
254 326
254 327
254 328
254 329
254 330
254 331
254 332
254 333
254 334
254 411
254 412
254 413
255 256
255 257
255 258
255 259
255 260
255 261
255 262
255 263
255 264
255 265
255 266
255 267
255 268
255 269
255 270
255 271
255 272
255 273
255 274
255 292
255 295
255 296
255 297
255 298
255 299
255 300
255 301
255 302
255 303
255 304
255 305
255 306
255 307
255 308
255 309
255 310
255 311
255 312
255 313
255 314
255 315
255 316
255 317
255 318
255 319
255 320
255 321
255 322
255 323
255 324
255 325
255 326
255 327
255 328
255 329
255 330
255 331
255 332
255 333
255 411
255 415
255 624
256 257
256 258
256 259
256 260
256 261
256 262
256 263
256 264
256 265
256 266
256 267
256 268
256 269
256 270
256 271
256 272
256 273
256 274
256 290
256 291
256 293
256 294
256 295
256 296
256 297
256 298
256 300
256 301
256 302
256 303
256 304
256 305
256 306
256 307
256 308
256 309
256 310
256 311
256 312
256 313
256 314
256 315
256 316
256 317
256 318
256 319
256 320
256 321
256 322
256 323
256 324
256 325
256 326
256 327
256 328
256 329
256 330
256 331
256 332
256 333
256 334
256 412
256 413
257 258
257 259
257 260
257 261
257 262
257 263
257 264
257 265
257 266
257 267
257 268
257 269
257 270
257 271
257 272
257 273
257 274
257 275
257 293
257 295
257 296
257 297
257 299
257 301
257 302
257 303
257 304
257 305
257 306
257 307
257 308
257 309
257 310
257 311
257 312
257 314
257 316
257 317
257 318
257 319
257 320
257 321
257 322
257 323
257 324
257 325
257 326
257 327
257 328
257 329
257 330
257 331
257 332
257 333
257 334
257 335
257 412
258 259
258 260
258 261
258 262
258 263
258 264
258 265
258 266
258 267
258 268
258 269
258 270
258 271
258 272
258 273
258 274
258 292
258 294
258 295
258 297
258 298
258 299
258 300
258 301
258 302
258 303
258 304
258 305
258 306
258 307
258 308
258 309
258 310
258 311
258 312
258 313
258 314
258 315
258 316
258 317
258 318
258 319
258 320
258 321
258 322
258 323
258 324
258 325
258 326
258 327
258 328
258 329
258 330
258 331
258 332
258 333
258 334
258 340
258 413
258 416
259 260
259 261
259 262
259 263
259 264
259 265
259 266
259 267
259 268
259 269
259 270
259 271
259 272
259 273
259 274
259 275
259 292
259 295
259 296
259 297
259 298
259 299
259 300
259 301
259 302
259 303
259 304
259 305
259 306
259 307
259 308
259 309
259 310
259 311
259 312
259 313
259 314
259 315
259 316
259 317
259 318
259 319
259 320
259 321
259 322
259 323
259 324
259 325
259 326
259 327
259 328
259 329
259 330
259 331
259 332
259 333
259 334
259 412
259 413
260 261
260 262
260 263
260 264
260 265
260 266
260 267
260 268
260 269
260 270
260 271
260 272
260 273
260 274
260 275
260 291
260 295
260 296
260 297
260 298
260 300
260 301
260 302
260 303
260 304
260 305
260 306
260 307
260 308
260 309
260 310
260 311
260 312
260 313
260 314
260 315
260 316
260 317
260 318
260 319
260 320
260 321
260 322
260 323
260 324
260 325
260 326
260 327
260 328
260 329
260 330
260 331
260 332
260 333
260 334
261 262
261 263
261 264
261 265
261 266
261 267
261 268
261 269
261 270
261 271
261 272
261 273
261 274
261 275
261 293
261 295
261 296
261 298
261 299
261 300
261 301
261 302
261 303
261 304
261 305
261 306
261 307
261 308
261 309
261 310
261 311
261 312
261 313
261 314
261 315
261 316
261 317
261 318
261 319
261 320
261 321
261 322
261 323
261 324
261 325
261 326
261 327
261 328
261 329
261 330
261 331
261 332
261 333
261 334
261 399
261 412
261 413
261 415
261 599
262 263
262 264
262 265
262 266
262 267
262 268
262 269
262 270
262 271
262 272
262 273
262 274
262 275
262 276
262 292
262 295
262 296
262 297
262 298
262 300
262 301
262 302
262 303
262 304
262 305
262 306
262 307
262 308
262 309
262 310
262 311
262 312
262 313
262 314
262 315
262 316
262 317
262 318
262 319
262 320
262 321
262 322
262 323
262 324
262 325
262 326
262 327
262 328
262 329
262 330
262 331
262 332
262 333
262 334
262 414
262 416
262 494
262 560
262 581
262 624
262 629
263 264
263 265
263 266
263 267
263 268
263 269
263 270
263 271
263 272
263 273
263 274
263 275
263 280
263 293
263 294
263 295
263 296
263 297
263 298
263 299
263 300
263 301
263 302
263 303
263 305
263 306
263 307
263 308
263 309
263 310
263 311
263 312
263 313
263 314
263 315
263 316
263 317
263 318
263 319
263 320
263 321
263 322
263 323
263 324
263 325
263 326
263 327
263 328
263 329
263 330
263 331
263 332
263 333
263 334
263 411
263 415
264 265
264 266
264 267
264 268
264 269
264 270
264 271
264 272
264 273
264 274
264 275
264 278
264 291
264 293
264 294
264 296
264 297
264 298
264 299
264 300
264 301
264 302
264 303
264 304
264 305
264 306
264 307
264 308
264 309
264 310
264 311
264 312
264 313
264 314
264 315
264 316
264 317
264 318
264 319
264 320
264 321
264 322
264 323
264 324
264 325
264 326
264 327
264 328
264 329
264 330
264 331
264 332
264 333
264 334
264 388
264 399
264 413
264 415
264 494
264 556
264 560
264 625
265 266
265 267
265 268
265 269
265 270
265 271
265 272
265 273
265 274
265 275
265 291
265 292
265 295
265 296
265 297
265 298
265 299
265 301
265 302
265 303
265 304
265 305
265 306
265 307
265 308
265 309
265 310
265 311
265 312
265 313
265 314
265 315
265 316
265 317
265 318
265 319
265 320
265 321
265 322
265 323
265 324
265 325
265 326
265 327
265 328
265 329
265 330
265 331
265 332
265 333
265 334
265 378
265 387
265 410
265 411
265 495
266 267
266 268
266 269
266 270
266 271
266 272
266 273
266 274
266 279
266 292
266 294
266 296
266 299
266 300
266 301
266 302
266 303
266 304
266 305
266 306
266 307
266 308
266 309
266 310
266 313
266 314
266 315
266 316
266 317
266 318
266 319
266 320
266 321
266 322
266 323
266 324
266 325
266 326
266 327
266 328
266 329
266 330
266 331
266 332
266 333
266 411
266 433
266 536
267 268
267 269
267 270
267 271
267 272
267 273
267 274
267 291
267 292
267 294
267 295
267 302
267 303
267 304
267 305
267 306
267 307
267 308
267 309
267 310
267 311
267 312
267 313
267 314
267 315
267 316
267 317
267 318
267 319
267 320
267 321
267 322
267 323
267 324
267 325
267 326
267 327
267 328
267 329
267 330
267 331
267 332
267 333
267 334
267 411
267 413
267 414
267 470
267 493
267 536
268 269
268 270
268 271
268 272
268 273
268 274
268 275
268 291
268 293
268 295
268 298
268 299
268 300
268 301
268 302
268 303
268 304
268 305
268 306
268 307
268 308
268 309
268 310
268 311
268 312
268 313
268 314
268 315
268 316
268 317
268 318
268 319
268 320
268 321
268 322
268 323
268 324
268 325
268 326
268 327
268 328
268 329
268 330
268 331
268 332
268 333
268 386
268 412
268 439
269 270
269 271
269 272
269 273
269 274
269 275
269 295
269 297
269 298
269 299
269 300
269 302
269 303
269 304
269 305
269 306
269 307
269 308
269 309
269 310
269 311
269 313
269 314
269 315
269 316
269 317
269 318
269 319
269 320
269 321
269 322
269 323
269 324
269 325
269 326
269 327
269 328
269 329
269 330
269 331
269 332
269 333
269 334
269 411
269 527
270 271
270 272
270 273
270 274
270 293
270 294
270 299
270 300
270 302
270 303
270 304
270 305
270 306
270 307
270 308
270 309
270 310
270 312
270 313
270 314
270 315
270 318
270 319
270 320
270 321
270 322
270 323
270 324
270 325
270 326
270 327
270 328
270 329
270 330
270 331
270 332
270 333
270 334
270 579
270 617
271 272
271 273
271 274
271 290
271 291
271 292
271 293
271 294
271 295
271 296
271 297
271 298
271 299
271 302
271 303
271 304
271 305
271 306
271 307
271 308
271 309
271 310
271 311
271 312
271 313
271 314
271 315
271 316
271 317
271 318
271 319
271 320
271 321
271 322
271 323
271 324
271 325
271 326
271 327
271 328
271 329
271 330
271 331
271 332
271 333
271 334
271 410
271 412
271 413
271 415
272 273
272 274
272 295
272 296
272 298
272 300
272 301
272 302
272 303
272 304
272 305
272 306
272 307
272 308
272 309
272 310
272 312
272 313
272 315
272 316
272 317
272 318
272 319
272 320
272 321
272 322
272 323
272 324
272 325
272 326
272 327
272 328
272 329
272 330
272 331
272 332
272 333
272 334
272 413
272 415
272 496
273 274
273 275
273 292
273 296
273 297
273 298
273 299
273 300
273 301
273 302
273 303
273 304
273 305
273 306
273 307
273 308
273 309
273 310
273 311
273 312
273 313
273 315
273 316
273 317
273 318
273 319
273 320
273 321
273 322
273 323
273 324
273 325
273 326
273 327
273 328
273 329
273 330
273 331
273 332
273 333
273 334
273 412
273 414
274 275
274 293
274 294
274 295
274 298
274 300
274 301
274 302
274 303
274 304
274 305
274 306
274 307
274 308
274 309
274 310
274 311
274 312
274 313
274 314
274 315
274 316
274 317
274 318
274 319
274 320
274 321
274 322
274 323
274 324
274 325
274 326
274 327
274 328
274 329
274 330
274 331
274 332
274 333
274 413
274 414
275 307
275 315
275 321
275 322
275 323
275 324
275 325
275 328
275 329
275 330
275 331
275 332
275 333
275 334
276 328
276 330
276 334
276 335
276 494
276 497
276 522
277 313
277 582
278 307
279 320
290 299
290 310
290 312
290 323
290 324
290 333
291 294
291 300
291 302
291 307
291 310
291 316
291 317
291 318
291 324
291 328
291 333
292 296
292 308
292 309
292 310
292 311
292 312
292 313
292 314
292 315
292 319
292 322
292 325
292 327
292 328
292 332
292 413
293 295
293 298
293 302
293 303
293 304
293 305
293 307
293 310
293 311
293 312
293 315
293 318
293 319
293 322
293 323
293 325
293 330
293 331
293 333
293 411
294 295
294 300
294 301
294 302
294 304
294 306
294 307
294 308
294 309
294 310
294 312
294 315
294 318
294 319
294 320
294 321
294 322
294 323
294 325
294 326
294 328
294 330
294 331
294 332
294 333
294 334
294 413
295 297
295 298
295 302
295 306
295 307
295 308
295 309
295 314
295 316
295 317
295 318
295 320
295 321
295 322
295 323
295 324
295 325
295 326
295 327
295 332
295 333
295 412
296 299
296 300
296 301
296 302
296 303
296 304
296 305
296 306
296 307
296 309
296 310
296 311
296 312
296 313
296 314
296 315
296 316
296 317
296 319
296 321
296 322
296 323
296 325
296 327
296 328
296 329
296 331
296 332
296 333
296 410
296 413
297 298
297 299
297 300
297 301
297 303
297 304
297 306
297 307
297 308
297 310
297 311
297 312
297 313
297 314
297 315
297 317
297 318
297 320
297 321
297 322
297 323
297 324
297 327
297 328
297 330
297 331
297 332
297 333
297 382
297 498
298 299
298 300
298 301
298 302
298 303
298 304
298 305
298 306
298 307
298 308
298 309
298 310
298 311
298 312
298 313
298 314
298 315
298 316
298 317
298 318
298 319
298 320
298 322
298 323
298 325
298 327
298 328
298 329
298 330
298 332
298 333
298 410
298 411
298 412
299 300
299 301
299 302
299 303
299 304
299 305
299 306
299 307
299 308
299 309
299 310
299 311
299 312
299 313
299 314
299 315
299 317
299 319
299 320
299 321
299 322
299 323
299 325
299 326
299 327
299 328
299 329
299 330
299 331
299 332
299 333
299 334
299 411
300 303
300 304
300 305
300 306
300 308
300 309
300 310
300 311
300 312
300 313
300 314
300 315
300 316
300 317
300 318
300 319
300 320
300 321
300 322
300 324
300 325
300 326
300 328
300 329
300 330
300 331
300 332
300 333
300 411
300 556
301 302
301 303
301 304
301 305
301 306
301 307
301 308
301 309
301 310
301 311
301 312
301 313
301 314
301 315
301 316
301 317
301 318
301 319
301 321
301 322
301 323
301 324
301 325
301 326
301 327
301 328
301 329
301 330
301 331
301 333
301 411
301 412
301 413
301 414
302 303
302 304
302 305
302 306
302 307
302 308
302 309
302 310
302 311
302 313
302 314
302 315
302 316
302 317
302 318
302 320
302 321
302 322
302 323
302 324
302 325
302 327
302 328
302 329
302 330
302 331
302 332
302 333
302 411
302 412
302 495
303 304
303 305
303 306
303 307
303 308
303 309
303 311
303 312
303 313
303 314
303 315
303 316
303 317
303 318
303 319
303 320
303 321
303 322
303 323
303 324
303 325
303 326
303 327
303 328
303 329
303 330
303 331
303 332
303 333
303 334
303 412
304 305
304 306
304 307
304 308
304 309
304 310
304 311
304 312
304 313
304 314
304 315
304 316
304 317
304 318
304 319
304 320
304 321
304 322
304 323
304 324
304 325
304 326
304 327
304 328
304 329
304 330
304 331
304 332
304 333
304 373
304 411
304 414
305 306
305 307
305 308
305 309
305 310
305 311
305 312
305 314
305 315
305 316
305 317
305 318
305 319
305 320
305 321
305 322
305 323
305 324
305 325
305 326
305 327
305 328
305 329
305 330
305 331
305 332
305 333
305 398
305 412
306 307
306 308
306 309
306 310
306 311
306 312
306 313
306 314
306 315
306 316
306 317
306 318
306 319
306 320
306 321
306 322
306 323
306 324
306 326
306 327
306 328
306 329
306 330
306 331
306 332
306 333
306 334
306 411
306 412
306 413
306 414
306 415
306 544
307 308
307 309
307 310
307 311
307 312
307 313
307 314
307 315
307 316
307 317
307 318
307 319
307 320
307 321
307 322
307 323
307 324
307 325
307 326
307 327
307 328
307 329
307 330
307 331
307 332
307 333
308 309
308 310
308 311
308 312
308 313
308 315
308 316
308 317
308 318
308 319
308 321
308 322
308 323
308 324
308 325
308 326
308 327
308 328
308 329
308 330
308 331
308 332
308 333
308 412
309 310
309 311
309 312
309 313
309 314
309 315
309 316
309 317
309 318
309 319
309 320
309 321
309 322
309 323
309 324
309 325
309 326
309 327
309 328
309 329
309 330
309 331
309 332
309 333
309 412
309 496
309 599
310 311
310 312
310 313
310 314
310 315
310 316
310 317
310 318
310 319
310 320
310 321
310 322
310 323
310 324
310 325
310 326
310 327
310 328
310 329
310 330
310 331
310 332
310 333
310 411
310 412
310 414
310 427
311 312
311 314
311 315
311 316
311 317
311 318
311 319
311 320
311 321
311 322
311 323
311 324
311 325
311 326
311 327
311 328
311 329
311 330
311 331
311 332
311 333
311 412
311 440
312 314
312 315
312 316
312 319
312 320
312 321
312 322
312 323
312 324
312 325
312 326
312 327
312 328
312 330
312 331
312 332
312 333
312 334
312 411
312 414
312 594
313 314
313 315
313 316
313 317
313 318
313 319
313 320
313 321
313 322
313 323
313 324
313 325
313 326
313 327
313 328
313 329
313 330
313 331
313 332
313 333
313 411
313 413
313 496
314 315
314 316
314 317
314 318
314 319
314 321
314 322
314 323
314 324
314 325
314 326
314 327
314 328
314 329
314 330
314 331
314 332
314 333
314 334
314 379
314 410
314 411
314 412
314 413
314 447
314 556
314 592
315 316
315 317
315 318
315 319
315 320
315 321
315 322
315 323
315 324
315 325
315 326
315 327
315 328
315 329
315 330
315 331
315 332
315 333
315 412
315 413
315 414
315 415
315 416
316 317
316 318
316 319
316 320
316 321
316 322
316 323
316 324
316 325
316 326
316 327
316 328
316 329
316 330
316 331
316 332
316 333
316 410
316 412
317 318
317 319
317 320
317 321
317 322
317 323
317 324
317 325
317 326
317 327
317 328
317 329
317 330
317 331
317 332
317 411
317 413
317 415
318 319
318 320
318 321
318 322
318 323
318 324
318 325
318 326
318 327
318 328
318 329
318 330
318 331
318 332
318 333
318 334
318 412
318 413
318 522
319 320
319 321
319 322
319 323
319 324
319 325
319 326
319 327
319 328
319 329
319 330
319 331
319 332
319 333
319 334
319 342
319 508
320 321
320 322
320 323
320 324
320 325
320 326
320 327
320 328
320 329
320 330
320 331
320 332
320 333
320 334
320 410
320 412
320 593
321 322
321 323
321 324
321 325
321 326
321 327
321 328
321 329
321 330
321 331
321 332
321 333
321 414
321 435
322 323
322 324
322 325
322 326
322 327
322 328
322 329
322 330
322 331
322 332
322 333
322 334
322 411
322 412
322 413
323 324
323 325
323 326
323 327
323 328
323 329
323 330
323 331
323 332
323 333
323 334
323 413
324 325
324 326
324 327
324 328
324 329
324 330
324 331
324 332
324 333
324 414
325 326
325 327
325 328
325 329
325 330
325 331
325 332
325 333
325 411
325 413
325 414
326 327
326 328
326 329
326 330
326 331
326 332
326 333
326 334
326 412
326 413
327 328
327 329
327 330
327 331
327 332
327 333
327 334
327 335
327 398
327 412
327 413
327 415
328 329
328 330
328 331
328 332
328 333
328 364
328 413
328 415
329 330
329 331
329 332
329 333
329 334
329 416
329 417
329 496
330 331
330 332
330 333
330 334
330 335
330 398
330 411
330 412
330 413
330 415
330 443
330 546
330 556
330 557
331 332
331 333
331 334
331 399
331 405
331 406
331 410
331 412
331 446
331 488
331 497
331 625
331 636
332 333
332 334
332 387
332 410
332 411
332 412
332 413
332 571
332 616
333 334
333 399
333 412
333 413
333 417
334 355
335 507
335 520
335 523
335 622
336 434
337 376
387 530
388 448
389 647
400 434
400 610
410 411
410 412
412 413
413 414
413 416
416 441
417 495
422 618
457 469
461 533
487 595
499 617
524 600
546 583
561 641
602 635
