1 2
1 3
1 4
1 5
1 7
1 8
1 9
1 10
1 11
1 12
1 13
1 14
1 15
1 16
1 17
1 18
1 110
1 111
1 112
1 113
1 114
1 115
1 116
1 117
1 118
1 119
1 120
1 121
1 122
1 123
1 124
1 125
1 126
1 127
1 128
1 130
1 131
1 132
1 133
1 134
1 135
1 137
1 138
1 139
1 140
1 141
1 142
1 144
1 145
1 147
1 148
1 151
1 152
1 153
1 154
1 155
1 156
1 158
1 159
1 160
1 301
1 311
1 312
1 313
1 314
1 315
1 317
1 318
1 319
1 321
1 322
1 323
1 324
1 325
1 326
1 327
1 328
1 329
1 330
1 331
1 332
1 333
1 334
1 335
1 336
1 337
1 338
1 569
1 570
1 571
1 573
1 574
1 575
1 576
1 577
1 578
2 3
2 4
2 5
2 6
2 7
2 8
2 9
2 10
2 11
2 12
2 13
2 14
2 15
2 16
2 17
2 18
2 19
2 20
2 110
2 112
2 114
2 115
2 116
2 117
2 118
2 119
2 123
2 124
2 125
2 126
2 127
2 128
2 129
2 130
2 131
2 133
2 134
2 135
2 136
2 137
2 139
2 140
2 141
2 142
2 143
2 144
2 145
2 146
2 148
2 149
2 150
2 151
2 152
2 153
2 154
2 155
2 156
2 157
2 159
2 268
2 307
2 309
2 310
2 312
2 314
2 315
2 317
2 318
2 319
2 320
2 321
2 322
2 323
2 324
2 326
2 327
2 329
2 331
2 332
2 333
2 334
2 335
2 336
2 337
2 338
2 339
2 568
2 569
2 570
2 571
2 572
2 573
2 574
2 575
2 576
2 577
2 578
2 579
3 4
3 5
3 6
3 7
3 8
3 9
3 10
3 11
3 12
3 13
3 14
3 15
3 16
3 17
3 18
3 19
3 114
3 115
3 116
3 117
3 118
3 119
3 120
3 121
3 122
3 123
3 124
3 125
3 126
3 128
3 129
3 130
3 132
3 133
3 134
3 136
3 137
3 138
3 140
3 141
3 143
3 144
3 146
3 147
3 148
3 149
3 150
3 151
3 152
3 153
3 155
3 156
3 157
3 158
3 159
3 160
3 307
3 310
3 312
3 313
3 314
3 315
3 316
3 317
3 318
3 319
3 320
3 322
3 323
3 325
3 326
3 327
3 328
3 329
3 330
3 331
3 332
3 333
3 334
3 336
3 337
3 338
3 339
3 340
3 568
3 569
3 571
3 572
3 573
3 574
3 575
3 576
3 577
3 578
3 579
4 5
4 6
4 7
4 8
4 9
4 10
4 11
4 12
4 13
4 14
4 15
4 16
4 17
4 18
4 19
4 20
4 111
4 112
4 114
4 115
4 116
4 117
4 118
4 119
4 120
4 121
4 122
4 123
4 124
4 125
4 126
4 127
4 129
4 130
4 131
4 132
4 133
4 134
4 136
4 137
4 138
4 139
4 140
4 141
4 142
4 143
4 144
4 145
4 148
4 149
4 150
4 151
4 152
4 153
4 154
4 155
4 156
4 157
4 159
4 160
4 307
4 308
4 309
4 310
4 311
4 312
4 313
4 314
4 316
4 317
4 318
4 319
4 320
4 321
4 322
4 323
4 324
4 325
4 326
4 327
4 328
4 329
4 330
4 331
4 332
4 333
4 334
4 335
4 336
4 337
4 338
4 339
4 567
4 568
4 571
4 572
4 573
4 574
4 575
4 576
4 577
4 578
4 579
5 6
5 7
5 8
5 9
5 10
5 11
5 12
5 13
5 14
5 15
5 16
5 17
5 18
5 19
5 111
5 112
5 113
5 114
5 115
5 116
5 117
5 118
5 119
5 120
5 121
5 122
5 123
5 124
5 125
5 126
5 127
5 128
5 129
5 130
5 131
5 132
5 133
5 134
5 135
5 136
5 137
5 138
5 139
5 140
5 141
5 142
5 143
5 144
5 145
5 146
5 147
5 148
5 149
5 150
5 151
5 152
5 153
5 154
5 155
5 157
5 158
5 159
5 160
5 308
5 309
5 310
5 312
5 313
5 314
5 315
5 316
5 317
5 318
5 319
5 320
5 321
5 323
5 324
5 325
5 326
5 327
5 328
5 329
5 330
5 331
5 332
5 333
5 334
5 335
5 336
5 338
5 411
5 568
5 569
5 570
5 571
5 572
5 573
5 574
5 575
5 576
5 577
5 578
5 579
6 7
6 8
6 9
6 10
6 11
6 12
6 13
6 14
6 15
6 16
6 17
6 18
6 19
6 109
6 110
6 111
6 112
6 113
6 114
6 115
6 116
6 117
6 118
6 119
6 120
6 121
6 122
6 123
6 124
6 125
6 126
6 127
6 128
6 129
6 130
6 131
6 132
6 133
6 134
6 135
6 136
6 137
6 138
6 139
6 140
6 141
6 142
6 143
6 144
6 145
6 147
6 148
6 149
6 150
6 151
6 152
6 153
6 154
6 155
6 156
6 157
6 158
6 159
6 161
6 308
6 311
6 313
6 315
6 316
6 317
6 318
6 319
6 320
6 321
6 322
6 323
6 324
6 325
6 326
6 327
6 328
6 329
6 330
6 331
6 332
6 333
6 334
6 335
6 336
6 337
6 338
6 571
6 572
6 573
6 574
6 575
6 576
6 577
6 578
6 579
7 8
7 9
7 10
7 11
7 12
7 13
7 14
7 15
7 16
7 17
7 18
7 19
7 20
7 110
7 113
7 117
7 118
7 119
7 120
7 121
7 122
7 123
7 124
7 125
7 126
7 127
7 128
7 129
7 130
7 131
7 132
7 133
7 134
7 135
7 136
7 137
7 138
7 139
7 140
7 141
7 142
7 143
7 145
7 146
7 147
7 148
7 149
7 150
7 151
7 152
7 153
7 154
7 155
7 156
7 157
7 158
7 159
7 160
7 309
7 310
7 312
7 315
7 316
7 317
7 319
7 320
7 321
7 322
7 323
7 324
7 326
7 327
7 328
7 329
7 330
7 331
7 332
7 333
7 334
7 335
7 336
7 337
7 338
7 339
7 340
7 566
7 567
7 568
7 570
7 572
7 575
7 576
7 577
7 578
7 579
7 580
8 9
8 10
8 11
8 12
8 13
8 14
8 15
8 16
8 17
8 18
8 19
8 20
8 110
8 112
8 113
8 114
8 116
8 117
8 118
8 119
8 120
8 121
8 122
8 123
8 124
8 125
8 126
8 127
8 128
8 129
8 130
8 131
8 132
8 133
8 134
8 135
8 136
8 137
8 138
8 139
8 140
8 141
8 142
8 143
8 144
8 145
8 146
8 148
8 149
8 150
8 151
8 152
8 153
8 154
8 155
8 156
8 157
8 158
8 159
8 160
8 306
8 308
8 310
8 311
8 312
8 313
8 314
8 315
8 316
8 317
8 319
8 320
8 321
8 322
8 323
8 324
8 325
8 326
8 327
8 328
8 329
8 330
8 331
8 332
8 333
8 334
8 335
8 336
8 337
8 338
8 339
8 505
8 567
8 569
8 571
8 572
8 573
8 574
8 575
8 576
8 577
8 578
8 579
8 580
9 10
9 11
9 12
9 13
9 14
9 15
9 16
9 17
9 18
9 19
9 20
9 109
9 111
9 112
9 113
9 114
9 116
9 117
9 118
9 119
9 120
9 121
9 122
9 123
9 124
9 125
9 126
9 127
9 128
9 129
9 130
9 131
9 132
9 133
9 134
9 135
9 136
9 137
9 138
9 139
9 140
9 141
9 142
9 143
9 144
9 145
9 146
9 147
9 148
9 149
9 150
9 151
9 152
9 153
9 154
9 155
9 156
9 157
9 158
9 159
9 160
9 313
9 314
9 315
9 316
9 317
9 318
9 319
9 320
9 321
9 322
9 323
9 324
9 325
9 326
9 327
9 328
9 329
9 330
9 331
9 332
9 333
9 334
9 335
9 336
9 337
9 338
9 339
9 571
9 572
9 573
9 574
9 575
9 576
9 577
9 578
9 579
9 580
10 11
10 12
10 13
10 14
10 15
10 17
10 18
10 19
10 110
10 111
10 113
10 114
10 115
10 116
10 117
10 118
10 119
10 120
10 121
10 122
10 123
10 124
10 125
10 126
10 127
10 128
10 129
10 130
10 131
10 132
10 133
10 134
10 135
10 136
10 137
10 138
10 139
10 140
10 141
10 142
10 143
10 144
10 145
10 146
10 148
10 149
10 150
10 151
10 153
10 154
10 155
10 156
10 157
10 158
10 159
10 160
10 161
10 202
10 309
10 310
10 311
10 312
10 313
10 315
10 316
10 317
10 318
10 319
10 320
10 321
10 322
10 323
10 324
10 325
10 326
10 327
10 328
10 329
10 330
10 331
10 332
10 333
10 334
10 335
10 336
10 337
10 338
10 339
10 394
10 568
10 569
10 571
10 572
10 574
10 575
10 577
10 578
10 579
10 580
11 12
11 13
11 14
11 15
11 16
11 17
11 18
11 19
11 109
11 112
11 113
11 115
11 118
11 120
11 121
11 122
11 123
11 124
11 125
11 126
11 127
11 128
11 129
11 130
11 131
11 132
11 133
11 134
11 135
11 136
11 137
11 138
11 139
11 140
11 141
11 142
11 143
11 144
11 145
11 147
11 148
11 149
11 150
11 151
11 152
11 153
11 154
11 155
11 156
11 157
11 158
11 159
11 160
11 161
11 308
11 309
11 310
11 311
11 312
11 313
11 316
11 317
11 318
11 319
11 320
11 321
11 322
11 323
11 324
11 325
11 326
11 327
11 328
11 329
11 330
11 331
11 332
11 333
11 334
11 335
11 336
11 337
11 338
11 339
11 457
11 569
11 570
11 571
11 572
11 573
11 574
11 575
11 576
11 577
11 578
11 579
11 580
11 635
12 13
12 14
12 15
12 16
12 17
12 18
12 19
12 112
12 113
12 114
12 115
12 116
12 117
12 118
12 119
12 120
12 121
12 122
12 123
12 124
12 125
12 126
12 127
12 128
12 129
12 130
12 131
12 132
12 133
12 134
12 135
12 136
12 137
12 138
12 139
12 140
12 141
12 142
12 143
12 144
12 146
12 147
12 148
12 149
12 150
12 151
12 152
12 153
12 154
12 155
12 156
12 157
12 158
12 159
12 160
12 161
12 311
12 312
12 314
12 316
12 317
12 318
12 319
12 320
12 321
12 322
12 323
12 324
12 325
12 326
12 327
12 328
12 329
12 330
12 331
12 332
12 333
12 334
12 335
12 336
12 337
12 338
12 339
12 569
12 571
12 572
12 573
12 574
12 575
12 576
12 577
12 578
12 579
12 632
13 14
13 15
13 16
13 17
13 18
13 19
13 109
13 111
13 112
13 113
13 114
13 115
13 116
13 117
13 118
13 119
13 120
13 121
13 122
13 123
13 124
13 125
13 126
13 127
13 128
13 129
13 130
13 131
13 132
13 133
13 134
13 135
13 136
13 137
13 138
13 139
13 140
13 141
13 142
13 143
13 144
13 146
13 147
13 148
13 150
13 151
13 152
13 153
13 154
13 155
13 156
13 157
13 158
13 159
13 160
13 161
13 310
13 315
13 316
13 317
13 318
13 319
13 320
13 321
13 322
13 323
13 324
13 325
13 326
13 327
13 328
13 329
13 330
13 331
13 332
13 333
13 334
13 335
13 336
13 337
13 338
13 339
13 565
13 570
13 572
13 573
13 574
13 575
13 576
13 577
13 581
14 15
14 16
14 17
14 18
14 19
14 111
14 112
14 113
14 114
14 116
14 119
14 120
14 121
14 122
14 123
14 124
14 125
14 126
14 127
14 128
14 129
14 130
14 131
14 132
14 133
14 134
14 135
14 136
14 137
14 138
14 139
14 140
14 141
14 142
14 143
14 144
14 146
14 147
14 148
14 149
14 150
14 151
14 152
14 153
14 154
14 155
14 156
14 157
14 158
14 159
14 160
14 297
14 309
14 311
14 312
14 314
14 315
14 316
14 317
14 318
14 319
14 320
14 321
14 322
14 323
14 324
14 325
14 326
14 327
14 328
14 329
14 330
14 331
14 332
14 333
14 334
14 335
14 336
14 337
14 338
14 339
14 568
14 569
14 570
14 571
14 572
14 574
14 575
14 576
14 577
14 579
15 16
15 17
15 18
15 19
15 20
15 110
15 111
15 112
15 116
15 117
15 118
15 119
15 120
15 121
15 122
15 123
15 124
15 125
15 126
15 127
15 128
15 129
15 130
15 131
15 132
15 133
15 134
15 135
15 136
15 137
15 138
15 139
15 140
15 141
15 142
15 143
15 144
15 145
15 146
15 147
15 149
15 150
15 151
15 152
15 153
15 154
15 155
15 156
15 157
15 158
15 159
15 160
15 161
15 162
15 310
15 311
15 312
15 313
15 314
15 316
15 317
15 318
15 319
15 320
15 321
15 322
15 323
15 324
15 325
15 326
15 327
15 328
15 329
15 330
15 331
15 332
15 333
15 334
15 335
15 336
15 337
15 338
15 339
15 570
15 571
15 572
15 573
15 574
15 575
15 576
15 577
15 578
15 579
16 17
16 18
16 19
16 20
16 110
16 111
16 112
16 113
16 114
16 115
16 116
16 117
16 118
16 119
16 120
16 121
16 122
16 123
16 124
16 125
16 126
16 127
16 128
16 129
16 130
16 131
16 132
16 133
16 134
16 135
16 136
16 137
16 138
16 139
16 140
16 141
16 142
16 143
16 144
16 147
16 148
16 150
16 151
16 152
16 153
16 154
16 155
16 157
16 158
16 159
16 160
16 161
16 162
16 163
16 308
16 309
16 310
16 311
16 313
16 314
16 315
16 316
16 317
16 318
16 319
16 320
16 321
16 322
16 323
16 324
16 325
16 326
16 327
16 328
16 329
16 330
16 331
16 332
16 333
16 334
16 335
16 336
16 337
16 338
16 339
16 568
16 569
16 570
16 571
16 572
16 573
16 574
16 575
16 576
16 577
16 578
16 579
16 580
17 18
17 19
17 20
17 110
17 111
17 113
17 114
17 115
17 116
17 117
17 118
17 119
17 121
17 122
17 123
17 124
17 125
17 126
17 127
17 128
17 129
17 130
17 131
17 132
17 133
17 134
17 135
17 136
17 137
17 138
17 139
17 140
17 141
17 142
17 143
17 144
17 145
17 146
17 147
17 148
17 149
17 150
17 151
17 152
17 153
17 154
17 155
17 156
17 157
17 158
17 159
17 160
17 161
17 307
17 309
17 311
17 313
17 314
17 315
17 317
17 318
17 319
17 320
17 321
17 322
17 323
17 324
17 325
17 326
17 327
17 328
17 329
17 330
17 331
17 332
17 333
17 334
17 335
17 336
17 337
17 338
17 339
17 396
17 567
17 570
17 571
17 572
17 573
17 574
17 575
17 576
17 577
17 578
17 579
17 580
18 19
18 62
18 111
18 112
18 113
18 115
18 116
18 117
18 118
18 119
18 120
18 121
18 122
18 123
18 124
18 125
18 126
18 127
18 128
18 129
18 130
18 131
18 132
18 133
18 134
18 135
18 136
18 137
18 138
18 139
18 140
18 141
18 142
18 143
18 144
18 145
18 146
18 147
18 148
18 149
18 150
18 151
18 152
18 153
18 154
18 155
18 156
18 157
18 158
18 159
18 160
18 161
18 309
18 312
18 314
18 315
18 316
18 317
18 318
18 319
18 320
18 321
18 322
18 323
18 324
18 325
18 326
18 327
18 328
18 329
18 330
18 331
18 332
18 333
18 334
18 335
18 336
18 337
18 338
18 339
18 567
18 568
18 569
18 570
18 571
18 572
18 573
18 574
18 575
18 576
18 577
18 578
18 579
18 580
19 21
19 111
19 113
19 114
19 115
19 116
19 117
19 118
19 119
19 120
19 121
19 122
19 123
19 124
19 125
19 126
19 127
19 128
19 129
19 130
19 131
19 132
19 133
19 134
19 135
19 136
19 137
19 138
19 139
19 140
19 141
19 142
19 143
19 144
19 145
19 146
19 147
19 148
19 150
19 151
19 152
19 154
19 155
19 156
19 157
19 158
19 159
19 160
19 308
19 313
19 314
19 316
19 317
19 319
19 320
19 321
19 322
19 323
19 324
19 325
19 326
19 327
19 328
19 329
19 330
19 331
19 332
19 333
19 334
19 335
19 336
19 337
19 338
19 339
19 565
19 569
19 570
19 572
19 573
19 574
19 575
19 576
19 577
19 578
19 579
19 580
20 113
20 115
20 125
20 128
20 130
20 133
20 134
20 135
20 136
20 137
20 138
20 139
20 140
20 141
20 142
20 143
20 150
20 155
20 157
20 158
20 159
20 312
20 316
20 320
20 321
20 324
20 326
20 327
20 329
20 332
20 334
20 336
20 337
20 339
20 569
20 572
20 573
20 624
21 119
21 125
21 138
21 139
21 141
21 142
21 151
21 163
21 262
21 336
21 337
21 339
21 341
21 437
22 139
22 153
22 235
22 339
22 507
22 581
23 121
23 147
24 164
26 141
26 337
27 104
27 122
28 302
31 131
32 140
32 141
33 240
33 336
33 340
34 141
34 145
35 104
37 129
37 137
37 138
37 325
38 142
43 333
48 332
49 508
52 140
53 139
58 138
58 141
58 334
58 570
59 142
59 270
60 484
75 138
76 234
83 264
84 339
92 157
92 334
101 336
102 121
102 140
103 140
103 141
103 157
103 232
104 118
105 144
109 111
109 115
109 144
109 157
109 159
109 319
109 321
109 323
109 325
109 567
109 572
110 117
110 118
110 124
110 126
110 131
110 132
110 137
110 141
110 151
110 152
110 154
110 156
110 159
110 311
110 312
110 314
110 318
110 321
110 322
110 324
110 325
110 330
110 331
110 566
110 572
110 574
110 579
111 112
111 116
111 117
111 120
111 121
111 122
111 125
111 128
111 129
111 132
111 133
111 134
111 135
111 136
111 137
111 138
111 143
111 145
111 147
111 148
111 149
111 152
111 153
111 155
111 160
111 161
111 186
111 310
111 311
111 313
111 314
111 315
111 317
111 318
111 320
111 327
111 329
111 330
111 331
111 333
111 334
111 568
111 569
111 573
111 574
111 576
111 577
111 579
112 113
112 114
112 115
112 117
112 118
112 119
112 122
112 123
112 125
112 127
112 128
112 129
112 131
112 133
112 134
112 144
112 146
112 149
112 151
112 152
112 153
112 154
112 157
112 158
112 159
112 160
112 309
112 310
112 311
112 312
112 314
112 317
112 318
112 320
112 323
112 325
112 327
112 328
112 330
112 333
112 334
112 335
112 337
112 338
112 339
112 568
112 569
112 570
112 571
112 572
112 573
112 575
112 578
112 579
113 116
113 118
113 121
113 122
113 124
113 125
113 127
113 128
113 129
113 130
113 131
113 132
113 133
113 134
113 136
113 137
113 138
113 139
113 141
113 142
113 143
113 144
113 147
113 148
113 149
113 152
113 154
113 156
113 157
113 159
113 160
113 310
113 313
113 314
113 317
113 319
113 320
113 321
113 322
113 325
113 328
113 329
113 330
113 331
113 332
113 334
113 335
113 336
113 337
113 338
113 339
113 568
113 569
113 570
113 571
113 572
113 573
113 575
113 577
113 579
114 115
114 116
114 117
114 118
114 119
114 120
114 122
114 123
114 124
114 125
114 126
114 127
114 128
114 130
114 131
114 133
114 136
114 138
114 139
114 140
114 142
114 144
114 145
114 146
114 148
114 149
114 150
114 154
114 155
114 156
114 158
114 159
114 160
114 307
114 310
114 312
114 313
114 314
114 315
114 316
114 317
114 319
114 321
114 322
114 323
114 324
114 325
114 326
114 327
114 328
114 329
114 330
114 331
114 333
114 334
114 336
114 337
114 338
114 374
114 566
114 568
114 569
114 571
114 572
114 575
114 576
114 577
114 578
114 579
115 116
115 117
115 118
115 119
115 120
115 121
115 122
115 123
115 124
115 125
115 126
115 127
115 129
115 130
115 131
115 134
115 136
115 137
115 138
115 139
115 140
115 141
115 142
115 143
115 144
115 145
115 146
115 147
115 148
115 149
115 152
115 153
115 154
115 155
115 156
115 158
115 159
115 160
115 306
115 307
115 308
115 309
115 311
115 312
115 313
115 315
115 317
115 318
115 319
115 320
115 322
115 323
115 324
115 327
115 328
115 329
115 330
115 333
115 334
115 335
115 336
115 337
115 338
115 339
115 569
115 570
115 571
115 573
115 574
115 575
115 576
115 577
115 578
116 117
116 118
116 119
116 120
116 121
116 122
116 123
116 124
116 125
116 126
116 127
116 128
116 130
116 131
116 132
116 133
116 134
116 137
116 138
116 139
116 140
116 141
116 142
116 143
116 144
116 145
116 146
116 147
116 148
116 149
116 150
116 151
116 152
116 153
116 154
116 155
116 156
116 158
116 160
116 161
116 310
116 312
116 315
116 316
116 317
116 318
116 319
116 320
116 321
116 322
116 323
116 324
116 325
116 326
116 327
116 328
116 330
116 331
116 332
116 333
116 334
116 335
116 336
116 337
116 338
116 339
116 340
116 567
116 569
116 571
116 572
116 573
116 575
116 576
116 577
116 578
116 579
117 118
117 119
117 120
117 123
117 124
117 125
117 126
117 127
117 128
117 129
117 130
117 131
117 132
117 133
117 134
117 135
117 137
117 138
117 139
117 140
117 141
117 142
117 143
117 144
117 147
117 148
117 149
117 150
117 151
117 153
117 154
117 155
117 156
117 157
117 158
117 159
117 160
117 308
117 309
117 310
117 313
117 314
117 315
117 317
117 318
117 319
117 320
117 321
117 322
117 324
117 325
117 326
117 327
117 328
117 329
117 330
117 331
117 333
117 335
117 336
117 337
117 338
117 339
117 571
117 573
117 574
117 576
117 577
117 578
118 119
118 120
118 121
118 122
118 123
118 124
118 125
118 126
118 127
118 128
118 129
118 130
118 131
118 132
118 134
118 135
118 136
118 137
118 138
118 140
118 141
118 142
118 144
118 145
118 146
118 147
118 148
118 149
118 150
118 151
118 152
118 153
118 154
118 155
118 156
118 158
118 159
118 160
118 308
118 312
118 314
118 315
118 316
118 317
118 318
118 319
118 320
118 321
118 322
118 323
118 324
118 325
118 326
118 327
118 328
118 329
118 330
118 331
118 332
118 333
118 334
118 335
118 337
118 338
118 339
118 566
118 568
118 569
118 570
118 571
118 573
118 574
118 575
118 576
118 577
118 578
118 579
119 120
119 121
119 123
119 124
119 125
119 126
119 127
119 129
119 130
119 131
119 132
119 133
119 134
119 135
119 136
119 137
119 138
119 139
119 140
119 141
119 142
119 144
119 145
119 146
119 148
119 149
119 150
119 152
119 153
119 154
119 155
119 156
119 157
119 158
119 159
119 160
119 308
119 309
119 310
119 313
119 315
119 316
119 318
119 319
119 320
119 321
119 322
119 323
119 324
119 325
119 326
119 327
119 328
119 329
119 330
119 331
119 332
119 333
119 335
119 336
119 337
119 338
119 339
119 435
119 568
119 570
119 572
119 573
119 574
119 575
119 577
119 578
119 579
120 121
120 122
120 123
120 124
120 125
120 126
120 127
120 128
120 129
120 130
120 131
120 132
120 133
120 134
120 135
120 136
120 137
120 138
120 139
120 140
120 141
120 142
120 144
120 145
120 147
120 148
120 149
120 150
120 151
120 152
120 153
120 154
120 155
120 156
120 157
120 158
120 159
120 160
120 163
120 310
120 311
120 312
120 314
120 315
120 316
120 317
120 318
120 319
120 320
120 321
120 322
120 323
120 324
120 325
120 326
120 327
120 329
120 330
120 331
120 332
120 333
120 334
120 335
120 336
120 337
120 339
120 350
120 567
120 568
120 569
120 571
120 573
120 574
120 575
120 576
120 577
120 578
120 579
121 122
121 123
121 124
121 125
121 126
121 127
121 128
121 129
121 130
121 131
121 132
121 133
121 134
121 135
121 136
121 137
121 138
121 139
121 140
121 141
121 142
121 143
121 144
121 146
121 147
121 148
121 149
121 150
121 151
121 152
121 153
121 154
121 155
121 156
121 157
121 158
121 159
121 160
121 161
121 310
121 311
121 312
121 314
121 315
121 316
121 317
121 318
121 319
121 320
121 321
121 322
121 323
121 324
121 325
121 326
121 327
121 328
121 329
121 330
121 332
121 333
121 334
121 335
121 336
121 337
121 338
121 339
121 570
121 572
121 573
121 574
121 575
121 576
121 577
121 578
121 579
121 580
122 123
122 124
122 125
122 126
122 127
122 128
122 129
122 130
122 131
122 132
122 133
122 134
122 135
122 136
122 137
122 138
122 139
122 140
122 141
122 142
122 143
122 144
122 146
122 147
122 148
122 149
122 150
122 151
122 152
122 153
122 154
122 155
122 156
122 157
122 158
122 159
122 160
122 161
122 282
122 311
122 313
122 315
122 317
122 318
122 319
122 320
122 321
122 322
122 323
122 324
122 325
122 326
122 327
122 328
122 329
122 330
122 331
122 332
122 333
122 334
122 335
122 336
122 337
122 338
122 339
122 505
122 566
122 567
122 568
122 570
122 571
122 572
122 573
122 574
122 575
122 576
122 577
122 578
122 579
122 581
123 124
123 125
123 126
123 127
123 128
123 129
123 130
123 131
123 132
123 133
123 134
123 135
123 136
123 137
123 138
123 139
123 140
123 141
123 142
123 143
123 144
123 145
123 146
123 147
123 148
123 149
123 150
123 151
123 153
123 154
123 155
123 156
123 157
123 158
123 159
123 160
123 163
123 309
123 310
123 311
123 312
123 313
123 314
123 315
123 317
123 318
123 319
123 320
123 321
123 322
123 323
123 324
123 326
123 327
123 328
123 329
123 330
123 331
123 332
123 333
123 334
123 335
123 336
123 337
123 338
123 339
123 436
123 567
123 568
123 569
123 570
123 572
123 573
123 574
123 575
123 576
123 577
123 578
123 579
124 125
124 126
124 127
124 128
124 129
124 130
124 131
124 132
124 133
124 134
124 135
124 136
124 137
124 138
124 139
124 140
124 141
124 142
124 143
124 144
124 145
124 146
124 147
124 148
124 149
124 150
124 151
124 152
124 153
124 154
124 155
124 156
124 157
124 158
124 159
124 160
124 311
124 312
124 313
124 314
124 315
124 316
124 317
124 318
124 319
124 320
124 321
124 322
124 323
124 324
124 325
124 326
124 327
124 328
124 329
124 330
124 331
124 332
124 333
124 334
124 335
124 336
124 337
124 338
124 339
124 347
124 457
124 568
124 569
124 571
124 573
124 574
124 575
124 576
124 577
124 578
124 579
125 126
125 127
125 128
125 129
125 130
125 131
125 132
125 133
125 134
125 135
125 136
125 137
125 138
125 139
125 140
125 141
125 142
125 143
125 144
125 145
125 146
125 147
125 148
125 149
125 150
125 151
125 152
125 153
125 154
125 155
125 156
125 157
125 158
125 159
125 160
125 161
125 310
125 313
125 314
125 315
125 316
125 317
125 318
125 319
125 320
125 321
125 322
125 323
125 324
125 325
125 326
125 327
125 328
125 329
125 330
125 331
125 332
125 333
125 334
125 335
125 336
125 337
125 338
125 339
125 503
125 566
125 567
125 568
125 571
125 572
125 573
125 574
125 575
125 576
125 577
125 578
125 579
126 127
126 128
126 129
126 130
126 131
126 132
126 133
126 134
126 135
126 136
126 137
126 138
126 139
126 140
126 141
126 142
126 143
126 144
126 145
126 147
126 148
126 149
126 150
126 152
126 153
126 154
126 155
126 156
126 157
126 158
126 159
126 160
126 161
126 259
126 310
126 313
126 314
126 316
126 318
126 319
126 320
126 321
126 322
126 323
126 324
126 325
126 326
126 327
126 328
126 329
126 330
126 331
126 332
126 333
126 334
126 335
126 336
126 337
126 338
126 339
126 568
126 569
126 573
126 574
126 575
126 576
126 577
126 578
126 579
126 580
127 128
127 129
127 130
127 131
127 132
127 133
127 134
127 135
127 136
127 137
127 138
127 139
127 140
127 141
127 142
127 143
127 144
127 146
127 147
127 149
127 150
127 151
127 153
127 154
127 155
127 156
127 157
127 158
127 159
127 160
127 307
127 309
127 310
127 312
127 314
127 315
127 316
127 317
127 318
127 320
127 321
127 322
127 323
127 324
127 325
127 326
127 327
127 328
127 329
127 330
127 331
127 332
127 333
127 334
127 335
127 336
127 337
127 338
127 339
127 340
127 341
127 356
127 482
127 567
127 570
127 571
127 572
127 573
127 574
127 575
127 576
127 577
127 578
127 579
127 580
128 129
128 130
128 131
128 132
128 133
128 134
128 135
128 136
128 137
128 138
128 139
128 140
128 141
128 142
128 143
128 144
128 145
128 146
128 147
128 148
128 149
128 150
128 151
128 152
128 153
128 154
128 155
128 156
128 157
128 158
128 159
128 160
128 311
128 312
128 314
128 316
128 317
128 318
128 319
128 320
128 321
128 322
128 323
128 324
128 325
128 326
128 327
128 328
128 329
128 330
128 331
128 332
128 333
128 334
128 335
128 336
128 337
128 338
128 339
128 340
128 434
128 568
128 571
128 573
128 574
128 575
128 576
128 577
128 578
128 579
129 130
129 131
129 132
129 133
129 134
129 135
129 136
129 137
129 138
129 139
129 140
129 141
129 142
129 143
129 144
129 146
129 147
129 148
129 149
129 150
129 151
129 152
129 153
129 154
129 155
129 156
129 157
129 158
129 159
129 160
129 204
129 260
129 309
129 310
129 312
129 313
129 314
129 315
129 316
129 317
129 318
129 319
129 320
129 321
129 322
129 323
129 324
129 325
129 326
129 327
129 328
129 329
129 330
129 331
129 332
129 333
129 334
129 335
129 336
129 337
129 338
129 339
129 566
129 568
129 569
129 570
129 572
129 573
129 575
129 576
129 577
129 578
129 579
130 131
130 132
130 133
130 134
130 135
130 136
130 137
130 138
130 139
130 140
130 141
130 142
130 143
130 144
130 145
130 146
130 147
130 148
130 149
130 150
130 151
130 152
130 153
130 154
130 155
130 156
130 157
130 158
130 159
130 160
130 309
130 312
130 313
130 314
130 315
130 316
130 317
130 318
130 319
130 320
130 321
130 322
130 323
130 324
130 325
130 326
130 327
130 328
130 329
130 330
130 331
130 332
130 333
130 334
130 335
130 336
130 337
130 338
130 339
130 340
130 346
130 566
130 567
130 569
130 571
130 572
130 573
130 574
130 575
130 576
130 577
130 578
130 579
131 132
131 133
131 134
131 135
131 136
131 137
131 138
131 139
131 140
131 141
131 142
131 143
131 144
131 145
131 146
131 147
131 148
131 149
131 150
131 151
131 152
131 153
131 154
131 155
131 156
131 157
131 158
131 159
131 160
131 232
131 309
131 310
131 311
131 312
131 313
131 314
131 315
131 316
131 317
131 318
131 319
131 320
131 321
131 322
131 323
131 324
131 325
131 326
131 327
131 328
131 329
131 330
131 331
131 332
131 333
131 334
131 335
131 336
131 337
131 338
131 339
131 435
131 568
131 569
131 573
131 576
131 577
131 578
131 579
131 632
132 133
132 134
132 135
132 136
132 137
132 138
132 139
132 140
132 141
132 142
132 143
132 144
132 145
132 147
132 148
132 149
132 150
132 151
132 153
132 154
132 155
132 156
132 157
132 158
132 159
132 160
132 161
132 310
132 311
132 313
132 314
132 315
132 316
132 317
132 318
132 319
132 320
132 321
132 322
132 323
132 324
132 325
132 326
132 327
132 328
132 329
132 330
132 331
132 332
132 333
132 334
132 335
132 336
132 337
132 338
132 339
132 395
132 566
132 567
132 570
132 571
132 572
132 574
132 575
132 576
132 577
132 578
132 579
133 134
133 135
133 136
133 137
133 138
133 139
133 140
133 141
133 142
133 143
133 144
133 145
133 146
133 148
133 149
133 150
133 151
133 152
133 153
133 154
133 155
133 156
133 157
133 158
133 159
133 160
133 161
133 309
133 310
133 311
133 312
133 313
133 315
133 316
133 317
133 318
133 319
133 320
133 321
133 322
133 323
133 324
133 325
133 326
133 327
133 328
133 329
133 330
133 331
133 332
133 333
133 334
133 335
133 336
133 337
133 338
133 339
133 505
133 522
133 544
133 567
133 570
133 571
133 572
133 573
133 574
133 575
133 576
133 577
133 578
133 579
134 135
134 136
134 137
134 138
134 139
134 140
134 141
134 142
134 143
134 144
134 145
134 146
134 147
134 148
134 150
134 151
134 152
134 153
134 154
134 155
134 156
134 157
134 158
134 159
134 160
134 307
134 310
134 313
134 314
134 315
134 316
134 317
134 318
134 319
134 321
134 322
134 323
134 324
134 325
134 326
134 327
134 328
134 329
134 330
134 331
134 332
134 333
134 334
134 335
134 336
134 337
134 338
134 339
134 381
134 568
134 570
134 571
134 572
134 574
134 575
134 576
134 577
134 578
134 579
134 580
135 136
135 137
135 138
135 139
135 140
135 141
135 142
135 143
135 144
135 145
135 146
135 147
135 148
135 149
135 151
135 152
135 153
135 154
135 155
135 156
135 157
135 158
135 159
135 160
135 161
135 162
135 200
135 245
135 301
135 308
135 310
135 311
135 313
135 314
135 315
135 317
135 318
135 319
135 320
135 321
135 322
135 323
135 324
135 325
135 326
135 327
135 328
135 329
135 330
135 331
135 332
135 333
135 334
135 335
135 336
135 337
135 338
135 339
135 340
135 394
135 504
135 524
135 568
135 570
135 572
135 573
135 574
135 575
135 576
135 577
135 578
135 579
135 580
135 631
136 137
136 138
136 139
136 140
136 141
136 142
136 143
136 144
136 145
136 146
136 147
136 148
136 150
136 151
136 152
136 153
136 154
136 155
136 156
136 157
136 158
136 159
136 160
136 161
136 162
136 310
136 311
136 312
136 314
136 315
136 316
136 317
136 318
136 319
136 320
136 321
136 322
136 323
136 324
136 325
136 326
136 327
136 328
136 329
136 330
136 331
136 332
136 333
136 334
136 335
136 336
136 337
136 338
136 339
136 340
136 524
136 571
136 573
136 574
136 575
136 576
136 577
136 578
136 579
136 581
137 138
137 139
137 140
137 141
137 142
137 143
137 144
137 145
137 146
137 147
137 148
137 150
137 151
137 152
137 153
137 154
137 155
137 156
137 157
137 158
137 159
137 160
137 260
137 282
137 310
137 312
137 313
137 314
137 316
137 317
137 318
137 319
137 320
137 321
137 322
137 323
137 324
137 325
137 326
137 327
137 328
137 329
137 330
137 331
137 332
137 333
137 334
137 335
137 336
137 337
137 338
137 339
137 359
137 397
137 410
137 460
137 504
137 567
137 570
137 572
137 573
137 574
137 575
137 577
137 578
137 579
137 580
137 632
138 139
138 140
138 141
138 142
138 143
138 144
138 145
138 148
138 149
138 150
138 151
138 152
138 153
138 154
138 155
138 156
138 157
138 158
138 159
138 160
138 161
138 162
138 236
138 260
138 269
138 309
138 311
138 312
138 313
138 315
138 316
138 317
138 318
138 319
138 320
138 321
138 322
138 323
138 324
138 325
138 326
138 327
138 328
138 329
138 330
138 331
138 332
138 333
138 334
138 335
138 336
138 337
138 338
138 339
138 438
138 457
138 524
138 525
138 569
138 570
138 571
138 572
138 573
138 574
138 575
138 576
138 577
138 578
138 579
138 580
138 581
139 140
139 141
139 142
139 143
139 144
139 145
139 146
139 147
139 148
139 149
139 150
139 151
139 152
139 153
139 154
139 155
139 156
139 157
139 158
139 159
139 160
139 161
139 162
139 163
139 181
139 233
139 268
139 272
139 284
139 310
139 311
139 312
139 313
139 316
139 317
139 318
139 319
139 320
139 321
139 322
139 323
139 324
139 325
139 326
139 327
139 328
139 329
139 330
139 331
139 332
139 333
139 334
139 335
139 336
139 337
139 338
139 339
139 340
139 341
139 342
139 347
139 402
139 435
139 451
139 457
139 461
139 470
139 483
139 491
139 506
139 568
139 570
139 571
139 572
139 574
139 576
139 577
139 578
139 579
139 580
139 581
139 602
139 634
140 141
140 142
140 143
140 144
140 145
140 146
140 149
140 150
140 151
140 152
140 153
140 154
140 155
140 156
140 157
140 158
140 159
140 160
140 161
140 167
140 205
140 232
140 233
140 234
140 262
140 283
140 299
140 308
140 310
140 311
140 312
140 313
140 315
140 316
140 317
140 318
140 319
140 320
140 321
140 322
140 323
140 324
140 325
140 326
140 327
140 328
140 329
140 330
140 331
140 332
140 333
140 334
140 335
140 336
140 337
140 338
140 339
140 340
140 410
140 436
140 458
140 482
140 503
140 505
140 545
140 561
140 568
140 569
140 570
140 572
140 573
140 574
140 575
140 576
140 577
140 578
140 581
140 633
141 142
141 143
141 144
141 145
141 147
141 148
141 149
141 150
141 151
141 152
141 153
141 154
141 155
141 156
141 157
141 158
141 159
141 160
141 161
141 162
141 163
141 189
141 208
141 222
141 261
141 285
141 308
141 309
141 312
141 313
141 315
141 316
141 317
141 318
141 319
141 320
141 321
141 322
141 323
141 324
141 325
141 326
141 327
141 328
141 329
141 330
141 331
141 332
141 333
141 334
141 335
141 336
141 337
141 338
141 339
141 340
141 348
141 376
141 378
141 379
141 436
141 459
141 490
141 502
141 569
141 570
141 571
141 572
141 573
141 574
141 575
141 576
141 577
141 578
141 579
141 580
141 581
141 582
142 143
142 144
142 145
142 146
142 147
142 148
142 149
142 150
142 151
142 152
142 153
142 154
142 155
142 156
142 157
142 158
142 159
142 160
142 161
142 223
142 235
142 263
142 272
142 283
142 308
142 311
142 313
142 314
142 315
142 316
142 317
142 318
142 319
142 320
142 321
142 322
142 323
142 324
142 325
142 326
142 327
142 328
142 329
142 330
142 331
142 332
142 333
142 334
142 335
142 336
142 337
142 338
142 339
142 340
142 341
142 359
142 437
142 483
142 507
142 568
142 569
142 571
142 572
142 573
142 574
142 575
142 576
142 577
142 578
142 579
142 580
142 582
143 144
143 145
143 146
143 147
143 148
143 149
143 150
143 151
143 152
143 153
143 154
143 155
143 156
143 157
143 158
143 159
143 160
143 162
143 164
143 206
143 208
143 309
143 313
143 314
143 315
143 316
143 317
143 318
143 319
143 320
143 321
143 322
143 323
143 324
143 325
143 326
143 327
143 328
143 329
143 330
143 331
143 332
143 333
143 334
143 335
143 336
143 337
143 338
143 339
143 340
143 375
143 493
143 566
143 567
143 568
143 569
143 570
143 571
143 572
143 573
143 574
143 575
143 576
143 577
143 578
143 579
144 145
144 146
144 147
144 148
144 149
144 150
144 151
144 152
144 153
144 154
144 155
144 156
144 157
144 158
144 159
144 160
144 161
144 312
144 315
144 317
144 318
144 319
144 320
144 321
144 322
144 323
144 324
144 325
144 326
144 327
144 328
144 329
144 330
144 331
144 332
144 333
144 334
144 335
144 336
144 337
144 338
144 339
144 526
144 568
144 570
144 572
144 573
144 574
144 575
144 577
144 578
144 579
144 581
145 146
145 147
145 148
145 150
145 153
145 154
145 155
145 156
145 157
145 158
145 159
145 160
145 161
145 298
145 308
145 309
145 310
145 311
145 313
145 315
145 316
145 317
145 318
145 319
145 320
145 321
145 322
145 323
145 324
145 325
145 326
145 328
145 329
145 331
145 332
145 333
145 334
145 335
145 336
145 337
145 338
145 339
145 434
145 567
145 569
145 572
145 573
145 574
145 575
145 576
145 577
145 578
145 579
145 580
146 147
146 150
146 151
146 152
146 153
146 155
146 156
146 159
146 160
146 306
146 307
146 310
146 312
146 313
146 314
146 315
146 316
146 317
146 318
146 319
146 320
146 321
146 322
146 324
146 326
146 327
146 328
146 330
146 332
146 333
146 334
146 335
146 336
146 337
146 338
146 339
146 341
146 377
146 524
146 568
146 569
146 571
146 572
146 573
146 574
146 575
146 576
146 577
146 578
146 579
146 635
147 148
147 149
147 151
147 152
147 153
147 154
147 155
147 156
147 157
147 158
147 159
147 308
147 310
147 312
147 314
147 315
147 316
147 317
147 318
147 319
147 321
147 322
147 323
147 324
147 326
147 327
147 328
147 329
147 330
147 331
147 332
147 333
147 334
147 335
147 336
147 337
147 338
147 339
147 571
147 572
147 573
147 575
147 576
147 577
147 579
148 149
148 150
148 151
148 152
148 153
148 154
148 155
148 156
148 157
148 158
148 159
148 309
148 314
148 315
148 316
148 318
148 319
148 320
148 321
148 323
148 324
148 325
148 326
148 327
148 329
148 330
148 331
148 332
148 333
148 334
148 335
148 337
148 338
148 339
148 373
148 568
148 569
148 570
148 571
148 572
148 573
148 574
148 575
148 576
148 577
148 578
148 579
149 150
149 151
149 152
149 153
149 154
149 155
149 156
149 157
149 158
149 159
149 160
149 162
149 310
149 312
149 314
149 315
149 316
149 317
149 318
149 319
149 320
149 321
149 322
149 324
149 325
149 327
149 328
149 329
149 331
149 332
149 333
149 334
149 335
149 336
149 337
149 338
149 339
149 570
149 572
149 573
149 574
149 575
149 576
149 577
149 578
149 579
149 591
150 151
150 152
150 153
150 154
150 155
150 156
150 158
150 159
150 160
150 310
150 311
150 312
150 313
150 314
150 316
150 317
150 318
150 319
150 320
150 321
150 322
150 323
150 324
150 325
150 327
150 328
150 329
150 331
150 332
150 333
150 334
150 335
150 336
150 337
150 338
150 339
150 340
150 568
150 569
150 570
150 571
150 572
150 573
150 574
150 575
150 576
150 577
150 578
151 152
151 153
151 154
151 155
151 156
151 157
151 158
151 159
151 307
151 311
151 313
151 314
151 315
151 316
151 317
151 318
151 319
151 320
151 321
151 322
151 323
151 324
151 325
151 326
151 327
151 328
151 329
151 330
151 331
151 332
151 333
151 334
151 335
151 336
151 337
151 338
151 339
151 340
151 567
151 569
151 570
151 571
151 572
151 574
151 575
151 577
151 578
151 579
152 153
152 154
152 155
152 156
152 157
152 158
152 159
152 160
152 161
152 308
152 310
152 311
152 312
152 313
152 314
152 315
152 316
152 317
152 318
152 319
152 320
152 321
152 322
152 323
152 324
152 325
152 326
152 327
152 328
152 329
152 330
152 331
152 332
152 333
152 334
152 335
152 336
152 337
152 338
152 567
152 570
152 571
152 573
152 574
152 575
152 576
152 577
152 578
152 579
152 580
153 154
153 155
153 156
153 157
153 158
153 159
153 160
153 309
153 311
153 312
153 313
153 314
153 315
153 316
153 317
153 318
153 319
153 320
153 321
153 322
153 323
153 324
153 325
153 326
153 328
153 329
153 330
153 331
153 332
153 333
153 334
153 335
153 336
153 337
153 338
153 339
153 342
153 567
153 573
153 574
153 575
153 576
153 577
153 578
153 579
154 155
154 156
154 157
154 158
154 159
154 160
154 311
154 312
154 313
154 316
154 317
154 318
154 319
154 320
154 321
154 322
154 323
154 324
154 325
154 326
154 327
154 328
154 329
154 330
154 331
154 332
154 333
154 334
154 335
154 336
154 337
154 338
154 339
154 340
154 506
154 566
154 567
154 569
154 570
154 571
154 572
154 573
154 574
154 575
154 576
154 577
154 578
154 579
154 580
155 156
155 157
155 158
155 159
155 160
155 161
155 307
155 309
155 310
155 312
155 313
155 315
155 316
155 317
155 318
155 319
155 320
155 321
155 322
155 323
155 324
155 325
155 326
155 327
155 328
155 329
155 330
155 331
155 332
155 333
155 334
155 335
155 336
155 337
155 338
155 339
155 386
155 568
155 569
155 570
155 571
155 572
155 574
155 575
155 576
155 577
155 578
155 579
156 157
156 158
156 159
156 160
156 161
156 307
156 309
156 310
156 311
156 312
156 314
156 315
156 316
156 317
156 319
156 320
156 321
156 322
156 323
156 324
156 325
156 326
156 327
156 328
156 329
156 330
156 331
156 332
156 333
156 334
156 335
156 336
156 337
156 338
156 339
156 567
156 568
156 569
156 570
156 571
156 572
156 573
156 575
156 576
156 577
156 578
156 579
157 158
157 159
157 160
157 162
157 199
157 307
157 310
157 312
157 313
157 314
157 315
157 317
157 318
157 319
157 320
157 321
157 322
157 323
157 324
157 325
157 326
157 327
157 328
157 329
157 330
157 331
157 332
157 333
157 334
157 335
157 336
157 337
157 338
157 339
157 435
157 569
157 571
157 572
157 573
157 575
157 577
157 578
157 579
158 159
158 160
158 161
158 310
158 311
158 313
158 314
158 317
158 318
158 319
158 320
158 321
158 322
158 323
158 324
158 325
158 326
158 327
158 328
158 329
158 330
158 331
158 332
158 333
158 334
158 335
158 336
158 337
158 338
158 339
158 567
158 569
158 570
158 571
158 572
158 573
158 574
158 575
158 576
158 577
158 578
158 579
159 160
159 177
159 309
159 311
159 312
159 313
159 314
159 315
159 316
159 317
159 318
159 319
159 320
159 321
159 322
159 323
159 324
159 325
159 326
159 327
159 328
159 329
159 330
159 331
159 332
159 333
159 334
159 335
159 336
159 337
159 338
159 339
159 346
159 504
159 568
159 569
159 570
159 572
159 573
159 574
159 575
159 576
159 577
159 578
159 579
160 310
160 311
160 312
160 313
160 316
160 318
160 319
160 320
160 321
160 322
160 324
160 325
160 326
160 327
160 328
160 329
160 330
160 331
160 333
160 334
160 335
160 336
160 337
160 338
160 339
160 568
160 571
160 572
160 573
160 574
160 575
160 576
160 577
160 578
160 579
161 315
161 316
161 324
161 326
161 327
161 328
161 331
161 332
161 333
161 334
161 335
161 336
161 337
161 338
161 339
161 577
161 579
162 323
162 335
162 337
162 338
162 339
163 284
163 338
164 335
164 344
165 583
180 338
190 412
191 298
192 333
192 338
193 341
205 336
207 338
209 210
210 340
222 310
224 336
225 343
232 334
234 334
238 328
238 333
239 334
239 340
246 625
252 358
260 330
261 334
262 338
263 570
263 582
264 582
265 439
268 331
269 337
269 340
269 435
271 338
278 336
279 583
283 338
286 438
292 335
296 324
296 334
296 336
297 338
298 323
300 339
307 327
307 328
307 329
307 331
307 339
308 310
308 314
308 315
308 317
308 320
308 321
308 322
308 324
308 566
308 569
308 574
308 575
308 579
309 314
309 316
309 317
309 318
309 319
309 321
309 322
309 324
309 329
309 330
309 331
309 335
309 336
309 337
309 567
309 569
309 571
309 572
309 573
309 576
309 577
309 578
309 579
310 311
310 314
310 315
310 316
310 317
310 319
310 320
310 321
310 322
310 323
310 324
310 326
310 331
310 332
310 333
310 334
310 335
310 336
310 337
310 339
310 340
310 569
310 576
310 577
310 579
311 312
311 313
311 315
311 319
311 325
311 330
311 332
311 333
311 336
311 337
311 567
311 569
311 570
311 572
311 574
311 575
311 576
311 578
312 313
312 314
312 315
312 316
312 317
312 318
312 319
312 321
312 323
312 324
312 325
312 327
312 328
312 329
312 330
312 331
312 333
312 334
312 335
312 336
312 567
312 568
312 569
312 570
312 571
312 573
312 574
312 575
312 576
312 577
312 578
313 314
313 315
313 316
313 317
313 318
313 320
313 322
313 323
313 324
313 325
313 326
313 327
313 328
313 329
313 330
313 332
313 337
313 338
313 339
313 569
313 570
313 571
313 573
313 574
313 575
313 576
313 578
313 579
314 315
314 316
314 317
314 318
314 319
314 321
314 323
314 324
314 325
314 326
314 327
314 328
314 331
314 332
314 334
314 335
314 336
314 337
314 338
314 567
314 568
314 571
314 572
314 573
314 574
314 575
314 576
314 578
314 632
315 316
315 317
315 318
315 319
315 320
315 322
315 323
315 324
315 325
315 326
315 327
315 328
315 329
315 330
315 331
315 332
315 333
315 334
315 336
315 337
315 338
315 567
315 568
315 569
315 570
315 572
315 573
315 574
315 575
315 576
315 577
315 579
316 317
316 318
316 319
316 320
316 321
316 322
316 323
316 324
316 326
316 327
316 328
316 330
316 331
316 332
316 333
316 334
316 335
316 336
316 337
316 338
316 339
316 567
316 568
316 570
316 573
316 574
316 575
316 576
316 577
316 578
316 579
317 318
317 319
317 320
317 321
317 322
317 323
317 324
317 325
317 326
317 327
317 328
317 329
317 331
317 332
317 333
317 334
317 335
317 336
317 337
317 338
317 339
317 569
317 571
317 572
317 573
317 574
317 575
317 576
317 577
317 578
317 579
318 319
318 320
318 321
318 322
318 323
318 324
318 325
318 326
318 328
318 329
318 330
318 331
318 332
318 333
318 334
318 335
318 336
318 337
318 338
318 568
318 570
318 571
318 572
318 573
318 574
318 576
318 577
318 578
318 579
319 320
319 321
319 322
319 323
319 324
319 325
319 326
319 327
319 328
319 329
319 330
319 331
319 332
319 333
319 334
319 335
319 336
319 337
319 338
319 568
319 569
319 571
319 572
319 573
319 574
319 575
319 576
319 577
319 578
319 579
320 321
320 322
320 323
320 324
320 325
320 326
320 327
320 328
320 329
320 330
320 331
320 332
320 333
320 334
320 335
320 336
320 337
320 338
320 339
320 393
320 568
320 569
320 570
320 571
320 573
320 574
320 575
320 576
320 577
320 578
320 579
321 322
321 323
321 324
321 325
321 326
321 327
321 328
321 329
321 330
321 331
321 332
321 333
321 334
321 335
321 336
321 337
321 338
321 339
321 373
321 566
321 570
321 571
321 572
321 573
321 574
321 576
321 577
321 578
321 579
322 323
322 324
322 325
322 326
322 327
322 328
322 329
322 330
322 331
322 332
322 333
322 334
322 335
322 336
322 337
322 338
322 502
322 568
322 570
322 571
322 572
322 573
322 574
322 575
322 576
322 577
322 578
322 579
322 580
323 324
323 325
323 326
323 327
323 328
323 329
323 330
323 331
323 332
323 333
323 334
323 335
323 336
323 337
323 338
323 339
323 340
323 569
323 570
323 571
323 573
323 574
323 575
323 576
323 577
323 578
323 579
324 325
324 326
324 327
324 328
324 329
324 330
324 331
324 332
324 333
324 334
324 335
324 336
324 337
324 338
324 339
324 340
324 567
324 568
324 570
324 571
324 572
324 573
324 574
324 576
324 577
324 578
324 579
324 581
325 326
325 327
325 328
325 329
325 330
325 331
325 332
325 333
325 334
325 335
325 336
325 337
325 338
325 339
325 503
325 569
325 570
325 571
325 572
325 573
325 574
325 575
325 576
325 577
325 578
326 327
326 328
326 329
326 330
326 331
326 332
326 333
326 334
326 335
326 336
326 337
326 338
326 339
326 567
326 568
326 570
326 571
326 572
326 573
326 574
326 575
326 576
326 577
326 578
327 328
327 329
327 330
327 331
327 332
327 333
327 334
327 335
327 336
327 337
327 338
327 339
327 374
327 434
327 456
327 458
327 504
327 568
327 569
327 571
327 572
327 573
327 574
327 575
327 576
327 578
327 580
328 329
328 330
328 331
328 332
328 333
328 334
328 335
328 336
328 337
328 338
328 339
328 376
328 504
328 569
328 570
328 571
328 573
328 574
328 575
328 576
328 577
328 578
328 579
329 330
329 331
329 332
329 333
329 334
329 335
329 336
329 337
329 338
329 339
329 340
329 567
329 569
329 571
329 573
329 574
329 575
329 576
329 577
329 578
329 579
330 331
330 332
330 333
330 334
330 335
330 336
330 337
330 338
330 339
330 340
330 521
330 567
330 568
330 569
330 570
330 571
330 572
330 573
330 574
330 575
330 576
330 577
330 578
330 579
330 580
331 332
331 333
331 334
331 335
331 336
331 337
331 338
331 339
331 340
331 377
331 435
331 566
331 569
331 570
331 571
331 572
331 573
331 574
331 575
331 576
331 577
331 578
331 579
331 633
332 333
332 334
332 335
332 336
332 337
332 338
332 339
332 340
332 503
332 525
332 568
332 569
332 571
332 572
332 573
332 575
332 576
332 577
332 578
332 579
332 580
333 334
333 335
333 336
333 337
333 338
333 339
333 361
333 373
333 567
333 568
333 569
333 570
333 572
333 574
333 575
333 576
333 577
333 578
333 579
333 580
333 598
334 335
334 336
334 337
334 338
334 339
334 340
334 460
334 493
334 566
334 568
334 569
334 570
334 572
334 573
334 574
334 576
334 577
334 579
335 336
335 337
335 338
335 339
335 340
335 377
335 506
335 567
335 568
335 569
335 570
335 571
335 572
335 573
335 574
335 575
335 576
335 577
335 578
335 579
335 580
335 589
335 597
336 337
336 338
336 339
336 375
336 378
336 436
336 450
336 458
336 505
336 567
336 568
336 572
336 574
336 575
336 576
336 577
336 578
336 579
337 338
337 339
337 340
337 357
337 373
337 476
337 478
337 506
337 567
337 570
337 571
337 572
337 573
337 574
337 576
337 577
337 578
337 590
338 339
338 340
338 341
338 414
338 436
338 477
338 492
338 506
338 568
338 570
338 573
338 574
338 575
338 576
338 577
338 578
338 579
338 580
338 581
338 623
339 437
339 494
339 508
339 569
339 570
339 571
339 573
339 574
339 575
339 576
339 577
339 578
339 579
339 633
340 436
341 399
341 634
342 462
358 574
411 471
415 507
437 522
457 576
461 571
461 582
480 578
481 578
509 532
523 579
549 635
566 574
566 575
566 578
566 579
567 569
567 571
567 574
567 577
567 578
567 579
568 569
568 570
568 571
568 572
568 573
569 570
569 571
569 574
569 576
569 578
569 579
570 571
570 572
570 573
570 575
570 576
570 577
570 579
571 572
571 573
571 575
571 576
571 577
572 573
572 574
572 575
572 576
572 577
572 578
572 579
572 580
573 574
573 576
573 577
573 578
573 579
574 575
574 576
574 577
574 578
574 579
575 576
575 577
575 578
575 579
575 580
576 577
576 578
576 579
577 578
577 579
578 579
