3 32
3 97
3 230
3 254
3 422
4 35
4 36
4 39
4 41
4 227
4 228
4 236
4 237
4 245
4 249
4 255
4 257
4 355
4 357
4 358
4 426
4 438
4 472
4 624
5 236
5 239
5 243
5 248
5 250
5 252
5 255
5 306
5 350
5 352
5 355
5 419
5 424
5 433
5 434
5 444
5 467
5 475
5 476
6 31
6 35
6 39
6 243
6 246
6 249
6 252
6 254
6 431
6 435
6 444
6 469
6 478
7 31
7 246
7 249
7 250
7 251
7 252
7 253
7 357
8 250
8 251
8 253
8 616
9 168
9 172
21 253
27 352
27 425
28 29
28 97
28 238
28 244
28 253
28 351
28 354
28 420
28 426
28 428
28 430
28 447
28 466
28 471
28 472
28 480
28 623
29 32
29 34
29 35
29 36
29 41
29 42
29 44
29 45
29 90
29 92
29 95
29 98
29 228
29 230
29 232
29 238
29 239
29 240
29 242
29 249
29 253
29 254
29 255
29 256
29 346
29 348
29 349
29 350
29 354
29 355
29 426
29 427
29 428
29 443
29 470
29 471
29 474
29 475
29 476
29 628
30 31
30 37
30 40
30 41
30 44
30 88
30 90
30 94
30 95
30 96
30 97
30 98
30 100
30 226
30 228
30 229
30 230
30 235
30 237
30 239
30 240
30 241
30 243
30 244
30 245
30 246
30 247
30 248
30 249
30 253
30 254
30 257
30 303
30 306
30 350
30 351
30 353
30 359
30 418
30 419
30 422
30 426
30 428
30 431
30 433
30 438
30 441
30 445
30 446
30 470
30 473
30 474
30 475
30 476
30 477
30 479
30 626
30 628
30 629
31 32
31 37
31 39
31 44
31 45
31 46
31 91
31 96
31 97
31 100
31 228
31 229
31 231
31 234
31 235
31 236
31 237
31 240
31 241
31 246
31 249
31 250
31 252
31 255
31 256
31 303
31 305
31 306
31 350
31 351
31 353
31 356
31 419
31 420
31 422
31 423
31 425
31 426
31 429
31 431
31 432
31 434
31 436
31 437
31 442
31 446
31 467
31 470
31 472
31 475
31 476
31 477
31 479
31 481
31 623
31 624
31 625
31 626
31 627
31 628
32 34
32 36
32 37
32 38
32 39
32 40
32 42
32 43
32 90
32 91
32 92
32 93
32 94
32 98
32 100
32 228
32 229
32 231
32 232
32 234
32 235
32 239
32 241
32 243
32 244
32 245
32 246
32 248
32 250
32 251
32 253
32 254
32 255
32 260
32 304
32 349
32 351
32 353
32 354
32 355
32 356
32 357
32 359
32 417
32 419
32 421
32 422
32 425
32 426
32 428
32 432
32 436
32 437
32 439
32 441
32 442
32 443
32 444
32 445
32 446
32 447
32 467
32 470
32 473
32 474
32 475
32 476
32 477
32 478
32 479
32 480
32 624
33 34
33 39
33 41
33 43
33 44
33 90
33 92
33 94
33 97
33 98
33 99
33 100
33 227
33 230
33 231
33 232
33 234
33 238
33 239
33 240
33 241
33 243
33 244
33 245
33 246
33 248
33 250
33 251
33 252
33 254
33 255
33 256
33 299
33 301
33 302
33 304
33 306
33 349
33 350
33 351
33 352
33 353
33 354
33 355
33 356
33 357
33 420
33 421
33 422
33 423
33 425
33 426
33 427
33 428
33 429
33 430
33 432
33 433
33 434
33 436
33 438
33 439
33 441
33 442
33 443
33 445
33 447
33 471
33 472
33 473
33 474
33 475
33 476
33 478
33 479
33 480
33 629
34 35
34 36
34 38
34 40
34 41
34 42
34 43
34 44
34 91
34 93
34 94
34 95
34 96
34 98
34 99
34 101
34 108
34 228
34 229
34 233
34 234
34 235
34 237
34 238
34 239
34 240
34 241
34 242
34 243
34 244
34 245
34 246
34 247
34 248
34 249
34 250
34 251
34 252
34 253
34 254
34 255
34 256
34 301
34 302
34 303
34 305
34 306
34 349
34 351
34 352
34 353
34 354
34 357
34 358
34 359
34 419
34 422
34 424
34 425
34 427
34 428
34 429
34 430
34 431
34 432
34 433
34 434
34 436
34 437
34 438
34 439
34 440
34 441
34 442
34 443
34 444
34 445
34 447
34 466
34 467
34 468
34 469
34 472
34 473
34 474
34 476
34 478
34 479
34 480
34 481
34 623
34 624
34 628
34 629
35 36
35 37
35 38
35 39
35 42
35 43
35 44
35 45
35 89
35 92
35 93
35 94
35 96
35 97
35 98
35 99
35 102
35 228
35 229
35 230
35 231
35 232
35 233
35 235
35 236
35 237
35 239
35 240
35 241
35 243
35 244
35 245
35 246
35 247
35 248
35 249
35 250
35 252
35 253
35 254
35 255
35 256
35 257
35 299
35 301
35 303
35 304
35 305
35 346
35 349
35 351
35 352
35 353
35 354
35 355
35 357
35 358
35 359
35 421
35 422
35 423
35 424
35 425
35 426
35 427
35 428
35 430
35 432
35 433
35 434
35 435
35 437
35 438
35 439
35 440
35 441
35 442
35 444
35 445
35 446
35 470
35 471
35 473
35 474
35 475
35 476
35 477
35 478
35 479
35 480
35 625
35 626
35 627
35 628
36 37
36 38
36 39
36 40
36 41
36 42
36 43
36 44
36 45
36 90
36 92
36 93
36 95
36 96
36 97
36 98
36 99
36 100
36 229
36 230
36 231
36 236
36 237
36 238
36 239
36 240
36 241
36 242
36 243
36 244
36 245
36 246
36 247
36 248
36 249
36 250
36 251
36 252
36 253
36 254
36 255
36 256
36 257
36 304
36 305
36 345
36 348
36 351
36 352
36 353
36 354
36 356
36 357
36 358
36 359
36 417
36 418
36 420
36 422
36 424
36 425
36 426
36 427
36 428
36 429
36 430
36 431
36 432
36 433
36 434
36 435
36 436
36 438
36 439
36 440
36 442
36 443
36 444
36 445
36 446
36 466
36 469
36 470
36 471
36 472
36 473
36 474
36 476
36 477
36 479
36 480
36 481
36 482
36 624
36 626
36 627
36 628
37 38
37 39
37 40
37 41
37 42
37 43
37 44
37 45
37 90
37 92
37 93
37 94
37 95
37 96
37 97
37 98
37 99
37 100
37 232
37 233
37 234
37 235
37 236
37 237
37 239
37 240
37 241
37 242
37 243
37 244
37 245
37 246
37 247
37 248
37 250
37 251
37 252
37 254
37 255
37 256
37 301
37 302
37 305
37 306
37 348
37 351
37 352
37 354
37 355
37 356
37 357
37 358
37 359
37 360
37 417
37 419
37 421
37 422
37 423
37 424
37 425
37 426
37 427
37 428
37 429
37 430
37 431
37 432
37 433
37 434
37 435
37 437
37 438
37 440
37 442
37 443
37 444
37 445
37 446
37 447
37 466
37 468
37 469
37 470
37 471
37 473
37 474
37 475
37 477
37 479
37 480
37 481
37 623
37 624
37 625
37 627
37 629
38 39
38 40
38 41
38 42
38 43
38 44
38 45
38 88
38 92
38 94
38 95
38 96
38 97
38 98
38 99
38 100
38 228
38 229
38 231
38 233
38 234
38 235
38 236
38 237
38 238
38 239
38 240
38 241
38 242
38 243
38 244
38 245
38 246
38 247
38 248
38 249
38 250
38 252
38 253
38 254
38 255
38 256
38 258
38 302
38 303
38 304
38 305
38 307
38 349
38 351
38 354
38 355
38 356
38 357
38 358
38 359
38 420
38 421
38 422
38 423
38 424
38 425
38 426
38 427
38 428
38 429
38 430
38 431
38 432
38 433
38 434
38 435
38 437
38 438
38 439
38 440
38 441
38 442
38 443
38 444
38 445
38 446
38 447
38 471
38 472
38 473
38 474
38 475
38 477
38 478
38 479
38 480
38 481
38 625
38 626
38 627
38 628
38 629
39 40
39 41
39 42
39 43
39 44
39 45
39 90
39 91
39 95
39 96
39 97
39 98
39 99
39 102
39 228
39 232
39 233
39 234
39 235
39 236
39 237
39 238
39 239
39 240
39 241
39 242
39 243
39 244
39 245
39 246
39 247
39 248
39 249
39 250
39 251
39 252
39 253
39 254
39 255
39 256
39 257
39 301
39 304
39 306
39 349
39 350
39 351
39 352
39 353
39 354
39 355
39 356
39 357
39 358
39 359
39 360
39 370
39 422
39 423
39 424
39 425
39 426
39 427
39 428
39 429
39 430
39 431
39 434
39 435
39 436
39 437
39 438
39 439
39 440
39 441
39 442
39 444
39 445
39 446
39 448
39 467
39 469
39 471
39 472
39 473
39 474
39 476
39 477
39 478
39 479
39 480
39 481
39 626
39 628
40 41
40 42
40 43
40 44
40 45
40 48
40 94
40 95
40 96
40 97
40 98
40 99
40 100
40 231
40 232
40 233
40 234
40 235
40 236
40 237
40 238
40 239
40 240
40 241
40 242
40 243
40 244
40 245
40 246
40 247
40 248
40 249
40 250
40 251
40 252
40 253
40 254
40 255
40 256
40 301
40 302
40 303
40 304
40 305
40 306
40 347
40 349
40 350
40 352
40 353
40 354
40 355
40 356
40 357
40 358
40 359
40 360
40 418
40 419
40 421
40 422
40 423
40 424
40 425
40 426
40 427
40 428
40 429
40 430
40 431
40 432
40 433
40 434
40 437
40 438
40 439
40 440
40 441
40 442
40 443
40 444
40 445
40 446
40 448
40 469
40 470
40 472
40 474
40 475
40 476
40 477
40 478
40 479
40 576
40 610
40 625
40 627
40 628
41 42
41 43
41 44
41 45
41 88
41 90
41 91
41 93
41 94
41 95
41 96
41 97
41 98
41 99
41 100
41 228
41 229
41 231
41 232
41 234
41 235
41 236
41 237
41 238
41 239
41 240
41 241
41 242
41 243
41 244
41 245
41 246
41 247
41 248
41 249
41 250
41 251
41 252
41 253
41 254
41 255
41 256
41 257
41 259
41 304
41 305
41 347
41 349
41 351
41 352
41 353
41 354
41 355
41 356
41 357
41 358
41 359
41 421
41 422
41 423
41 424
41 425
41 426
41 427
41 428
41 429
41 430
41 431
41 432
41 433
41 434
41 435
41 436
41 437
41 438
41 439
41 440
41 441
41 442
41 443
41 444
41 445
41 446
41 447
41 467
41 470
41 471
41 472
41 473
41 474
41 476
41 477
41 478
41 479
41 480
41 481
41 482
41 615
41 622
41 627
41 630
42 43
42 44
42 45
42 88
42 89
42 90
42 93
42 94
42 95
42 96
42 97
42 98
42 99
42 100
42 181
42 230
42 231
42 232
42 233
42 234
42 235
42 236
42 237
42 238
42 239
42 240
42 241
42 242
42 243
42 244
42 245
42 246
42 247
42 248
42 249
42 250
42 251
42 252
42 253
42 254
42 255
42 256
42 257
42 300
42 301
42 302
42 304
42 306
42 347
42 349
42 350
42 351
42 352
42 353
42 354
42 355
42 356
42 357
42 358
42 359
42 360
42 418
42 420
42 422
42 423
42 425
42 426
42 427
42 428
42 429
42 430
42 431
42 432
42 433
42 434
42 435
42 436
42 437
42 438
42 440
42 441
42 442
42 443
42 444
42 445
42 446
42 447
42 448
42 466
42 472
42 473
42 474
42 475
42 476
42 478
42 479
42 480
42 482
42 483
42 508
42 625
42 628
42 630
43 44
43 45
43 89
43 90
43 91
43 93
43 94
43 96
43 97
43 98
43 99
43 100
43 101
43 198
43 227
43 228
43 232
43 233
43 234
43 235
43 236
43 237
43 238
43 239
43 240
43 241
43 242
43 243
43 244
43 245
43 246
43 247
43 248
43 249
43 250
43 251
43 252
43 253
43 254
43 255
43 256
43 257
43 300
43 302
43 303
43 304
43 305
43 307
43 308
43 345
43 349
43 350
43 351
43 352
43 353
43 354
43 355
43 356
43 357
43 358
43 359
43 420
43 421
43 422
43 423
43 424
43 425
43 426
43 427
43 428
43 429
43 430
43 431
43 432
43 433
43 434
43 435
43 436
43 438
43 439
43 440
43 441
43 442
43 443
43 444
43 445
43 446
43 448
43 467
43 469
43 470
43 472
43 473
43 474
43 475
43 476
43 477
43 478
43 479
43 480
43 623
43 629
44 91
44 93
44 94
44 95
44 96
44 98
44 99
44 100
44 226
44 227
44 228
44 231
44 232
44 233
44 234
44 235
44 236
44 237
44 238
44 239
44 240
44 241
44 242
44 243
44 244
44 245
44 246
44 247
44 248
44 249
44 250
44 251
44 252
44 253
44 254
44 255
44 256
44 257
44 301
44 303
44 304
44 305
44 306
44 347
44 349
44 351
44 352
44 353
44 354
44 355
44 356
44 358
44 359
44 423
44 424
44 425
44 426
44 427
44 428
44 429
44 430
44 431
44 432
44 433
44 435
44 437
44 438
44 440
44 441
44 442
44 443
44 444
44 445
44 466
44 467
44 470
44 471
44 472
44 474
44 475
44 476
44 478
44 479
44 480
44 627
44 628
45 89
45 91
45 92
45 93
45 94
45 98
45 99
45 230
45 232
45 233
45 236
45 237
45 238
45 239
45 240
45 241
45 242
45 243
45 244
45 245
45 246
45 247
45 248
45 249
45 250
45 251
45 252
45 253
45 254
45 255
45 256
45 257
45 259
45 304
45 305
45 306
45 348
45 349
45 350
45 352
45 353
45 355
45 356
45 357
45 358
45 419
45 420
45 421
45 422
45 425
45 426
45 427
45 428
45 429
45 430
45 431
45 432
45 433
45 434
45 435
45 436
45 439
45 440
45 442
45 444
45 445
45 446
45 448
45 470
45 471
45 472
45 474
45 475
45 476
45 477
45 478
45 480
45 625
45 627
46 227
46 241
46 243
46 244
46 245
46 246
46 248
46 249
46 250
46 251
46 252
46 253
46 254
46 255
46 256
46 354
46 423
46 427
46 430
46 432
46 439
46 441
46 444
46 474
46 476
46 480
46 484
46 509
47 243
47 246
47 247
47 248
47 249
47 250
47 251
47 252
47 253
47 372
47 549
47 629
48 168
48 235
48 249
48 251
48 252
48 357
48 474
49 97
49 240
49 253
49 254
49 435
50 255
50 257
51 252
51 310
52 254
52 593
53 261
54 251
55 252
56 172
62 251
63 251
64 256
66 251
67 286
68 390
78 254
79 242
79 636
80 253
81 353
82 254
87 230
87 438
87 475
87 625
88 95
88 99
88 233
88 235
88 248
88 304
88 347
88 434
88 441
88 477
88 480
88 624
88 625
88 631
89 92
89 93
89 96
89 230
89 232
89 239
89 240
89 246
89 250
89 255
89 256
89 306
89 348
89 357
89 424
89 426
89 427
89 430
89 433
89 434
89 436
89 437
89 442
89 443
89 445
89 470
89 474
89 476
89 478
89 624
90 92
90 93
90 99
90 228
90 230
90 231
90 235
90 239
90 242
90 243
90 245
90 246
90 247
90 251
90 253
90 256
90 301
90 302
90 303
90 304
90 305
90 347
90 349
90 350
90 351
90 421
90 424
90 425
90 429
90 430
90 439
90 468
90 470
90 474
90 476
90 626
90 628
91 93
91 94
91 95
91 97
91 98
91 228
91 229
91 230
91 232
91 234
91 236
91 237
91 238
91 243
91 245
91 246
91 248
91 250
91 252
91 253
91 255
91 257
91 302
91 303
91 304
91 348
91 350
91 351
91 352
91 353
91 355
91 359
91 423
91 424
91 426
91 427
91 431
91 433
91 435
91 436
91 437
91 439
91 440
91 441
91 447
91 469
91 471
91 472
91 473
91 475
91 476
91 479
91 480
91 623
91 627
91 628
92 93
92 94
92 96
92 98
92 99
92 100
92 228
92 229
92 230
92 232
92 233
92 234
92 235
92 236
92 239
92 240
92 242
92 243
92 244
92 245
92 248
92 249
92 252
92 254
92 255
92 256
92 300
92 303
92 305
92 348
92 350
92 352
92 353
92 354
92 355
92 356
92 358
92 359
92 419
92 420
92 422
92 424
92 425
92 427
92 428
92 429
92 431
92 432
92 435
92 436
92 437
92 439
92 444
92 445
92 468
92 469
92 472
92 474
92 475
92 476
92 477
92 478
92 624
92 627
92 628
92 631
93 94
93 95
93 96
93 98
93 100
93 112
93 227
93 228
93 229
93 230
93 231
93 232
93 233
93 235
93 236
93 237
93 239
93 240
93 242
93 246
93 248
93 249
93 251
93 253
93 256
93 257
93 258
93 303
93 304
93 346
93 349
93 351
93 352
93 353
93 354
93 355
93 357
93 358
93 359
93 420
93 423
93 424
93 425
93 426
93 427
93 428
93 430
93 431
93 432
93 433
93 434
93 435
93 436
93 438
93 439
93 440
93 441
93 442
93 443
93 444
93 445
93 446
93 447
93 467
93 469
93 470
93 471
93 472
93 473
93 475
93 476
93 477
93 478
93 480
93 627
94 96
94 97
94 98
94 99
94 227
94 229
94 230
94 231
94 232
94 234
94 235
94 236
94 237
94 238
94 239
94 240
94 242
94 243
94 244
94 249
94 250
94 253
94 254
94 255
94 257
94 304
94 305
94 306
94 349
94 351
94 353
94 354
94 355
94 358
94 419
94 420
94 422
94 423
94 424
94 425
94 426
94 427
94 428
94 430
94 431
94 432
94 433
94 435
94 436
94 437
94 439
94 440
94 441
94 442
94 443
94 444
94 445
94 446
94 467
94 469
94 470
94 471
94 472
94 473
94 474
94 477
94 478
94 479
94 480
94 481
94 483
94 624
94 626
94 627
94 628
94 629
94 630
95 96
95 97
95 98
95 99
95 100
95 229
95 230
95 231
95 234
95 235
95 236
95 238
95 240
95 241
95 242
95 243
95 244
95 245
95 246
95 247
95 248
95 249
95 250
95 251
95 252
95 253
95 254
95 255
95 256
95 257
95 301
95 303
95 304
95 305
95 306
95 348
95 349
95 350
95 351
95 352
95 353
95 354
95 355
95 357
95 358
95 359
95 360
95 419
95 420
95 421
95 423
95 424
95 425
95 426
95 427
95 428
95 429
95 430
95 432
95 433
95 436
95 438
95 439
95 440
95 441
95 442
95 444
95 445
95 446
95 447
95 467
95 469
95 470
95 471
95 472
95 474
95 475
95 476
95 477
95 478
95 479
95 480
95 481
95 623
95 626
95 627
95 628
96 97
96 98
96 99
96 100
96 101
96 229
96 231
96 232
96 233
96 234
96 235
96 236
96 237
96 238
96 239
96 240
96 241
96 242
96 243
96 245
96 246
96 247
96 248
96 249
96 250
96 252
96 253
96 254
96 255
96 258
96 299
96 302
96 304
96 306
96 307
96 347
96 348
96 349
96 350
96 352
96 353
96 354
96 355
96 356
96 358
96 359
96 419
96 420
96 421
96 422
96 423
96 424
96 425
96 427
96 428
96 429
96 430
96 431
96 432
96 433
96 435
96 436
96 437
96 438
96 439
96 440
96 441
96 442
96 443
96 444
96 445
96 446
96 472
96 475
96 476
96 477
96 478
96 479
96 480
96 481
96 623
96 624
96 626
97 98
97 99
97 100
97 227
97 228
97 229
97 232
97 233
97 234
97 235
97 236
97 237
97 238
97 239
97 240
97 241
97 242
97 243
97 244
97 245
97 246
97 247
97 248
97 250
97 251
97 252
97 254
97 256
97 258
97 302
97 303
97 348
97 350
97 352
97 353
97 354
97 355
97 356
97 357
97 358
97 360
97 421
97 423
97 424
97 425
97 426
97 427
97 428
97 429
97 430
97 432
97 433
97 434
97 435
97 436
97 437
97 438
97 439
97 441
97 442
97 443
97 444
97 445
97 446
97 447
97 468
97 471
97 472
97 473
97 474
97 475
97 476
97 477
97 478
97 479
97 480
97 624
97 628
97 629
98 99
98 100
98 226
98 228
98 230
98 231
98 232
98 233
98 234
98 235
98 236
98 237
98 238
98 239
98 240
98 241
98 242
98 243
98 244
98 245
98 246
98 247
98 248
98 249
98 250
98 251
98 252
98 253
98 254
98 255
98 256
98 258
98 303
98 304
98 308
98 347
98 348
98 349
98 350
98 351
98 352
98 353
98 354
98 355
98 356
98 357
98 358
98 359
98 370
98 419
98 420
98 421
98 422
98 423
98 424
98 425
98 426
98 427
98 428
98 429
98 430
98 431
98 432
98 433
98 434
98 435
98 437
98 440
98 441
98 442
98 443
98 444
98 445
98 469
98 471
98 472
98 473
98 474
98 475
98 476
98 477
98 478
98 479
98 480
98 481
98 483
98 624
98 627
98 628
99 100
99 101
99 227
99 231
99 232
99 233
99 234
99 235
99 236
99 237
99 238
99 239
99 240
99 241
99 242
99 243
99 244
99 245
99 246
99 247
99 248
99 249
99 250
99 251
99 252
99 253
99 254
99 255
99 256
99 303
99 305
99 306
99 349
99 350
99 351
99 352
99 353
99 354
99 355
99 356
99 357
99 358
99 359
99 360
99 419
99 421
99 422
99 423
99 424
99 425
99 426
99 428
99 429
99 430
99 431
99 432
99 434
99 435
99 436
99 437
99 438
99 439
99 440
99 441
99 442
99 443
99 445
99 446
99 468
99 470
99 473
99 475
99 476
99 478
99 479
99 480
99 624
99 625
99 626
99 627
99 628
100 101
100 114
100 230
100 231
100 233
100 234
100 235
100 237
100 238
100 239
100 240
100 241
100 242
100 244
100 245
100 246
100 247
100 248
100 249
100 250
100 251
100 252
100 253
100 254
100 255
100 256
100 257
100 299
100 300
100 301
100 302
100 304
100 305
100 306
100 349
100 350
100 351
100 352
100 353
100 354
100 356
100 357
100 358
100 359
100 418
100 424
100 425
100 427
100 428
100 429
100 430
100 431
100 432
100 433
100 434
100 435
100 436
100 438
100 442
100 443
100 444
100 445
100 446
100 447
100 468
100 469
100 470
100 471
100 473
100 475
100 478
100 479
100 480
100 481
100 482
100 614
100 624
100 626
100 627
100 628
100 629
101 238
101 241
101 243
101 244
101 246
101 248
101 249
101 250
101 251
101 252
101 253
101 254
101 255
101 347
101 353
101 354
101 357
101 358
101 359
101 424
101 426
101 428
101 430
101 431
101 436
101 442
101 467
101 468
101 474
101 479
101 481
102 239
102 244
102 247
102 248
102 249
102 250
102 251
102 252
102 253
102 254
102 307
102 358
102 419
102 442
102 473
103 247
103 251
103 253
103 254
103 436
103 449
103 637
104 232
104 247
104 251
104 309
105 437
111 242
111 247
111 439
112 234
112 240
112 244
112 254
112 255
113 248
113 249
113 254
113 255
113 427
113 479
114 249
114 250
114 251
114 255
114 425
115 244
115 250
115 254
116 252
116 367
117 252
119 250
120 255
132 169
135 252
136 253
145 252
146 449
150 252
152 436
158 248
166 419
167 236
167 253
167 255
168 255
169 245
169 250
169 431
170 576
171 249
173 197
180 256
188 254
189 253
189 254
190 433
191 251
191 309
192 257
197 253
199 253
200 591
210 254
211 255
214 244
214 424
215 250
215 251
215 252
216 235
224 256
225 427
225 445
225 477
226 232
226 237
226 247
226 252
226 257
226 301
226 303
226 349
226 352
226 354
226 357
226 425
226 429
226 433
226 443
226 447
226 468
226 624
227 228
227 229
227 230
227 233
227 244
227 249
227 251
227 253
227 299
227 305
227 349
227 351
227 356
227 358
227 359
227 420
227 427
227 428
227 429
227 432
227 433
227 434
227 436
227 441
227 446
227 465
227 469
227 470
227 476
227 477
227 481
227 624
227 625
227 626
228 234
228 235
228 237
228 240
228 242
228 244
228 245
228 246
228 249
228 250
228 252
228 253
228 254
228 255
228 256
228 257
228 347
228 352
228 355
228 356
228 359
228 419
228 421
228 422
228 425
228 426
228 430
228 431
228 434
228 435
228 439
228 445
228 465
228 469
228 473
228 478
228 479
228 480
228 481
228 622
228 624
228 625
228 628
229 230
229 231
229 232
229 234
229 235
229 236
229 238
229 239
229 240
229 242
229 243
229 246
229 249
229 252
229 257
229 300
229 301
229 302
229 305
229 347
229 348
229 349
229 353
229 356
229 357
229 358
229 418
229 422
229 425
229 426
229 427
229 428
229 430
229 431
229 432
229 433
229 436
229 438
229 439
229 440
229 442
229 443
229 444
229 445
229 446
229 470
229 471
229 472
229 473
229 474
229 475
229 476
229 477
229 478
229 481
229 617
229 624
229 626
229 627
229 628
229 629
230 232
230 233
230 235
230 237
230 238
230 240
230 241
230 246
230 248
230 249
230 251
230 252
230 301
230 302
230 303
230 304
230 306
230 348
230 354
230 356
230 357
230 358
230 359
230 420
230 421
230 423
230 428
230 429
230 430
230 431
230 432
230 436
230 437
230 438
230 439
230 440
230 444
230 446
230 447
230 468
230 470
230 472
230 474
230 475
230 476
230 477
230 478
230 480
230 482
230 491
230 623
230 625
230 627
231 233
231 234
231 235
231 236
231 239
231 240
231 241
231 242
231 243
231 244
231 245
231 246
231 248
231 249
231 250
231 252
231 253
231 254
231 255
231 256
231 257
231 300
231 302
231 303
231 305
231 350
231 351
231 353
231 356
231 357
231 418
231 420
231 421
231 423
231 425
231 427
231 430
231 431
231 433
231 434
231 436
231 437
231 439
231 440
231 444
231 446
231 467
231 470
231 473
231 474
231 476
231 480
231 624
231 626
231 627
231 628
232 233
232 234
232 235
232 236
232 237
232 238
232 239
232 241
232 242
232 243
232 244
232 245
232 246
232 247
232 248
232 249
232 250
232 252
232 253
232 256
232 257
232 300
232 301
232 303
232 305
232 306
232 348
232 349
232 350
232 351
232 352
232 353
232 354
232 356
232 357
232 358
232 419
232 420
232 422
232 423
232 425
232 426
232 428
232 431
232 434
232 436
232 437
232 438
232 440
232 441
232 442
232 444
232 446
232 447
232 470
232 471
232 472
232 474
232 475
232 477
232 478
232 480
232 481
232 623
232 626
233 235
233 236
233 237
233 238
233 239
233 240
233 242
233 243
233 244
233 245
233 246
233 247
233 248
233 249
233 250
233 251
233 252
233 253
233 254
233 255
233 256
233 300
233 301
233 302
233 304
233 305
233 306
233 347
233 348
233 349
233 350
233 351
233 352
233 353
233 354
233 356
233 357
233 358
233 417
233 419
233 420
233 421
233 422
233 423
233 424
233 426
233 427
233 428
233 430
233 431
233 432
233 433
233 434
233 435
233 437
233 438
233 439
233 440
233 442
233 443
233 444
233 445
233 446
233 466
233 467
233 473
233 474
233 475
233 476
233 477
233 478
233 479
233 624
233 626
233 627
233 628
234 235
234 236
234 237
234 238
234 239
234 240
234 241
234 242
234 243
234 244
234 245
234 246
234 247
234 248
234 249
234 250
234 251
234 252
234 253
234 254
234 255
234 259
234 299
234 300
234 302
234 303
234 304
234 305
234 306
234 346
234 347
234 350
234 351
234 353
234 354
234 355
234 356
234 357
234 359
234 421
234 424
234 425
234 426
234 427
234 428
234 429
234 430
234 431
234 433
234 435
234 437
234 438
234 439
234 440
234 441
234 442
234 443
234 445
234 447
234 466
234 467
234 469
234 471
234 475
234 476
234 477
234 478
234 479
234 480
234 481
234 626
234 627
234 628
235 236
235 237
235 238
235 239
235 240
235 241
235 242
235 243
235 244
235 245
235 246
235 247
235 248
235 249
235 250
235 252
235 253
235 254
235 255
235 256
235 257
235 258
235 259
235 301
235 302
235 303
235 304
235 305
235 347
235 350
235 351
235 352
235 353
235 354
235 355
235 356
235 357
235 358
235 359
235 420
235 421
235 422
235 424
235 425
235 426
235 427
235 428
235 429
235 431
235 432
235 433
235 434
235 435
235 437
235 438
235 439
235 440
235 441
235 442
235 443
235 444
235 445
235 446
235 466
235 467
235 469
235 472
235 473
235 477
235 478
235 479
235 480
235 626
235 627
235 628
236 237
236 238
236 241
236 242
236 243
236 244
236 245
236 246
236 247
236 248
236 249
236 251
236 252
236 253
236 254
236 255
236 256
236 257
236 259
236 303
236 304
236 305
236 306
236 347
236 348
236 350
236 351
236 352
236 354
236 355
236 356
236 357
236 358
236 359
236 420
236 421
236 423
236 424
236 425
236 426
236 427
236 428
236 429
236 430
236 431
236 432
236 433
236 434
236 435
236 438
236 439
236 440
236 441
236 442
236 443
236 444
236 445
236 446
236 467
236 468
236 470
236 471
236 472
236 473
236 474
236 476
236 477
236 479
236 480
236 625
236 626
236 628
236 672
237 238
237 239
237 240
237 241
237 242
237 243
237 244
237 245
237 246
237 247
237 248
237 249
237 250
237 251
237 252
237 253
237 254
237 255
237 256
237 257
237 299
237 301
237 302
237 304
237 305
237 306
237 307
237 348
237 349
237 351
237 352
237 353
237 354
237 355
237 356
237 357
237 358
237 359
237 369
237 420
237 421
237 422
237 423
237 424
237 425
237 426
237 427
237 428
237 429
237 430
237 431
237 432
237 433
237 434
237 435
237 436
237 437
237 439
237 441
237 442
237 443
237 444
237 445
237 446
237 447
237 449
237 468
237 470
237 472
237 473
237 475
237 476
237 477
237 478
237 479
237 480
237 481
237 626
237 627
237 628
237 629
238 239
238 240
238 241
238 242
238 243
238 244
238 245
238 246
238 247
238 248
238 249
238 250
238 251
238 252
238 253
238 254
238 255
238 256
238 257
238 299
238 300
238 302
238 303
238 304
238 305
238 306
238 347
238 348
238 349
238 350
238 351
238 353
238 354
238 355
238 356
238 357
238 358
238 359
238 418
238 420
238 421
238 422
238 423
238 424
238 425
238 426
238 427
238 428
238 429
238 430
238 431
238 432
238 433
238 434
238 435
238 437
238 438
238 439
238 440
238 442
238 443
238 444
238 445
238 446
238 449
238 468
238 470
238 471
238 472
238 473
238 474
238 475
238 476
238 477
238 479
238 480
238 481
238 625
238 627
238 628
239 240
239 241
239 242
239 243
239 244
239 245
239 246
239 247
239 248
239 249
239 250
239 251
239 252
239 253
239 254
239 255
239 256
239 257
239 299
239 301
239 306
239 307
239 346
239 347
239 349
239 350
239 351
239 353
239 354
239 355
239 356
239 357
239 358
239 359
239 378
239 419
239 420
239 421
239 422
239 423
239 424
239 425
239 426
239 427
239 428
239 429
239 430
239 431
239 432
239 433
239 435
239 436
239 437
239 438
239 439
239 441
239 442
239 443
239 444
239 445
239 446
239 468
239 470
239 471
239 472
239 474
239 475
239 476
239 478
239 479
239 480
239 575
239 625
239 626
239 627
239 629
240 241
240 242
240 243
240 244
240 245
240 246
240 247
240 248
240 249
240 250
240 251
240 252
240 253
240 254
240 255
240 256
240 299
240 300
240 301
240 302
240 303
240 304
240 305
240 307
240 321
240 346
240 348
240 350
240 352
240 353
240 354
240 355
240 356
240 357
240 358
240 359
240 418
240 421
240 423
240 425
240 426
240 427
240 428
240 429
240 430
240 431
240 432
240 433
240 434
240 435
240 436
240 437
240 438
240 439
240 440
240 441
240 442
240 443
240 444
240 445
240 446
240 469
240 473
240 474
240 475
240 477
240 478
240 480
240 481
240 483
240 624
240 626
240 628
240 629
241 242
241 243
241 244
241 245
241 246
241 247
241 248
241 249
241 250
241 251
241 252
241 253
241 254
241 255
241 256
241 257
241 258
241 301
241 302
241 303
241 305
241 348
241 351
241 353
241 354
241 356
241 357
241 358
241 359
241 418
241 420
241 421
241 422
241 423
241 424
241 425
241 426
241 427
241 428
241 429
241 430
241 431
241 432
241 433
241 434
241 435
241 436
241 437
241 438
241 439
241 440
241 441
241 442
241 443
241 444
241 445
241 446
241 447
241 467
241 469
241 471
241 472
241 473
241 474
241 475
241 476
241 477
241 478
241 479
241 480
241 481
241 624
241 626
241 627
241 634
242 243
242 244
242 245
242 246
242 247
242 248
242 249
242 250
242 251
242 252
242 253
242 254
242 255
242 256
242 257
242 258
242 301
242 303
242 305
242 306
242 307
242 315
242 345
242 349
242 350
242 351
242 352
242 353
242 354
242 355
242 356
242 357
242 358
242 359
242 360
242 420
242 421
242 423
242 425
242 426
242 427
242 428
242 429
242 430
242 431
242 432
242 433
242 434
242 435
242 437
242 438
242 439
242 440
242 441
242 442
242 443
242 444
242 445
242 446
242 447
242 470
242 471
242 472
242 473
242 475
242 476
242 477
242 478
242 479
242 480
242 481
242 623
242 624
242 625
242 626
242 628
242 630
243 244
243 245
243 246
243 247
243 248
243 249
243 250
243 251
243 252
243 253
243 254
243 255
243 256
243 257
243 258
243 301
243 303
243 304
243 305
243 308
243 320
243 348
243 349
243 350
243 351
243 352
243 353
243 354
243 355
243 356
243 357
243 358
243 359
243 360
243 420
243 421
243 422
243 423
243 425
243 426
243 427
243 428
243 429
243 430
243 431
243 432
243 433
243 434
243 437
243 438
243 439
243 440
243 441
243 442
243 443
243 444
243 445
243 446
243 447
243 465
243 467
243 468
243 471
243 472
243 473
243 474
243 475
243 476
243 477
243 478
243 479
243 480
243 481
243 625
243 627
243 628
243 629
243 631
243 636
244 245
244 246
244 247
244 248
244 249
244 250
244 251
244 252
244 253
244 254
244 255
244 256
244 257
244 300
244 303
244 304
244 305
244 306
244 307
244 346
244 348
244 350
244 352
244 353
244 354
244 355
244 356
244 357
244 358
244 359
244 360
244 370
244 419
244 420
244 424
244 425
244 426
244 427
244 428
244 429
244 430
244 431
244 432
244 433
244 434
244 436
244 439
244 440
244 441
244 442
244 443
244 444
244 445
244 446
244 447
244 469
244 472
244 474
244 475
244 476
244 477
244 478
244 479
244 480
244 482
244 623
244 624
244 625
244 627
244 628
245 246
245 247
245 248
245 249
245 250
245 251
245 252
245 253
245 254
245 255
245 256
245 257
245 258
245 300
245 301
245 302
245 303
245 304
245 305
245 306
245 308
245 317
245 347
245 348
245 349
245 351
245 352
245 353
245 354
245 355
245 356
245 357
245 358
245 359
245 360
245 361
245 417
245 422
245 425
245 426
245 427
245 428
245 429
245 430
245 431
245 432
245 433
245 434
245 435
245 436
245 437
245 438
245 439
245 440
245 441
245 442
245 443
245 444
245 445
245 446
245 447
245 448
245 470
245 471
245 474
245 476
245 477
245 478
245 479
245 480
245 481
245 482
245 624
245 626
245 627
245 628
245 690
246 247
246 248
246 249
246 250
246 251
246 252
246 253
246 254
246 255
246 256
246 257
246 259
246 299
246 300
246 303
246 304
246 305
246 306
246 307
246 347
246 348
246 349
246 352
246 353
246 354
246 356
246 357
246 358
246 359
246 360
246 396
246 419
246 420
246 421
246 422
246 424
246 425
246 426
246 427
246 428
246 429
246 430
246 431
246 432
246 433
246 434
246 435
246 436
246 438
246 439
246 440
246 441
246 442
246 443
246 444
246 445
246 446
246 447
246 467
246 468
246 470
246 471
246 473
246 475
246 476
246 477
246 478
246 479
246 480
246 481
246 482
246 483
246 589
246 611
246 617
246 626
246 628
246 630
246 632
246 665
246 678
247 248
247 249
247 250
247 251
247 252
247 253
247 254
247 255
247 256
247 257
247 259
247 304
247 305
247 306
247 308
247 345
247 347
247 349
247 350
247 351
247 352
247 353
247 354
247 355
247 356
247 357
247 358
247 359
247 360
247 361
247 371
247 406
247 417
247 418
247 419
247 421
247 422
247 423
247 425
247 426
247 427
247 428
247 429
247 430
247 431
247 432
247 433
247 434
247 436
247 437
247 439
247 440
247 441
247 442
247 443
247 444
247 445
247 446
247 447
247 448
247 468
247 470
247 471
247 472
247 473
247 474
247 475
247 476
247 477
247 478
247 479
247 480
247 481
247 482
247 508
247 560
247 563
247 589
247 626
247 628
247 630
247 631
247 642
247 665
247 698
248 249
248 250
248 251
248 252
248 253
248 254
248 255
248 256
248 257
248 258
248 259
248 303
248 304
248 305
248 307
248 310
248 347
248 349
248 351
248 353
248 354
248 355
248 356
248 357
248 358
248 359
248 360
248 361
248 420
248 421
248 423
248 424
248 425
248 426
248 427
248 428
248 429
248 430
248 431
248 432
248 433
248 434
248 435
248 436
248 438
248 439
248 440
248 441
248 442
248 443
248 444
248 445
248 446
248 447
248 448
248 449
248 469
248 470
248 471
248 472
248 473
248 474
248 475
248 476
248 477
248 479
248 480
248 481
248 482
248 483
248 561
248 604
248 611
248 625
248 627
248 628
248 630
248 632
248 652
248 667
248 671
249 250
249 251
249 252
249 253
249 254
249 255
249 256
249 257
249 258
249 260
249 302
249 303
249 304
249 305
249 306
249 308
249 316
249 348
249 351
249 352
249 353
249 355
249 356
249 357
249 358
249 359
249 360
249 361
249 368
249 404
249 420
249 423
249 424
249 425
249 426
249 427
249 428
249 429
249 430
249 431
249 432
249 433
249 434
249 435
249 436
249 437
249 438
249 439
249 440
249 441
249 442
249 443
249 444
249 445
249 446
249 447
249 448
249 465
249 469
249 470
249 471
249 473
249 474
249 475
249 476
249 477
249 478
249 479
249 480
249 481
249 482
249 483
249 484
249 523
249 562
249 624
249 626
249 627
249 628
249 629
249 630
250 251
250 252
250 253
250 254
250 255
250 256
250 257
250 258
250 259
250 260
250 295
250 301
250 303
250 304
250 305
250 306
250 308
250 315
250 347
250 348
250 351
250 352
250 353
250 354
250 355
250 356
250 357
250 358
250 359
250 360
250 361
250 367
250 369
250 371
250 403
250 419
250 421
250 422
250 423
250 424
250 425
250 426
250 427
250 428
250 429
250 430
250 431
250 432
250 433
250 434
250 435
250 436
250 437
250 438
250 439
250 440
250 441
250 442
250 443
250 444
250 445
250 446
250 447
250 448
250 449
250 469
250 470
250 471
250 472
250 473
250 475
250 476
250 477
250 478
250 479
250 480
250 481
250 483
250 484
250 509
250 565
250 589
250 590
250 626
250 627
250 628
250 630
250 632
250 659
250 665
251 252
251 253
251 254
251 255
251 256
251 257
251 258
251 259
251 296
251 300
251 301
251 303
251 305
251 306
251 307
251 308
251 348
251 350
251 351
251 353
251 354
251 355
251 356
251 357
251 358
251 359
251 360
251 361
251 362
251 368
251 372
251 397
251 412
251 416
251 417
251 423
251 424
251 425
251 426
251 427
251 428
251 429
251 430
251 431
251 432
251 433
251 434
251 435
251 436
251 437
251 438
251 439
251 441
251 442
251 443
251 444
251 445
251 446
251 447
251 448
251 449
251 450
251 468
251 471
251 473
251 474
251 475
251 476
251 477
251 478
251 479
251 480
251 481
251 483
251 484
251 508
251 577
251 591
251 615
251 624
251 627
251 628
251 629
251 631
251 632
251 635
251 654
251 658
251 664
251 671
252 253
252 254
252 255
252 256
252 257
252 258
252 259
252 302
252 305
252 306
252 308
252 309
252 317
252 346
252 348
252 349
252 350
252 352
252 353
252 354
252 355
252 356
252 357
252 358
252 359
252 360
252 361
252 362
252 371
252 417
252 420
252 421
252 422
252 423
252 424
252 425
252 426
252 427
252 428
252 429
252 430
252 431
252 432
252 433
252 434
252 435
252 436
252 437
252 438
252 439
252 440
252 441
252 442
252 443
252 444
252 445
252 446
252 447
252 448
252 472
252 473
252 474
252 475
252 476
252 477
252 478
252 479
252 480
252 481
252 485
252 486
252 517
252 555
252 579
252 622
252 626
252 627
252 630
252 631
252 632
253 254
253 255
253 256
253 257
253 258
253 260
253 299
253 301
253 303
253 305
253 306
253 307
253 308
253 309
253 317
253 342
253 350
253 351
253 354
253 355
253 356
253 357
253 358
253 359
253 360
253 361
253 362
253 370
253 398
253 407
253 419
253 422
253 424
253 425
253 426
253 427
253 428
253 429
253 430
253 431
253 432
253 433
253 434
253 435
253 437
253 438
253 439
253 440
253 441
253 442
253 443
253 444
253 445
253 446
253 447
253 448
253 449
253 450
253 467
253 470
253 471
253 473
253 476
253 477
253 478
253 479
253 480
253 481
253 482
253 483
253 518
253 522
253 535
253 536
253 612
253 625
253 627
253 628
253 630
253 631
253 633
253 635
253 666
253 672
253 698
254 255
254 256
254 257
254 259
254 301
254 302
254 304
254 305
254 316
254 323
254 346
254 347
254 348
254 349
254 351
254 352
254 353
254 354
254 355
254 356
254 357
254 358
254 359
254 361
254 363
254 370
254 415
254 418
254 420
254 423
254 424
254 425
254 426
254 427
254 428
254 429
254 430
254 431
254 432
254 433
254 434
254 435
254 437
254 438
254 439
254 440
254 441
254 442
254 443
254 444
254 445
254 446
254 447
254 448
254 450
254 470
254 472
254 473
254 474
254 475
254 476
254 477
254 478
254 479
254 480
254 481
254 482
254 485
254 510
254 556
254 575
254 578
254 616
254 626
254 628
254 629
254 630
254 631
254 633
254 634
254 653
254 660
254 672
255 256
255 257
255 258
255 297
255 304
255 305
255 306
255 348
255 349
255 350
255 351
255 353
255 354
255 355
255 356
255 357
255 358
255 359
255 362
255 388
255 414
255 420
255 422
255 423
255 425
255 426
255 427
255 428
255 429
255 430
255 431
255 432
255 433
255 434
255 435
255 436
255 437
255 438
255 439
255 440
255 441
255 442
255 443
255 444
255 445
255 446
255 447
255 448
255 470
255 471
255 472
255 473
255 474
255 475
255 476
255 478
255 479
255 481
255 482
255 483
255 521
255 616
255 626
255 627
255 628
255 631
255 632
255 651
255 655
255 664
255 667
256 257
256 258
256 300
256 301
256 304
256 305
256 308
256 348
256 349
256 350
256 352
256 353
256 355
256 356
256 357
256 358
256 359
256 363
256 419
256 420
256 421
256 423
256 424
256 425
256 426
256 427
256 428
256 429
256 430
256 431
256 432
256 433
256 434
256 435
256 436
256 437
256 438
256 439
256 440
256 441
256 442
256 443
256 444
256 445
256 446
256 447
256 467
256 470
256 471
256 472
256 474
256 475
256 476
256 477
256 478
256 479
256 480
256 481
256 518
256 615
256 626
256 627
256 628
256 634
256 668
256 673
257 260
257 302
257 303
257 304
257 305
257 316
257 347
257 349
257 350
257 351
257 353
257 354
257 355
257 356
257 357
257 358
257 359
257 417
257 420
257 422
257 425
257 426
257 430
257 431
257 432
257 433
257 434
257 435
257 436
257 437
257 438
257 439
257 440
257 441
257 442
257 443
257 444
257 445
257 446
257 450
257 465
257 467
257 468
257 469
257 472
257 474
257 475
257 478
257 480
257 481
257 505
257 557
257 623
257 624
257 625
258 305
258 347
258 351
258 352
258 356
258 360
258 428
258 430
258 431
258 442
258 445
258 448
258 467
258 473
258 477
258 480
258 481
258 486
258 666
259 431
259 475
259 476
260 277
267 480
268 365
298 483
299 347
299 348
299 353
299 420
299 425
299 443
299 623
300 301
300 302
300 347
300 354
300 358
300 420
300 421
300 425
300 429
300 430
300 434
300 435
300 437
300 439
300 441
300 442
300 446
300 467
300 472
300 475
300 478
300 628
301 303
301 304
301 305
301 306
301 349
301 353
301 354
301 356
301 357
301 359
301 417
301 420
301 421
301 425
301 427
301 430
301 436
301 438
301 439
301 444
301 446
301 465
301 468
301 470
301 471
301 472
301 473
301 477
301 479
301 481
301 627
301 628
302 304
302 305
302 306
302 350
302 352
302 353
302 356
302 358
302 359
302 419
302 421
302 422
302 423
302 427
302 430
302 431
302 432
302 433
302 436
302 441
302 442
302 444
302 467
302 469
302 470
302 472
302 473
302 476
302 477
302 479
302 481
302 626
302 627
302 628
302 629
303 304
303 305
303 346
303 349
303 351
303 352
303 354
303 355
303 356
303 357
303 420
303 422
303 423
303 426
303 428
303 429
303 430
303 431
303 433
303 434
303 435
303 436
303 437
303 440
303 442
303 444
303 445
303 446
303 466
303 467
303 468
303 469
303 471
303 475
303 476
303 478
303 479
303 480
303 481
303 626
303 628
303 629
304 305
304 306
304 345
304 348
304 350
304 351
304 352
304 353
304 354
304 355
304 357
304 358
304 359
304 417
304 421
304 422
304 423
304 424
304 426
304 427
304 428
304 429
304 430
304 431
304 434
304 437
304 438
304 439
304 443
304 445
304 470
304 472
304 473
304 474
304 476
304 477
304 478
304 479
304 480
304 626
304 627
304 628
304 629
305 345
305 347
305 348
305 349
305 350
305 351
305 353
305 354
305 355
305 356
305 357
305 358
305 359
305 418
305 420
305 421
305 422
305 423
305 426
305 428
305 429
305 430
305 431
305 432
305 433
305 434
305 435
305 438
305 439
305 440
305 441
305 443
305 444
305 445
305 446
305 467
305 470
305 471
305 472
305 473
305 474
305 475
305 476
305 478
305 479
305 480
305 626
305 627
305 628
306 307
306 349
306 350
306 351
306 353
306 354
306 355
306 418
306 422
306 425
306 426
306 427
306 428
306 429
306 431
306 432
306 434
306 436
306 437
306 438
306 440
306 441
306 442
306 443
306 445
306 468
306 469
306 470
306 471
306 472
306 474
306 476
306 477
306 480
306 626
306 629
307 357
307 358
307 427
307 432
307 434
307 442
307 444
307 445
307 469
307 473
307 475
307 480
307 482
307 628
307 631
309 444
315 431
316 444
316 475
317 631
318 399
319 633
320 476
321 450
322 336
345 348
345 351
345 358
345 440
345 444
345 470
345 471
345 475
345 481
345 623
345 626
346 348
346 349
346 350
346 351
346 354
346 356
346 358
346 359
346 421
346 425
346 427
346 433
346 438
346 439
346 467
346 474
346 475
346 479
346 481
346 590
346 622
346 624
346 625
346 628
347 349
347 353
347 354
347 357
347 422
347 423
347 424
347 428
347 429
347 434
347 436
347 437
347 439
347 446
347 470
347 471
347 475
347 480
347 626
348 350
348 354
348 356
348 358
348 417
348 418
348 420
348 422
348 424
348 426
348 432
348 436
348 439
348 442
348 443
348 444
348 445
348 447
348 469
348 471
348 472
348 475
348 479
348 480
348 481
348 627
348 628
349 350
349 351
349 352
349 353
349 355
349 356
349 358
349 359
349 418
349 420
349 421
349 423
349 424
349 427
349 428
349 429
349 430
349 431
349 432
349 434
349 436
349 437
349 438
349 439
349 440
349 441
349 442
349 443
349 444
349 445
349 446
349 468
349 470
349 471
349 472
349 474
349 478
349 479
349 627
349 628
349 631
350 351
350 353
350 354
350 355
350 356
350 357
350 359
350 419
350 420
350 421
350 422
350 424
350 425
350 426
350 427
350 428
350 430
350 433
350 434
350 436
350 437
350 438
350 440
350 442
350 443
350 447
350 469
350 471
350 474
350 477
350 478
350 479
350 480
350 481
350 623
350 626
350 627
350 628
351 352
351 353
351 354
351 355
351 356
351 420
351 421
351 423
351 424
351 425
351 426
351 427
351 428
351 430
351 431
351 432
351 433
351 434
351 435
351 437
351 438
351 439
351 441
351 442
351 443
351 444
351 445
351 446
351 447
351 467
351 468
351 470
351 471
351 474
351 476
351 478
351 480
351 624
351 626
351 628
352 353
352 355
352 357
352 358
352 359
352 360
352 419
352 423
352 424
352 425
352 426
352 427
352 428
352 429
352 430
352 431
352 432
352 433
352 434
352 435
352 436
352 437
352 438
352 439
352 441
352 442
352 443
352 444
352 445
352 446
352 469
352 472
352 473
352 474
352 475
352 476
352 477
352 478
352 479
352 480
352 626
352 627
353 354
353 355
353 356
353 357
353 358
353 359
353 417
353 421
353 422
353 423
353 424
353 425
353 427
353 429
353 432
353 433
353 434
353 435
353 436
353 437
353 438
353 440
353 441
353 442
353 444
353 445
353 446
353 468
353 470
353 471
353 472
353 473
353 474
353 476
353 477
353 479
353 480
353 481
353 482
353 626
353 627
353 628
354 355
354 356
354 357
354 358
354 359
354 418
354 419
354 421
354 422
354 423
354 424
354 425
354 426
354 427
354 428
354 429
354 430
354 431
354 432
354 433
354 434
354 435
354 436
354 437
354 438
354 439
354 440
354 441
354 442
354 443
354 444
354 445
354 446
354 467
354 470
354 471
354 473
354 474
354 475
354 476
354 477
354 478
354 479
354 480
354 481
354 623
354 624
354 625
354 627
354 628
354 629
355 356
355 357
355 358
355 359
355 419
355 420
355 423
355 424
355 425
355 426
355 427
355 428
355 429
355 430
355 431
355 432
355 433
355 437
355 438
355 439
355 440
355 441
355 442
355 443
355 444
355 446
355 447
355 469
355 471
355 472
355 473
355 475
355 476
355 477
355 478
355 479
355 480
355 481
355 623
355 626
355 627
355 628
355 629
356 357
356 359
356 421
356 422
356 423
356 424
356 426
356 427
356 428
356 429
356 430
356 431
356 432
356 433
356 434
356 435
356 436
356 438
356 439
356 440
356 441
356 442
356 443
356 444
356 445
356 446
356 447
356 468
356 469
356 470
356 471
356 473
356 474
356 475
356 477
356 478
356 479
356 480
356 481
356 616
356 625
356 628
357 358
357 359
357 418
357 422
357 423
357 424
357 425
357 426
357 427
357 428
357 429
357 430
357 431
357 432
357 433
357 434
357 435
357 437
357 438
357 439
357 440
357 441
357 442
357 443
357 444
357 445
357 446
357 466
357 468
357 470
357 471
357 473
357 474
357 475
357 477
357 478
357 479
357 480
357 624
357 625
357 626
358 360
358 420
358 422
358 424
358 425
358 426
358 427
358 428
358 429
358 430
358 431
358 432
358 433
358 434
358 435
358 436
358 437
358 438
358 439
358 440
358 441
358 443
358 444
358 445
358 446
358 447
358 468
358 470
358 471
358 472
358 475
358 476
358 477
358 478
358 479
358 480
358 481
358 624
358 625
358 626
358 628
359 420
359 422
359 423
359 424
359 425
359 426
359 427
359 428
359 429
359 430
359 433
359 434
359 435
359 437
359 438
359 439
359 440
359 441
359 442
359 443
359 444
359 447
359 469
359 470
359 472
359 474
359 475
359 476
359 478
359 480
359 481
359 626
359 627
359 628
359 629
359 630
359 678
360 422
360 427
360 431
360 432
360 433
360 439
360 444
360 446
360 473
360 476
360 633
361 433
361 484
361 627
362 368
362 425
362 430
363 364
367 442
367 480
369 677
370 482
373 457
379 432
389 519
395 445
407 438
417 425
417 465
417 470
417 477
418 420
418 423
418 431
418 439
418 441
418 442
418 469
418 470
418 472
418 473
418 475
418 626
418 627
419 425
419 426
419 429
419 433
419 439
419 441
419 467
419 468
419 470
419 472
419 476
419 477
419 478
419 479
419 480
419 481
419 625
419 627
419 628
419 630
420 421
420 424
420 425
420 426
420 428
420 430
420 431
420 433
420 434
420 435
420 439
420 441
420 442
420 443
420 444
420 469
420 470
420 471
420 472
420 474
420 476
420 478
420 623
420 625
420 626
420 627
420 628
420 630
421 422
421 424
421 425
421 426
421 429
421 430
421 432
421 434
421 436
421 437
421 438
421 439
421 440
421 441
421 442
421 443
421 444
421 446
421 447
421 468
421 469
421 470
421 471
421 474
421 475
421 476
421 478
421 480
421 482
421 625
421 627
421 628
421 629
422 423
422 424
422 425
422 426
422 429
422 431
422 432
422 433
422 435
422 437
422 438
422 439
422 440
422 442
422 443
422 444
422 445
422 447
422 467
422 468
422 470
422 472
422 473
422 474
422 475
422 476
422 477
422 478
422 479
422 480
422 481
422 482
422 626
422 627
422 628
423 424
423 426
423 427
423 428
423 431
423 432
423 433
423 434
423 435
423 436
423 438
423 440
423 441
423 443
423 444
423 445
423 446
423 470
423 471
423 472
423 473
423 474
423 476
423 478
423 479
423 480
423 481
423 623
423 625
423 626
423 627
423 654
424 425
424 426
424 428
424 429
424 430
424 431
424 432
424 433
424 434
424 436
424 437
424 439
424 440
424 441
424 442
424 443
424 444
424 445
424 446
424 468
424 469
424 470
424 473
424 474
424 475
424 476
424 477
424 478
424 479
424 480
424 625
424 627
425 427
425 428
425 429
425 430
425 431
425 433
425 435
425 436
425 437
425 438
425 439
425 440
425 441
425 442
425 443
425 444
425 445
425 446
425 447
425 468
425 469
425 470
425 473
425 475
425 478
425 480
425 622
425 623
425 628
426 427
426 428
426 429
426 430
426 431
426 432
426 433
426 434
426 439
426 440
426 441
426 442
426 443
426 444
426 445
426 446
426 467
426 470
426 472
426 477
426 478
426 479
426 480
426 481
426 517
426 624
426 627
426 628
426 629
427 428
427 429
427 430
427 431
427 432
427 433
427 434
427 435
427 436
427 437
427 438
427 440
427 441
427 442
427 443
427 444
427 445
427 446
427 447
427 469
427 470
427 471
427 472
427 473
427 474
427 475
427 476
427 478
427 479
427 480
427 481
427 521
427 625
427 626
428 429
428 430
428 431
428 432
428 433
428 434
428 436
428 437
428 438
428 439
428 440
428 441
428 442
428 443
428 444
428 445
428 446
428 447
428 468
428 470
428 471
428 473
428 474
428 475
428 476
428 477
428 478
428 479
428 480
428 481
428 482
428 483
428 625
428 627
428 628
429 430
429 431
429 432
429 433
429 434
429 435
429 436
429 437
429 438
429 439
429 440
429 441
429 442
429 443
429 444
429 445
429 446
429 447
429 468
429 470
429 472
429 475
429 476
429 477
429 478
429 479
429 480
429 481
429 482
429 603
429 623
429 627
429 628
429 630
430 431
430 432
430 433
430 434
430 435
430 437
430 438
430 439
430 440
430 442
430 443
430 444
430 445
430 446
430 468
430 469
430 470
430 472
430 473
430 475
430 476
430 477
430 478
430 479
430 480
430 481
430 623
430 626
430 627
430 628
430 629
430 630
430 659
431 432
431 433
431 434
431 435
431 436
431 437
431 438
431 439
431 440
431 441
431 442
431 443
431 444
431 445
431 446
431 461
431 470
431 473
431 474
431 475
431 476
431 477
431 478
431 481
431 482
431 624
431 625
431 626
431 628
432 433
432 434
432 435
432 436
432 437
432 438
432 439
432 441
432 442
432 443
432 444
432 445
432 446
432 447
432 448
432 466
432 468
432 469
432 471
432 472
432 474
432 475
432 476
432 477
432 478
432 479
432 482
432 624
432 626
432 627
432 628
432 629
433 434
433 435
433 436
433 438
433 439
433 440
433 442
433 443
433 444
433 445
433 446
433 450
433 466
433 467
433 468
433 470
433 471
433 472
433 474
433 475
433 477
433 478
433 479
433 480
433 481
433 627
433 629
433 630
433 631
433 655
433 666
434 440
434 441
434 442
434 443
434 444
434 445
434 447
434 469
434 470
434 471
434 472
434 474
434 475
434 476
434 477
434 478
434 479
434 480
434 481
434 626
434 627
434 628
434 629
435 439
435 441
435 442
435 443
435 467
435 471
435 472
435 473
435 474
435 476
435 478
435 479
435 480
435 481
435 627
435 628
435 629
436 437
436 439
436 441
436 443
436 444
436 445
436 447
436 467
436 468
436 470
436 472
436 473
436 475
436 476
436 477
436 478
436 479
436 480
436 482
437 438
437 439
437 440
437 441
437 442
437 443
437 444
437 446
437 447
437 469
437 470
437 471
437 475
437 476
437 478
437 480
437 481
437 626
437 627
437 628
437 629
438 440
438 441
438 442
438 443
438 444
438 445
438 446
438 470
438 472
438 474
438 476
438 477
438 478
438 480
438 481
438 628
439 440
439 441
439 442
439 443
439 444
439 445
439 446
439 448
439 466
439 469
439 470
439 471
439 472
439 474
439 475
439 477
439 479
439 480
439 623
439 625
439 626
439 627
439 628
439 629
439 671
440 442
440 443
440 444
440 445
440 446
440 448
440 466
440 468
440 470
440 471
440 473
440 474
440 476
440 477
440 478
440 479
440 480
440 623
440 632
441 442
441 443
441 444
441 445
441 446
441 448
441 468
441 469
441 470
441 471
441 472
441 474
441 475
441 476
441 477
441 478
441 480
441 626
442 443
442 444
442 445
442 446
442 447
442 468
442 469
442 473
442 475
442 476
442 477
442 478
442 479
442 480
442 481
442 626
442 627
442 628
443 444
443 445
443 446
443 469
443 470
443 471
443 472
443 473
443 474
443 475
443 476
443 478
443 479
443 480
443 481
443 556
443 625
443 627
443 628
443 632
443 633
444 445
444 446
444 468
444 469
444 470
444 472
444 473
444 474
444 475
444 477
444 478
444 479
444 480
444 577
444 622
444 624
444 625
444 626
444 627
444 628
445 446
445 467
445 470
445 471
445 472
445 474
445 475
445 476
445 477
445 478
445 479
445 480
445 481
445 484
445 624
445 625
445 627
446 467
446 469
446 470
446 471
446 473
446 475
446 476
446 477
446 478
446 479
446 480
446 481
446 482
446 625
446 626
446 627
446 628
446 629
447 471
447 476
447 478
447 479
447 517
447 625
449 510
451 573
466 471
466 622
467 470
467 473
468 469
468 472
468 473
468 474
468 475
468 480
468 481
468 624
468 627
468 629
469 471
469 472
469 473
469 477
469 479
469 481
469 485
469 623
469 626
469 672
470 471
470 473
470 476
470 477
470 479
470 480
470 624
470 625
470 626
470 627
471 624
471 625
471 626
472 473
472 474
472 480
472 481
472 514
472 624
472 626
472 629
473 474
473 475
473 476
473 479
473 480
473 481
473 624
473 625
473 627
473 629
474 475
474 477
474 478
474 480
474 481
474 482
474 483
474 623
474 624
474 627
474 628
474 629
474 630
475 476
475 477
475 478
475 479
475 480
475 625
475 626
476 477
476 480
476 481
476 627
477 478
477 479
477 480
477 481
477 625
477 632
478 480
478 481
478 578
478 626
478 627
478 629
479 480
479 481
479 482
479 622
479 624
479 628
479 629
480 623
480 625
480 626
480 628
480 631
481 624
481 626
482 628
485 511
509 665
515 629
555 626
566 679
590 636
623 625
623 631
624 626
624 627
625 626
625 627
625 630
626 627
626 628
629 630
629 665
673 699
