4 224
4 231
4 267
4 496
5 205
5 215
5 227
5 268
5 269
5 274
5 286
5 295
5 300
5 327
5 329
5 333
5 334
5 403
5 431
5 441
5 628
6 206
6 207
6 215
6 217
6 224
6 274
6 277
6 285
6 296
6 326
6 397
6 398
6 399
6 400
6 401
6 422
6 431
6 432
6 441
6 442
6 489
6 493
6 494
6 495
6 540
6 541
6 542
7 206
7 219
7 221
7 222
7 287
7 292
7 293
7 295
7 296
7 297
7 300
7 325
7 331
7 336
7 400
7 403
7 422
7 430
7 434
7 435
7 437
7 438
7 491
7 534
7 539
8 211
8 212
8 225
8 227
8 230
8 288
8 296
8 297
8 299
8 301
8 403
8 405
8 436
8 441
9 27
9 221
9 226
9 228
9 291
9 439
9 443
10 223
10 225
10 227
10 228
10 229
11 281
11 303
11 445
12 435
12 653
13 210
13 432
13 545
14 224
14 439
14 441
14 444
15 238
16 444
22 246
36 62
37 159
49 217
50 225
51 226
51 336
52 229
52 447
54 177
57 227
58 448
61 228
63 239
64 225
65 227
70 343
74 222
74 228
75 126
75 139
75 302
76 645
88 272
89 205
94 217
94 218
95 223
95 228
96 159
98 215
98 216
98 229
98 274
99 208
99 217
99 222
99 223
99 224
99 229
99 235
99 271
99 438
99 490
99 523
99 543
100 221
100 223
100 225
100 227
100 230
100 286
100 321
100 326
100 336
100 428
100 430
100 432
100 433
100 439
100 494
101 139
101 222
101 225
101 226
101 227
101 289
101 332
101 429
101 440
101 441
101 442
102 204
102 213
102 222
102 226
102 227
102 228
102 524
103 205
103 230
103 304
103 446
104 239
106 341
107 445
113 271
114 217
114 220
114 221
114 282
114 283
114 339
114 427
114 441
114 544
115 210
115 211
115 213
115 216
115 223
115 225
115 226
115 227
115 299
115 301
115 333
115 437
115 440
116 222
116 224
116 225
116 227
116 292
116 295
116 338
116 574
117 225
117 226
117 227
117 228
117 231
117 239
117 288
118 302
118 540
118 547
119 198
120 440
120 443
120 519
121 228
123 225
124 407
125 546
134 227
134 300
134 438
135 221
135 498
135 644
136 299
139 296
140 220
140 224
140 226
140 438
141 225
141 227
141 408
141 445
142 323
142 557
147 302
150 272
150 423
150 434
150 441
150 442
151 225
151 227
151 228
151 292
151 294
151 325
151 435
151 442
151 543
152 221
152 224
152 225
152 228
152 272
152 296
152 298
153 187
153 225
153 226
153 227
153 526
154 434
154 575
154 689
155 363
158 227
160 413
161 227
166 433
176 225
176 226
176 287
176 293
177 236
177 381
178 280
185 221
185 296
186 230
190 226
190 251
191 240
193 223
194 220
194 228
195 208
195 209
195 221
195 226
195 232
195 445
195 656
196 220
196 223
196 229
196 516
196 541
197 230
197 231
200 232
200 285
200 402
201 208
201 221
201 222
201 228
201 234
201 269
201 273
201 276
201 282
201 284
201 285
201 287
201 296
201 299
201 338
201 400
201 405
201 425
201 428
201 534
202 203
202 204
202 207
202 208
202 209
202 210
202 213
202 218
202 219
202 226
202 227
202 275
202 281
202 284
202 287
202 288
202 289
202 290
202 291
202 295
202 296
202 297
202 300
202 323
202 324
202 337
202 338
202 399
202 401
202 402
202 403
202 430
202 431
202 433
202 435
202 491
202 542
203 204
203 205
203 206
203 210
203 212
203 215
203 216
203 217
203 222
203 225
203 227
203 228
203 231
203 232
203 270
203 271
203 272
203 273
203 274
203 275
203 284
203 290
203 291
203 298
203 301
203 326
203 331
203 333
203 335
203 399
203 401
203 403
203 404
203 421
203 425
203 426
203 430
203 431
203 437
203 439
203 442
203 491
203 496
203 534
203 539
203 543
204 206
204 207
204 209
204 210
204 211
204 213
204 214
204 215
204 216
204 217
204 221
204 232
204 233
204 266
204 267
204 268
204 270
204 271
204 275
204 276
204 283
204 284
204 286
204 287
204 288
204 290
204 296
204 299
204 300
204 323
204 324
204 326
204 327
204 329
204 330
204 333
204 334
204 397
204 399
204 401
204 404
204 423
204 424
204 426
204 428
204 429
204 431
204 436
204 437
204 438
204 440
204 441
204 442
204 489
204 490
204 491
204 495
204 496
204 535
204 536
204 537
204 538
204 540
204 542
204 543
205 206
205 207
205 208
205 209
205 211
205 213
205 215
205 216
205 217
205 218
205 219
205 220
205 221
205 223
205 224
205 225
205 226
205 227
205 230
205 232
205 237
205 269
205 271
205 272
205 273
205 274
205 275
205 276
205 277
205 283
205 284
205 285
205 286
205 287
205 289
205 291
205 296
205 297
205 298
205 300
205 322
205 324
205 325
205 326
205 329
205 331
205 332
205 333
205 336
205 337
205 397
205 401
205 402
205 403
205 404
205 426
205 427
205 428
205 429
205 432
205 433
205 434
205 436
205 438
205 440
205 442
205 443
205 489
205 491
205 492
205 494
205 496
205 497
205 536
205 538
205 539
205 540
205 541
205 542
205 543
206 207
206 208
206 210
206 211
206 212
206 213
206 214
206 215
206 216
206 220
206 222
206 223
206 224
206 225
206 226
206 227
206 229
206 230
206 232
206 233
206 234
206 266
206 271
206 273
206 275
206 276
206 281
206 284
206 285
206 287
206 289
206 291
206 292
206 294
206 295
206 296
206 298
206 299
206 322
206 325
206 327
206 328
206 329
206 331
206 333
206 334
206 335
206 336
206 337
206 338
206 398
206 399
206 402
206 403
206 405
206 423
206 425
206 428
206 429
206 430
206 431
206 432
206 433
206 434
206 435
206 436
206 437
206 438
206 442
206 491
206 492
206 493
206 494
206 495
206 496
206 497
206 535
206 537
206 538
206 540
206 541
206 542
206 543
207 208
207 209
207 210
207 211
207 212
207 213
207 214
207 215
207 216
207 217
207 219
207 220
207 221
207 222
207 223
207 224
207 225
207 226
207 227
207 229
207 236
207 268
207 269
207 270
207 271
207 273
207 274
207 275
207 276
207 277
207 283
207 284
207 286
207 288
207 289
207 292
207 293
207 294
207 296
207 297
207 299
207 301
207 321
207 322
207 324
207 326
207 327
207 328
207 331
207 332
207 333
207 334
207 335
207 336
207 337
207 338
207 339
207 400
207 401
207 403
207 404
207 422
207 425
207 427
207 428
207 429
207 430
207 431
207 432
207 433
207 434
207 435
207 436
207 437
207 438
207 439
207 442
207 488
207 491
207 492
207 493
207 494
207 495
207 496
207 497
207 535
207 539
207 540
207 541
207 542
207 543
208 209
208 210
208 212
208 214
208 216
208 218
208 220
208 221
208 222
208 223
208 224
208 225
208 226
208 227
208 228
208 231
208 234
208 267
208 269
208 270
208 271
208 272
208 273
208 275
208 276
208 278
208 285
208 286
208 287
208 288
208 289
208 290
208 292
208 294
208 295
208 296
208 297
208 298
208 299
208 300
208 312
208 322
208 323
208 325
208 327
208 328
208 329
208 330
208 331
208 332
208 333
208 334
208 335
208 336
208 338
208 402
208 403
208 404
208 425
208 426
208 427
208 428
208 429
208 430
208 431
208 432
208 433
208 434
208 435
208 436
208 438
208 439
208 440
208 441
208 442
208 443
208 487
208 491
208 492
208 493
208 494
208 495
208 497
208 537
208 538
208 539
208 540
208 542
208 543
209 210
209 211
209 212
209 213
209 214
209 215
209 216
209 217
209 218
209 219
209 221
209 222
209 223
209 224
209 225
209 226
209 227
209 228
209 229
209 230
209 233
209 267
209 269
209 270
209 272
209 273
209 274
209 275
209 276
209 281
209 285
209 287
209 288
209 290
209 291
209 292
209 293
209 294
209 295
209 297
209 298
209 299
209 300
209 301
209 323
209 324
209 325
209 327
209 328
209 329
209 332
209 333
209 334
209 335
209 336
209 337
209 338
209 339
209 397
209 398
209 399
209 400
209 401
209 403
209 404
209 423
209 424
209 425
209 426
209 427
209 428
209 429
209 430
209 431
209 432
209 433
209 434
209 435
209 436
209 437
209 438
209 439
209 440
209 441
209 442
209 488
209 491
209 492
209 493
209 494
209 495
209 496
209 497
209 535
209 537
209 538
209 539
209 540
209 541
209 542
209 543
209 544
209 545
210 211
210 212
210 213
210 214
210 215
210 216
210 217
210 218
210 219
210 220
210 221
210 222
210 223
210 224
210 225
210 226
210 227
210 228
210 229
210 231
210 237
210 238
210 266
210 268
210 269
210 272
210 274
210 275
210 276
210 282
210 283
210 285
210 287
210 288
210 289
210 290
210 291
210 293
210 294
210 295
210 296
210 297
210 298
210 299
210 300
210 327
210 328
210 329
210 330
210 331
210 332
210 333
210 334
210 335
210 336
210 337
210 338
210 399
210 403
210 423
210 425
210 426
210 428
210 429
210 430
210 431
210 432
210 433
210 434
210 435
210 436
210 437
210 438
210 439
210 440
210 441
210 442
210 443
210 444
210 491
210 492
210 493
210 494
210 495
210 496
210 497
210 534
210 537
210 538
210 540
210 541
210 542
210 543
210 544
211 212
211 213
211 214
211 215
211 216
211 217
211 218
211 219
211 220
211 221
211 222
211 223
211 224
211 225
211 226
211 227
211 228
211 229
211 232
211 234
211 237
211 267
211 269
211 270
211 272
211 273
211 274
211 275
211 276
211 277
211 283
211 284
211 285
211 286
211 287
211 288
211 289
211 291
211 292
211 293
211 294
211 295
211 296
211 297
211 298
211 299
211 300
211 301
211 310
211 324
211 325
211 327
211 328
211 329
211 330
211 331
211 332
211 333
211 334
211 335
211 336
211 337
211 338
211 397
211 398
211 399
211 400
211 401
211 402
211 403
211 404
211 405
211 426
211 427
211 428
211 429
211 430
211 431
211 432
211 433
211 434
211 436
211 437
211 438
211 439
211 440
211 441
211 442
211 443
211 488
211 489
211 492
211 493
211 494
211 495
211 496
211 497
211 535
211 536
211 537
211 538
211 539
211 540
211 541
211 542
211 543
211 544
211 545
212 213
212 214
212 215
212 216
212 217
212 218
212 219
212 220
212 221
212 222
212 223
212 224
212 225
212 226
212 227
212 228
212 229
212 232
212 269
212 270
212 271
212 272
212 273
212 274
212 275
212 276
212 277
212 282
212 283
212 284
212 286
212 288
212 289
212 290
212 291
212 292
212 293
212 294
212 295
212 296
212 297
212 298
212 299
212 300
212 323
212 327
212 328
212 329
212 330
212 331
212 332
212 333
212 334
212 335
212 336
212 337
212 338
212 398
212 399
212 400
212 401
212 402
212 403
212 405
212 427
212 428
212 429
212 430
212 431
212 432
212 434
212 435
212 436
212 437
212 438
212 439
212 440
212 441
212 442
212 443
212 488
212 489
212 490
212 491
212 492
212 493
212 494
212 495
212 496
212 497
212 534
212 538
212 539
212 540
212 541
212 542
212 543
212 545
213 214
213 215
213 216
213 217
213 218
213 219
213 220
213 221
213 222
213 223
213 224
213 225
213 226
213 227
213 228
213 229
213 231
213 233
213 267
213 270
213 271
213 272
213 273
213 274
213 275
213 276
213 285
213 287
213 288
213 290
213 291
213 292
213 293
213 294
213 295
213 296
213 297
213 298
213 299
213 300
213 301
213 324
213 325
213 326
213 328
213 329
213 330
213 331
213 332
213 333
213 334
213 335
213 336
213 337
213 338
213 339
213 398
213 400
213 402
213 404
213 405
213 422
213 423
213 427
213 428
213 429
213 430
213 431
213 432
213 433
213 434
213 435
213 436
213 437
213 438
213 439
213 440
213 441
213 442
213 443
213 488
213 489
213 490
213 491
213 493
213 494
213 495
213 496
213 497
213 535
213 536
213 538
213 539
213 540
213 541
213 543
213 544
214 215
214 216
214 217
214 218
214 219
214 220
214 221
214 222
214 223
214 224
214 225
214 226
214 227
214 228
214 229
214 231
214 234
214 271
214 272
214 273
214 274
214 275
214 276
214 277
214 287
214 288
214 289
214 290
214 291
214 292
214 293
214 294
214 295
214 296
214 297
214 298
214 299
214 300
214 309
214 324
214 325
214 326
214 327
214 328
214 329
214 330
214 331
214 332
214 333
214 334
214 335
214 336
214 337
214 338
214 339
214 398
214 401
214 403
214 404
214 405
214 406
214 421
214 424
214 426
214 427
214 428
214 429
214 430
214 431
214 432
214 433
214 434
214 435
214 436
214 437
214 438
214 439
214 440
214 441
214 442
214 443
214 487
214 490
214 492
214 493
214 495
214 496
214 497
214 498
214 536
214 538
214 539
214 541
214 542
214 543
215 216
215 217
215 218
215 219
215 220
215 221
215 222
215 223
215 224
215 225
215 226
215 227
215 228
215 229
215 230
215 231
215 232
215 235
215 250
215 267
215 268
215 270
215 271
215 272
215 273
215 274
215 275
215 276
215 277
215 282
215 286
215 287
215 288
215 289
215 290
215 291
215 292
215 293
215 294
215 295
215 296
215 297
215 298
215 299
215 300
215 301
215 322
215 323
215 325
215 326
215 327
215 328
215 329
215 331
215 332
215 333
215 334
215 335
215 336
215 337
215 338
215 339
215 396
215 397
215 398
215 400
215 401
215 403
215 405
215 406
215 422
215 423
215 425
215 426
215 429
215 430
215 431
215 432
215 433
215 434
215 435
215 436
215 437
215 438
215 439
215 440
215 441
215 442
215 443
215 489
215 490
215 491
215 492
215 493
215 495
215 496
215 497
215 500
215 536
215 540
215 541
215 542
215 543
215 545
216 217
216 218
216 219
216 220
216 221
216 222
216 223
216 224
216 225
216 226
216 227
216 228
216 231
216 232
216 233
216 234
216 235
216 269
216 271
216 272
216 273
216 274
216 276
216 277
216 286
216 288
216 289
216 290
216 291
216 292
216 293
216 294
216 295
216 296
216 297
216 298
216 299
216 300
216 301
216 323
216 324
216 325
216 327
216 328
216 329
216 330
216 331
216 332
216 333
216 334
216 335
216 336
216 337
216 338
216 397
216 398
216 399
216 402
216 403
216 404
216 406
216 424
216 425
216 426
216 428
216 429
216 430
216 432
216 433
216 434
216 435
216 436
216 437
216 438
216 439
216 440
216 441
216 442
216 443
216 444
216 489
216 491
216 493
216 494
216 495
216 496
216 536
216 537
216 539
216 541
216 543
216 656
217 218
217 219
217 220
217 221
217 222
217 223
217 224
217 225
217 226
217 227
217 228
217 229
217 230
217 232
217 234
217 235
217 238
217 239
217 269
217 271
217 272
217 274
217 275
217 276
217 284
217 286
217 288
217 289
217 290
217 291
217 292
217 293
217 294
217 295
217 296
217 297
217 298
217 299
217 300
217 301
217 311
217 324
217 325
217 327
217 328
217 329
217 330
217 331
217 332
217 333
217 334
217 335
217 336
217 337
217 338
217 339
217 400
217 401
217 402
217 403
217 405
217 423
217 425
217 427
217 428
217 429
217 430
217 431
217 432
217 433
217 434
217 435
217 436
217 437
217 438
217 439
217 440
217 441
217 442
217 443
217 487
217 489
217 493
217 496
217 497
217 498
217 534
217 535
217 537
217 539
217 540
217 541
217 542
217 543
217 545
218 219
218 220
218 221
218 222
218 223
218 224
218 225
218 226
218 227
218 228
218 229
218 230
218 233
218 269
218 270
218 271
218 272
218 273
218 274
218 275
218 276
218 277
218 278
218 281
218 284
218 285
218 288
218 289
218 290
218 291
218 292
218 293
218 294
218 295
218 296
218 297
218 298
218 299
218 300
218 301
218 323
218 326
218 327
218 328
218 329
218 330
218 331
218 332
218 333
218 334
218 335
218 336
218 337
218 338
218 398
218 404
218 423
218 424
218 427
218 428
218 429
218 430
218 432
218 433
218 434
218 435
218 436
218 437
218 438
218 439
218 440
218 441
218 442
218 443
218 444
218 488
218 492
218 493
218 494
218 495
218 496
218 497
218 498
218 536
218 537
218 538
218 540
218 541
218 542
218 543
218 544
218 545
219 220
219 221
219 222
219 223
219 224
219 225
219 226
219 227
219 228
219 229
219 233
219 264
219 270
219 271
219 272
219 273
219 274
219 275
219 276
219 278
219 282
219 288
219 289
219 290
219 291
219 292
219 293
219 294
219 295
219 296
219 297
219 298
219 299
219 300
219 301
219 320
219 322
219 323
219 325
219 326
219 327
219 328
219 330
219 331
219 332
219 333
219 334
219 335
219 336
219 337
219 338
219 339
219 400
219 401
219 402
219 403
219 404
219 405
219 425
219 427
219 428
219 429
219 430
219 431
219 432
219 433
219 434
219 435
219 436
219 437
219 438
219 439
219 440
219 441
219 442
219 443
219 444
219 488
219 489
219 492
219 495
219 496
219 497
219 498
219 499
219 533
219 537
219 538
219 539
219 541
219 542
219 543
219 544
220 221
220 222
220 223
220 224
220 225
220 226
220 227
220 228
220 229
220 235
220 237
220 238
220 265
220 269
220 270
220 271
220 272
220 273
220 274
220 275
220 276
220 277
220 278
220 283
220 284
220 285
220 287
220 288
220 289
220 290
220 291
220 292
220 293
220 294
220 295
220 296
220 297
220 298
220 299
220 300
220 301
220 302
220 321
220 322
220 323
220 325
220 328
220 329
220 330
220 331
220 332
220 333
220 334
220 335
220 336
220 337
220 338
220 339
220 340
220 397
220 399
220 402
220 404
220 405
220 424
220 425
220 428
220 429
220 430
220 431
220 432
220 433
220 434
220 435
220 436
220 437
220 438
220 439
220 440
220 441
220 442
220 443
220 493
220 494
220 495
220 496
220 497
220 498
220 499
220 534
220 538
220 539
220 540
220 542
220 543
220 544
220 667
221 222
221 223
221 224
221 225
221 226
221 227
221 228
221 229
221 233
221 234
221 235
221 236
221 237
221 244
221 266
221 267
221 268
221 270
221 271
221 272
221 273
221 275
221 276
221 277
221 278
221 279
221 282
221 284
221 285
221 286
221 287
221 288
221 289
221 290
221 291
221 292
221 293
221 294
221 295
221 296
221 297
221 298
221 299
221 300
221 301
221 302
221 323
221 325
221 327
221 328
221 330
221 331
221 332
221 333
221 334
221 335
221 336
221 337
221 338
221 339
221 398
221 400
221 403
221 404
221 407
221 423
221 426
221 427
221 429
221 430
221 431
221 432
221 433
221 434
221 435
221 436
221 437
221 438
221 439
221 440
221 441
221 442
221 443
221 444
221 490
221 492
221 493
221 494
221 496
221 497
221 499
221 523
221 535
221 536
221 537
221 539
221 540
221 541
221 542
221 543
221 544
221 545
222 223
222 224
222 225
222 226
222 227
222 228
222 229
222 231
222 233
222 235
222 236
222 237
222 238
222 268
222 269
222 270
222 271
222 272
222 273
222 274
222 275
222 276
222 277
222 278
222 279
222 284
222 286
222 288
222 289
222 290
222 291
222 292
222 293
222 294
222 295
222 296
222 297
222 298
222 299
222 300
222 301
222 310
222 322
222 323
222 326
222 327
222 328
222 329
222 330
222 331
222 332
222 333
222 334
222 335
222 336
222 337
222 338
222 339
222 400
222 401
222 402
222 403
222 404
222 405
222 424
222 425
222 426
222 428
222 429
222 430
222 431
222 432
222 433
222 435
222 436
222 437
222 438
222 439
222 440
222 441
222 442
222 443
222 494
222 495
222 496
222 497
222 498
222 500
222 522
222 537
222 538
222 540
222 541
222 542
222 543
222 545
222 546
222 656
223 224
223 225
223 226
223 227
223 228
223 229
223 230
223 232
223 234
223 239
223 266
223 268
223 269
223 271
223 272
223 274
223 275
223 276
223 277
223 278
223 279
223 282
223 285
223 286
223 287
223 288
223 289
223 290
223 292
223 293
223 294
223 295
223 296
223 297
223 298
223 299
223 300
223 301
223 302
223 326
223 327
223 328
223 329
223 330
223 331
223 332
223 333
223 334
223 335
223 336
223 337
223 338
223 381
223 399
223 401
223 402
223 403
223 405
223 406
223 422
223 423
223 424
223 426
223 429
223 430
223 431
223 432
223 433
223 434
223 435
223 436
223 437
223 438
223 439
223 440
223 441
223 442
223 443
223 444
223 490
223 492
223 493
223 494
223 496
223 497
223 498
223 499
223 535
223 536
223 538
223 540
223 541
223 542
223 543
223 544
223 545
223 546
223 625
223 659
224 225
224 226
224 227
224 228
224 229
224 232
224 234
224 235
224 236
224 238
224 244
224 245
224 250
224 266
224 267
224 269
224 270
224 271
224 272
224 274
224 275
224 276
224 277
224 278
224 279
224 283
224 286
224 288
224 289
224 290
224 291
224 292
224 293
224 294
224 295
224 296
224 297
224 298
224 299
224 300
224 301
224 310
224 311
224 324
224 325
224 327
224 328
224 329
224 330
224 331
224 332
224 333
224 334
224 335
224 336
224 337
224 338
224 339
224 340
224 371
224 398
224 399
224 401
224 404
224 406
224 407
224 422
224 426
224 427
224 428
224 429
224 430
224 431
224 432
224 433
224 434
224 435
224 436
224 437
224 438
224 439
224 440
224 441
224 442
224 443
224 444
224 487
224 488
224 489
224 491
224 492
224 494
224 495
224 496
224 497
224 499
224 500
224 501
224 517
224 535
224 537
224 538
224 540
224 541
224 542
224 543
224 544
224 545
224 546
224 609
224 629
224 693
225 226
225 227
225 228
225 229
225 230
225 231
225 233
225 237
225 238
225 240
225 243
225 250
225 265
225 266
225 267
225 269
225 270
225 271
225 272
225 273
225 274
225 275
225 276
225 279
225 286
225 287
225 288
225 289
225 290
225 291
225 292
225 293
225 294
225 295
225 296
225 297
225 298
225 299
225 300
225 301
225 302
225 321
225 323
225 327
225 328
225 329
225 330
225 332
225 333
225 334
225 335
225 336
225 337
225 338
225 339
225 340
225 400
225 401
225 402
225 403
225 404
225 405
225 406
225 407
225 424
225 425
225 427
225 428
225 429
225 430
225 431
225 432
225 433
225 434
225 435
225 436
225 437
225 438
225 439
225 440
225 441
225 442
225 443
225 444
225 445
225 488
225 492
225 493
225 494
225 495
225 496
225 498
225 499
225 500
225 508
225 522
225 539
225 540
225 541
225 542
225 543
225 544
225 545
225 546
225 547
225 556
226 227
226 228
226 229
226 230
226 232
226 233
226 235
226 236
226 237
226 239
226 240
226 266
226 268
226 269
226 271
226 272
226 273
226 274
226 275
226 276
226 277
226 278
226 279
226 280
226 282
226 284
226 286
226 288
226 289
226 291
226 292
226 293
226 294
226 295
226 296
226 297
226 298
226 299
226 300
226 301
226 302
226 303
226 325
226 326
226 328
226 329
226 330
226 331
226 332
226 333
226 334
226 335
226 336
226 337
226 338
226 339
226 340
226 341
226 370
226 400
226 401
226 402
226 403
226 404
226 405
226 406
226 407
226 425
226 427
226 428
226 429
226 430
226 431
226 432
226 433
226 434
226 435
226 436
226 437
226 438
226 439
226 440
226 441
226 442
226 443
226 444
226 445
226 490
226 491
226 493
226 494
226 495
226 496
226 499
226 500
226 517
226 523
226 524
226 534
226 537
226 538
226 539
226 540
226 541
226 542
226 543
226 544
226 545
226 546
226 656
226 661
226 668
227 228
227 229
227 230
227 233
227 234
227 235
227 236
227 238
227 243
227 251
227 270
227 271
227 272
227 273
227 274
227 275
227 276
227 277
227 278
227 282
227 286
227 287
227 288
227 289
227 290
227 291
227 292
227 293
227 294
227 295
227 296
227 297
227 298
227 299
227 300
227 301
227 306
227 311
227 316
227 322
227 323
227 324
227 325
227 326
227 328
227 329
227 330
227 331
227 332
227 333
227 334
227 335
227 336
227 337
227 338
227 339
227 340
227 341
227 399
227 400
227 401
227 402
227 403
227 404
227 406
227 421
227 422
227 424
227 425
227 427
227 428
227 429
227 430
227 431
227 432
227 433
227 434
227 435
227 436
227 437
227 438
227 439
227 440
227 441
227 442
227 443
227 444
227 445
227 487
227 488
227 489
227 491
227 492
227 493
227 494
227 495
227 496
227 497
227 498
227 499
227 500
227 501
227 502
227 518
227 522
227 523
227 524
227 530
227 534
227 535
227 538
227 539
227 540
227 542
227 543
227 544
227 546
227 547
227 550
227 565
227 593
227 595
227 660
227 666
228 229
228 230
228 231
228 232
228 234
228 235
228 236
228 237
228 269
228 270
228 271
228 272
228 273
228 274
228 275
228 276
228 277
228 281
228 283
228 285
228 286
228 288
228 289
228 290
228 291
228 292
228 293
228 294
228 295
228 296
228 297
228 298
228 299
228 300
228 301
228 302
228 312
228 324
228 326
228 327
228 328
228 329
228 330
228 331
228 332
228 333
228 334
228 335
228 336
228 337
228 338
228 339
228 344
228 394
228 397
228 398
228 401
228 402
228 403
228 404
228 405
228 406
228 407
228 423
228 427
228 428
228 429
228 430
228 431
228 432
228 433
228 434
228 435
228 436
228 437
228 438
228 439
228 440
228 441
228 442
228 443
228 444
228 445
228 461
228 470
228 491
228 493
228 494
228 495
228 496
228 497
228 498
228 500
228 503
228 523
228 537
228 538
228 541
228 542
228 543
228 544
228 545
228 555
228 657
229 267
229 268
229 271
229 274
229 275
229 276
229 279
229 293
229 295
229 297
229 298
229 299
229 300
229 312
229 321
229 326
229 334
229 335
229 336
229 338
229 382
229 396
229 399
229 401
229 423
229 426
229 427
229 431
229 432
229 435
229 437
229 438
229 439
229 440
229 441
229 442
229 443
229 444
229 491
229 496
229 524
229 536
229 620
229 661
229 676
230 231
230 244
230 247
230 269
230 271
230 275
230 282
230 293
230 295
230 298
230 325
230 336
230 338
230 401
230 402
230 403
230 427
230 429
230 436
230 438
230 440
230 443
230 490
230 492
230 495
230 522
230 525
230 533
230 537
230 538
230 539
230 542
231 235
231 237
231 268
231 272
231 275
231 284
231 286
231 287
231 290
231 291
231 294
231 300
231 321
231 323
231 326
231 327
231 329
231 330
231 331
231 333
231 336
231 399
231 400
231 422
231 423
231 428
231 430
231 431
231 432
231 433
231 436
231 438
231 439
231 441
231 443
231 492
231 497
231 537
231 538
231 540
231 542
231 543
231 611
231 662
232 233
232 266
232 275
232 276
232 284
232 286
232 292
232 296
232 297
232 300
232 321
232 323
232 324
232 327
232 332
232 333
232 335
232 338
232 340
232 398
232 402
232 403
232 422
232 425
232 426
232 429
232 433
232 437
232 439
232 440
232 442
232 443
232 489
232 491
232 494
232 495
232 496
232 497
232 537
232 540
232 541
232 542
232 543
233 234
233 235
233 269
233 270
233 272
233 274
233 275
233 276
233 277
233 282
233 285
233 286
233 292
233 293
233 294
233 295
233 297
233 299
233 321
233 324
233 326
233 329
233 333
233 337
233 397
233 398
233 399
233 401
233 402
233 403
233 404
233 405
233 424
233 427
233 428
233 431
233 432
233 435
233 439
233 492
233 494
233 496
233 497
233 537
233 538
233 540
233 542
233 543
233 544
234 235
234 268
234 271
234 272
234 282
234 285
234 288
234 289
234 291
234 292
234 293
234 294
234 295
234 298
234 323
234 324
234 326
234 327
234 328
234 329
234 330
234 331
234 332
234 333
234 335
234 337
234 340
234 398
234 402
234 403
234 404
234 405
234 427
234 429
234 431
234 432
234 433
234 434
234 435
234 436
234 437
234 438
234 439
234 440
234 441
234 442
234 443
234 488
234 489
234 492
234 537
234 538
234 543
234 544
235 267
235 270
235 274
235 278
235 284
235 287
235 290
235 294
235 295
235 298
235 299
235 324
235 325
235 328
235 329
235 338
235 429
235 435
235 440
235 489
235 496
235 533
235 538
235 540
236 284
236 288
236 296
236 297
236 331
236 356
236 426
236 427
236 430
236 434
236 438
236 439
236 444
236 492
236 496
236 536
237 276
237 289
237 290
237 299
237 333
237 429
237 432
237 436
237 440
237 442
237 539
237 542
238 298
238 322
238 433
238 434
239 299
240 471
241 252
242 327
243 294
244 245
245 610
246 547
249 299
249 442
251 437
265 331
265 402
265 489
265 492
265 541
266 268
266 273
266 275
266 277
266 285
266 296
266 324
266 336
266 403
266 404
266 420
266 432
266 435
266 437
266 440
266 493
266 494
266 496
266 537
266 539
266 541
266 544
267 268
267 269
267 270
267 271
267 274
267 276
267 281
267 282
267 283
267 284
267 286
267 289
267 290
267 293
267 294
267 295
267 296
267 298
267 299
267 300
267 321
267 326
267 327
267 331
267 332
267 333
267 335
267 337
267 338
267 398
267 400
267 422
267 424
267 428
267 429
267 437
267 439
267 443
267 487
267 488
267 538
267 541
268 270
268 286
268 287
268 289
268 291
268 292
268 293
268 297
268 299
268 300
268 310
268 322
268 323
268 325
268 327
268 330
268 335
268 337
268 403
268 422
268 423
268 425
268 428
268 429
268 430
268 431
268 433
268 435
268 490
268 491
268 496
268 535
268 536
268 538
268 542
268 543
269 270
269 272
269 273
269 274
269 275
269 282
269 284
269 287
269 289
269 291
269 292
269 294
269 295
269 297
269 298
269 299
269 323
269 325
269 328
269 329
269 330
269 331
269 333
269 336
269 337
269 338
269 398
269 400
269 401
269 402
269 404
269 423
269 425
269 426
269 427
269 430
269 431
269 435
269 436
269 437
269 439
269 440
269 442
269 443
269 490
269 491
269 492
269 493
269 495
269 496
269 498
269 538
269 539
269 541
269 543
269 654
270 272
270 273
270 274
270 275
270 277
270 283
270 285
270 287
270 288
270 290
270 291
270 292
270 293
270 294
270 295
270 297
270 299
270 300
270 323
270 325
270 326
270 327
270 328
270 329
270 331
270 332
270 333
270 335
270 336
270 338
270 400
270 403
270 404
270 422
270 425
270 427
270 428
270 430
270 431
270 433
270 434
270 435
270 436
270 438
270 439
270 440
270 441
270 443
270 490
270 492
270 493
270 494
270 496
270 497
270 498
270 536
270 540
270 541
271 272
271 275
271 276
271 277
271 284
271 285
271 286
271 289
271 290
271 292
271 293
271 295
271 296
271 297
271 298
271 299
271 300
271 322
271 327
271 328
271 329
271 330
271 332
271 333
271 335
271 336
271 337
271 338
271 339
271 398
271 399
271 400
271 401
271 402
271 404
271 423
271 424
271 425
271 427
271 429
271 430
271 431
271 432
271 433
271 434
271 435
271 438
271 439
271 440
271 441
271 442
271 488
271 491
271 492
271 493
271 494
271 495
271 539
271 540
271 541
272 273
272 274
272 275
272 276
272 277
272 278
272 283
272 284
272 286
272 287
272 288
272 289
272 290
272 291
272 293
272 294
272 295
272 296
272 297
272 298
272 299
272 300
272 301
272 324
272 325
272 326
272 327
272 328
272 329
272 330
272 332
272 333
272 334
272 335
272 336
272 397
272 399
272 400
272 401
272 403
272 405
272 406
272 422
272 423
272 427
272 428
272 429
272 430
272 431
272 432
272 435
272 436
272 437
272 438
272 439
272 440
272 442
272 443
272 447
272 487
272 488
272 489
272 491
272 493
272 494
272 495
272 496
272 497
272 535
272 538
272 539
272 540
272 541
272 542
272 543
273 274
273 275
273 276
273 283
273 287
273 288
273 289
273 290
273 291
273 292
273 293
273 294
273 296
273 297
273 298
273 299
273 300
273 301
273 313
273 322
273 323
273 326
273 327
273 329
273 330
273 331
273 333
273 334
273 335
273 336
273 337
273 338
273 399
273 401
273 402
273 403
273 404
273 405
273 424
273 425
273 426
273 427
273 428
273 430
273 431
273 433
273 434
273 435
273 436
273 437
273 438
273 439
273 440
273 441
273 442
273 443
273 492
273 493
273 494
273 495
273 496
273 497
273 498
273 501
273 535
273 536
273 537
273 538
273 539
273 540
273 541
273 542
274 275
274 276
274 277
274 282
274 286
274 287
274 289
274 290
274 291
274 292
274 293
274 294
274 296
274 297
274 298
274 299
274 323
274 324
274 326
274 327
274 328
274 329
274 330
274 331
274 332
274 333
274 334
274 336
274 337
274 338
274 397
274 401
274 406
274 423
274 425
274 427
274 428
274 429
274 430
274 431
274 432
274 433
274 434
274 435
274 436
274 437
274 438
274 439
274 440
274 441
274 442
274 443
274 491
274 493
274 495
274 496
274 537
274 539
274 540
274 541
274 542
274 543
275 276
275 278
275 283
275 284
275 286
275 287
275 288
275 289
275 290
275 292
275 293
275 294
275 295
275 296
275 297
275 298
275 300
275 301
275 321
275 323
275 326
275 327
275 328
275 329
275 330
275 332
275 333
275 334
275 335
275 336
275 337
275 338
275 401
275 403
275 404
275 423
275 425
275 426
275 427
275 428
275 429
275 430
275 431
275 432
275 433
275 434
275 435
275 436
275 437
275 438
275 439
275 440
275 441
275 442
275 443
275 490
275 492
275 493
275 494
275 495
275 496
275 534
275 536
275 538
275 540
275 541
275 542
275 543
275 544
276 284
276 285
276 287
276 288
276 290
276 291
276 292
276 293
276 294
276 295
276 296
276 297
276 298
276 299
276 300
276 322
276 323
276 324
276 325
276 326
276 327
276 328
276 329
276 330
276 331
276 332
276 333
276 334
276 335
276 336
276 337
276 338
276 399
276 401
276 402
276 403
276 404
276 406
276 423
276 425
276 426
276 428
276 429
276 430
276 431
276 432
276 433
276 434
276 435
276 436
276 437
276 438
276 439
276 440
276 441
276 442
276 443
276 490
276 491
276 492
276 493
276 494
276 495
276 496
276 497
276 535
276 537
276 538
276 540
276 541
276 542
276 543
276 544
277 286
277 287
277 288
277 290
277 291
277 292
277 294
277 295
277 296
277 297
277 298
277 299
277 329
277 330
277 331
277 334
277 336
277 339
277 398
277 400
277 404
277 421
277 427
277 428
277 429
277 431
277 433
277 434
277 435
277 438
277 439
277 440
277 442
277 491
277 492
277 493
277 495
277 498
277 540
277 542
278 334
278 337
278 427
278 436
278 440
278 442
278 443
278 444
278 499
279 444
279 621
280 291
280 396
280 439
281 324
281 331
281 337
281 403
281 405
281 422
281 423
281 435
281 436
281 443
281 487
281 494
281 496
281 498
282 290
282 293
282 294
282 323
282 325
282 329
282 334
282 400
282 403
282 405
282 427
282 428
282 435
282 437
282 490
282 491
282 492
282 493
282 495
282 537
282 539
283 286
283 288
283 289
283 297
283 299
283 300
283 322
283 325
283 328
283 332
283 333
283 335
283 338
283 399
283 402
283 404
283 428
283 430
283 431
283 435
283 436
283 437
283 439
283 440
283 488
283 495
283 497
283 534
283 539
283 540
283 541
283 543
284 285
284 286
284 288
284 290
284 291
284 292
284 293
284 294
284 295
284 298
284 299
284 300
284 301
284 322
284 323
284 324
284 325
284 326
284 328
284 330
284 334
284 336
284 398
284 399
284 401
284 402
284 403
284 405
284 422
284 424
284 425
284 428
284 429
284 430
284 431
284 432
284 433
284 434
284 435
284 436
284 437
284 438
284 439
284 440
284 443
284 489
284 490
284 492
284 493
284 497
284 536
284 537
284 538
284 543
285 286
285 288
285 291
285 293
285 294
285 295
285 297
285 298
285 300
285 325
285 328
285 329
285 330
285 332
285 334
285 336
285 337
285 338
285 399
285 401
285 404
285 423
285 425
285 426
285 427
285 428
285 429
285 430
285 433
285 435
285 436
285 437
285 439
285 440
285 441
285 443
285 490
285 492
285 494
285 495
285 537
285 538
285 539
285 541
285 542
285 543
285 544
286 287
286 288
286 290
286 292
286 293
286 295
286 297
286 298
286 299
286 300
286 322
286 325
286 327
286 328
286 330
286 331
286 332
286 333
286 335
286 336
286 337
286 338
286 398
286 400
286 401
286 404
286 405
286 423
286 424
286 426
286 429
286 430
286 432
286 435
286 436
286 437
286 438
286 439
286 440
286 441
286 442
286 491
286 492
286 493
286 494
286 495
286 534
286 536
286 539
286 540
286 541
286 542
286 543
286 544
287 289
287 290
287 291
287 295
287 296
287 299
287 322
287 326
287 327
287 328
287 329
287 330
287 332
287 333
287 334
287 335
287 336
287 338
287 399
287 401
287 402
287 403
287 421
287 422
287 423
287 425
287 426
287 427
287 428
287 429
287 430
287 431
287 433
287 434
287 435
287 436
287 437
287 438
287 439
287 440
287 441
287 442
287 443
287 489
287 490
287 491
287 492
287 493
287 494
287 496
287 497
287 535
287 536
287 540
287 541
287 543
288 289
288 290
288 291
288 292
288 293
288 294
288 295
288 296
288 297
288 298
288 300
288 321
288 322
288 323
288 324
288 326
288 327
288 328
288 329
288 330
288 331
288 332
288 333
288 334
288 335
288 337
288 338
288 402
288 404
288 405
288 424
288 425
288 428
288 429
288 430
288 431
288 432
288 433
288 435
288 438
288 439
288 440
288 441
288 442
288 489
288 490
288 491
288 492
288 493
288 494
288 495
288 496
288 497
288 507
288 538
288 539
288 540
288 541
288 542
288 543
289 290
289 291
289 292
289 293
289 294
289 295
289 296
289 297
289 298
289 300
289 322
289 324
289 325
289 328
289 329
289 330
289 331
289 332
289 333
289 334
289 335
289 336
289 338
289 400
289 401
289 402
289 403
289 404
289 405
289 422
289 426
289 427
289 428
289 429
289 431
289 432
289 433
289 434
289 435
289 436
289 437
289 438
289 439
289 440
289 441
289 442
289 443
289 490
289 492
289 493
289 495
289 496
289 497
289 534
289 536
289 537
289 538
289 539
289 540
289 541
289 543
289 544
290 291
290 292
290 293
290 294
290 295
290 296
290 297
290 298
290 299
290 300
290 323
290 326
290 327
290 328
290 329
290 330
290 331
290 332
290 333
290 334
290 335
290 336
290 337
290 338
290 398
290 399
290 400
290 402
290 403
290 404
290 405
290 422
290 424
290 425
290 426
290 427
290 428
290 429
290 430
290 431
290 432
290 433
290 434
290 435
290 436
290 437
290 438
290 439
290 440
290 441
290 442
290 443
290 491
290 492
290 493
290 494
290 495
290 496
290 497
290 534
290 536
290 538
290 539
290 540
290 541
290 542
291 292
291 293
291 294
291 295
291 296
291 297
291 298
291 299
291 300
291 310
291 322
291 325
291 326
291 327
291 329
291 331
291 332
291 333
291 334
291 335
291 336
291 337
291 338
291 339
291 396
291 399
291 400
291 403
291 404
291 405
291 425
291 426
291 427
291 428
291 429
291 430
291 431
291 433
291 434
291 435
291 436
291 437
291 438
291 439
291 440
291 441
291 442
291 443
291 489
291 490
291 491
291 492
291 493
291 494
291 495
291 496
291 534
291 535
291 536
291 538
291 539
291 542
291 543
291 544
292 293
292 294
292 295
292 296
292 297
292 298
292 299
292 300
292 323
292 327
292 328
292 329
292 330
292 331
292 332
292 333
292 334
292 335
292 336
292 337
292 338
292 398
292 402
292 403
292 404
292 405
292 425
292 426
292 428
292 429
292 430
292 431
292 432
292 433
292 434
292 435
292 436
292 437
292 438
292 439
292 440
292 441
292 442
292 492
292 493
292 494
292 495
292 496
292 498
292 515
292 536
292 538
292 540
292 541
292 542
292 544
292 545
293 294
293 295
293 296
293 297
293 298
293 299
293 300
293 326
293 327
293 330
293 331
293 332
293 333
293 334
293 335
293 336
293 337
293 338
293 339
293 398
293 400
293 401
293 402
293 404
293 422
293 423
293 424
293 426
293 427
293 428
293 429
293 430
293 431
293 432
293 433
293 434
293 435
293 436
293 437
293 438
293 439
293 440
293 441
293 442
293 443
293 489
293 490
293 491
293 492
293 494
293 495
293 496
293 497
293 535
293 536
293 537
293 538
293 540
293 541
293 542
293 543
293 544
294 295
294 296
294 297
294 298
294 299
294 300
294 301
294 321
294 326
294 327
294 328
294 329
294 330
294 331
294 332
294 333
294 334
294 335
294 336
294 337
294 338
294 397
294 400
294 401
294 402
294 403
294 404
294 405
294 424
294 425
294 426
294 427
294 429
294 430
294 431
294 432
294 433
294 434
294 435
294 436
294 437
294 438
294 439
294 440
294 441
294 442
294 443
294 490
294 491
294 492
294 494
294 495
294 496
294 497
294 535
294 536
294 537
294 539
294 541
294 542
294 543
295 296
295 297
295 298
295 299
295 300
295 322
295 323
295 326
295 328
295 329
295 330
295 331
295 332
295 333
295 334
295 335
295 336
295 337
295 338
295 340
295 395
295 398
295 400
295 401
295 402
295 403
295 404
295 422
295 424
295 427
295 428
295 429
295 430
295 432
295 433
295 434
295 435
295 436
295 437
295 438
295 439
295 440
295 441
295 442
295 443
295 490
295 491
295 493
295 494
295 495
295 496
295 533
295 535
295 537
295 539
295 540
295 542
295 543
295 544
296 297
296 298
296 299
296 300
296 322
296 323
296 325
296 326
296 329
296 330
296 331
296 332
296 333
296 334
296 335
296 336
296 337
296 338
296 339
296 402
296 403
296 404
296 405
296 406
296 424
296 425
296 428
296 429
296 430
296 431
296 432
296 433
296 434
296 435
296 436
296 437
296 438
296 439
296 440
296 441
296 442
296 443
296 489
296 490
296 491
296 492
296 493
296 494
296 495
296 496
296 497
296 499
296 536
296 537
296 538
296 540
296 541
296 542
296 543
296 545
297 298
297 299
297 300
297 301
297 322
297 323
297 324
297 325
297 328
297 329
297 331
297 332
297 333
297 334
297 335
297 336
297 337
297 338
297 397
297 401
297 402
297 403
297 404
297 405
297 421
297 423
297 424
297 425
297 426
297 427
297 428
297 429
297 430
297 431
297 432
297 433
297 434
297 435
297 436
297 437
297 438
297 439
297 440
297 441
297 442
297 443
297 444
297 488
297 492
297 493
297 494
297 495
297 496
297 497
297 538
297 540
297 541
297 542
297 543
297 544
297 545
297 546
298 299
298 300
298 301
298 302
298 321
298 323
298 324
298 326
298 327
298 328
298 329
298 331
298 332
298 333
298 334
298 335
298 336
298 337
298 338
298 397
298 398
298 401
298 402
298 403
298 404
298 405
298 406
298 422
298 425
298 426
298 427
298 428
298 429
298 430
298 431
298 432
298 433
298 434
298 435
298 436
298 437
298 438
298 439
298 440
298 441
298 442
298 443
298 444
298 488
298 489
298 491
298 492
298 494
298 495
298 497
298 534
298 535
298 538
298 539
298 540
298 541
298 542
298 543
298 544
299 300
299 301
299 321
299 323
299 325
299 326
299 327
299 328
299 329
299 330
299 331
299 332
299 334
299 335
299 336
299 337
299 338
299 339
299 340
299 401
299 402
299 403
299 404
299 422
299 424
299 425
299 426
299 427
299 428
299 429
299 430
299 431
299 432
299 433
299 434
299 435
299 436
299 437
299 438
299 439
299 440
299 441
299 442
299 443
299 489
299 490
299 491
299 492
299 493
299 495
299 496
299 497
299 498
299 535
299 538
299 540
299 541
299 542
299 543
299 544
299 545
299 655
300 305
300 325
300 326
300 327
300 328
300 329
300 330
300 331
300 332
300 334
300 335
300 336
300 337
300 338
300 397
300 400
300 401
300 403
300 404
300 422
300 423
300 424
300 425
300 427
300 428
300 430
300 432
300 433
300 434
300 435
300 436
300 437
300 438
300 439
300 440
300 441
300 442
300 443
300 490
300 491
300 493
300 494
300 495
300 535
300 539
300 540
300 541
300 542
300 543
301 323
301 325
301 326
301 332
301 333
301 337
301 403
301 407
301 428
301 429
301 431
301 433
301 434
301 437
301 438
301 440
301 441
301 442
301 443
301 537
301 539
301 542
302 438
302 440
302 441
302 442
302 495
302 539
302 573
303 441
303 556
303 596
304 537
304 586
307 342
310 442
311 407
311 440
312 501
313 546
320 322
320 333
320 335
320 396
320 436
321 324
321 326
321 332
321 400
321 404
321 422
321 426
321 436
321 442
321 489
321 495
321 498
321 535
321 541
322 323
322 324
322 325
322 330
322 334
322 338
322 402
322 422
322 423
322 425
322 431
322 432
322 436
322 438
322 439
322 442
322 444
322 487
322 539
322 543
323 324
323 325
323 328
323 331
323 333
323 336
323 396
323 399
323 401
323 403
323 404
323 422
323 425
323 428
323 429
323 431
323 435
323 436
323 437
323 439
323 440
323 441
323 491
323 492
323 493
323 495
323 497
323 535
323 536
323 537
323 538
323 539
323 540
324 325
324 329
324 330
324 332
324 333
324 334
324 398
324 400
324 401
324 402
324 404
324 424
324 427
324 430
324 433
324 436
324 437
324 438
324 439
324 440
324 441
324 488
324 490
324 491
324 492
324 493
324 496
324 497
324 536
324 537
324 539
324 540
324 542
324 543
324 544
325 328
325 329
325 331
325 332
325 333
325 334
325 336
325 337
325 338
325 339
325 400
325 401
325 403
325 404
325 422
325 425
325 427
325 429
325 431
325 433
325 434
325 435
325 436
325 438
325 439
325 440
325 441
325 442
325 443
325 488
325 489
325 491
325 493
325 494
325 496
325 497
325 536
325 538
325 539
325 540
325 541
325 543
326 327
326 328
326 330
326 331
326 332
326 333
326 334
326 335
326 337
326 338
326 398
326 399
326 401
326 403
326 404
326 406
326 426
326 428
326 429
326 430
326 431
326 432
326 433
326 435
326 436
326 437
326 438
326 439
326 443
326 489
326 491
326 492
326 494
326 495
326 497
326 536
326 537
326 538
326 539
326 540
326 543
326 544
327 328
327 329
327 330
327 331
327 333
327 334
327 335
327 336
327 337
327 355
327 398
327 399
327 400
327 401
327 402
327 403
327 404
327 424
327 425
327 426
327 427
327 428
327 429
327 430
327 431
327 432
327 433
327 434
327 435
327 436
327 437
327 438
327 439
327 440
327 441
327 442
327 443
327 487
327 491
327 492
327 493
327 494
327 495
327 496
327 497
327 535
327 537
327 540
327 541
327 542
327 543
327 545
328 329
328 332
328 333
328 334
328 335
328 337
328 400
328 402
328 404
328 422
328 424
328 426
328 427
328 428
328 429
328 430
328 432
328 435
328 436
328 437
328 439
328 440
328 441
328 442
328 443
328 488
328 490
328 491
328 492
328 493
328 494
328 495
328 496
328 497
328 498
328 538
328 540
328 541
329 330
329 331
329 333
329 334
329 336
329 338
329 399
329 400
329 401
329 402
329 403
329 404
329 405
329 423
329 424
329 425
329 426
329 427
329 428
329 429
329 430
329 431
329 432
329 433
329 435
329 436
329 437
329 438
329 439
329 440
329 442
329 443
329 490
329 491
329 494
329 496
329 497
329 536
329 537
329 539
329 540
329 541
329 542
329 543
330 332
330 333
330 334
330 335
330 336
330 337
330 338
330 397
330 398
330 400
330 401
330 402
330 403
330 404
330 405
330 423
330 425
330 426
330 427
330 428
330 429
330 430
330 431
330 432
330 433
330 434
330 435
330 436
330 437
330 438
330 440
330 441
330 442
330 443
330 490
330 491
330 492
330 494
330 496
330 497
330 498
330 538
330 539
330 540
330 541
330 542
330 543
330 675
331 332
331 333
331 334
331 335
331 336
331 337
331 338
331 339
331 398
331 401
331 402
331 403
331 404
331 405
331 424
331 425
331 428
331 429
331 430
331 431
331 433
331 434
331 435
331 436
331 437
331 438
331 439
331 440
331 441
331 442
331 443
331 490
331 491
331 493
331 494
331 496
331 497
331 537
331 538
331 539
331 540
331 541
331 542
331 543
331 544
331 545
332 333
332 334
332 335
332 336
332 337
332 338
332 399
332 400
332 402
332 403
332 404
332 405
332 422
332 423
332 425
332 426
332 427
332 428
332 429
332 430
332 432
332 433
332 434
332 435
332 436
332 437
332 438
332 439
332 440
332 441
332 443
332 493
332 494
332 495
332 496
332 497
332 537
332 538
332 540
332 541
332 542
332 543
332 544
333 334
333 335
333 336
333 337
333 338
333 339
333 398
333 399
333 400
333 401
333 402
333 403
333 404
333 422
333 423
333 424
333 428
333 429
333 430
333 431
333 432
333 433
333 434
333 435
333 436
333 437
333 438
333 439
333 440
333 441
333 442
333 443
333 488
333 489
333 491
333 492
333 493
333 495
333 496
333 497
333 498
333 536
333 538
333 539
333 540
333 541
333 542
333 543
333 544
334 335
334 336
334 337
334 338
334 400
334 401
334 402
334 403
334 404
334 405
334 421
334 424
334 426
334 427
334 428
334 429
334 430
334 431
334 432
334 433
334 434
334 435
334 436
334 437
334 438
334 439
334 440
334 441
334 442
334 443
334 489
334 492
334 493
334 494
334 495
334 497
334 538
334 539
334 540
334 541
334 542
334 543
334 544
334 688
335 336
335 337
335 338
335 339
335 349
335 395
335 400
335 401
335 402
335 403
335 404
335 405
335 426
335 427
335 428
335 429
335 430
335 431
335 432
335 433
335 434
335 435
335 436
335 437
335 438
335 439
335 440
335 441
335 442
335 443
335 490
335 491
335 492
335 493
335 494
335 495
335 496
335 497
335 498
335 535
335 536
335 537
335 538
335 539
335 540
335 541
335 542
335 543
335 655
336 337
336 338
336 339
336 397
336 399
336 400
336 401
336 402
336 403
336 404
336 423
336 424
336 426
336 427
336 428
336 429
336 431
336 432
336 433
336 434
336 435
336 436
336 437
336 438
336 439
336 440
336 441
336 442
336 443
336 488
336 490
336 491
336 492
336 493
336 495
336 496
336 497
336 498
336 501
336 536
336 537
336 538
336 539
336 540
336 542
336 543
336 544
337 338
337 339
337 398
337 399
337 400
337 401
337 402
337 403
337 404
337 405
337 406
337 423
337 425
337 426
337 427
337 428
337 429
337 430
337 431
337 432
337 433
337 434
337 435
337 436
337 437
337 438
337 439
337 440
337 441
337 442
337 443
337 444
337 488
337 491
337 492
337 493
337 494
337 495
337 496
337 497
337 516
337 535
337 536
337 537
337 538
337 541
337 542
338 397
338 401
338 402
338 403
338 404
338 405
338 423
338 424
338 425
338 426
338 427
338 428
338 429
338 430
338 431
338 432
338 433
338 434
338 435
338 436
338 437
338 438
338 439
338 440
338 441
338 442
338 443
338 489
338 490
338 491
338 493
338 494
338 495
338 496
338 498
338 499
338 534
338 536
338 537
338 540
338 541
338 542
339 435
339 438
339 439
339 440
339 441
339 442
339 443
339 495
339 539
339 540
339 657
340 437
340 439
340 442
340 445
340 661
341 422
341 439
341 542
341 677
342 442
342 678
347 440
350 500
355 460
372 441
383 654
389 444
396 422
397 398
397 422
397 424
397 432
397 439
397 440
397 487
397 488
397 489
397 491
397 497
397 538
397 541
398 401
398 437
398 487
398 489
398 490
398 491
398 497
398 535
398 537
398 538
398 539
398 542
399 400
399 401
399 402
399 403
399 404
399 422
399 424
399 426
399 427
399 428
399 430
399 431
399 433
399 434
399 436
399 437
399 438
399 440
399 441
399 442
399 490
399 493
399 494
399 534
399 535
399 539
399 542
399 543
399 544
400 401
400 404
400 425
400 428
400 429
400 430
400 431
400 433
400 434
400 435
400 437
400 440
400 442
400 443
400 489
400 490
400 491
400 494
400 496
400 536
400 540
400 541
400 542
400 543
401 403
401 404
401 423
401 424
401 425
401 429
401 430
401 431
401 436
401 437
401 438
401 439
401 440
401 441
401 442
401 443
401 490
401 492
401 493
401 495
401 496
401 498
401 536
401 537
401 538
401 539
401 540
401 541
401 542
401 543
401 544
402 403
402 404
402 405
402 423
402 425
402 426
402 427
402 428
402 429
402 430
402 431
402 432
402 434
402 435
402 436
402 437
402 438
402 439
402 440
402 441
402 442
402 443
402 488
402 492
402 493
402 494
402 496
402 497
402 534
402 535
402 537
402 538
402 539
402 540
402 542
402 543
402 544
403 422
403 423
403 424
403 426
403 427
403 428
403 429
403 430
403 431
403 433
403 434
403 435
403 436
403 437
403 438
403 439
403 440
403 441
403 442
403 443
403 490
403 491
403 492
403 494
403 495
403 496
403 497
403 499
403 506
403 533
403 534
403 538
403 542
403 543
404 421
404 424
404 425
404 427
404 430
404 431
404 433
404 434
404 435
404 436
404 437
404 438
404 439
404 440
404 441
404 442
404 443
404 488
404 490
404 493
404 494
404 495
404 496
404 497
404 536
404 537
404 539
404 541
404 542
404 543
404 544
404 655
405 423
405 424
405 427
405 428
405 429
405 435
405 436
405 437
405 438
405 440
405 441
405 442
405 490
405 494
405 495
405 497
405 537
405 540
405 541
405 542
405 544
405 576
406 428
406 434
406 437
406 438
406 439
406 498
407 439
407 537
408 502
408 626
409 658
421 437
421 489
421 536
421 537
422 431
422 440
422 488
422 489
422 491
422 496
422 497
422 537
422 544
423 424
423 426
423 427
423 428
423 429
423 431
423 432
423 434
423 436
423 438
423 440
423 490
423 537
423 538
423 539
423 542
424 426
424 427
424 429
424 430
424 431
424 433
424 434
424 436
424 437
424 439
424 442
424 490
424 491
424 492
424 493
424 496
424 497
424 498
424 534
424 537
424 539
424 542
424 543
425 428
425 429
425 430
425 431
425 433
425 434
425 436
425 437
425 438
425 440
425 441
425 442
425 443
425 492
425 493
425 494
425 495
425 496
425 534
425 537
425 538
425 539
425 541
425 543
426 428
426 429
426 430
426 431
426 432
426 433
426 435
426 438
426 439
426 440
426 441
426 442
426 443
426 489
426 490
426 491
426 492
426 493
426 495
426 496
426 497
426 498
426 533
426 535
426 536
426 537
426 538
426 539
426 540
426 541
426 542
426 543
427 428
427 429
427 430
427 431
427 434
427 435
427 436
427 438
427 439
427 440
427 441
427 442
427 443
427 490
427 492
427 493
427 494
427 495
427 496
427 497
427 499
427 537
427 539
427 540
427 541
427 542
427 544
428 430
428 431
428 432
428 433
428 435
428 436
428 437
428 438
428 439
428 440
428 443
428 490
428 494
428 496
428 497
428 537
428 538
428 539
428 540
428 542
428 543
428 613
429 430
429 431
429 432
429 433
429 434
429 435
429 436
429 437
429 438
429 439
429 440
429 441
429 442
429 443
429 491
429 492
429 493
429 495
429 496
429 497
429 534
429 538
429 539
429 540
429 541
429 542
429 543
429 544
430 431
430 432
430 433
430 434
430 435
430 436
430 437
430 438
430 439
430 440
430 441
430 442
430 443
430 444
430 486
430 488
430 491
430 492
430 493
430 494
430 495
430 496
430 497
430 536
430 538
430 539
430 540
430 541
430 543
431 432
431 433
431 434
431 435
431 436
431 437
431 438
431 439
431 440
431 441
431 442
431 443
431 487
431 492
431 493
431 494
431 495
431 496
431 497
431 535
431 536
431 537
431 538
431 539
431 540
431 541
431 542
431 543
431 544
432 433
432 434
432 436
432 437
432 438
432 439
432 440
432 441
432 442
432 443
432 493
432 494
432 496
432 533
432 537
432 538
432 539
432 540
432 541
432 542
432 543
432 545
433 434
433 435
433 436
433 437
433 438
433 439
433 440
433 441
433 442
433 443
433 444
433 490
433 491
433 493
433 494
433 495
433 496
433 497
433 538
433 540
433 541
433 542
433 544
434 435
434 436
434 437
434 438
434 439
434 440
434 441
434 442
434 443
434 489
434 493
434 495
434 496
434 497
434 498
434 537
434 538
434 539
434 540
434 541
434 542
434 543
434 544
435 436
435 437
435 438
435 439
435 440
435 441
435 442
435 443
435 488
435 494
435 495
435 496
435 497
435 534
435 536
435 539
435 541
435 543
435 544
436 437
436 438
436 439
436 440
436 441
436 442
436 443
436 488
436 489
436 490
436 491
436 492
436 494
436 495
436 496
436 497
436 498
436 499
436 536
436 537
436 539
436 540
436 541
436 542
436 546
437 438
437 439
437 440
437 441
437 442
437 443
437 488
437 490
437 492
437 493
437 494
437 495
437 496
437 497
437 538
437 542
437 543
437 544
438 439
438 440
438 441
438 442
438 443
438 489
438 491
438 492
438 493
438 494
438 496
438 497
438 498
438 533
438 535
438 537
438 538
438 539
438 540
438 542
438 543
438 544
438 545
438 555
439 440
439 441
439 442
439 443
439 487
439 493
439 495
439 496
439 497
439 498
439 535
439 537
439 538
439 543
439 544
439 644
440 441
440 442
440 443
440 444
440 489
440 491
440 492
440 493
440 494
440 495
440 496
440 497
440 499
440 538
440 540
440 541
440 543
440 544
441 442
441 443
441 444
441 491
441 493
441 494
441 495
441 496
441 497
441 498
441 521
441 537
441 540
441 541
441 542
441 543
441 544
441 545
441 664
442 443
442 444
442 486
442 487
442 490
442 492
442 493
442 494
442 496
442 497
442 502
442 536
442 537
442 538
442 539
442 540
442 541
442 542
442 543
442 545
442 573
443 444
443 492
443 493
443 494
443 495
443 496
443 497
443 534
443 535
443 537
443 538
443 540
443 541
443 542
443 543
443 544
443 657
443 660
444 501
446 465
470 612
471 474
487 490
487 536
487 537
488 492
488 496
488 538
489 491
489 495
489 496
489 497
489 536
489 543
490 493
490 495
490 496
490 536
490 539
490 540
490 543
490 544
491 493
491 494
491 495
491 497
491 538
491 539
491 541
491 543
492 493
492 494
492 497
492 537
492 539
492 540
492 541
492 542
492 544
493 494
493 495
493 496
493 497
493 498
493 535
493 537
493 538
493 539
493 540
493 541
493 543
494 496
494 535
494 536
494 537
494 541
494 542
494 543
494 544
495 496
495 497
495 534
495 538
495 539
495 540
495 541
495 542
495 543
496 497
496 498
496 499
496 536
496 537
496 538
496 539
496 541
496 542
497 537
497 538
497 539
497 540
497 543
497 544
498 523
498 539
498 540
499 537
499 544
500 669
502 647
535 537
535 538
535 540
535 543
535 544
536 537
536 539
536 540
536 541
536 542
537 538
537 540
538 539
538 543
539 541
539 546
540 541
540 542
540 543
541 542
541 543
541 544
542 543
542 544
543 544
548 674
