1 2
1 15
1 17
1 18
1 19
1 20
1 21
1 22
1 23
1 24
1 25
1 26
1 44
1 46
1 47
1 48
1 49
1 50
1 51
1 52
1 53
1 54
2 3
2 4
2 14
2 16
2 17
2 18
2 19
2 20
2 21
2 22
2 23
2 24
2 25
2 27
2 45
2 46
2 47
2 48
2 49
2 50
2 51
2 52
2 53
2 54
2 56
3 4
3 5
3 16
3 17
3 18
3 19
3 20
3 21
3 22
3 23
3 24
3 25
3 26
3 27
3 43
3 45
3 46
3 47
3 48
3 49
3 50
3 51
3 52
3 53
3 54
4 5
4 6
4 17
4 18
4 19
4 21
4 22
4 23
4 24
4 25
4 26
4 27
4 45
4 46
4 47
4 48
4 49
4 50
4 51
4 52
4 53
4 54
4 57
5 17
5 19
5 20
5 22
5 23
5 24
5 25
5 26
5 27
5 45
5 47
5 48
5 49
5 50
5 51
5 52
5 53
5 54
5 68
6 8
6 19
6 21
6 23
6 24
6 25
6 26
6 31
6 47
6 49
6 50
6 51
6 52
6 54
6 56
7 20
7 26
7 27
7 28
7 51
7 52
7 54
8 43
9 46
12 25
14 17
14 25
14 53
15 16
15 17
15 18
15 19
15 22
15 24
15 25
15 45
15 47
15 48
15 50
15 52
15 53
15 54
16 18
16 19
16 20
16 21
16 22
16 23
16 24
16 25
16 26
16 46
16 47
16 48
16 49
16 50
16 51
16 52
16 53
16 55
17 18
17 19
17 20
17 21
17 22
17 23
17 24
17 25
17 26
17 44
17 45
17 46
17 47
17 48
17 49
17 50
17 51
17 52
17 53
17 54
18 19
18 20
18 21
18 22
18 23
18 24
18 25
18 26
18 27
18 30
18 44
18 45
18 46
18 47
18 48
18 49
18 50
18 51
18 52
18 53
18 54
18 55
19 20
19 21
19 22
19 23
19 24
19 25
19 26
19 27
19 44
19 45
19 46
19 47
19 48
19 49
19 50
19 51
19 52
19 53
19 54
19 55
20 21
20 22
20 23
20 24
20 25
20 26
20 27
20 45
20 46
20 47
20 48
20 49
20 50
20 51
20 52
20 53
20 54
20 56
21 22
21 23
21 24
21 25
21 26
21 44
21 45
21 46
21 47
21 48
21 49
21 50
21 51
21 52
21 53
21 54
21 58
22 23
22 24
22 25
22 26
22 27
22 44
22 45
22 46
22 47
22 48
22 49
22 50
22 51
22 52
22 53
22 54
22 55
23 24
23 25
23 26
23 27
23 28
23 39
23 45
23 46
23 47
23 48
23 49
23 50
23 51
23 52
23 53
23 54
23 55
24 25
24 26
24 27
24 44
24 45
24 46
24 47
24 48
24 49
24 50
24 51
24 52
24 53
24 54
24 55
25 26
25 27
25 29
25 30
25 45
25 46
25 47
25 48
25 49
25 50
25 51
25 52
25 53
25 54
25 55
25 56
26 27
26 28
26 30
26 45
26 46
26 47
26 48
26 49
26 50
26 51
26 52
26 53
26 54
26 55
27 47
27 48
27 49
27 50
27 51
27 52
27 54
27 57
28 49
28 52
28 54
28 55
28 69
29 47
29 55
31 38
37 53
43 44
44 45
44 46
44 48
44 49
44 50
44 51
44 52
45 46
45 47
45 48
45 49
45 50
45 51
45 53
45 54
45 55
46 47
46 48
46 49
46 50
46 51
46 52
46 53
46 54
47 48
47 49
47 50
47 51
47 52
47 53
47 54
48 49
48 50
48 51
48 52
48 53
48 54
49 50
49 51
49 52
49 53
49 54
50 51
50 52
50 53
50 54
51 52
51 53
51 54
51 55
51 67
52 53
52 54
52 55
53 54
53 55
53 56
53 68
54 55
54 56
55 56
