1 44
2 34
3 34
3 40
3 57
4 37
4 43
5 42
5 44
6 22
10 31
14 35
15 16
15 17
15 25
15 26
15 27
15 29
15 30
15 32
15 33
15 34
15 36
15 38
15 39
15 40
15 49
15 52
15 53
16 17
16 25
16 26
16 27
16 28
16 29
16 30
16 31
16 34
16 35
16 36
16 37
16 38
16 39
16 40
16 49
16 52
16 53
16 54
16 55
16 56
17 18
17 25
17 26
17 27
17 28
17 29
17 30
17 32
17 33
17 34
17 35
17 36
17 37
17 38
17 39
17 40
17 41
17 49
17 50
17 51
17 52
17 53
17 54
17 55
18 19
18 25
18 26
18 27
18 28
18 29
18 30
18 31
18 32
18 33
18 34
18 35
18 36
18 37
18 38
18 39
18 40
18 41
18 49
18 50
18 51
18 52
18 53
18 54
18 55
18 66
19 20
19 27
19 28
19 29
19 30
19 31
19 33
19 35
19 36
19 37
19 38
19 39
19 40
19 41
19 50
19 53
19 54
19 55
19 57
19 64
20 29
20 30
20 31
20 35
20 36
20 37
20 38
20 39
20 40
20 41
20 42
20 50
20 53
20 54
20 55
20 58
21 22
21 28
21 31
21 32
21 33
21 36
21 39
21 43
21 56
22 58
23 33
24 29
24 35
24 41
25 27
25 28
25 31
25 34
25 35
25 37
25 38
25 39
25 41
25 48
25 53
26 27
26 28
26 29
26 30
26 31
26 33
26 34
26 35
26 36
26 37
26 38
26 39
26 40
26 42
26 51
26 52
26 53
26 54
27 28
27 29
27 30
27 31
27 32
27 33
27 34
27 35
27 36
27 37
27 38
27 39
27 40
27 49
27 50
27 52
27 53
27 54
27 55
27 61
28 29
28 30
28 31
28 32
28 33
28 34
28 35
28 36
28 37
28 38
28 39
28 40
28 41
28 49
28 51
28 52
28 53
28 54
28 55
28 56
29 30
29 31
29 32
29 33
29 34
29 35
29 36
29 37
29 38
29 39
29 40
29 41
29 50
29 51
29 52
29 53
29 54
29 55
29 56
29 66
30 31
30 32
30 33
30 34
30 35
30 36
30 37
30 38
30 39
30 40
30 41
30 50
30 51
30 52
30 53
30 54
30 55
30 56
30 57
30 65
31 32
31 33
31 34
31 35
31 36
31 37
31 38
31 39
31 40
31 41
31 42
31 43
31 49
31 51
31 53
31 54
31 55
31 56
32 33
32 34
32 35
32 36
32 37
32 38
32 39
32 40
32 41
32 43
32 50
32 51
32 52
32 53
32 54
32 57
32 58
33 34
33 35
33 36
33 37
33 38
33 39
33 40
33 41
33 42
33 51
33 52
33 53
33 54
33 55
34 35
34 36
34 37
34 38
34 39
34 40
34 41
34 50
34 51
34 52
34 53
34 54
34 55
34 56
35 36
35 37
35 38
35 39
35 40
35 41
35 42
35 50
35 51
35 52
35 53
35 54
35 55
36 37
36 38
36 39
36 40
36 41
36 42
36 49
36 51
36 52
36 53
36 54
36 55
37 38
37 39
37 40
37 41
37 42
37 43
37 49
37 50
37 51
37 52
37 53
37 54
37 55
37 56
37 65
38 39
38 40
38 41
38 42
38 49
38 50
38 51
38 52
38 53
38 54
38 55
38 56
39 40
39 41
39 42
39 50
39 51
39 52
39 53
39 54
39 55
39 56
39 57
40 41
40 42
40 49
40 51
40 52
40 53
40 54
40 55
40 56
40 64
40 65
41 42
41 43
41 49
41 50
41 52
41 53
41 54
41 55
41 56
42 54
42 55
42 56
42 57
42 66
43 62
45 59
48 51
50 52
50 53
50 54
51 52
51 53
51 54
51 58
52 53
52 54
52 56
53 54
53 55
53 56
54 55
55 67
57 69
