3 12
3 20
3 26
4 8
4 10
4 11
4 13
4 14
4 17
4 18
4 19
4 25
5 9
5 10
5 11
5 12
5 13
5 14
5 15
5 17
5 18
5 20
5 23
5 24
5 26
5 27
5 29
5 43
6 8
6 9
6 10
6 11
6 12
6 13
6 14
6 15
6 16
6 17
6 18
6 23
6 24
6 25
6 26
6 27
6 47
6 48
7 8
7 9
7 10
7 11
7 12
7 13
7 14
7 15
7 16
7 17
7 18
7 20
7 21
7 22
7 23
7 24
7 25
7 26
7 27
7 28
7 31
7 32
7 41
8 9
8 10
8 11
8 12
8 13
8 14
8 15
8 16
8 17
8 18
8 19
8 20
8 21
8 22
8 23
8 24
8 25
8 26
8 27
8 28
8 39
8 47
8 48
9 10
9 11
9 12
9 13
9 14
9 15
9 16
9 17
9 18
9 19
9 20
9 21
9 22
9 23
9 24
9 25
9 26
9 27
9 28
9 29
9 39
9 40
9 46
9 47
9 48
10 11
10 12
10 13
10 14
10 15
10 16
10 17
10 18
10 19
10 20
10 21
10 22
10 23
10 24
10 25
10 26
10 27
10 28
10 29
10 32
10 39
10 40
10 46
10 47
10 48
11 12
11 13
11 14
11 15
11 16
11 17
11 18
11 19
11 20
11 21
11 22
11 23
11 24
11 25
11 26
11 27
11 28
11 29
11 30
11 31
11 33
11 38
11 39
11 40
11 41
11 45
11 46
12 13
12 14
12 15
12 16
12 17
12 18
12 19
12 20
12 21
12 22
12 23
12 24
12 25
12 26
12 27
12 28
12 29
12 30
12 33
12 34
12 38
12 39
12 40
12 41
12 45
12 46
12 47
12 48
13 14
13 15
13 16
13 17
13 18
13 19
13 20
13 21
13 22
13 23
13 24
13 25
13 26
13 27
13 28
13 29
13 30
13 34
13 35
13 39
13 40
13 41
13 42
13 47
13 48
13 59
14 15
14 16
14 17
14 18
14 19
14 20
14 21
14 22
14 23
14 24
14 25
14 26
14 27
14 28
14 29
14 30
14 31
14 33
14 34
14 36
14 39
14 40
14 41
14 42
14 45
14 46
14 48
15 16
15 17
15 18
15 19
15 20
15 21
15 22
15 23
15 24
15 25
15 26
15 27
15 28
15 29
15 30
15 31
15 32
15 33
15 34
15 35
15 37
15 39
15 40
15 41
15 42
15 43
15 46
15 47
15 48
15 49
16 17
16 18
16 19
16 20
16 21
16 22
16 23
16 24
16 25
16 26
16 27
16 28
16 29
16 30
16 32
16 33
16 35
16 36
16 38
16 39
16 40
16 41
16 42
16 43
16 44
16 45
16 46
16 47
16 49
17 18
17 19
17 20
17 21
17 22
17 23
17 24
17 25
17 26
17 27
17 28
17 29
17 30
17 33
17 35
17 39
17 40
17 41
17 42
17 45
17 46
17 47
17 48
17 49
18 19
18 20
18 21
18 22
18 23
18 24
18 25
18 26
18 27
18 28
18 29
18 30
18 41
18 46
19 20
19 21
19 23
19 24
19 25
19 26
19 27
19 28
19 29
19 30
19 34
19 45
19 50
20 21
20 22
20 24
20 25
20 26
20 27
20 28
20 29
20 30
20 32
20 33
21 22
21 23
21 24
21 25
21 26
21 27
21 29
21 32
21 39
22 23
22 24
22 25
22 26
22 27
22 28
22 29
22 30
22 47
23 24
23 25
23 26
23 28
24 25
24 26
24 27
24 32
25 26
25 27
25 28
25 29
25 31
25 39
25 41
25 47
26 27
26 28
26 29
26 35
26 38
26 40
26 46
26 54
27 28
27 29
27 30
27 31
28 29
28 39
28 49
29 30
29 41
29 46
30 34
30 47
31 43
34 46
44 49
44 50
