1 2
1 3
1 4
1 5
1 6
1 7
1 8
1 9
1 10
1 11
1 12
1 13
1 14
1 15
1 16
1 17
1 21
1 22
1 23
1 24
1 25
1 26
1 46
1 47
1 48
1 49
1 50
1 51
1 53
1 54
2 3
2 4
2 5
2 6
2 7
2 8
2 9
2 10
2 11
2 12
2 13
2 14
2 15
2 16
2 20
2 21
2 22
2 23
2 24
2 25
2 32
2 45
2 46
2 47
2 48
2 49
2 50
2 51
2 52
2 57
3 4
3 5
3 6
3 7
3 8
3 9
3 10
3 11
3 12
3 13
3 14
3 15
3 16
3 21
3 22
3 23
3 24
3 25
3 26
3 27
3 45
3 46
3 47
3 48
3 49
3 50
3 51
4 5
4 6
4 7
4 8
4 9
4 10
4 11
4 12
4 13
4 14
4 15
4 16
4 21
4 22
4 23
4 26
4 46
4 47
4 48
4 49
4 50
4 51
4 52
4 54
4 57
5 6
5 7
5 8
5 9
5 10
5 11
5 12
5 13
5 14
5 15
5 16
5 20
5 21
5 22
5 23
5 24
5 25
5 26
5 45
5 46
5 47
5 48
5 49
5 50
5 51
5 52
5 54
6 7
6 8
6 9
6 10
6 11
6 12
6 13
6 14
6 15
6 16
6 21
6 22
6 23
6 24
6 25
6 27
6 36
6 38
6 46
6 47
6 48
6 49
6 50
6 51
6 52
6 54
7 8
7 9
7 10
7 11
7 12
7 13
7 14
7 15
7 16
7 21
7 22
7 23
7 24
7 27
7 44
7 46
7 47
7 48
7 49
7 50
7 51
7 52
7 55
7 56
8 9
8 10
8 11
8 12
8 13
8 14
8 15
8 16
8 17
8 21
8 22
8 23
8 24
8 46
8 47
8 48
8 49
8 50
8 51
8 52
8 55
8 56
9 10
9 11
9 12
9 13
9 14
9 15
9 16
9 17
9 21
9 22
9 23
9 24
9 25
9 45
9 46
9 47
9 48
9 49
9 50
9 51
9 52
10 11
10 12
10 13
10 14
10 15
10 16
10 19
10 21
10 22
10 23
10 24
10 26
10 45
10 46
10 47
10 48
10 49
10 50
10 51
11 12
11 13
11 14
11 15
11 16
11 20
11 21
11 22
11 23
11 24
11 25
11 26
11 27
11 44
11 45
11 46
11 47
11 48
11 49
11 50
11 51
11 52
11 53
12 13
12 14
12 15
12 16
12 20
12 21
12 22
12 23
12 24
12 25
12 26
12 37
12 45
12 46
12 47
12 48
12 49
12 50
12 51
12 52
12 57
13 14
13 15
13 16
13 20
13 21
13 22
13 23
13 24
13 25
13 26
13 27
13 28
13 45
13 46
13 47
13 48
13 49
13 50
13 51
13 52
13 53
13 54
13 55
13 56
14 15
14 16
14 17
14 20
14 21
14 22
14 23
14 24
14 25
14 26
14 28
14 30
14 38
14 45
14 46
14 47
14 48
14 49
14 50
14 51
14 52
14 55
15 16
15 22
15 23
15 25
15 26
15 27
15 29
15 46
15 47
15 48
15 49
15 50
15 51
15 52
15 53
15 56
15 57
15 58
16 17
16 20
16 21
16 23
16 25
16 26
16 27
16 50
16 52
16 53
17 28
17 38
17 54
17 57
18 29
18 54
20 22
20 24
21 22
21 23
21 24
21 46
21 47
22 23
22 25
22 26
22 45
22 46
22 47
22 48
22 49
22 50
23 24
23 26
23 46
23 47
23 49
23 50
23 51
24 26
24 27
24 47
24 51
24 53
25 58
26 52
27 61
28 39
31 53
44 49
44 51
45 46
45 48
45 51
46 49
46 50
46 51
47 48
47 50
47 51
47 55
48 49
48 50
48 51
49 50
49 52
50 51
51 55
52 54
59 61
