1 2
1 3
1 4
1 5
1 6
1 7
1 8
1 9
1 10
1 11
1 12
1 13
1 14
1 15
1 16
1 17
1 18
1 19
1 20
1 21
1 22
1 23
1 24
1 25
1 26
1 27
1 28
1 52
1 53
1 54
1 55
1 56
1 57
1 59
2 3
2 4
2 5
2 6
2 7
2 8
2 9
2 10
2 11
2 12
2 13
2 14
2 15
2 16
2 17
2 18
2 19
2 20
2 21
2 22
2 23
2 24
2 25
2 26
2 27
2 52
2 53
2 54
2 55
2 56
2 57
2 58
2 59
3 4
3 5
3 6
3 7
3 8
3 9
3 10
3 11
3 12
3 13
3 14
3 15
3 16
3 17
3 18
3 19
3 20
3 21
3 22
3 23
3 24
3 25
3 26
3 27
3 28
3 52
3 53
3 54
3 55
3 56
3 57
3 58
4 5
4 6
4 7
4 8
4 9
4 10
4 11
4 12
4 13
4 14
4 15
4 16
4 17
4 18
4 19
4 20
4 21
4 22
4 23
4 24
4 25
4 26
4 27
4 52
4 53
4 54
4 55
4 56
4 57
4 59
4 66
5 6
5 7
5 8
5 9
5 10
5 11
5 12
5 13
5 14
5 15
5 16
5 17
5 18
5 19
5 20
5 21
5 22
5 23
5 24
5 25
5 26
5 27
5 28
5 51
5 52
5 53
5 54
5 55
5 56
5 57
5 58
6 7
6 8
6 9
6 10
6 11
6 12
6 13
6 14
6 15
6 16
6 17
6 18
6 19
6 20
6 21
6 22
6 23
6 24
6 25
6 26
6 27
6 28
6 45
6 46
6 52
6 53
6 54
6 55
6 56
6 57
6 58
7 8
7 9
7 10
7 11
7 12
7 13
7 14
7 15
7 16
7 17
7 18
7 19
7 20
7 21
7 22
7 23
7 24
7 25
7 26
7 27
7 28
7 29
7 52
7 54
7 55
7 56
7 57
7 58
8 9
8 10
8 11
8 12
8 13
8 14
8 15
8 16
8 17
8 18
8 19
8 20
8 21
8 22
8 23
8 24
8 25
8 26
8 27
8 28
8 44
8 47
8 53
8 54
8 55
8 56
8 57
8 58
8 60
9 10
9 11
9 12
9 13
9 14
9 15
9 16
9 17
9 18
9 19
9 20
9 21
9 22
9 23
9 24
9 25
9 26
9 27
9 28
9 29
9 52
9 53
9 54
9 55
9 56
9 58
9 59
9 63
10 11
10 12
10 13
10 14
10 15
10 16
10 17
10 18
10 19
10 20
10 21
10 22
10 23
10 24
10 25
10 26
10 27
10 28
10 51
10 53
10 54
10 55
10 56
10 57
10 58
10 59
10 61
10 62
11 12
11 13
11 14
11 15
11 16
11 17
11 18
11 19
11 20
11 21
11 22
11 23
11 24
11 25
11 26
11 27
11 28
11 30
11 52
11 53
11 54
11 55
11 56
11 57
11 58
11 59
11 61
12 13
12 14
12 15
12 16
12 17
12 18
12 19
12 20
12 21
12 22
12 23
12 24
12 25
12 26
12 27
12 29
12 52
12 53
12 54
12 55
12 56
12 57
13 14
13 15
13 16
13 17
13 18
13 19
13 20
13 21
13 22
13 23
13 24
13 25
13 26
13 27
13 51
13 53
13 54
13 55
13 56
13 57
13 58
14 15
14 16
14 17
14 18
14 19
14 20
14 21
14 22
14 23
14 24
14 25
14 26
14 27
14 28
14 52
14 53
14 54
14 55
14 56
14 57
15 16
15 17
15 18
15 19
15 20
15 21
15 22
15 23
15 24
15 25
15 26
15 27
15 29
15 52
15 53
15 54
15 55
15 56
15 57
15 59
15 60
16 17
16 18
16 19
16 20
16 21
16 22
16 23
16 24
16 25
16 26
16 27
16 51
16 52
16 53
16 54
16 55
16 56
16 57
17 18
17 19
17 20
17 21
17 22
17 23
17 24
17 25
17 26
17 27
17 52
17 53
17 54
17 55
17 56
17 61
18 19
18 20
18 21
18 22
18 23
18 24
18 25
18 26
18 27
18 28
18 53
18 54
18 55
18 56
18 57
18 58
19 20
19 21
19 22
19 23
19 24
19 25
19 26
19 27
19 28
19 52
19 53
19 54
19 55
19 56
19 57
19 58
19 60
20 21
20 22
20 23
20 24
20 25
20 26
20 27
20 28
20 52
20 53
20 54
20 55
20 56
20 58
20 60
21 22
21 23
21 24
21 25
21 26
21 27
21 28
21 51
21 53
21 54
21 55
21 56
22 23
22 24
22 25
22 26
22 27
22 51
22 52
22 53
22 54
22 55
22 56
22 57
22 58
23 24
23 25
23 26
23 27
23 28
23 52
23 53
23 54
23 55
23 56
23 57
23 58
24 25
24 26
24 27
24 28
24 29
24 52
24 53
24 54
24 55
24 56
24 57
25 26
25 27
25 28
25 30
25 52
25 53
25 54
25 55
25 56
26 27
26 51
26 52
26 53
26 54
26 55
26 56
27 52
27 53
27 54
27 55
27 56
27 57
27 58
27 59
28 29
28 60
31 66
52 53
52 55
52 56
52 57
53 54
53 55
53 57
53 58
54 55
54 56
55 56
55 57
