4 676
5 43
6 251
12 46
12 296
13 37
13 301
13 313
13 374
13 711
14 15
14 288
14 346
14 378
14 393
14 440
14 717
14 727
15 24
15 39
15 165
15 291
15 296
15 308
15 310
15 311
15 348
15 355
15 359
15 488
15 715
15 729
16 17
16 18
16 22
16 24
16 28
16 30
16 34
16 38
16 41
16 49
16 279
16 284
16 288
16 293
16 297
16 307
16 309
16 314
16 351
16 354
16 357
16 362
16 366
16 368
16 373
16 375
16 378
16 691
16 713
16 715
16 725
16 727
16 728
16 731
16 733
17 20
17 22
17 23
17 24
17 25
17 26
17 28
17 29
17 31
17 37
17 41
17 50
17 154
17 279
17 280
17 281
17 282
17 284
17 286
17 288
17 289
17 291
17 292
17 297
17 301
17 310
17 312
17 313
17 314
17 347
17 348
17 349
17 351
17 354
17 360
17 365
17 366
17 371
17 374
17 380
17 489
17 490
17 711
17 713
17 716
17 719
17 722
17 730
17 732
17 733
18 21
18 24
18 27
18 30
18 32
18 33
18 35
18 37
18 38
18 41
18 46
18 48
18 284
18 285
18 287
18 288
18 289
18 292
18 293
18 297
18 300
18 303
18 305
18 306
18 307
18 309
18 310
18 311
18 313
18 348
18 349
18 353
18 356
18 359
18 361
18 362
18 363
18 366
18 368
18 369
18 373
18 377
18 379
18 380
18 489
18 493
18 712
18 713
18 717
18 718
18 723
18 724
18 725
18 727
18 729
18 731
18 732
18 733
18 734
19 20
19 24
19 25
19 26
19 27
19 28
19 30
19 31
19 33
19 35
19 36
19 38
19 41
19 42
19 47
19 48
19 281
19 282
19 285
19 288
19 289
19 290
19 291
19 293
19 295
19 297
19 298
19 300
19 301
19 304
19 305
19 306
19 310
19 311
19 312
19 349
19 350
19 351
19 356
19 361
19 363
19 364
19 365
19 366
19 367
19 370
19 372
19 373
19 375
19 377
19 378
19 379
19 709
19 714
19 716
19 717
19 718
19 721
19 722
19 725
19 726
19 727
19 728
19 730
19 731
20 21
20 22
20 23
20 24
20 27
20 28
20 29
20 30
20 31
20 32
20 33
20 36
20 37
20 39
20 40
20 41
20 43
20 44
20 46
20 47
20 49
20 280
20 281
20 283
20 284
20 285
20 286
20 288
20 293
20 294
20 297
20 298
20 300
20 301
20 302
20 303
20 305
20 306
20 307
20 308
20 309
20 312
20 314
20 347
20 348
20 351
20 352
20 353
20 354
20 355
20 356
20 357
20 366
20 368
20 371
20 372
20 374
20 375
20 376
20 378
20 379
20 380
20 605
20 710
20 714
20 715
20 717
20 718
20 719
20 720
20 721
20 725
20 726
20 732
21 22
21 23
21 24
21 27
21 28
21 29
21 30
21 31
21 33
21 34
21 35
21 37
21 38
21 40
21 41
21 44
21 45
21 47
21 48
21 212
21 237
21 280
21 281
21 282
21 283
21 284
21 285
21 286
21 287
21 288
21 289
21 290
21 291
21 293
21 294
21 299
21 301
21 302
21 305
21 306
21 309
21 310
21 312
21 314
21 347
21 348
21 349
21 351
21 352
21 353
21 355
21 356
21 358
21 359
21 360
21 362
21 364
21 365
21 366
21 367
21 372
21 373
21 374
21 375
21 378
21 379
21 490
21 710
21 712
21 714
21 716
21 717
21 718
21 720
21 721
21 722
21 723
21 725
21 726
21 727
21 728
21 729
21 730
21 733
22 23
22 25
22 30
22 31
22 33
22 34
22 35
22 36
22 37
22 38
22 39
22 42
22 43
22 44
22 45
22 47
22 48
22 49
22 281
22 282
22 284
22 285
22 286
22 289
22 290
22 291
22 293
22 294
22 295
22 296
22 297
22 298
22 299
22 300
22 301
22 303
22 304
22 305
22 306
22 307
22 308
22 309
22 311
22 312
22 313
22 348
22 350
22 351
22 355
22 356
22 357
22 360
22 361
22 362
22 363
22 365
22 366
22 367
22 368
22 369
22 370
22 371
22 372
22 373
22 374
22 376
22 377
22 378
22 379
22 711
22 713
22 714
22 715
22 716
22 717
22 718
22 719
22 720
22 722
22 724
22 725
22 726
22 727
22 728
22 729
22 730
22 731
22 732
22 733
23 24
23 25
23 26
23 27
23 28
23 29
23 30
23 31
23 34
23 35
23 36
23 37
23 38
23 39
23 40
23 41
23 42
23 44
23 45
23 46
23 47
23 48
23 49
23 133
23 180
23 279
23 282
23 283
23 284
23 285
23 286
23 287
23 288
23 289
23 290
23 291
23 292
23 293
23 294
23 297
23 299
23 300
23 301
23 302
23 303
23 304
23 305
23 306
23 307
23 308
23 309
23 310
23 311
23 312
23 313
23 314
23 346
23 347
23 348
23 350
23 352
23 353
23 354
23 355
23 356
23 357
23 358
23 359
23 360
23 361
23 362
23 363
23 364
23 365
23 366
23 368
23 369
23 370
23 371
23 372
23 373
23 374
23 375
23 376
23 377
23 379
23 489
23 709
23 710
23 712
23 713
23 714
23 715
23 716
23 717
23 718
23 719
23 720
23 721
23 722
23 723
23 724
23 728
23 729
23 730
23 731
23 733
24 25
24 26
24 28
24 29
24 30
24 31
24 32
24 33
24 34
24 35
24 36
24 37
24 38
24 39
24 40
24 42
24 43
24 44
24 45
24 46
24 47
24 48
24 49
24 271
24 284
24 285
24 286
24 287
24 289
24 290
24 291
24 292
24 293
24 294
24 295
24 296
24 297
24 298
24 299
24 300
24 301
24 302
24 303
24 304
24 305
24 306
24 307
24 308
24 309
24 310
24 312
24 313
24 314
24 346
24 347
24 348
24 349
24 353
24 354
24 355
24 356
24 357
24 358
24 359
24 360
24 361
24 362
24 363
24 364
24 365
24 366
24 367
24 368
24 369
24 370
24 371
24 373
24 375
24 376
24 377
24 378
24 379
24 714
24 715
24 716
24 717
24 718
24 719
24 720
24 721
24 722
24 723
24 724
24 725
24 726
24 727
24 728
24 730
24 731
24 732
24 733
24 734
25 26
25 27
25 28
25 29
25 30
25 32
25 33
25 35
25 36
25 37
25 38
25 39
25 40
25 42
25 43
25 44
25 45
25 46
25 47
25 49
25 278
25 280
25 281
25 282
25 283
25 284
25 286
25 287
25 288
25 289
25 290
25 291
25 292
25 293
25 294
25 295
25 296
25 297
25 298
25 299
25 300
25 301
25 302
25 303
25 304
25 305
25 306
25 307
25 309
25 310
25 311
25 312
25 313
25 314
25 351
25 352
25 353
25 354
25 355
25 357
25 358
25 359
25 360
25 361
25 362
25 363
25 364
25 365
25 366
25 367
25 368
25 369
25 370
25 371
25 372
25 373
25 374
25 375
25 376
25 377
25 378
25 379
25 489
25 492
25 712
25 713
25 714
25 715
25 716
25 718
25 719
25 720
25 721
25 722
25 723
25 725
25 726
25 727
25 728
25 729
25 730
25 731
25 732
25 733
26 27
26 28
26 29
26 30
26 31
26 32
26 33
26 34
26 35
26 36
26 37
26 38
26 39
26 40
26 41
26 42
26 43
26 44
26 45
26 46
26 47
26 48
26 49
26 161
26 278
26 281
26 283
26 284
26 285
26 286
26 287
26 288
26 289
26 290
26 291
26 292
26 293
26 294
26 295
26 296
26 297
26 298
26 299
26 300
26 301
26 302
26 303
26 304
26 305
26 306
26 308
26 309
26 310
26 311
26 312
26 314
26 349
26 351
26 353
26 354
26 355
26 356
26 357
26 358
26 359
26 360
26 361
26 362
26 363
26 364
26 365
26 366
26 367
26 368
26 369
26 370
26 371
26 372
26 373
26 374
26 375
26 376
26 377
26 378
26 379
26 709
26 713
26 714
26 715
26 716
26 718
26 719
26 720
26 721
26 722
26 724
26 725
26 727
26 728
26 729
26 730
26 731
26 732
26 733
27 28
27 29
27 30
27 31
27 32
27 33
27 34
27 35
27 36
27 37
27 38
27 39
27 40
27 42
27 43
27 44
27 45
27 46
27 48
27 49
27 163
27 281
27 282
27 283
27 284
27 285
27 287
27 288
27 289
27 290
27 291
27 292
27 293
27 294
27 295
27 296
27 297
27 298
27 299
27 300
27 301
27 302
27 303
27 304
27 305
27 306
27 307
27 308
27 309
27 310
27 311
27 312
27 313
27 314
27 350
27 351
27 352
27 353
27 354
27 355
27 356
27 357
27 358
27 359
27 360
27 361
27 362
27 363
27 364
27 365
27 366
27 367
27 368
27 369
27 370
27 371
27 372
27 373
27 374
27 375
27 376
27 377
27 378
27 379
27 380
27 709
27 713
27 715
27 716
27 718
27 719
27 720
27 721
27 722
27 723
27 724
27 725
27 726
27 727
27 728
27 729
27 730
27 731
27 732
27 733
27 734
28 29
28 30
28 31
28 33
28 34
28 35
28 36
28 37
28 38
28 39
28 40
28 41
28 42
28 43
28 44
28 45
28 46
28 47
28 48
28 49
28 50
28 280
28 283
28 284
28 286
28 287
28 288
28 289
28 290
28 292
28 293
28 294
28 295
28 296
28 297
28 298
28 299
28 300
28 301
28 302
28 303
28 304
28 305
28 306
28 307
28 308
28 309
28 310
28 311
28 312
28 313
28 314
28 349
28 350
28 352
28 353
28 354
28 355
28 356
28 358
28 359
28 360
28 361
28 362
28 363
28 364
28 365
28 366
28 367
28 368
28 369
28 370
28 371
28 372
28 373
28 374
28 375
28 376
28 377
28 378
28 379
28 491
28 561
28 709
28 712
28 713
28 714
28 715
28 716
28 717
28 719
28 720
28 721
28 722
28 723
28 724
28 725
28 726
28 727
28 728
28 729
28 730
28 731
28 732
28 733
29 30
29 31
29 32
29 33
29 34
29 35
29 36
29 37
29 39
29 40
29 41
29 42
29 43
29 44
29 45
29 46
29 47
29 48
29 49
29 278
29 281
29 283
29 285
29 286
29 287
29 288
29 289
29 290
29 291
29 292
29 293
29 294
29 295
29 296
29 297
29 298
29 299
29 300
29 301
29 302
29 303
29 304
29 305
29 306
29 307
29 308
29 309
29 310
29 311
29 312
29 313
29 314
29 347
29 349
29 350
29 351
29 353
29 355
29 356
29 357
29 358
29 359
29 360
29 361
29 362
29 364
29 365
29 366
29 367
29 368
29 369
29 370
29 371
29 372
29 373
29 374
29 375
29 376
29 377
29 378
29 379
29 380
29 711
29 712
29 716
29 717
29 718
29 719
29 720
29 721
29 722
29 723
29 724
29 725
29 726
29 727
29 728
29 729
29 730
29 731
29 732
29 733
30 31
30 32
30 33
30 34
30 35
30 36
30 37
30 38
30 39
30 40
30 41
30 42
30 43
30 44
30 45
30 46
30 47
30 48
30 49
30 50
30 281
30 282
30 283
30 284
30 285
30 286
30 287
30 288
30 289
30 291
30 292
30 293
30 294
30 295
30 296
30 297
30 298
30 299
30 300
30 301
30 302
30 303
30 304
30 305
30 306
30 307
30 308
30 309
30 310
30 311
30 312
30 313
30 314
30 347
30 349
30 350
30 351
30 352
30 353
30 355
30 356
30 357
30 358
30 359
30 360
30 361
30 362
30 363
30 364
30 365
30 366
30 367
30 368
30 369
30 370
30 371
30 372
30 373
30 374
30 375
30 376
30 377
30 378
30 379
30 380
30 712
30 714
30 716
30 718
30 719
30 720
30 721
30 722
30 723
30 724
30 725
30 726
30 727
30 728
30 729
30 730
30 731
30 732
30 733
30 734
31 32
31 33
31 34
31 35
31 36
31 37
31 38
31 39
31 40
31 41
31 42
31 43
31 44
31 45
31 46
31 47
31 48
31 49
31 162
31 163
31 280
31 282
31 283
31 284
31 285
31 286
31 287
31 288
31 289
31 290
31 291
31 292
31 293
31 294
31 295
31 296
31 297
31 298
31 299
31 300
31 301
31 302
31 303
31 304
31 305
31 306
31 307
31 308
31 309
31 310
31 311
31 312
31 313
31 314
31 347
31 349
31 351
31 352
31 353
31 354
31 355
31 356
31 357
31 358
31 359
31 360
31 361
31 362
31 363
31 364
31 365
31 366
31 367
31 368
31 369
31 370
31 371
31 372
31 373
31 374
31 375
31 376
31 377
31 378
31 379
31 380
31 489
31 490
31 710
31 713
31 714
31 715
31 716
31 717
31 718
31 719
31 720
31 721
31 722
31 723
31 724
31 725
31 726
31 727
31 728
31 729
31 730
31 731
31 732
31 733
32 33
32 34
32 35
32 36
32 37
32 38
32 39
32 40
32 41
32 42
32 43
32 44
32 45
32 46
32 47
32 48
32 49
32 50
32 281
32 283
32 284
32 285
32 286
32 287
32 288
32 289
32 290
32 291
32 292
32 293
32 294
32 295
32 296
32 297
32 298
32 299
32 300
32 301
32 302
32 303
32 304
32 305
32 306
32 307
32 308
32 309
32 310
32 311
32 312
32 313
32 314
32 315
32 349
32 350
32 352
32 353
32 354
32 355
32 356
32 357
32 358
32 359
32 360
32 361
32 362
32 363
32 364
32 365
32 366
32 367
32 368
32 369
32 370
32 371
32 372
32 373
32 374
32 375
32 376
32 377
32 378
32 379
32 489
32 624
32 710
32 711
32 714
32 716
32 717
32 718
32 719
32 720
32 721
32 722
32 723
32 725
32 726
32 727
32 728
32 729
32 730
32 731
32 732
32 733
32 734
33 34
33 35
33 36
33 37
33 38
33 39
33 40
33 41
33 42
33 43
33 44
33 45
33 46
33 47
33 48
33 282
33 283
33 285
33 286
33 287
33 288
33 289
33 290
33 291
33 293
33 294
33 295
33 296
33 297
33 298
33 299
33 300
33 301
33 302
33 303
33 304
33 305
33 306
33 307
33 308
33 309
33 310
33 311
33 312
33 313
33 314
33 315
33 349
33 350
33 352
33 353
33 354
33 356
33 357
33 358
33 359
33 360
33 361
33 362
33 363
33 364
33 365
33 366
33 367
33 368
33 369
33 370
33 371
33 372
33 373
33 374
33 375
33 376
33 377
33 378
33 379
33 380
33 490
33 527
33 711
33 713
33 714
33 716
33 717
33 718
33 719
33 720
33 721
33 722
33 723
33 724
33 725
33 726
33 727
33 728
33 729
33 730
33 731
33 732
33 733
33 734
34 35
34 36
34 37
34 38
34 39
34 40
34 41
34 42
34 43
34 44
34 45
34 46
34 47
34 48
34 49
34 50
34 248
34 278
34 282
34 283
34 284
34 285
34 286
34 287
34 288
34 289
34 290
34 291
34 292
34 293
34 294
34 295
34 296
34 297
34 298
34 299
34 300
34 301
34 302
34 303
34 304
34 305
34 306
34 307
34 308
34 309
34 310
34 311
34 312
34 313
34 314
34 315
34 347
34 350
34 351
34 352
34 354
34 355
34 356
34 357
34 358
34 359
34 360
34 361
34 362
34 363
34 364
34 365
34 366
34 367
34 368
34 369
34 370
34 371
34 372
34 373
34 374
34 375
34 376
34 377
34 378
34 379
34 380
34 439
34 490
34 624
34 713
34 714
34 715
34 716
34 718
34 719
34 721
34 722
34 723
34 724
34 725
34 726
34 727
34 728
34 729
34 730
34 731
34 732
34 733
35 36
35 37
35 38
35 39
35 40
35 41
35 43
35 44
35 45
35 46
35 47
35 48
35 49
35 284
35 285
35 286
35 287
35 289
35 290
35 291
35 292
35 293
35 294
35 295
35 296
35 297
35 298
35 299
35 300
35 301
35 302
35 303
35 304
35 305
35 306
35 307
35 308
35 309
35 310
35 311
35 312
35 313
35 314
35 315
35 350
35 351
35 352
35 353
35 354
35 355
35 356
35 357
35 358
35 359
35 360
35 361
35 362
35 363
35 364
35 365
35 366
35 367
35 368
35 369
35 370
35 371
35 372
35 373
35 374
35 375
35 376
35 377
35 378
35 379
35 490
35 491
35 494
35 623
35 712
35 714
35 715
35 717
35 718
35 720
35 721
35 722
35 723
35 724
35 725
35 726
35 727
35 728
35 729
35 730
35 731
35 732
35 733
35 734
36 37
36 38
36 39
36 40
36 41
36 42
36 43
36 44
36 45
36 46
36 47
36 48
36 49
36 164
36 281
36 282
36 283
36 284
36 285
36 286
36 287
36 288
36 289
36 290
36 291
36 292
36 294
36 295
36 296
36 297
36 298
36 299
36 300
36 301
36 302
36 303
36 304
36 305
36 306
36 307
36 308
36 309
36 310
36 311
36 312
36 313
36 314
36 346
36 349
36 351
36 352
36 353
36 355
36 356
36 357
36 358
36 359
36 360
36 362
36 363
36 364
36 365
36 366
36 367
36 368
36 369
36 370
36 371
36 372
36 373
36 374
36 375
36 376
36 377
36 378
36 379
36 712
36 714
36 716
36 717
36 718
36 719
36 720
36 721
36 722
36 723
36 724
36 725
36 726
36 727
36 728
36 729
36 730
36 731
36 732
36 733
36 734
37 38
37 39
37 40
37 41
37 42
37 43
37 44
37 45
37 46
37 47
37 48
37 49
37 280
37 281
37 282
37 283
37 284
37 285
37 286
37 287
37 288
37 289
37 290
37 291
37 292
37 293
37 294
37 295
37 296
37 297
37 298
37 299
37 300
37 301
37 302
37 303
37 304
37 305
37 306
37 307
37 308
37 309
37 310
37 311
37 312
37 313
37 314
37 347
37 348
37 349
37 351
37 352
37 354
37 355
37 356
37 357
37 358
37 359
37 360
37 361
37 362
37 363
37 364
37 365
37 366
37 367
37 368
37 369
37 370
37 371
37 372
37 373
37 374
37 375
37 376
37 377
37 378
37 379
37 380
37 711
37 713
37 714
37 716
37 717
37 718
37 720
37 721
37 722
37 723
37 725
37 727
37 728
37 729
37 730
37 731
37 732
37 733
38 39
38 40
38 41
38 42
38 43
38 44
38 45
38 46
38 47
38 48
38 49
38 213
38 279
38 282
38 283
38 284
38 285
38 287
38 288
38 289
38 290
38 291
38 292
38 293
38 294
38 295
38 296
38 297
38 298
38 299
38 300
38 301
38 302
38 303
38 304
38 305
38 306
38 307
38 308
38 309
38 310
38 311
38 312
38 313
38 314
38 347
38 348
38 352
38 353
38 354
38 355
38 356
38 357
38 358
38 359
38 360
38 361
38 362
38 363
38 364
38 365
38 366
38 367
38 368
38 369
38 370
38 371
38 372
38 373
38 374
38 375
38 376
38 377
38 378
38 379
38 380
38 491
38 492
38 709
38 712
38 713
38 715
38 716
38 718
38 719
38 720
38 721
38 722
38 723
38 724
38 725
38 726
38 727
38 728
38 729
38 730
38 731
38 732
38 733
38 734
39 40
39 41
39 42
39 43
39 44
39 45
39 46
39 47
39 48
39 49
39 50
39 279
39 280
39 282
39 283
39 284
39 286
39 287
39 288
39 289
39 290
39 291
39 292
39 293
39 294
39 295
39 296
39 297
39 298
39 299
39 300
39 301
39 302
39 303
39 304
39 305
39 306
39 307
39 308
39 309
39 310
39 311
39 312
39 313
39 314
39 349
39 351
39 352
39 353
39 354
39 356
39 358
39 359
39 360
39 361
39 362
39 363
39 364
39 365
39 366
39 367
39 368
39 369
39 370
39 371
39 372
39 373
39 374
39 375
39 376
39 377
39 378
39 379
39 380
39 399
39 493
39 688
39 709
39 711
39 712
39 715
39 716
39 717
39 718
39 719
39 720
39 721
39 722
39 723
39 724
39 725
39 726
39 727
39 728
39 729
39 730
39 731
39 732
39 733
39 734
40 41
40 42
40 43
40 44
40 45
40 46
40 47
40 48
40 49
40 162
40 278
40 281
40 285
40 286
40 287
40 288
40 289
40 290
40 291
40 292
40 293
40 294
40 295
40 296
40 297
40 298
40 299
40 300
40 301
40 302
40 303
40 304
40 305
40 306
40 307
40 308
40 309
40 310
40 311
40 312
40 313
40 314
40 348
40 350
40 351
40 352
40 354
40 355
40 356
40 357
40 358
40 359
40 360
40 361
40 362
40 363
40 364
40 365
40 366
40 367
40 368
40 369
40 370
40 371
40 372
40 373
40 374
40 375
40 376
40 377
40 378
40 379
40 380
40 492
40 494
40 711
40 712
40 714
40 715
40 716
40 717
40 718
40 719
40 720
40 721
40 722
40 724
40 725
40 726
40 727
40 728
40 729
40 730
40 731
40 732
40 733
40 734
40 735
41 42
41 43
41 44
41 45
41 46
41 47
41 48
41 49
41 50
41 51
41 82
41 281
41 283
41 286
41 288
41 289
41 290
41 292
41 293
41 294
41 295
41 296
41 297
41 298
41 299
41 300
41 301
41 302
41 303
41 304
41 305
41 306
41 307
41 308
41 309
41 310
41 311
41 312
41 313
41 314
41 316
41 347
41 350
41 353
41 354
41 355
41 356
41 357
41 358
41 359
41 360
41 361
41 362
41 363
41 364
41 365
41 366
41 367
41 368
41 369
41 370
41 371
41 372
41 373
41 374
41 375
41 376
41 377
41 378
41 379
41 380
41 490
41 491
41 624
41 711
41 713
41 714
41 715
41 718
41 719
41 720
41 721
41 722
41 723
41 724
41 725
41 726
41 727
41 728
41 729
41 730
41 731
41 732
41 733
41 734
41 735
42 43
42 44
42 45
42 46
42 47
42 48
42 49
42 50
42 280
42 281
42 282
42 283
42 284
42 285
42 286
42 287
42 288
42 289
42 290
42 291
42 292
42 293
42 294
42 295
42 296
42 297
42 298
42 299
42 300
42 301
42 302
42 303
42 304
42 305
42 306
42 307
42 308
42 309
42 310
42 311
42 312
42 313
42 314
42 315
42 350
42 352
42 354
42 355
42 356
42 357
42 358
42 359
42 360
42 361
42 362
42 363
42 364
42 365
42 366
42 367
42 368
42 369
42 370
42 371
42 372
42 373
42 374
42 375
42 376
42 377
42 378
42 379
42 380
42 489
42 711
42 712
42 713
42 715
42 716
42 717
42 719
42 721
42 722
42 723
42 724
42 725
42 726
42 727
42 728
42 729
42 730
42 731
42 732
42 733
42 734
43 44
43 45
43 46
43 47
43 48
43 49
43 50
43 281
43 284
43 285
43 287
43 288
43 289
43 290
43 291
43 292
43 293
43 294
43 295
43 296
43 297
43 298
43 299
43 300
43 301
43 302
43 303
43 304
43 305
43 306
43 307
43 308
43 309
43 310
43 311
43 312
43 313
43 314
43 347
43 348
43 349
43 350
43 351
43 352
43 353
43 354
43 355
43 356
43 357
43 358
43 359
43 360
43 361
43 363
43 364
43 365
43 366
43 367
43 368
43 369
43 370
43 371
43 372
43 373
43 374
43 375
43 376
43 377
43 378
43 379
43 380
43 493
43 555
43 713
43 714
43 715
43 716
43 717
43 718
43 719
43 720
43 722
43 723
43 724
43 725
43 726
43 727
43 728
43 729
43 730
43 731
43 732
43 733
43 734
44 45
44 46
44 47
44 48
44 49
44 50
44 249
44 279
44 283
44 284
44 285
44 286
44 287
44 288
44 289
44 291
44 292
44 293
44 294
44 295
44 296
44 297
44 298
44 299
44 300
44 301
44 302
44 303
44 304
44 305
44 306
44 307
44 308
44 309
44 310
44 311
44 312
44 313
44 314
44 348
44 351
44 354
44 355
44 356
44 357
44 358
44 359
44 360
44 361
44 362
44 363
44 364
44 365
44 366
44 367
44 368
44 369
44 370
44 371
44 372
44 373
44 374
44 375
44 376
44 377
44 378
44 379
44 380
44 491
44 612
44 674
44 709
44 713
44 715
44 716
44 718
44 719
44 720
44 721
44 722
44 723
44 724
44 725
44 726
44 727
44 728
44 729
44 730
44 731
44 732
44 733
44 734
45 46
45 47
45 48
45 49
45 50
45 151
45 210
45 236
45 282
45 283
45 284
45 285
45 287
45 288
45 289
45 290
45 291
45 292
45 293
45 294
45 295
45 296
45 297
45 298
45 299
45 300
45 301
45 302
45 303
45 304
45 305
45 306
45 307
45 308
45 309
45 310
45 311
45 312
45 313
45 314
45 349
45 350
45 351
45 352
45 353
45 354
45 355
45 356
45 357
45 359
45 360
45 361
45 362
45 363
45 364
45 365
45 366
45 367
45 368
45 369
45 370
45 371
45 372
45 373
45 374
45 375
45 376
45 377
45 378
45 379
45 380
45 491
45 509
45 690
45 711
45 716
45 717
45 718
45 719
45 720
45 721
45 722
45 723
45 724
45 725
45 726
45 727
45 728
45 729
45 730
45 731
45 732
45 733
45 734
45 735
46 47
46 48
46 49
46 132
46 282
46 283
46 285
46 286
46 287
46 288
46 290
46 291
46 292
46 293
46 294
46 295
46 296
46 297
46 298
46 299
46 300
46 301
46 302
46 303
46 304
46 305
46 306
46 307
46 308
46 309
46 310
46 311
46 312
46 313
46 314
46 315
46 349
46 351
46 352
46 354
46 355
46 356
46 357
46 358
46 359
46 360
46 361
46 362
46 363
46 364
46 365
46 366
46 367
46 368
46 369
46 370
46 371
46 372
46 373
46 374
46 375
46 376
46 377
46 378
46 379
46 380
46 381
46 439
46 621
46 707
46 709
46 715
46 717
46 720
46 721
46 722
46 723
46 724
46 725
46 726
46 727
46 728
46 729
46 730
46 731
46 732
46 733
46 734
47 48
47 49
47 50
47 127
47 250
47 281
47 282
47 283
47 285
47 286
47 287
47 289
47 290
47 291
47 292
47 293
47 294
47 295
47 296
47 297
47 298
47 299
47 300
47 301
47 302
47 303
47 304
47 305
47 306
47 307
47 308
47 309
47 310
47 311
47 312
47 313
47 314
47 315
47 336
47 344
47 346
47 348
47 349
47 351
47 353
47 354
47 355
47 356
47 357
47 358
47 359
47 360
47 361
47 362
47 363
47 364
47 365
47 366
47 367
47 368
47 369
47 370
47 371
47 372
47 373
47 374
47 375
47 376
47 377
47 378
47 379
47 380
47 393
47 490
47 515
47 518
47 714
47 715
47 716
47 718
47 719
47 720
47 721
47 722
47 723
47 724
47 725
47 726
47 727
47 728
47 729
47 730
47 731
47 732
47 733
47 734
47 735
47 736
48 49
48 50
48 132
48 283
48 284
48 285
48 286
48 287
48 288
48 289
48 290
48 291
48 292
48 293
48 294
48 295
48 296
48 297
48 298
48 299
48 300
48 301
48 302
48 303
48 304
48 305
48 306
48 307
48 308
48 309
48 310
48 311
48 312
48 313
48 314
48 315
48 316
48 349
48 350
48 352
48 353
48 354
48 355
48 356
48 357
48 358
48 359
48 360
48 361
48 362
48 363
48 364
48 365
48 366
48 367
48 368
48 369
48 370
48 371
48 372
48 373
48 374
48 375
48 376
48 377
48 378
48 379
48 380
48 397
48 492
48 610
48 707
48 711
48 715
48 716
48 717
48 718
48 719
48 720
48 721
48 722
48 723
48 724
48 725
48 726
48 727
48 728
48 729
48 730
48 731
48 732
48 733
48 734
48 735
49 50
49 51
49 80
49 162
49 164
49 170
49 244
49 245
49 280
49 282
49 284
49 285
49 286
49 288
49 289
49 290
49 292
49 293
49 294
49 295
49 296
49 297
49 298
49 299
49 300
49 301
49 302
49 303
49 304
49 305
49 306
49 307
49 308
49 309
49 310
49 311
49 312
49 313
49 314
49 348
49 351
49 352
49 353
49 354
49 355
49 356
49 357
49 358
49 359
49 360
49 361
49 362
49 363
49 364
49 365
49 366
49 367
49 368
49 369
49 370
49 371
49 372
49 373
49 374
49 375
49 376
49 377
49 378
49 379
49 380
49 493
49 562
49 685
49 708
49 713
49 714
49 715
49 716
49 717
49 718
49 719
49 720
49 721
49 722
49 723
49 724
49 725
49 726
49 727
49 728
49 729
49 730
49 731
49 732
49 733
49 734
49 735
50 51
50 242
50 243
50 285
50 287
50 290
50 294
50 296
50 297
50 299
50 302
50 304
50 306
50 307
50 308
50 309
50 310
50 311
50 312
50 313
50 314
50 315
50 352
50 353
50 355
50 357
50 361
50 367
50 368
50 369
50 372
50 373
50 374
50 375
50 377
50 378
50 379
50 380
50 398
50 494
50 690
50 717
50 718
50 722
50 729
50 733
50 734
50 736
51 280
51 311
51 312
51 314
51 357
51 375
51 376
51 379
51 381
52 193
52 318
52 738
53 310
54 380
57 252
58 749
59 81
69 270
71 368
73 365
74 379
78 737
79 134
79 311
80 400
84 444
100 381
123 315
131 303
133 375
136 183
148 314
158 380
159 358
161 282
161 307
161 379
162 370
162 378
163 242
163 309
163 315
163 357
163 706
163 721
163 748
164 625
164 711
165 312
166 736
170 377
171 363
171 440
172 240
180 297
181 260
181 314
182 566
207 308
211 378
215 279
233 378
234 494
240 379
241 312
241 722
243 473
244 289
245 312
245 736
246 360
249 312
250 304
250 373
250 380
251 313
270 626
277 299
277 712
278 281
278 286
278 289
278 295
278 303
278 310
278 313
278 346
278 349
278 355
278 362
278 369
278 370
278 373
278 377
278 708
278 725
278 727
279 280
279 281
279 282
279 284
279 285
279 286
279 289
279 290
279 293
279 295
279 296
279 297
279 299
279 300
279 301
279 304
279 305
279 306
279 311
279 312
279 350
279 352
279 356
279 358
279 362
279 371
279 376
279 378
279 379
279 490
279 710
279 714
279 723
279 724
280 283
280 286
280 287
280 291
280 295
280 296
280 298
280 299
280 300
280 301
280 302
280 304
280 305
280 306
280 308
280 310
280 313
280 314
280 355
280 356
280 357
280 358
280 359
280 364
280 367
280 370
280 375
280 379
280 490
280 648
280 709
280 710
280 712
280 714
280 717
280 721
280 723
280 725
280 727
280 728
280 730
280 731
280 733
280 734
281 287
281 288
281 290
281 291
281 293
281 294
281 296
281 297
281 298
281 299
281 303
281 305
281 307
281 308
281 310
281 311
281 314
281 348
281 350
281 351
281 353
281 355
281 360
281 361
281 365
281 366
281 367
281 368
281 369
281 370
281 371
281 372
281 376
281 492
281 710
281 711
281 712
281 713
281 714
281 715
281 716
281 717
281 718
281 719
281 720
281 721
281 723
281 724
281 725
281 730
281 731
281 732
282 283
282 284
282 286
282 287
282 288
282 290
282 291
282 292
282 293
282 294
282 295
282 296
282 298
282 299
282 300
282 301
282 302
282 305
282 306
282 307
282 309
282 310
282 313
282 348
282 349
282 350
282 355
282 356
282 358
282 360
282 361
282 362
282 363
282 366
282 367
282 368
282 370
282 371
282 373
282 377
282 378
282 490
282 491
282 712
282 714
282 715
282 716
282 719
282 720
282 721
282 723
282 725
282 727
282 728
282 730
283 284
283 286
283 287
283 288
283 289
283 291
283 292
283 295
283 297
283 298
283 300
283 302
283 304
283 305
283 307
283 308
283 309
283 310
283 312
283 314
283 348
283 349
283 352
283 353
283 354
283 357
283 358
283 360
283 361
283 362
283 363
283 364
283 365
283 366
283 368
283 370
283 375
283 378
283 379
283 380
283 488
283 491
283 713
283 714
283 715
283 716
283 717
283 719
283 720
283 722
283 723
283 724
283 725
283 726
283 728
283 729
283 732
283 735
284 285
284 286
284 287
284 289
284 290
284 291
284 292
284 293
284 296
284 298
284 299
284 302
284 303
284 304
284 306
284 307
284 309
284 311
284 312
284 314
284 346
284 347
284 351
284 352
284 354
284 356
284 359
284 360
284 361
284 362
284 363
284 364
284 365
284 367
284 369
284 370
284 371
284 372
284 373
284 374
284 375
284 376
284 377
284 378
284 379
284 380
284 490
284 712
284 715
284 717
284 719
284 720
284 723
284 724
284 725
284 727
284 728
284 729
284 730
284 731
284 733
285 286
285 287
285 291
285 292
285 293
285 294
285 295
285 296
285 297
285 298
285 299
285 300
285 303
285 304
285 305
285 308
285 310
285 311
285 312
285 313
285 314
285 347
285 348
285 351
285 352
285 354
285 355
285 356
285 357
285 358
285 359
285 360
285 361
285 362
285 363
285 365
285 366
285 367
285 368
285 369
285 370
285 371
285 372
285 373
285 375
285 376
285 377
285 378
285 379
285 491
285 708
285 711
285 712
285 715
285 716
285 717
285 718
285 719
285 720
285 721
285 722
285 723
285 724
285 725
285 726
285 728
285 729
285 730
285 731
285 732
285 733
285 734
286 287
286 288
286 289
286 290
286 291
286 292
286 293
286 294
286 295
286 296
286 297
286 299
286 300
286 301
286 302
286 303
286 304
286 305
286 306
286 307
286 308
286 309
286 311
286 312
286 313
286 314
286 349
286 350
286 351
286 352
286 353
286 354
286 355
286 357
286 358
286 359
286 361
286 364
286 365
286 366
286 367
286 368
286 369
286 370
286 371
286 372
286 374
286 375
286 376
286 377
286 379
286 492
286 689
286 714
286 716
286 717
286 718
286 719
286 720
286 722
286 723
286 724
286 725
286 726
286 727
286 728
286 729
286 730
286 731
286 732
286 733
286 734
287 288
287 289
287 290
287 292
287 293
287 294
287 295
287 296
287 297
287 298
287 299
287 300
287 301
287 302
287 303
287 304
287 305
287 306
287 307
287 308
287 310
287 311
287 312
287 313
287 314
287 347
287 350
287 351
287 353
287 354
287 355
287 356
287 357
287 358
287 359
287 361
287 362
287 363
287 364
287 366
287 367
287 369
287 371
287 372
287 373
287 374
287 375
287 376
287 377
287 378
287 379
287 491
287 523
287 713
287 714
287 715
287 716
287 717
287 718
287 720
287 721
287 722
287 723
287 724
287 725
287 726
287 727
287 728
287 729
287 731
287 732
287 733
287 734
287 736
288 289
288 290
288 291
288 293
288 294
288 295
288 296
288 297
288 298
288 299
288 300
288 301
288 303
288 304
288 305
288 306
288 307
288 308
288 309
288 310
288 311
288 312
288 314
288 350
288 353
288 354
288 355
288 356
288 357
288 358
288 359
288 360
288 361
288 362
288 363
288 364
288 366
288 367
288 369
288 370
288 371
288 372
288 373
288 374
288 375
288 377
288 378
288 379
288 490
288 492
288 626
288 711
288 712
288 713
288 715
288 717
288 718
288 719
288 720
288 721
288 722
288 724
288 725
288 726
288 727
288 728
288 729
288 730
288 731
288 733
289 290
289 291
289 292
289 293
289 294
289 295
289 296
289 297
289 298
289 299
289 300
289 301
289 302
289 304
289 305
289 306
289 307
289 308
289 309
289 310
289 311
289 313
289 314
289 346
289 352
289 353
289 354
289 355
289 356
289 357
289 358
289 359
289 360
289 361
289 362
289 363
289 364
289 365
289 366
289 367
289 368
289 369
289 370
289 371
289 372
289 373
289 374
289 375
289 376
289 377
289 378
289 379
289 490
289 710
289 712
289 714
289 715
289 716
289 717
289 718
289 719
289 720
289 721
289 722
289 723
289 724
289 725
289 726
289 727
289 728
289 729
289 730
289 731
289 732
289 733
290 291
290 292
290 293
290 294
290 295
290 296
290 297
290 298
290 299
290 300
290 301
290 302
290 303
290 305
290 306
290 307
290 308
290 309
290 310
290 311
290 312
290 313
290 314
290 350
290 351
290 353
290 355
290 356
290 357
290 358
290 359
290 361
290 362
290 364
290 365
290 366
290 367
290 369
290 371
290 372
290 373
290 374
290 375
290 376
290 377
290 378
290 711
290 712
290 715
290 716
290 718
290 719
290 720
290 721
290 722
290 723
290 724
290 725
290 726
290 727
290 728
290 729
290 730
290 731
290 732
290 733
291 292
291 293
291 294
291 295
291 296
291 297
291 298
291 299
291 300
291 301
291 302
291 303
291 304
291 305
291 306
291 307
291 308
291 309
291 310
291 312
291 313
291 314
291 348
291 350
291 352
291 354
291 355
291 356
291 357
291 358
291 359
291 360
291 361
291 362
291 363
291 364
291 365
291 366
291 367
291 368
291 369
291 370
291 371
291 372
291 373
291 374
291 375
291 376
291 377
291 378
291 379
291 380
291 437
291 493
291 710
291 714
291 715
291 716
291 717
291 718
291 719
291 720
291 721
291 722
291 723
291 724
291 725
291 726
291 727
291 728
291 729
291 730
291 731
291 732
291 733
291 734
292 293
292 294
292 295
292 296
292 297
292 298
292 299
292 300
292 301
292 302
292 303
292 304
292 305
292 306
292 307
292 308
292 309
292 310
292 311
292 312
292 313
292 314
292 350
292 352
292 356
292 357
292 358
292 359
292 360
292 361
292 362
292 363
292 364
292 365
292 366
292 367
292 368
292 369
292 370
292 371
292 372
292 373
292 374
292 375
292 376
292 377
292 378
292 379
292 380
292 491
292 710
292 713
292 714
292 715
292 716
292 717
292 718
292 720
292 721
292 722
292 723
292 724
292 725
292 726
292 727
292 728
292 729
292 730
292 731
292 732
292 733
292 734
293 294
293 295
293 296
293 297
293 298
293 299
293 300
293 301
293 302
293 303
293 304
293 305
293 306
293 307
293 308
293 309
293 310
293 311
293 312
293 313
293 314
293 349
293 350
293 351
293 353
293 354
293 355
293 357
293 358
293 359
293 360
293 361
293 362
293 363
293 364
293 365
293 366
293 367
293 368
293 369
293 370
293 371
293 372
293 373
293 374
293 375
293 376
293 377
293 378
293 379
293 490
293 492
293 710
293 711
293 714
293 716
293 717
293 718
293 720
293 721
293 722
293 723
293 724
293 725
293 726
293 727
293 728
293 729
293 730
293 731
293 732
293 733
294 295
294 296
294 297
294 298
294 299
294 300
294 301
294 302
294 303
294 304
294 305
294 306
294 307
294 308
294 309
294 310
294 311
294 312
294 313
294 314
294 349
294 352
294 353
294 354
294 356
294 357
294 358
294 359
294 360
294 361
294 363
294 364
294 365
294 366
294 367
294 368
294 369
294 370
294 371
294 372
294 373
294 374
294 375
294 376
294 377
294 378
294 379
294 404
294 712
294 714
294 715
294 717
294 718
294 719
294 720
294 721
294 722
294 723
294 724
294 725
294 726
294 727
294 728
294 729
294 730
294 731
294 732
294 734
295 296
295 297
295 298
295 299
295 300
295 301
295 302
295 303
295 304
295 305
295 306
295 307
295 308
295 309
295 310
295 311
295 312
295 313
295 314
295 349
295 350
295 351
295 352
295 353
295 354
295 355
295 356
295 357
295 358
295 359
295 360
295 361
295 362
295 363
295 364
295 365
295 366
295 367
295 368
295 369
295 370
295 371
295 372
295 373
295 374
295 375
295 376
295 377
295 378
295 379
295 713
295 714
295 716
295 717
295 719
295 721
295 722
295 723
295 724
295 725
295 726
295 727
295 728
295 729
295 730
295 731
295 732
295 733
295 734
296 297
296 298
296 299
296 300
296 301
296 302
296 303
296 304
296 305
296 306
296 307
296 308
296 309
296 310
296 311
296 312
296 313
296 314
296 350
296 352
296 353
296 354
296 355
296 356
296 357
296 358
296 359
296 360
296 361
296 362
296 363
296 364
296 365
296 366
296 367
296 368
296 369
296 370
296 371
296 372
296 373
296 374
296 375
296 376
296 377
296 378
296 379
296 380
296 489
296 710
296 713
296 714
296 715
296 716
296 717
296 719
296 720
296 721
296 722
296 723
296 724
296 725
296 726
296 727
296 728
296 730
296 731
296 732
296 733
297 298
297 299
297 300
297 301
297 302
297 303
297 304
297 305
297 306
297 307
297 308
297 309
297 310
297 311
297 312
297 313
297 314
297 315
297 347
297 349
297 350
297 353
297 355
297 356
297 357
297 358
297 359
297 360
297 361
297 362
297 363
297 364
297 365
297 366
297 367
297 368
297 369
297 370
297 371
297 372
297 373
297 374
297 375
297 376
297 377
297 378
297 379
297 380
297 710
297 711
297 712
297 715
297 717
297 718
297 719
297 720
297 721
297 722
297 723
297 724
297 725
297 726
297 727
297 728
297 729
297 730
297 731
297 732
297 733
297 734
298 299
298 300
298 301
298 302
298 303
298 304
298 305
298 306
298 307
298 308
298 309
298 310
298 311
298 312
298 313
298 314
298 349
298 350
298 352
298 355
298 356
298 357
298 359
298 360
298 361
298 362
298 363
298 364
298 365
298 366
298 367
298 368
298 369
298 370
298 371
298 372
298 373
298 374
298 375
298 376
298 377
298 378
298 379
298 489
298 708
298 711
298 712
298 714
298 715
298 716
298 717
298 718
298 719
298 721
298 722
298 723
298 724
298 725
298 726
298 727
298 728
298 729
298 730
298 731
298 732
298 733
299 300
299 301
299 302
299 303
299 304
299 305
299 306
299 307
299 308
299 309
299 310
299 311
299 312
299 313
299 314
299 345
299 347
299 348
299 349
299 350
299 351
299 352
299 353
299 355
299 356
299 357
299 358
299 359
299 360
299 361
299 362
299 363
299 364
299 365
299 366
299 367
299 368
299 369
299 370
299 371
299 372
299 373
299 374
299 375
299 376
299 377
299 378
299 379
299 380
299 712
299 713
299 714
299 716
299 717
299 720
299 721
299 722
299 723
299 724
299 725
299 726
299 727
299 728
299 729
299 730
299 731
299 732
299 733
299 734
300 301
300 302
300 303
300 304
300 305
300 306
300 307
300 308
300 309
300 310
300 311
300 312
300 313
300 314
300 350
300 351
300 352
300 353
300 354
300 355
300 356
300 358
300 359
300 360
300 361
300 362
300 363
300 364
300 365
300 366
300 367
300 368
300 369
300 370
300 371
300 372
300 373
300 374
300 375
300 376
300 377
300 378
300 379
300 380
300 391
300 400
300 708
300 709
300 712
300 713
300 715
300 717
300 718
300 719
300 720
300 722
300 723
300 724
300 725
300 726
300 727
300 728
300 729
300 730
300 731
300 732
300 733
300 734
301 302
301 303
301 304
301 305
301 306
301 307
301 308
301 309
301 310
301 311
301 312
301 313
301 314
301 315
301 346
301 348
301 350
301 352
301 353
301 355
301 356
301 357
301 358
301 359
301 360
301 361
301 362
301 363
301 364
301 365
301 366
301 367
301 368
301 369
301 370
301 371
301 372
301 373
301 374
301 375
301 376
301 377
301 378
301 379
301 380
301 491
301 708
301 709
301 712
301 714
301 715
301 716
301 717
301 718
301 719
301 720
301 722
301 723
301 724
301 725
301 726
301 727
301 728
301 729
301 730
301 731
301 732
301 733
302 303
302 304
302 305
302 306
302 307
302 308
302 309
302 310
302 311
302 312
302 313
302 314
302 315
302 349
302 352
302 353
302 354
302 355
302 356
302 357
302 359
302 360
302 361
302 362
302 363
302 364
302 365
302 366
302 367
302 368
302 369
302 370
302 371
302 372
302 373
302 374
302 375
302 376
302 377
302 378
302 379
302 380
302 490
302 491
302 709
302 712
302 713
302 714
302 716
302 717
302 718
302 719
302 720
302 721
302 722
302 723
302 724
302 725
302 726
302 727
302 728
302 729
302 730
302 731
302 732
302 733
303 304
303 305
303 306
303 307
303 308
303 309
303 310
303 311
303 312
303 313
303 314
303 352
303 353
303 354
303 355
303 356
303 357
303 358
303 359
303 360
303 361
303 362
303 363
303 364
303 365
303 366
303 367
303 368
303 369
303 370
303 371
303 372
303 373
303 374
303 375
303 376
303 377
303 378
303 379
303 380
303 706
303 709
303 710
303 711
303 712
303 714
303 716
303 717
303 718
303 719
303 720
303 721
303 722
303 723
303 724
303 725
303 726
303 727
303 728
303 729
303 730
303 731
303 732
303 733
303 734
304 305
304 306
304 307
304 308
304 309
304 310
304 311
304 312
304 313
304 314
304 346
304 348
304 352
304 353
304 354
304 355
304 356
304 357
304 358
304 359
304 360
304 361
304 362
304 363
304 364
304 365
304 366
304 367
304 368
304 369
304 370
304 371
304 372
304 373
304 374
304 375
304 376
304 377
304 378
304 379
304 380
304 391
304 491
304 713
304 714
304 715
304 718
304 719
304 720
304 721
304 722
304 723
304 724
304 725
304 726
304 727
304 728
304 729
304 730
304 731
304 732
304 733
304 734
305 306
305 307
305 308
305 309
305 310
305 311
305 312
305 313
305 314
305 332
305 347
305 349
305 350
305 351
305 352
305 354
305 356
305 357
305 358
305 359
305 360
305 361
305 362
305 363
305 364
305 365
305 366
305 367
305 368
305 369
305 370
305 371
305 372
305 373
305 374
305 375
305 376
305 377
305 378
305 379
305 380
305 381
305 491
305 492
305 611
305 645
305 712
305 713
305 714
305 715
305 716
305 717
305 718
305 719
305 721
305 722
305 723
305 724
305 725
305 726
305 727
305 728
305 729
305 730
305 731
305 732
305 733
305 734
306 307
306 308
306 309
306 310
306 311
306 312
306 313
306 314
306 348
306 349
306 350
306 351
306 352
306 353
306 354
306 355
306 356
306 357
306 358
306 359
306 360
306 361
306 362
306 363
306 364
306 365
306 366
306 367
306 368
306 369
306 370
306 371
306 372
306 373
306 374
306 375
306 376
306 377
306 378
306 379
306 380
306 436
306 491
306 689
306 715
306 716
306 719
306 720
306 721
306 722
306 723
306 724
306 725
306 726
306 727
306 728
306 729
306 730
306 731
306 732
306 733
306 734
306 737
307 308
307 309
307 310
307 311
307 312
307 313
307 314
307 350
307 351
307 352
307 353
307 355
307 356
307 357
307 358
307 359
307 360
307 361
307 362
307 363
307 364
307 365
307 366
307 367
307 368
307 369
307 370
307 371
307 372
307 373
307 374
307 375
307 376
307 377
307 378
307 379
307 380
307 438
307 489
307 506
307 712
307 715
307 716
307 717
307 718
307 719
307 720
307 722
307 723
307 724
307 725
307 726
307 727
307 728
307 729
307 730
307 731
307 732
307 733
307 734
308 309
308 310
308 311
308 312
308 313
308 314
308 347
308 348
308 349
308 350
308 351
308 352
308 354
308 355
308 356
308 357
308 358
308 359
308 360
308 361
308 362
308 363
308 364
308 365
308 366
308 367
308 368
308 369
308 370
308 371
308 372
308 373
308 374
308 375
308 376
308 377
308 378
308 379
308 380
308 490
308 690
308 714
308 715
308 716
308 718
308 720
308 721
308 722
308 723
308 724
308 725
308 726
308 727
308 728
308 729
308 730
308 731
308 732
308 733
308 734
309 310
309 311
309 312
309 313
309 314
309 315
309 316
309 349
309 350
309 352
309 354
309 355
309 356
309 357
309 358
309 359
309 360
309 361
309 362
309 363
309 364
309 365
309 366
309 367
309 368
309 369
309 370
309 371
309 372
309 373
309 374
309 375
309 376
309 377
309 378
309 379
309 380
309 381
309 489
309 623
309 689
309 714
309 715
309 716
309 718
309 721
309 722
309 723
309 724
309 725
309 726
309 727
309 728
309 729
309 730
309 731
309 732
309 733
309 734
309 735
310 311
310 312
310 313
310 314
310 350
310 353
310 355
310 356
310 357
310 358
310 359
310 360
310 361
310 362
310 363
310 364
310 365
310 366
310 367
310 368
310 369
310 370
310 371
310 372
310 373
310 374
310 375
310 376
310 377
310 378
310 379
310 380
310 381
310 437
310 440
310 560
310 667
310 716
310 717
310 718
310 720
310 721
310 722
310 723
310 724
310 725
310 726
310 727
310 728
310 729
310 730
310 731
310 732
310 733
310 734
311 312
311 313
311 314
311 315
311 316
311 317
311 346
311 348
311 350
311 351
311 352
311 353
311 354
311 355
311 357
311 358
311 359
311 360
311 361
311 362
311 363
311 364
311 365
311 366
311 367
311 368
311 369
311 370
311 371
311 372
311 373
311 374
311 375
311 376
311 377
311 378
311 379
311 380
311 381
311 392
311 395
311 401
311 489
311 531
311 710
311 712
311 714
311 715
311 716
311 717
311 718
311 720
311 721
311 722
311 723
311 724
311 725
311 726
311 727
311 728
311 729
311 730
311 731
311 732
311 733
311 734
311 735
312 313
312 314
312 315
312 346
312 347
312 348
312 352
312 353
312 354
312 355
312 357
312 358
312 359
312 360
312 361
312 362
312 363
312 364
312 365
312 366
312 367
312 368
312 369
312 370
312 371
312 372
312 373
312 374
312 375
312 376
312 377
312 378
312 379
312 380
312 381
312 391
312 437
312 489
312 490
312 494
312 505
312 610
312 646
312 689
312 707
312 710
312 712
312 713
312 714
312 715
312 717
312 718
312 719
312 720
312 721
312 722
312 723
312 724
312 725
312 726
312 727
312 728
312 729
312 730
312 731
312 732
312 733
312 734
312 735
312 736
313 314
313 315
313 348
313 349
313 350
313 352
313 353
313 354
313 355
313 356
313 358
313 359
313 360
313 361
313 362
313 363
313 364
313 365
313 366
313 367
313 368
313 369
313 370
313 371
313 372
313 373
313 374
313 375
313 376
313 377
313 378
313 379
313 380
313 381
313 394
313 411
313 490
313 507
313 625
313 674
313 709
313 711
313 712
313 713
313 714
313 716
313 717
313 718
313 719
313 721
313 722
313 723
313 724
313 725
313 726
313 727
313 728
313 729
313 730
313 731
313 732
313 733
313 734
313 735
314 316
314 317
314 346
314 349
314 350
314 352
314 353
314 354
314 355
314 356
314 357
314 358
314 359
314 360
314 361
314 362
314 363
314 364
314 365
314 366
314 367
314 368
314 369
314 370
314 371
314 372
314 373
314 374
314 375
314 376
314 377
314 378
314 379
314 380
314 399
314 414
314 438
314 490
314 492
314 506
314 555
314 562
314 711
314 712
314 713
314 714
314 715
314 716
314 717
314 718
314 719
314 721
314 722
314 723
314 724
314 725
314 726
314 727
314 728
314 729
314 730
314 731
314 732
314 733
314 734
314 735
315 358
315 361
315 363
315 369
315 374
315 376
315 377
315 379
315 380
315 381
315 415
315 439
315 442
315 495
315 713
315 720
315 728
315 734
316 359
316 375
316 377
316 379
316 699
316 730
317 504
317 735
330 379
330 381
331 379
331 606
333 565
340 722
346 356
346 358
346 359
346 362
346 364
346 365
346 647
346 714
346 719
346 724
346 729
346 731
347 352
347 353
347 354
347 355
347 361
347 363
347 371
347 372
347 489
347 713
347 716
347 719
347 721
347 723
347 724
347 730
347 732
348 350
348 359
348 360
348 361
348 363
348 364
348 366
348 369
348 371
348 374
348 378
348 711
348 714
348 718
348 721
348 727
348 732
349 355
349 356
349 363
349 364
349 368
349 372
349 373
349 375
349 377
349 379
349 490
349 491
349 710
349 711
349 712
349 713
349 714
349 716
349 720
349 721
349 722
349 724
349 726
349 727
349 729
349 732
349 733
350 352
350 353
350 354
350 355
350 356
350 357
350 359
350 361
350 362
350 364
350 365
350 366
350 367
350 368
350 369
350 374
350 376
350 377
350 378
350 379
350 490
350 710
350 712
350 714
350 718
350 721
350 723
350 725
350 727
350 728
350 730
350 732
350 733
350 734
350 735
351 352
351 354
351 355
351 356
351 357
351 360
351 362
351 363
351 364
351 366
351 368
351 370
351 372
351 373
351 374
351 375
351 376
351 378
351 379
351 380
351 708
351 712
351 713
351 714
351 715
351 716
351 718
351 719
351 724
351 725
351 726
351 727
351 728
351 729
351 730
351 731
351 733
352 353
352 354
352 355
352 356
352 357
352 358
352 359
352 360
352 361
352 363
352 364
352 365
352 367
352 368
352 369
352 370
352 371
352 372
352 373
352 374
352 375
352 376
352 377
352 378
352 379
352 380
352 710
352 712
352 715
352 716
352 718
352 719
352 721
352 722
352 723
352 724
352 725
352 726
352 728
352 729
352 730
352 731
352 732
352 733
352 734
353 355
353 357
353 358
353 360
353 361
353 363
353 364
353 365
353 366
353 367
353 368
353 371
353 372
353 374
353 376
353 377
353 378
353 379
353 490
353 710
353 713
353 715
353 716
353 717
353 718
353 719
353 720
353 721
353 723
353 724
353 725
353 726
353 727
353 728
353 729
353 730
353 731
353 732
353 733
354 355
354 356
354 357
354 358
354 359
354 360
354 361
354 362
354 364
354 366
354 367
354 368
354 369
354 370
354 371
354 372
354 373
354 374
354 375
354 376
354 377
354 378
354 379
354 380
354 491
354 709
354 713
354 714
354 716
354 717
354 718
354 719
354 720
354 721
354 722
354 723
354 725
354 726
354 727
354 728
354 729
354 730
354 731
354 732
354 733
355 356
355 357
355 358
355 359
355 360
355 361
355 362
355 363
355 364
355 365
355 366
355 367
355 368
355 369
355 370
355 371
355 372
355 373
355 374
355 375
355 376
355 377
355 378
355 379
355 490
355 711
355 713
355 715
355 716
355 717
355 718
355 719
355 720
355 721
355 722
355 723
355 724
355 725
355 726
355 728
355 729
355 730
355 731
355 733
355 734
356 357
356 358
356 359
356 360
356 361
356 362
356 363
356 364
356 365
356 366
356 368
356 369
356 370
356 371
356 372
356 373
356 374
356 375
356 376
356 377
356 378
356 379
356 380
356 488
356 489
356 492
356 713
356 714
356 716
356 717
356 718
356 719
356 720
356 721
356 722
356 723
356 724
356 725
356 727
356 728
356 729
356 730
356 731
356 732
356 733
357 358
357 359
357 360
357 362
357 363
357 364
357 365
357 366
357 367
357 368
357 369
357 370
357 371
357 372
357 373
357 374
357 375
357 376
357 377
357 378
357 379
357 491
357 706
357 708
357 711
357 714
357 716
357 717
357 718
357 721
357 722
357 723
357 724
357 725
357 726
357 727
357 728
357 729
357 731
357 732
357 733
358 359
358 360
358 361
358 362
358 363
358 364
358 365
358 366
358 367
358 368
358 369
358 370
358 371
358 372
358 373
358 374
358 375
358 376
358 377
358 378
358 379
358 380
358 398
358 490
358 491
358 710
358 713
358 714
358 715
358 716
358 718
358 719
358 720
358 721
358 722
358 723
358 724
358 725
358 726
358 727
358 728
358 729
358 730
358 731
358 732
358 733
358 734
359 360
359 361
359 362
359 363
359 364
359 365
359 366
359 367
359 368
359 369
359 370
359 371
359 372
359 373
359 374
359 375
359 376
359 377
359 378
359 379
359 489
359 493
359 711
359 712
359 715
359 716
359 717
359 718
359 719
359 720
359 721
359 722
359 723
359 724
359 725
359 726
359 727
359 728
359 729
359 730
359 731
359 732
359 733
359 734
360 361
360 362
360 363
360 364
360 365
360 366
360 367
360 368
360 369
360 370
360 371
360 372
360 373
360 374
360 375
360 376
360 377
360 378
360 379
360 488
360 493
360 712
360 713
360 714
360 715
360 716
360 719
360 720
360 721
360 722
360 723
360 724
360 725
360 726
360 727
360 728
360 729
360 730
360 731
360 732
360 733
360 734
361 362
361 363
361 364
361 365
361 366
361 367
361 368
361 369
361 370
361 371
361 372
361 373
361 374
361 375
361 376
361 377
361 378
361 379
361 489
361 713
361 715
361 717
361 718
361 719
361 720
361 721
361 722
361 723
361 724
361 725
361 726
361 727
361 728
361 729
361 730
361 731
361 732
361 734
362 363
362 364
362 365
362 366
362 367
362 368
362 369
362 370
362 371
362 372
362 373
362 374
362 375
362 376
362 377
362 378
362 379
362 380
362 490
362 710
362 711
362 712
362 713
362 715
362 716
362 717
362 718
362 719
362 720
362 721
362 722
362 723
362 724
362 726
362 727
362 728
362 729
362 730
362 731
362 732
362 733
362 734
362 735
363 364
363 365
363 366
363 367
363 368
363 369
363 370
363 371
363 372
363 373
363 374
363 375
363 376
363 377
363 378
363 379
363 710
363 712
363 714
363 716
363 717
363 718
363 719
363 721
363 722
363 723
363 724
363 725
363 726
363 727
363 728
363 729
363 730
363 731
363 732
363 733
363 734
364 365
364 366
364 367
364 368
364 369
364 370
364 371
364 372
364 373
364 374
364 375
364 376
364 377
364 378
364 379
364 380
364 709
364 711
364 713
364 714
364 715
364 716
364 718
364 719
364 720
364 721
364 722
364 723
364 724
364 725
364 726
364 727
364 728
364 729
364 730
364 731
364 732
364 733
365 366
365 367
365 368
365 369
365 370
365 371
365 372
365 373
365 374
365 375
365 376
365 377
365 378
365 379
365 706
365 709
365 712
365 714
365 716
365 717
365 718
365 719
365 720
365 721
365 722
365 723
365 724
365 725
365 726
365 727
365 728
365 729
365 730
365 731
365 732
365 733
365 734
366 367
366 368
366 369
366 370
366 371
366 372
366 373
366 374
366 375
366 376
366 377
366 378
366 379
366 714
366 716
366 717
366 718
366 719
366 721
366 722
366 723
366 724
366 725
366 726
366 727
366 728
366 729
366 730
366 731
366 732
366 733
367 368
367 369
367 370
367 371
367 372
367 373
367 374
367 375
367 376
367 377
367 378
367 379
367 489
367 710
367 713
367 714
367 716
367 717
367 718
367 719
367 720
367 721
367 722
367 723
367 724
367 725
367 726
367 727
367 728
367 729
367 730
367 731
367 732
367 733
367 734
368 369
368 370
368 371
368 372
368 373
368 374
368 375
368 376
368 377
368 378
368 379
368 380
368 490
368 491
368 713
368 715
368 716
368 717
368 718
368 719
368 720
368 722
368 723
368 724
368 725
368 726
368 727
368 728
368 729
368 730
368 731
368 732
368 733
368 734
369 370
369 371
369 372
369 373
369 374
369 375
369 376
369 377
369 378
369 379
369 623
369 675
369 709
369 711
369 714
369 715
369 716
369 718
369 719
369 720
369 721
369 722
369 723
369 724
369 725
369 726
369 727
369 728
369 729
369 730
369 731
369 732
369 733
369 734
369 735
370 371
370 372
370 373
370 374
370 375
370 376
370 377
370 378
370 379
370 380
370 489
370 490
370 491
370 545
370 713
370 714
370 715
370 716
370 717
370 718
370 720
370 721
370 722
370 723
370 724
370 725
370 726
370 727
370 728
370 729
370 730
370 731
370 732
370 733
370 734
371 372
371 373
371 374
371 375
371 376
371 377
371 378
371 379
371 490
371 709
371 710
371 711
371 712
371 717
371 718
371 719
371 720
371 721
371 722
371 723
371 724
371 725
371 726
371 727
371 728
371 729
371 730
371 731
371 732
371 733
371 734
371 735
371 747
372 373
372 374
372 375
372 376
372 377
372 378
372 379
372 380
372 490
372 491
372 492
372 561
372 709
372 711
372 712
372 717
372 718
372 720
372 722
372 723
372 725
372 726
372 727
372 728
372 729
372 730
372 731
372 732
372 733
372 734
373 374
373 375
373 376
373 377
373 378
373 379
373 380
373 490
373 491
373 493
373 494
373 714
373 715
373 717
373 718
373 720
373 721
373 722
373 723
373 724
373 726
373 727
373 728
373 729
373 730
373 731
373 732
373 733
373 734
373 735
374 375
374 376
374 377
374 378
374 379
374 380
374 382
374 438
374 492
374 507
374 561
374 580
374 708
374 711
374 714
374 715
374 717
374 718
374 719
374 720
374 722
374 723
374 724
374 725
374 726
374 727
374 728
374 729
374 730
374 731
374 732
374 733
374 734
375 376
375 377
375 378
375 379
375 380
375 588
375 623
375 710
375 712
375 713
375 715
375 717
375 718
375 719
375 720
375 721
375 722
375 723
375 724
375 725
375 726
375 727
375 728
375 729
375 730
375 731
375 732
375 733
375 734
376 377
376 378
376 379
376 380
376 390
376 394
376 490
376 625
376 710
376 712
376 713
376 714
376 715
376 716
376 717
376 718
376 719
376 720
376 721
376 722
376 723
376 724
376 725
376 726
376 727
376 728
376 729
376 730
376 731
376 732
376 733
376 734
376 735
376 748
377 378
377 379
377 380
377 381
377 438
377 493
377 502
377 711
377 712
377 713
377 716
377 718
377 719
377 720
377 721
377 722
377 723
377 724
377 725
377 726
377 727
377 728
377 729
377 730
377 731
377 732
377 733
377 734
378 379
378 380
378 381
378 433
378 491
378 493
378 572
378 624
378 709
378 710
378 713
378 715
378 716
378 717
378 718
378 719
378 720
378 721
378 722
378 723
378 724
378 725
378 726
378 727
378 728
378 729
378 730
378 731
378 732
378 733
378 734
378 735
378 736
379 380
379 381
379 404
379 492
379 493
379 505
379 561
379 709
379 713
379 715
379 716
379 718
379 719
379 720
379 721
379 722
379 723
379 724
379 725
379 726
379 727
379 728
379 729
379 730
379 731
379 732
379 733
379 734
379 735
380 392
380 611
380 676
380 710
380 711
380 713
380 715
380 716
380 722
380 724
380 726
380 728
380 729
380 730
380 731
381 382
381 435
381 495
382 394
382 516
382 604
383 563
395 499
395 546
412 496
436 686
438 713
441 737
443 675
472 597
474 727
488 724
489 709
489 710
489 711
489 719
489 721
489 724
489 728
489 729
490 492
490 708
490 709
490 714
490 715
490 721
491 711
491 716
491 717
491 721
491 722
491 724
491 728
491 733
492 718
492 723
492 731
493 690
494 709
495 562
498 727
503 613
503 677
513 708
554 733
556 737
563 690
566 715
576 736
581 622
582 725
596 730
612 696
624 729
675 708
681 732
708 722
709 722
709 726
709 727
710 715
710 717
710 724
710 729
711 712
711 716
711 722
711 724
711 725
711 726
711 731
711 732
712 713
712 718
712 719
712 720
712 722
712 724
712 725
712 726
712 727
712 731
712 733
713 715
713 716
713 717
713 720
713 721
713 723
713 726
713 728
713 729
713 730
713 731
713 734
714 715
714 716
714 717
714 719
714 720
714 721
714 722
714 726
714 728
714 729
714 730
714 733
714 734
715 716
715 717
715 721
715 722
715 723
715 724
715 725
715 726
715 728
715 729
715 730
715 731
715 733
715 734
715 735
716 717
716 718
716 719
716 720
716 721
716 722
716 723
716 724
716 726
716 727
716 728
716 730
716 731
716 732
716 733
717 718
717 720
717 722
717 724
717 726
717 727
717 729
717 730
717 731
717 733
718 719
718 720
718 721
718 722
718 724
718 725
718 726
718 728
718 729
718 730
718 731
718 732
718 733
719 720
719 721
719 722
719 723
719 724
719 725
719 726
719 727
719 728
719 729
719 730
719 731
719 732
719 733
719 734
720 722
720 723
720 724
720 725
720 726
720 727
720 728
720 729
720 730
720 731
720 732
720 733
721 722
721 723
721 724
721 725
721 726
721 727
721 728
721 729
721 730
721 731
721 732
721 733
722 723
722 724
722 725
722 726
722 727
722 728
722 729
722 730
722 731
722 732
722 733
722 734
723 724
723 725
723 726
723 727
723 728
723 729
723 730
723 731
723 732
723 733
724 725
724 726
724 727
724 728
724 729
724 730
724 731
724 732
724 733
724 734
725 726
725 727
725 728
725 729
725 730
725 731
725 732
725 733
725 734
726 727
726 728
726 730
726 731
726 732
726 733
727 728
727 729
727 730
727 731
727 732
727 733
727 734
728 729
728 730
728 731
728 732
728 733
729 730
729 731
729 732
729 733
729 734
730 731
730 732
730 733
730 734
731 732
731 733
731 734
731 735
732 733
732 734
733 734
733 735
