1 2
1 3
1 4
1 6
1 7
1 8
1 9
1 41
1 42
1 43
1 44
1 46
1 47
1 48
1 49
1 50
1 51
1 52
1 53
1 54
1 55
1 56
1 57
1 58
1 182
1 183
1 185
1 186
1 188
1 189
1 190
1 191
1 192
1 193
1 194
1 195
1 197
1 198
1 259
1 261
1 262
1 264
1 267
1 296
1 301
1 302
1 303
1 305
1 307
1 308
1 309
1 310
1 311
1 312
1 313
1 314
1 315
1 339
1 365
1 481
1 486
1 487
1 489
1 491
1 492
1 493
1 494
1 495
1 496
1 497
1 519
1 547
1 549
1 639
1 640
1 641
1 642
1 643
1 644
1 645
1 647
1 648
1 649
1 702
1 703
1 704
1 705
1 708
1 709
1 710
1 711
1 712
1 714
1 715
1 718
1 719
1 720
1 721
1 722
1 723
1 724
1 725
1 727
2 3
2 4
2 5
2 6
2 7
2 45
2 46
2 47
2 48
2 49
2 50
2 51
2 52
2 53
2 54
2 55
2 56
2 57
2 59
2 182
2 185
2 188
2 189
2 190
2 191
2 192
2 193
2 196
2 197
2 198
2 260
2 261
2 262
2 264
2 265
2 266
2 267
2 268
2 275
2 294
2 299
2 301
2 302
2 303
2 304
2 305
2 306
2 307
2 308
2 309
2 310
2 311
2 312
2 313
2 314
2 315
2 340
2 484
2 486
2 487
2 488
2 489
2 490
2 491
2 492
2 493
2 494
2 496
2 497
2 498
2 520
2 548
2 636
2 638
2 639
2 640
2 641
2 642
2 643
2 644
2 646
2 647
2 648
2 700
2 702
2 704
2 705
2 706
2 707
2 708
2 709
2 710
2 711
2 712
2 713
2 714
2 715
2 716
2 717
2 718
2 720
2 721
2 722
2 723
2 725
2 726
2 727
2 728
3 4
3 5
3 6
3 7
3 8
3 9
3 10
3 11
3 41
3 43
3 44
3 45
3 46
3 47
3 48
3 49
3 50
3 51
3 52
3 53
3 54
3 55
3 56
3 57
3 58
3 181
3 182
3 184
3 185
3 186
3 189
3 191
3 192
3 193
3 194
3 195
3 196
3 198
3 261
3 262
3 263
3 265
3 266
3 267
3 298
3 299
3 300
3 301
3 302
3 303
3 304
3 305
3 306
3 307
3 308
3 309
3 310
3 311
3 312
3 313
3 314
3 315
3 341
3 485
3 486
3 487
3 489
3 490
3 491
3 492
3 493
3 494
3 496
3 497
3 498
3 519
3 637
3 638
3 639
3 642
3 643
3 644
3 645
3 646
3 647
3 649
3 700
3 701
3 702
3 704
3 705
3 706
3 707
3 708
3 709
3 711
3 712
3 713
3 714
3 715
3 717
3 718
3 719
3 720
3 721
3 722
3 723
3 724
3 725
3 726
3 727
4 5
4 6
4 7
4 8
4 9
4 10
4 11
4 42
4 44
4 45
4 47
4 48
4 49
4 50
4 51
4 52
4 53
4 54
4 55
4 56
4 57
4 58
4 60
4 184
4 185
4 186
4 187
4 188
4 189
4 190
4 191
4 192
4 193
4 194
4 195
4 197
4 198
4 259
4 262
4 263
4 264
4 265
4 266
4 267
4 268
4 299
4 300
4 301
4 302
4 303
4 304
4 305
4 306
4 307
4 308
4 309
4 310
4 311
4 312
4 313
4 314
4 315
4 339
4 480
4 481
4 485
4 486
4 487
4 488
4 489
4 490
4 491
4 493
4 495
4 496
4 497
4 548
4 549
4 638
4 639
4 640
4 641
4 642
4 643
4 645
4 646
4 647
4 696
4 698
4 700
4 701
4 702
4 705
4 706
4 707
4 708
4 709
4 710
4 711
4 712
4 713
4 714
4 715
4 716
4 717
4 718
4 719
4 720
4 721
4 723
4 724
4 725
4 726
4 727
4 728
5 6
5 7
5 8
5 9
5 10
5 44
5 45
5 46
5 48
5 49
5 50
5 51
5 52
5 53
5 54
5 55
5 56
5 57
5 58
5 59
5 181
5 184
5 185
5 186
5 187
5 188
5 189
5 190
5 191
5 192
5 193
5 194
5 195
5 196
5 197
5 260
5 261
5 262
5 263
5 265
5 267
5 276
5 297
5 298
5 299
5 300
5 301
5 302
5 303
5 305
5 306
5 307
5 308
5 309
5 310
5 311
5 312
5 313
5 314
5 315
5 480
5 482
5 484
5 485
5 486
5 487
5 488
5 490
5 491
5 492
5 493
5 494
5 495
5 496
5 497
5 499
5 519
5 520
5 636
5 638
5 639
5 640
5 641
5 642
5 643
5 644
5 645
5 646
5 647
5 648
5 649
5 699
5 700
5 702
5 703
5 704
5 706
5 708
5 709
5 710
5 711
5 712
5 713
5 714
5 715
5 716
5 717
5 718
5 719
5 720
5 721
5 722
5 723
5 724
5 725
5 726
5 727
6 7
6 8
6 9
6 10
6 11
6 42
6 43
6 44
6 45
6 46
6 47
6 48
6 49
6 50
6 51
6 52
6 53
6 54
6 55
6 56
6 57
6 58
6 182
6 184
6 185
6 186
6 187
6 188
6 189
6 191
6 192
6 193
6 194
6 195
6 196
6 197
6 259
6 261
6 262
6 263
6 264
6 265
6 266
6 267
6 296
6 297
6 300
6 301
6 302
6 303
6 304
6 305
6 306
6 307
6 308
6 309
6 310
6 311
6 312
6 313
6 314
6 315
6 339
6 342
6 364
6 482
6 483
6 484
6 485
6 486
6 488
6 489
6 490
6 491
6 492
6 493
6 494
6 495
6 496
6 497
6 498
6 519
6 523
6 592
6 640
6 643
6 644
6 646
6 647
6 648
6 649
6 650
6 675
6 700
6 703
6 704
6 705
6 706
6 708
6 709
6 710
6 711
6 712
6 713
6 714
6 715
6 716
6 717
6 718
6 719
6 720
6 722
6 724
6 725
6 726
6 727
7 8
7 9
7 42
7 44
7 45
7 46
7 47
7 49
7 50
7 51
7 52
7 53
7 54
7 55
7 56
7 57
7 58
7 59
7 182
7 185
7 186
7 188
7 189
7 190
7 191
7 192
7 193
7 194
7 195
7 196
7 197
7 198
7 199
7 258
7 259
7 262
7 263
7 264
7 265
7 266
7 267
7 268
7 302
7 303
7 304
7 305
7 306
7 307
7 309
7 310
7 311
7 312
7 313
7 314
7 315
7 342
7 480
7 481
7 483
7 484
7 485
7 486
7 487
7 488
7 489
7 490
7 491
7 492
7 493
7 494
7 495
7 496
7 497
7 499
7 521
7 640
7 641
7 642
7 643
7 645
7 646
7 647
7 648
7 649
7 651
7 698
7 700
7 701
7 703
7 704
7 705
7 706
7 707
7 708
7 709
7 710
7 711
7 712
7 713
7 714
7 715
7 716
7 717
7 718
7 719
7 720
7 721
7 722
7 723
7 724
7 725
7 726
7 727
8 9
8 10
8 11
8 45
8 46
8 47
8 49
8 50
8 51
8 52
8 53
8 54
8 55
8 56
8 57
8 58
8 59
8 182
8 184
8 185
8 186
8 187
8 188
8 189
8 190
8 191
8 192
8 193
8 194
8 195
8 196
8 197
8 259
8 260
8 263
8 264
8 265
8 266
8 268
8 297
8 298
8 299
8 301
8 302
8 303
8 304
8 305
8 306
8 307
8 308
8 309
8 310
8 311
8 312
8 313
8 314
8 315
8 341
8 342
8 480
8 483
8 484
8 488
8 489
8 490
8 491
8 492
8 493
8 494
8 495
8 496
8 497
8 498
8 520
8 547
8 637
8 638
8 639
8 641
8 644
8 645
8 646
8 647
8 648
8 650
8 651
8 697
8 701
8 702
8 703
8 704
8 705
8 706
8 707
8 708
8 709
8 710
8 711
8 712
8 713
8 714
8 715
8 716
8 717
8 718
8 719
8 720
8 721
8 722
8 723
8 724
8 725
8 726
8 727
8 728
8 729
9 10
9 11
9 42
9 44
9 45
9 46
9 47
9 48
9 49
9 50
9 51
9 52
9 53
9 54
9 55
9 56
9 57
9 58
9 183
9 187
9 188
9 189
9 190
9 191
9 192
9 193
9 194
9 195
9 196
9 197
9 198
9 259
9 260
9 261
9 262
9 263
9 264
9 265
9 266
9 267
9 275
9 294
9 296
9 297
9 298
9 299
9 300
9 301
9 302
9 303
9 304
9 305
9 306
9 307
9 308
9 309
9 310
9 311
9 312
9 313
9 314
9 315
9 316
9 341
9 483
9 484
9 488
9 490
9 491
9 492
9 493
9 494
9 495
9 496
9 520
9 521
9 570
9 638
9 639
9 641
9 642
9 644
9 645
9 646
9 647
9 648
9 649
9 651
9 652
9 702
9 703
9 704
9 705
9 706
9 707
9 708
9 709
9 710
9 711
9 712
9 713
9 714
9 715
9 716
9 717
9 718
9 719
9 720
9 721
9 722
9 723
9 724
9 725
9 726
9 727
9 728
10 44
10 46
10 47
10 48
10 49
10 50
10 51
10 52
10 53
10 54
10 55
10 56
10 57
10 58
10 60
10 184
10 186
10 187
10 189
10 190
10 191
10 192
10 193
10 194
10 195
10 196
10 197
10 199
10 263
10 264
10 265
10 266
10 267
10 268
10 276
10 299
10 300
10 301
10 302
10 303
10 304
10 305
10 306
10 307
10 308
10 309
10 310
10 311
10 312
10 313
10 315
10 340
10 341
10 342
10 479
10 481
10 484
10 485
10 486
10 488
10 489
10 490
10 491
10 492
10 493
10 494
10 495
10 496
10 521
10 523
10 640
10 641
10 642
10 643
10 644
10 646
10 647
10 649
10 651
10 653
10 699
10 702
10 703
10 704
10 706
10 707
10 708
10 709
10 710
10 711
10 712
10 713
10 714
10 715
10 716
10 717
10 718
10 719
10 720
10 721
10 722
10 723
10 724
10 725
10 726
10 727
10 728
11 44
11 51
11 52
11 53
11 56
11 57
11 189
11 190
11 191
11 193
11 194
11 195
11 196
11 263
11 267
11 268
11 301
11 305
11 306
11 308
11 309
11 310
11 313
11 315
11 340
11 484
11 485
11 491
11 533
11 640
11 646
11 701
11 706
11 709
11 710
11 712
11 713
11 714
11 717
11 718
11 719
11 720
11 721
11 722
11 723
11 724
11 725
11 726
11 727
12 57
12 194
12 267
12 268
12 301
12 491
12 707
12 716
12 717
12 719
12 720
12 721
12 723
12 724
12 725
12 726
12 727
13 307
13 311
13 314
13 316
13 724
13 725
13 726
14 154
14 472
14 726
15 266
16 194
17 727
18 202
19 481
20 722
21 723
22 57
22 724
23 192
23 724
23 725
24 470
24 719
24 725
25 730
25 780
31 266
32 727
33 726
34 308
35 726
36 345
37 726
38 651
39 726
40 49
40 52
40 56
40 57
40 187
40 189
40 197
40 261
40 267
40 483
40 487
40 497
40 647
40 716
41 53
41 54
41 185
41 190
41 192
41 198
41 258
41 259
41 260
41 275
41 299
41 308
41 311
41 487
41 491
41 496
41 521
41 636
41 641
41 645
41 647
41 649
41 701
41 702
41 715
41 716
41 722
41 725
41 726
42 43
42 44
42 45
42 47
42 48
42 51
42 55
42 56
42 58
42 183
42 186
42 188
42 190
42 196
42 197
42 264
42 265
42 268
42 294
42 296
42 297
42 301
42 305
42 313
42 339
42 484
42 485
42 488
42 494
42 496
42 498
42 548
42 638
42 641
42 642
42 644
42 645
42 649
42 650
42 700
42 701
42 702
42 705
42 711
42 713
42 718
42 725
42 726
43 44
43 45
43 46
43 48
43 50
43 52
43 55
43 181
43 182
43 183
43 185
43 186
43 188
43 189
43 193
43 194
43 195
43 196
43 260
43 263
43 296
43 298
43 301
43 303
43 304
43 305
43 307
43 308
43 309
43 310
43 312
43 313
43 316
43 487
43 488
43 489
43 490
43 492
43 493
43 494
43 495
43 496
43 520
43 547
43 642
43 643
43 644
43 646
43 648
43 650
43 700
43 701
43 702
43 703
43 704
43 705
43 707
43 709
43 711
43 713
43 718
43 720
43 721
43 725
44 46
44 48
44 49
44 51
44 52
44 54
44 55
44 56
44 183
44 184
44 186
44 187
44 190
44 191
44 193
44 194
44 195
44 197
44 262
44 263
44 264
44 267
44 298
44 300
44 303
44 309
44 310
44 481
44 483
44 484
44 486
44 488
44 489
44 493
44 494
44 495
44 496
44 548
44 640
44 641
44 646
44 647
44 648
44 649
44 702
44 707
44 708
44 710
44 713
44 716
44 717
44 720
44 721
44 723
44 725
45 46
45 47
45 48
45 53
45 54
45 55
45 57
45 58
45 180
45 183
45 184
45 186
45 188
45 189
45 190
45 192
45 194
45 195
45 196
45 197
45 260
45 262
45 264
45 265
45 266
45 268
45 295
45 298
45 301
45 302
45 304
45 305
45 307
45 308
45 309
45 310
45 314
45 340
45 482
45 484
45 485
45 486
45 487
45 488
45 489
45 490
45 491
45 493
45 494
45 495
45 496
45 497
45 641
45 644
45 646
45 647
45 648
45 649
45 650
45 698
45 700
45 702
45 708
45 709
45 712
45 715
45 716
45 717
45 718
45 720
45 721
45 722
45 727
46 47
46 50
46 51
46 54
46 55
46 56
46 57
46 58
46 183
46 184
46 186
46 188
46 189
46 192
46 193
46 194
46 197
46 259
46 260
46 262
46 263
46 265
46 296
46 299
46 300
46 302
46 303
46 306
46 307
46 308
46 309
46 310
46 311
46 312
46 313
46 314
46 340
46 341
46 481
46 482
46 483
46 484
46 487
46 488
46 489
46 490
46 492
46 493
46 494
46 519
46 520
46 641
46 642
46 643
46 645
46 646
46 647
46 648
46 698
46 701
46 703
46 705
46 706
46 707
46 708
46 710
46 712
46 713
46 714
46 715
46 716
46 717
46 718
46 719
46 720
46 721
46 722
46 723
46 724
46 725
46 726
47 48
47 49
47 50
47 51
47 52
47 54
47 55
47 56
47 57
47 58
47 180
47 182
47 183
47 185
47 186
47 187
47 188
47 190
47 191
47 192
47 193
47 194
47 195
47 196
47 197
47 262
47 263
47 264
47 266
47 267
47 298
47 300
47 301
47 302
47 304
47 305
47 306
47 307
47 309
47 310
47 311
47 312
47 313
47 342
47 485
47 486
47 488
47 489
47 490
47 492
47 494
47 495
47 497
47 520
47 521
47 639
47 642
47 643
47 644
47 645
47 646
47 647
47 648
47 699
47 700
47 701
47 703
47 704
47 706
47 707
47 709
47 710
47 711
47 712
47 713
47 714
47 716
47 717
47 719
47 720
47 721
47 722
47 723
47 724
47 725
47 726
47 727
47 728
48 49
48 50
48 51
48 52
48 53
48 54
48 56
48 57
48 184
48 185
48 187
48 189
48 190
48 191
48 192
48 193
48 194
48 195
48 196
48 198
48 261
48 264
48 265
48 266
48 267
48 301
48 302
48 303
48 304
48 305
48 306
48 307
48 309
48 311
48 312
48 339
48 340
48 480
48 483
48 485
48 486
48 487
48 488
48 489
48 490
48 491
48 493
48 495
48 496
48 548
48 637
48 639
48 640
48 641
48 642
48 643
48 644
48 645
48 646
48 647
48 648
48 649
48 699
48 702
48 703
48 704
48 705
48 706
48 707
48 708
48 710
48 711
48 712
48 713
48 714
48 715
48 716
48 717
48 718
48 720
48 722
48 723
48 724
48 725
48 726
49 50
49 51
49 52
49 53
49 54
49 55
49 56
49 57
49 58
49 180
49 181
49 185
49 186
49 188
49 189
49 190
49 192
49 193
49 194
49 197
49 261
49 264
49 266
49 295
49 296
49 297
49 299
49 300
49 301
49 302
49 303
49 304
49 305
49 306
49 307
49 308
49 309
49 311
49 312
49 313
49 339
49 481
49 484
49 485
49 486
49 487
49 488
49 489
49 490
49 491
49 492
49 493
49 494
49 495
49 496
49 638
49 640
49 641
49 642
49 644
49 645
49 646
49 647
49 648
49 649
49 700
49 703
49 704
49 705
49 706
49 707
49 708
49 709
49 710
49 712
49 713
49 714
49 715
49 716
49 717
49 718
49 719
49 720
49 721
49 724
49 725
49 726
49 727
50 51
50 52
50 53
50 54
50 55
50 56
50 57
50 58
50 182
50 185
50 187
50 188
50 189
50 190
50 191
50 192
50 193
50 194
50 195
50 196
50 197
50 259
50 261
50 262
50 264
50 266
50 267
50 268
50 298
50 300
50 301
50 302
50 303
50 304
50 305
50 306
50 307
50 308
50 309
50 310
50 311
50 312
50 313
50 315
50 341
50 483
50 485
50 487
50 488
50 489
50 490
50 491
50 492
50 493
50 494
50 495
50 496
50 497
50 636
50 640
50 641
50 642
50 643
50 644
50 645
50 646
50 647
50 697
50 698
50 700
50 701
50 702
50 703
50 704
50 705
50 706
50 707
50 708
50 709
50 710
50 711
50 712
50 713
50 714
50 715
50 716
50 717
50 718
50 719
50 720
50 721
50 722
50 723
50 724
50 725
50 726
50 727
50 728
51 52
51 54
51 55
51 56
51 57
51 58
51 181
51 182
51 184
51 185
51 186
51 187
51 188
51 189
51 190
51 191
51 192
51 193
51 194
51 195
51 196
51 198
51 260
51 261
51 262
51 264
51 265
51 266
51 268
51 270
51 295
51 298
51 299
51 302
51 303
51 304
51 305
51 306
51 307
51 308
51 309
51 310
51 311
51 312
51 313
51 314
51 315
51 480
51 483
51 486
51 487
51 488
51 489
51 490
51 491
51 492
51 493
51 494
51 495
51 496
51 497
51 530
51 547
51 641
51 642
51 643
51 644
51 645
51 646
51 647
51 648
51 650
51 652
51 700
51 702
51 703
51 705
51 706
51 707
51 708
51 709
51 710
51 711
51 712
51 713
51 714
51 715
51 716
51 717
51 718
51 719
51 720
51 721
51 722
51 723
51 724
51 725
51 726
51 727
52 53
52 54
52 55
52 56
52 57
52 58
52 59
52 153
52 183
52 186
52 187
52 189
52 190
52 191
52 192
52 193
52 194
52 195
52 196
52 197
52 199
52 261
52 262
52 263
52 264
52 266
52 267
52 269
52 297
52 298
52 299
52 300
52 301
52 302
52 303
52 304
52 305
52 306
52 307
52 308
52 309
52 310
52 311
52 312
52 313
52 314
52 315
52 338
52 350
52 482
52 485
52 486
52 487
52 489
52 490
52 491
52 492
52 493
52 494
52 495
52 496
52 497
52 498
52 521
52 593
52 638
52 639
52 640
52 641
52 642
52 643
52 644
52 645
52 647
52 648
52 649
52 698
52 700
52 702
52 703
52 704
52 705
52 706
52 707
52 708
52 709
52 710
52 711
52 713
52 714
52 715
52 716
52 717
52 718
52 719
52 720
52 721
52 722
52 723
52 724
52 725
52 726
52 727
53 54
53 55
53 56
53 57
53 58
53 181
53 182
53 185
53 186
53 187
53 188
53 189
53 190
53 191
53 192
53 193
53 194
53 195
53 196
53 197
53 198
53 263
53 264
53 265
53 266
53 267
53 274
53 295
53 296
53 299
53 301
53 302
53 303
53 304
53 305
53 308
53 309
53 310
53 311
53 312
53 313
53 314
53 315
53 339
53 342
53 482
53 483
53 484
53 486
53 488
53 489
53 490
53 491
53 492
53 493
53 494
53 495
53 496
53 497
53 498
53 520
53 521
53 591
53 638
53 640
53 641
53 642
53 643
53 644
53 645
53 646
53 647
53 648
53 651
53 697
53 701
53 702
53 703
53 704
53 705
53 706
53 707
53 708
53 709
53 710
53 711
53 712
53 713
53 714
53 715
53 716
53 717
53 718
53 719
53 720
53 721
53 722
53 723
53 724
53 725
53 726
53 727
53 728
54 55
54 56
54 57
54 58
54 183
54 184
54 185
54 186
54 187
54 188
54 190
54 191
54 192
54 193
54 194
54 195
54 196
54 197
54 198
54 259
54 260
54 261
54 262
54 263
54 264
54 267
54 268
54 269
54 276
54 297
54 298
54 300
54 301
54 302
54 303
54 304
54 305
54 306
54 307
54 308
54 309
54 310
54 311
54 312
54 313
54 314
54 316
54 321
54 340
54 341
54 481
54 482
54 483
54 485
54 486
54 487
54 489
54 490
54 491
54 492
54 493
54 494
54 495
54 496
54 497
54 498
54 522
54 637
54 638
54 640
54 642
54 643
54 644
54 645
54 646
54 647
54 648
54 649
54 651
54 698
54 702
54 703
54 704
54 705
54 706
54 707
54 708
54 709
54 710
54 711
54 712
54 713
54 714
54 715
54 716
54 717
54 718
54 719
54 720
54 721
54 722
54 723
54 724
54 725
54 726
54 727
54 728
55 56
55 57
55 58
55 63
55 181
55 183
55 184
55 185
55 187
55 188
55 189
55 190
55 191
55 192
55 193
55 194
55 195
55 196
55 197
55 260
55 262
55 263
55 264
55 265
55 266
55 267
55 268
55 298
55 299
55 301
55 303
55 304
55 305
55 307
55 308
55 309
55 310
55 311
55 312
55 313
55 314
55 315
55 340
55 484
55 485
55 486
55 487
55 488
55 489
55 490
55 492
55 494
55 495
55 496
55 497
55 499
55 521
55 637
55 639
55 640
55 641
55 642
55 644
55 645
55 646
55 647
55 651
55 697
55 698
55 701
55 702
55 705
55 706
55 707
55 708
55 709
55 710
55 711
55 712
55 713
55 714
55 715
55 716
55 717
55 718
55 719
55 720
55 721
55 722
55 723
55 724
55 725
55 726
55 727
55 728
56 57
56 58
56 152
56 169
56 182
56 183
56 185
56 186
56 187
56 188
56 189
56 190
56 191
56 192
56 193
56 194
56 195
56 196
56 197
56 261
56 262
56 263
56 265
56 267
56 297
56 298
56 300
56 302
56 303
56 304
56 305
56 306
56 307
56 308
56 309
56 310
56 311
56 312
56 313
56 314
56 315
56 317
56 341
56 483
56 484
56 486
56 487
56 488
56 489
56 490
56 491
56 492
56 493
56 494
56 495
56 496
56 497
56 498
56 592
56 643
56 644
56 645
56 646
56 647
56 648
56 649
56 700
56 701
56 703
56 704
56 705
56 706
56 707
56 708
56 709
56 710
56 711
56 712
56 713
56 714
56 715
56 716
56 717
56 718
56 719
56 720
56 721
56 722
56 723
56 724
56 725
56 726
56 727
56 728
57 58
57 182
57 183
57 184
57 185
57 186
57 187
57 188
57 189
57 190
57 191
57 192
57 193
57 194
57 195
57 196
57 197
57 198
57 258
57 265
57 267
57 268
57 276
57 296
57 297
57 301
57 302
57 304
57 305
57 306
57 307
57 308
57 309
57 310
57 311
57 312
57 313
57 314
57 315
57 316
57 341
57 428
57 467
57 482
57 484
57 485
57 487
57 488
57 489
57 490
57 491
57 492
57 493
57 494
57 495
57 496
57 497
57 520
57 636
57 638
57 639
57 640
57 643
57 644
57 645
57 646
57 647
57 648
57 649
57 701
57 703
57 704
57 705
57 706
57 707
57 708
57 709
57 710
57 711
57 712
57 713
57 714
57 715
57 716
57 717
57 718
57 719
57 720
57 721
57 722
57 723
57 724
57 725
57 726
57 727
58 181
58 183
58 185
58 186
58 187
58 188
58 189
58 190
58 191
58 192
58 193
58 194
58 195
58 196
58 260
58 263
58 264
58 265
58 266
58 267
58 269
58 296
58 298
58 299
58 300
58 303
58 304
58 305
58 306
58 308
58 309
58 310
58 311
58 312
58 313
58 314
58 315
58 338
58 339
58 475
58 481
58 483
58 486
58 487
58 488
58 489
58 490
58 491
58 492
58 493
58 494
58 495
58 496
58 497
58 498
58 639
58 640
58 641
58 642
58 643
58 644
58 645
58 646
58 647
58 648
58 699
58 700
58 702
58 703
58 705
58 706
58 707
58 708
58 709
58 710
58 711
58 712
58 713
58 714
58 715
58 716
58 717
58 718
58 719
58 720
58 721
58 722
58 723
58 724
58 725
58 726
58 727
59 186
59 190
59 197
59 298
59 305
59 306
59 311
59 313
59 319
59 343
59 485
59 491
59 492
59 493
59 498
59 593
59 640
59 645
59 704
59 711
59 712
59 714
59 716
59 717
59 718
59 719
59 720
59 721
59 722
59 723
59 724
59 726
60 297
60 314
60 714
60 719
60 720
60 721
60 724
60 725
60 726
60 727
61 301
61 340
61 506
61 718
61 724
61 726
61 727
62 499
62 609
62 723
63 322
64 698
83 727
84 564
93 339
93 494
122 724
124 430
131 722
132 726
144 499
145 730
150 726
153 267
153 347
153 494
153 519
153 720
154 199
154 310
154 715
154 717
154 721
154 723
154 724
154 725
155 258
155 494
155 717
155 721
155 722
155 725
155 727
156 720
156 722
156 723
156 724
156 725
157 271
157 728
158 761
159 313
159 717
159 719
159 726
160 458
160 551
161 723
162 718
163 187
163 720
163 726
164 721
164 723
164 725
165 167
165 722
165 724
166 429
166 551
169 719
170 277
170 458
171 699
173 719
180 195
180 260
180 340
180 341
180 482
180 486
180 488
180 494
180 520
180 643
180 699
180 710
180 722
180 725
180 726
181 185
181 187
181 197
181 258
181 263
181 265
181 266
181 295
181 299
181 300
181 306
181 310
181 311
181 314
181 315
181 481
181 486
181 487
181 491
181 496
181 637
181 638
181 639
181 644
181 645
181 706
181 708
181 710
181 713
181 714
181 721
182 183
182 184
182 185
182 187
182 188
182 189
182 190
182 192
182 194
182 197
182 261
182 262
182 264
182 299
182 306
182 308
182 309
182 311
182 314
182 340
182 481
182 484
182 485
182 488
182 492
182 496
182 497
182 518
182 547
182 636
182 637
182 642
182 644
182 647
182 648
182 699
182 702
182 704
182 707
182 711
182 712
182 714
182 717
182 718
182 721
182 722
182 725
182 727
183 184
183 186
183 191
183 194
183 195
183 250
183 258
183 260
183 261
183 263
183 266
183 268
183 270
183 297
183 300
183 301
183 302
183 307
183 308
183 310
183 311
183 312
183 481
183 482
183 484
183 485
183 486
183 490
183 491
183 492
183 493
183 495
183 497
183 521
183 548
183 637
183 638
183 646
183 647
183 648
183 649
183 650
183 697
183 701
183 702
183 703
183 704
183 707
183 709
183 710
183 711
183 712
183 717
183 718
183 721
184 185
184 188
184 191
184 192
184 194
184 195
184 196
184 197
184 259
184 262
184 263
184 265
184 266
184 295
184 299
184 301
184 306
184 309
184 311
184 312
184 315
184 482
184 484
184 488
184 490
184 491
184 492
184 494
184 495
184 496
184 497
184 520
184 522
184 546
184 643
184 648
184 649
184 698
184 699
184 702
184 703
184 704
184 707
184 709
184 711
184 712
184 715
184 716
184 718
184 719
184 721
184 722
184 723
184 724
184 725
184 727
185 186
185 188
185 190
185 193
185 194
185 195
185 197
185 261
185 262
185 263
185 264
185 300
185 302
185 305
185 307
185 308
185 309
185 310
185 312
185 314
185 340
185 470
185 486
185 487
185 489
185 490
185 491
185 492
185 493
185 494
185 496
185 497
185 520
185 636
185 637
185 641
185 644
185 645
185 646
185 649
185 700
185 702
185 703
185 704
185 708
185 709
185 714
185 715
185 716
185 717
185 718
185 719
185 720
185 721
185 722
185 723
185 725
185 726
185 727
186 187
186 189
186 190
186 191
186 192
186 193
186 195
186 196
186 197
186 199
186 261
186 263
186 264
186 265
186 266
186 295
186 296
186 297
186 298
186 299
186 300
186 301
186 302
186 303
186 304
186 305
186 306
186 307
186 308
186 309
186 310
186 311
186 312
186 313
186 314
186 403
186 486
186 487
186 488
186 489
186 490
186 492
186 493
186 495
186 496
186 497
186 520
186 639
186 640
186 641
186 642
186 643
186 644
186 645
186 646
186 647
186 697
186 698
186 701
186 702
186 703
186 704
186 706
186 707
186 708
186 709
186 710
186 711
186 713
186 714
186 718
186 719
186 721
186 722
186 724
186 725
186 727
187 188
187 189
187 190
187 192
187 193
187 195
187 196
187 197
187 261
187 262
187 264
187 265
187 266
187 267
187 299
187 300
187 301
187 302
187 307
187 308
187 309
187 310
187 311
187 312
187 313
187 314
187 482
187 483
187 484
187 485
187 486
187 489
187 490
187 492
187 493
187 494
187 495
187 520
187 547
187 638
187 639
187 642
187 643
187 644
187 645
187 646
187 647
187 648
187 649
187 651
187 697
187 699
187 701
187 704
187 705
187 706
187 707
187 708
187 709
187 710
187 711
187 712
187 713
187 715
187 716
187 717
187 718
187 719
187 720
187 721
187 722
187 723
187 724
187 725
187 726
187 727
187 728
188 191
188 193
188 194
188 195
188 196
188 197
188 262
188 264
188 265
188 267
188 274
188 275
188 296
188 297
188 300
188 301
188 302
188 303
188 304
188 305
188 306
188 307
188 308
188 309
188 310
188 311
188 312
188 313
188 483
188 485
188 486
188 488
188 489
188 490
188 491
188 493
188 495
188 496
188 497
188 521
188 637
188 639
188 641
188 642
188 643
188 644
188 645
188 646
188 647
188 648
188 649
188 699
188 700
188 701
188 702
188 703
188 705
188 706
188 708
188 709
188 710
188 711
188 712
188 714
188 716
188 718
188 719
188 720
188 721
188 723
188 724
188 725
188 726
188 727
189 190
189 191
189 192
189 194
189 195
189 196
189 197
189 263
189 264
189 265
189 266
189 296
189 298
189 300
189 301
189 302
189 305
189 306
189 307
189 308
189 309
189 310
189 311
189 312
189 313
189 314
189 315
189 340
189 342
189 352
189 481
189 482
189 483
189 485
189 487
189 488
189 489
189 490
189 491
189 492
189 493
189 494
189 495
189 496
189 497
189 498
189 519
189 638
189 639
189 641
189 642
189 643
189 644
189 645
189 647
189 648
189 649
189 699
189 700
189 702
189 703
189 704
189 705
189 706
189 707
189 708
189 710
189 712
189 714
189 715
189 716
189 717
189 718
189 719
189 720
189 722
189 723
189 724
189 726
189 727
190 191
190 192
190 193
190 194
190 195
190 196
190 197
190 198
190 257
190 260
190 262
190 264
190 265
190 266
190 267
190 268
190 297
190 298
190 299
190 300
190 301
190 303
190 304
190 305
190 306
190 307
190 308
190 309
190 310
190 312
190 314
190 315
190 316
190 480
190 481
190 483
190 484
190 486
190 487
190 488
190 489
190 490
190 491
190 492
190 493
190 494
190 495
190 496
190 497
190 638
190 640
190 641
190 643
190 644
190 645
190 646
190 647
190 648
190 649
190 702
190 703
190 704
190 705
190 706
190 707
190 708
190 710
190 711
190 713
190 714
190 715
190 716
190 718
190 719
190 720
190 721
190 722
190 723
190 724
190 725
190 726
190 727
191 192
191 193
191 194
191 195
191 196
191 197
191 259
191 262
191 264
191 265
191 266
191 267
191 296
191 298
191 299
191 300
191 301
191 302
191 303
191 304
191 305
191 306
191 307
191 308
191 309
191 310
191 311
191 312
191 313
191 314
191 315
191 484
191 485
191 486
191 488
191 489
191 490
191 491
191 492
191 494
191 495
191 496
191 497
191 640
191 642
191 643
191 644
191 645
191 646
191 647
191 648
191 649
191 700
191 702
191 704
191 705
191 706
191 707
191 708
191 709
191 710
191 711
191 713
191 714
191 715
191 716
191 719
191 720
191 721
191 722
191 723
191 724
191 725
191 726
191 727
191 728
192 193
192 194
192 195
192 197
192 261
192 262
192 263
192 264
192 265
192 266
192 267
192 274
192 296
192 298
192 301
192 303
192 304
192 306
192 307
192 308
192 309
192 310
192 311
192 313
192 314
192 480
192 483
192 484
192 485
192 486
192 488
192 489
192 490
192 491
192 492
192 493
192 494
192 495
192 496
192 497
192 520
192 548
192 639
192 641
192 643
192 644
192 645
192 646
192 647
192 648
192 649
192 650
192 701
192 702
192 703
192 704
192 705
192 706
192 708
192 709
192 710
192 711
192 712
192 713
192 714
192 715
192 716
192 717
192 718
192 719
192 720
192 721
192 722
192 723
192 724
192 725
192 726
192 727
193 194
193 195
193 196
193 197
193 234
193 259
193 260
193 261
193 263
193 265
193 266
193 267
193 298
193 299
193 300
193 302
193 303
193 304
193 305
193 306
193 307
193 308
193 309
193 310
193 311
193 312
193 313
193 314
193 315
193 316
193 317
193 484
193 485
193 486
193 487
193 489
193 490
193 491
193 493
193 494
193 495
193 496
193 497
193 498
193 638
193 639
193 641
193 642
193 643
193 645
193 646
193 647
193 649
193 701
193 702
193 703
193 704
193 705
193 707
193 708
193 709
193 710
193 711
193 712
193 713
193 714
193 715
193 716
193 717
193 718
193 719
193 720
193 721
193 722
193 723
193 724
193 725
193 726
193 727
193 795
194 195
194 196
194 197
194 263
194 264
194 265
194 266
194 267
194 297
194 299
194 300
194 301
194 303
194 304
194 305
194 306
194 307
194 308
194 309
194 310
194 311
194 312
194 313
194 314
194 319
194 339
194 342
194 479
194 482
194 486
194 488
194 489
194 490
194 491
194 492
194 493
194 494
194 495
194 496
194 497
194 498
194 637
194 639
194 643
194 644
194 645
194 646
194 647
194 648
194 649
194 699
194 700
194 701
194 702
194 703
194 704
194 705
194 707
194 708
194 709
194 710
194 711
194 712
194 713
194 714
194 715
194 716
194 717
194 718
194 719
194 720
194 721
194 722
194 723
194 724
194 725
194 726
194 727
194 728
195 196
195 197
195 259
195 260
195 261
195 265
195 266
195 295
195 296
195 297
195 299
195 301
195 304
195 305
195 307
195 308
195 309
195 310
195 311
195 312
195 313
195 314
195 315
195 342
195 482
195 483
195 484
195 486
195 487
195 488
195 489
195 490
195 491
195 492
195 493
195 494
195 495
195 496
195 497
195 547
195 639
195 640
195 641
195 642
195 643
195 644
195 645
195 646
195 647
195 648
195 649
195 698
195 700
195 702
195 703
195 704
195 705
195 706
195 707
195 708
195 709
195 710
195 711
195 712
195 713
195 714
195 715
195 716
195 717
195 718
195 719
195 720
195 721
195 722
195 723
195 724
195 725
195 726
195 727
196 197
196 260
196 262
196 264
196 265
196 266
196 267
196 268
196 285
196 295
196 296
196 297
196 300
196 301
196 302
196 304
196 305
196 306
196 307
196 308
196 309
196 310
196 312
196 313
196 314
196 315
196 339
196 342
196 482
196 483
196 484
196 485
196 487
196 488
196 489
196 490
196 491
196 492
196 493
196 494
196 495
196 496
196 497
196 521
196 639
196 641
196 642
196 643
196 644
196 645
196 646
196 647
196 648
196 699
196 703
196 704
196 706
196 707
196 708
196 709
196 710
196 711
196 712
196 713
196 714
196 715
196 716
196 717
196 718
196 719
196 720
196 721
196 722
196 723
196 724
196 725
196 726
196 727
196 728
197 198
197 261
197 262
197 263
197 264
197 265
197 267
197 269
197 276
197 295
197 298
197 300
197 303
197 304
197 306
197 307
197 308
197 309
197 310
197 311
197 312
197 313
197 314
197 341
197 481
197 483
197 484
197 485
197 487
197 488
197 489
197 490
197 491
197 492
197 493
197 494
197 495
197 496
197 498
197 637
197 639
197 641
197 642
197 644
197 645
197 646
197 647
197 648
197 649
197 650
197 701
197 702
197 703
197 704
197 705
197 706
197 707
197 708
197 709
197 710
197 711
197 712
197 713
197 714
197 715
197 716
197 717
197 718
197 719
197 720
197 721
197 722
197 723
197 724
197 725
197 726
197 727
197 728
198 259
198 262
198 264
198 297
198 298
198 301
198 303
198 304
198 305
198 307
198 308
198 309
198 310
198 312
198 313
198 314
198 484
198 486
198 492
198 493
198 638
198 642
198 643
198 644
198 646
198 648
198 704
198 706
198 708
198 709
198 710
198 711
198 712
198 714
198 715
198 716
198 717
198 718
198 719
198 720
198 721
198 722
198 723
198 724
198 725
198 726
198 727
199 306
199 312
199 489
199 644
199 707
199 710
199 715
199 717
199 719
199 720
199 721
199 722
199 723
199 724
199 725
199 726
200 313
200 338
200 568
200 634
200 723
200 725
200 726
200 727
201 302
201 721
201 726
202 721
209 724
209 729
210 304
220 725
223 265
223 302
230 465
233 365
233 490
235 279
241 726
242 728
251 721
251 725
252 728
254 518
255 295
255 471
256 653
258 297
258 299
258 301
258 482
258 487
258 637
258 649
258 708
259 274
259 302
259 304
259 305
259 307
259 308
259 312
259 314
259 484
259 488
259 489
259 491
259 492
259 495
259 498
259 641
259 642
259 646
259 647
259 650
259 700
259 703
259 707
259 715
259 721
259 722
259 723
259 726
260 261
260 264
260 266
260 267
260 297
260 299
260 300
260 302
260 303
260 304
260 305
260 307
260 309
260 310
260 314
260 340
260 479
260 481
260 489
260 490
260 491
260 492
260 493
260 494
260 495
260 520
260 641
260 643
260 644
260 646
260 647
260 649
260 696
260 697
260 700
260 708
260 709
260 710
260 717
260 718
260 721
260 722
261 264
261 267
261 296
261 298
261 300
261 301
261 302
261 307
261 310
261 314
261 340
261 482
261 483
261 486
261 489
261 490
261 492
261 496
261 565
261 640
261 641
261 644
261 646
261 701
261 703
261 704
261 705
261 706
261 715
261 716
261 719
261 720
261 721
261 723
261 725
261 726
261 727
262 263
262 264
262 265
262 266
262 267
262 298
262 299
262 300
262 301
262 303
262 304
262 305
262 308
262 310
262 311
262 314
262 340
262 341
262 482
262 483
262 484
262 485
262 486
262 488
262 489
262 493
262 494
262 495
262 523
262 639
262 643
262 645
262 648
262 649
262 697
262 698
262 699
262 701
262 702
262 703
262 704
262 705
262 706
262 707
262 711
262 712
262 714
262 716
262 718
262 719
262 723
262 724
262 725
262 727
263 266
263 275
263 294
263 297
263 299
263 300
263 303
263 304
263 305
263 306
263 308
263 309
263 312
263 313
263 339
263 340
263 484
263 485
263 486
263 487
263 488
263 489
263 490
263 492
263 494
263 495
263 496
263 497
263 520
263 547
263 548
263 637
263 639
263 640
263 641
263 642
263 645
263 648
263 649
263 650
263 699
263 702
263 704
263 705
263 707
263 710
263 713
263 714
263 716
263 718
263 719
263 720
263 723
263 725
263 726
263 727
263 728
263 751
264 266
264 267
264 298
264 301
264 304
264 305
264 308
264 309
264 311
264 312
264 314
264 341
264 481
264 483
264 484
264 485
264 487
264 488
264 490
264 491
264 493
264 494
264 495
264 496
264 497
264 520
264 521
264 592
264 639
264 640
264 642
264 643
264 645
264 646
264 648
264 650
264 652
264 699
264 703
264 704
264 705
264 706
264 708
264 710
264 711
264 712
264 713
264 714
264 715
264 716
264 717
264 718
264 719
264 720
264 721
264 722
264 723
264 725
264 726
265 267
265 268
265 274
265 295
265 298
265 299
265 300
265 301
265 302
265 304
265 305
265 306
265 308
265 309
265 310
265 313
265 339
265 480
265 483
265 485
265 486
265 487
265 488
265 489
265 490
265 492
265 493
265 494
265 495
265 496
265 497
265 637
265 638
265 639
265 641
265 643
265 644
265 646
265 649
265 698
265 699
265 701
265 702
265 704
265 705
265 708
265 709
265 711
265 712
265 714
265 715
265 716
265 719
265 720
265 721
265 722
265 723
265 724
265 725
265 726
265 727
265 728
266 267
266 277
266 300
266 302
266 303
266 304
266 305
266 306
266 307
266 310
266 311
266 312
266 313
266 314
266 433
266 480
266 481
266 483
266 484
266 488
266 489
266 490
266 491
266 492
266 493
266 494
266 495
266 496
266 497
266 643
266 644
266 645
266 648
266 698
266 699
266 700
266 701
266 702
266 703
266 704
266 705
266 706
266 707
266 708
266 709
266 710
266 711
266 712
266 713
266 714
266 715
266 716
266 717
266 719
266 720
266 721
266 722
266 723
266 724
266 725
266 726
266 727
266 728
267 296
267 299
267 301
267 305
267 307
267 308
267 309
267 310
267 311
267 312
267 313
267 340
267 484
267 486
267 487
267 488
267 490
267 491
267 492
267 493
267 494
267 495
267 496
267 497
267 550
267 638
267 640
267 641
267 643
267 644
267 645
267 646
267 647
267 650
267 699
267 700
267 701
267 703
267 704
267 705
267 706
267 707
267 708
267 709
267 712
267 713
267 714
267 715
267 716
267 717
267 718
267 719
267 720
267 721
267 722
267 723
267 724
267 725
267 728
268 298
268 300
268 306
268 310
268 311
268 313
268 314
268 482
268 492
268 493
268 495
268 496
268 520
268 647
268 652
268 709
268 712
268 713
268 714
268 715
268 716
268 717
268 718
268 720
268 722
268 723
268 724
268 725
268 726
268 728
269 296
269 303
269 305
269 306
269 489
269 494
269 714
269 715
269 716
269 717
269 718
269 721
269 723
269 724
269 725
269 726
270 314
270 388
270 709
270 720
270 722
270 723
270 724
270 726
270 727
271 701
271 722
271 724
271 725
271 728
272 308
272 408
272 723
273 459
274 299
274 639
274 721
275 307
275 496
275 640
275 642
275 700
275 704
275 711
275 722
275 726
275 727
276 301
276 310
276 492
276 495
276 646
276 647
276 650
276 700
276 711
276 720
276 722
276 725
277 301
277 494
277 496
277 648
277 649
277 718
277 720
277 721
277 722
277 723
277 725
278 488
278 490
278 718
278 721
278 722
278 724
278 725
278 726
279 724
279 725
279 726
280 416
280 639
280 649
280 725
280 726
281 318
281 492
281 723
281 728
282 741
285 726
286 525
291 487
293 725
294 295
294 304
294 311
294 500
294 703
294 709
294 725
295 297
295 305
295 306
295 309
295 313
295 481
295 482
295 484
295 518
295 699
295 709
295 717
295 719
295 721
295 726
296 298
296 299
296 301
296 303
296 307
296 311
296 480
296 488
296 492
296 497
296 639
296 640
296 642
296 643
296 646
296 647
296 696
296 697
296 700
296 705
296 708
296 713
296 715
296 717
296 721
296 723
296 725
296 726
296 728
297 298
297 304
297 307
297 308
297 309
297 311
297 313
297 340
297 479
297 480
297 481
297 482
297 483
297 484
297 485
297 487
297 488
297 490
297 492
297 493
297 494
297 495
297 498
297 637
297 639
297 640
297 642
297 643
297 644
297 699
297 702
297 703
297 704
297 707
297 708
297 713
297 714
297 716
297 718
297 719
297 720
297 721
297 723
297 724
298 299
298 300
298 301
298 302
298 303
298 304
298 305
298 307
298 309
298 310
298 311
298 312
298 313
298 314
298 342
298 481
298 483
298 484
298 485
298 486
298 487
298 493
298 495
298 496
298 519
298 520
298 521
298 645
298 646
298 647
298 649
298 651
298 699
298 701
298 702
298 703
298 704
298 705
298 706
298 712
298 718
298 720
298 721
298 723
298 725
298 726
298 727
299 300
299 301
299 303
299 304
299 307
299 309
299 311
299 313
299 314
299 315
299 483
299 484
299 485
299 487
299 492
299 493
299 495
299 496
299 497
299 519
299 520
299 521
299 639
299 642
299 643
299 644
299 645
299 646
299 648
299 650
299 700
299 702
299 703
299 708
299 709
299 712
299 713
299 714
299 715
299 716
299 718
299 720
299 721
299 722
299 726
299 727
300 301
300 303
300 304
300 306
300 307
300 308
300 309
300 310
300 313
300 314
300 366
300 479
300 481
300 482
300 484
300 487
300 488
300 489
300 490
300 491
300 492
300 493
300 494
300 495
300 496
300 497
300 519
300 547
300 549
300 640
300 641
300 643
300 644
300 645
300 646
300 647
300 700
300 701
300 703
300 704
300 706
300 707
300 708
300 709
300 710
300 711
300 712
300 713
300 714
300 715
300 716
300 717
300 719
300 720
300 721
300 722
300 723
300 725
300 726
300 727
301 302
301 304
301 305
301 306
301 308
301 310
301 311
301 313
301 314
301 341
301 480
301 481
301 484
301 485
301 487
301 488
301 489
301 491
301 492
301 493
301 494
301 496
301 497
301 519
301 522
301 548
301 549
301 636
301 638
301 640
301 642
301 643
301 644
301 645
301 646
301 647
301 648
301 649
301 697
301 699
301 700
301 701
301 703
301 704
301 705
301 706
301 708
301 709
301 710
301 711
301 712
301 713
301 714
301 715
301 716
301 717
301 718
301 719
301 721
301 722
301 724
301 725
301 726
301 727
301 728
302 303
302 304
302 305
302 306
302 307
302 308
302 309
302 310
302 311
302 312
302 313
302 315
302 338
302 341
302 483
302 484
302 486
302 487
302 488
302 489
302 490
302 491
302 492
302 493
302 494
302 495
302 496
302 497
302 522
302 640
302 641
302 642
302 643
302 645
302 646
302 647
302 648
302 649
302 650
302 696
302 699
302 701
302 702
302 704
302 705
302 706
302 707
302 709
302 710
302 711
302 712
302 713
302 714
302 715
302 716
302 717
302 718
302 719
302 721
302 722
302 723
302 724
302 725
302 727
303 304
303 305
303 307
303 308
303 309
303 310
303 312
303 313
303 314
303 340
303 342
303 346
303 482
303 483
303 484
303 487
303 488
303 489
303 490
303 491
303 492
303 493
303 494
303 495
303 496
303 497
303 520
303 638
303 640
303 642
303 643
303 644
303 645
303 646
303 647
303 648
303 649
303 703
303 704
303 705
303 706
303 707
303 708
303 709
303 710
303 711
303 712
303 713
303 714
303 715
303 716
303 717
303 718
303 719
303 720
303 721
303 722
303 723
303 724
303 725
303 726
303 727
303 728
304 305
304 306
304 307
304 308
304 309
304 310
304 311
304 312
304 313
304 314
304 480
304 481
304 483
304 486
304 487
304 488
304 489
304 490
304 491
304 492
304 493
304 494
304 495
304 496
304 497
304 521
304 543
304 591
304 641
304 642
304 643
304 644
304 645
304 646
304 647
304 649
304 650
304 651
304 699
304 700
304 701
304 703
304 704
304 705
304 706
304 707
304 708
304 709
304 710
304 711
304 712
304 713
304 714
304 715
304 716
304 717
304 718
304 719
304 720
304 721
304 722
304 723
304 724
304 725
304 726
304 727
305 306
305 307
305 308
305 309
305 310
305 311
305 312
305 313
305 315
305 481
305 484
305 486
305 488
305 489
305 490
305 491
305 492
305 494
305 495
305 496
305 497
305 521
305 640
305 642
305 644
305 645
305 646
305 647
305 649
305 699
305 700
305 701
305 704
305 705
305 706
305 707
305 708
305 709
305 710
305 711
305 712
305 713
305 714
305 715
305 716
305 717
305 718
305 719
305 720
305 721
305 722
305 723
305 724
305 725
305 726
305 727
306 307
306 308
306 309
306 310
306 311
306 312
306 313
306 314
306 315
306 402
306 428
306 484
306 485
306 486
306 487
306 489
306 490
306 491
306 492
306 493
306 494
306 495
306 496
306 497
306 520
306 637
306 640
306 642
306 645
306 646
306 647
306 648
306 651
306 697
306 699
306 700
306 702
306 703
306 704
306 705
306 706
306 707
306 708
306 709
306 710
306 711
306 712
306 713
306 714
306 715
306 716
306 717
306 718
306 719
306 720
306 721
306 722
306 723
306 724
306 725
306 726
306 727
307 308
307 309
307 310
307 311
307 312
307 313
307 314
307 339
307 340
307 482
307 484
307 485
307 487
307 488
307 489
307 490
307 491
307 492
307 493
307 494
307 495
307 496
307 497
307 640
307 642
307 644
307 645
307 646
307 647
307 648
307 699
307 701
307 702
307 703
307 705
307 706
307 707
307 708
307 709
307 711
307 712
307 713
307 714
307 715
307 716
307 717
307 718
307 719
307 720
307 721
307 722
307 723
307 724
307 725
307 726
307 727
308 309
308 310
308 311
308 312
308 313
308 314
308 316
308 480
308 482
308 483
308 485
308 486
308 489
308 490
308 491
308 492
308 493
308 494
308 495
308 497
308 519
308 640
308 641
308 642
308 644
308 645
308 646
308 647
308 648
308 649
308 701
308 702
308 703
308 705
308 706
308 708
308 709
308 710
308 711
308 712
308 713
308 714
308 715
308 716
308 717
308 718
308 719
308 720
308 721
308 722
308 723
308 724
308 725
308 726
308 727
309 310
309 311
309 312
309 313
309 314
309 483
309 484
309 486
309 488
309 489
309 490
309 491
309 492
309 493
309 494
309 495
309 496
309 497
309 521
309 547
309 548
309 618
309 642
309 643
309 644
309 645
309 646
309 647
309 648
309 649
309 699
309 701
309 702
309 703
309 704
309 705
309 706
309 707
309 708
309 709
309 710
309 711
309 712
309 713
309 714
309 715
309 716
309 717
309 718
309 719
309 720
309 721
309 722
309 723
309 724
309 725
309 726
309 727
310 311
310 312
310 313
310 314
310 340
310 341
310 429
310 480
310 481
310 484
310 485
310 488
310 489
310 490
310 491
310 492
310 493
310 494
310 495
310 496
310 497
310 498
310 520
310 636
310 639
310 642
310 643
310 644
310 645
310 646
310 647
310 648
310 650
310 651
310 698
310 700
310 703
310 704
310 706
310 707
310 708
310 709
310 710
310 711
310 712
310 713
310 714
310 715
310 716
310 717
310 718
310 719
310 720
310 721
310 722
310 723
310 724
310 725
310 726
310 727
311 312
311 313
311 314
311 339
311 481
311 484
311 485
311 486
311 488
311 489
311 490
311 492
311 493
311 494
311 495
311 496
311 497
311 498
311 529
311 547
311 639
311 643
311 644
311 645
311 646
311 647
311 648
311 649
311 650
311 651
311 698
311 701
311 702
311 703
311 704
311 705
311 706
311 707
311 708
311 709
311 710
311 711
311 712
311 713
311 714
311 715
311 716
311 717
311 718
311 719
311 720
311 721
311 722
311 723
311 724
311 725
311 726
311 727
312 313
312 314
312 315
312 339
312 341
312 470
312 480
312 483
312 484
312 485
312 486
312 487
312 488
312 489
312 490
312 492
312 493
312 494
312 495
312 496
312 497
312 498
312 499
312 519
312 547
312 639
312 640
312 643
312 645
312 646
312 647
312 648
312 649
312 651
312 652
312 696
312 700
312 701
312 702
312 705
312 706
312 707
312 708
312 709
312 710
312 711
312 712
312 713
312 714
312 715
312 716
312 717
312 718
312 719
312 720
312 721
312 722
312 723
312 724
312 725
312 726
312 727
312 728
313 314
313 315
313 338
313 340
313 466
313 470
313 481
313 484
313 485
313 486
313 487
313 488
313 489
313 490
313 491
313 492
313 493
313 494
313 495
313 496
313 497
313 592
313 639
313 640
313 641
313 642
313 643
313 644
313 646
313 647
313 648
313 649
313 650
313 651
313 698
313 700
313 702
313 703
313 704
313 705
313 706
313 708
313 709
313 710
313 711
313 712
313 713
313 714
313 715
313 716
313 717
313 718
313 719
313 720
313 721
313 722
313 723
313 724
313 725
313 726
313 727
313 728
314 315
314 340
314 480
314 482
314 485
314 487
314 488
314 489
314 490
314 491
314 492
314 493
314 494
314 495
314 496
314 497
314 499
314 589
314 638
314 643
314 644
314 645
314 646
314 647
314 649
314 650
314 652
314 697
314 698
314 700
314 702
314 703
314 706
314 707
314 708
314 709
314 710
314 711
314 712
314 713
314 714
314 715
314 716
314 717
314 718
314 719
314 720
314 721
314 722
314 723
314 724
314 725
314 726
314 727
314 728
314 796
315 429
315 489
315 491
315 492
315 493
315 495
315 496
315 497
315 521
315 522
315 534
315 548
315 645
315 646
315 648
315 697
315 705
315 710
315 712
315 713
315 714
315 715
315 716
315 717
315 718
315 719
315 720
315 721
315 722
315 723
315 724
315 725
315 726
315 727
315 728
316 594
316 711
316 713
316 715
316 718
316 720
316 721
316 722
316 724
316 726
316 728
316 796
317 457
317 599
317 719
317 721
317 723
317 726
317 727
318 516
318 725
318 726
321 719
321 722
321 723
322 591
322 723
322 725
323 552
324 716
324 719
324 724
325 719
329 469
333 473
337 723
338 519
338 709
338 712
338 722
338 723
339 481
339 483
339 489
339 699
339 701
339 704
339 714
339 716
339 722
339 723
339 724
339 726
340 489
340 495
340 496
340 520
340 639
340 647
340 649
340 651
340 699
340 702
340 703
340 707
340 708
340 710
340 711
340 713
340 714
340 715
340 716
340 718
340 719
340 722
340 723
340 726
341 484
341 487
341 494
341 495
341 497
341 699
341 705
341 712
341 713
341 714
341 716
341 717
341 722
341 724
341 726
342 714
342 721
342 722
342 723
342 724
342 725
342 727
343 648
343 712
343 713
343 718
343 720
343 722
343 723
343 724
343 725
343 727
344 645
344 721
344 723
344 724
344 725
344 726
345 484
345 500
350 642
351 640
351 716
351 720
351 721
351 724
351 725
351 726
352 499
352 717
352 721
352 724
352 726
353 655
353 724
353 725
354 731
355 720
365 724
366 718
367 431
368 715
369 494
369 724
369 725
370 726
376 723
377 724
386 721
387 725
395 482
409 642
410 726
415 718
419 726
426 724
427 494
427 724
428 718
428 722
428 726
429 640
429 725
429 727
430 723
430 724
431 655
431 707
432 717
432 718
432 725
432 728
433 649
433 721
433 724
433 725
434 612
434 728
445 569
447 722
448 725
456 726
457 723
457 726
458 720
464 495
464 711
465 720
465 723
466 721
466 723
467 717
467 721
467 723
467 725
468 549
468 724
468 725
468 726
469 567
469 719
469 726
470 721
471 496
471 717
471 721
471 722
471 724
471 725
472 617
472 725
473 719
474 724
475 492
476 725
478 725
479 484
479 494
479 519
479 715
479 717
479 728
480 483
480 486
480 493
480 642
480 648
480 650
480 651
480 701
480 703
480 704
480 706
480 709
480 710
480 722
481 482
481 485
481 486
481 489
481 496
481 591
481 646
481 650
481 703
481 706
481 707
481 711
481 713
481 718
481 719
481 720
481 721
481 725
481 727
482 483
482 486
482 489
482 493
482 499
482 546
482 638
482 639
482 644
482 646
482 647
482 650
482 698
482 701
482 702
482 705
482 706
482 708
482 711
482 713
482 714
482 716
482 717
482 720
482 723
482 726
482 727
482 729
483 487
483 489
483 491
483 493
483 494
483 495
483 497
483 520
483 636
483 639
483 640
483 641
483 642
483 647
483 648
483 649
483 698
483 699
483 700
483 704
483 705
483 708
483 709
483 713
483 716
483 718
483 719
483 720
483 721
483 723
483 724
483 725
483 727
484 485
484 486
484 490
484 491
484 493
484 494
484 498
484 531
484 547
484 637
484 642
484 644
484 645
484 646
484 648
484 649
484 701
484 702
484 703
484 707
484 709
484 710
484 711
484 714
484 716
484 718
484 719
484 721
484 722
484 723
484 724
484 727
485 488
485 489
485 492
485 495
485 496
485 497
485 547
485 639
485 640
485 641
485 642
485 643
485 644
485 645
485 646
485 647
485 648
485 649
485 701
485 702
485 703
485 704
485 706
485 707
485 709
485 710
485 711
485 714
485 715
485 716
485 717
485 718
485 719
485 720
485 722
485 724
485 726
485 727
486 488
486 489
486 490
486 491
486 492
486 493
486 494
486 495
486 496
486 497
486 498
486 508
486 519
486 573
486 637
486 638
486 640
486 641
486 643
486 644
486 645
486 646
486 649
486 700
486 701
486 702
486 703
486 705
486 706
486 709
486 710
486 712
486 713
486 714
486 715
486 716
486 718
486 719
486 720
486 722
486 723
486 726
486 727
486 755
487 488
487 489
487 490
487 492
487 493
487 495
487 496
487 497
487 521
487 549
487 591
487 638
487 640
487 642
487 643
487 644
487 645
487 647
487 648
487 698
487 700
487 701
487 703
487 704
487 706
487 707
487 708
487 709
487 710
487 711
487 712
487 713
487 714
487 715
487 716
487 717
487 718
487 720
487 721
487 722
487 723
487 724
487 725
487 726
487 727
488 489
488 490
488 491
488 493
488 494
488 495
488 496
488 497
488 637
488 638
488 640
488 641
488 643
488 644
488 647
488 648
488 650
488 698
488 700
488 702
488 703
488 704
488 705
488 706
488 707
488 708
488 709
488 710
488 711
488 712
488 713
488 714
488 715
488 716
488 717
488 718
488 719
488 720
488 721
488 722
488 725
488 726
488 727
489 490
489 491
489 492
489 493
489 494
489 495
489 496
489 497
489 498
489 501
489 638
489 639
489 643
489 645
489 646
489 647
489 648
489 702
489 704
489 705
489 706
489 709
489 710
489 711
489 712
489 713
489 714
489 715
489 716
489 717
489 718
489 719
489 720
489 721
489 722
489 723
489 724
489 725
489 726
489 727
489 728
490 491
490 492
490 493
490 494
490 495
490 496
490 497
490 520
490 521
490 641
490 643
490 644
490 645
490 646
490 648
490 649
490 650
490 700
490 701
490 702
490 703
490 706
490 707
490 708
490 710
490 711
490 712
490 713
490 715
490 716
490 717
490 718
490 719
490 720
490 721
490 723
490 724
490 725
490 726
490 727
491 492
491 493
491 494
491 495
491 496
491 497
491 498
491 549
491 639
491 640
491 642
491 644
491 645
491 646
491 647
491 648
491 699
491 701
491 703
491 704
491 705
491 706
491 707
491 708
491 709
491 710
491 711
491 712
491 713
491 714
491 716
491 717
491 718
491 719
491 720
491 721
491 722
491 723
491 724
491 725
491 726
491 727
492 493
492 494
492 495
492 496
492 497
492 498
492 531
492 549
492 638
492 639
492 640
492 642
492 643
492 644
492 646
492 648
492 699
492 701
492 702
492 703
492 704
492 705
492 706
492 707
492 708
492 709
492 710
492 711
492 712
492 713
492 714
492 715
492 716
492 717
492 718
492 719
492 720
492 721
492 722
492 723
492 724
492 725
492 726
492 727
493 494
493 495
493 496
493 497
493 498
493 638
493 639
493 641
493 642
493 643
493 644
493 645
493 646
493 647
493 648
493 649
493 701
493 704
493 705
493 706
493 707
493 708
493 709
493 710
493 711
493 712
493 713
493 714
493 715
493 716
493 717
493 718
493 719
493 720
493 721
493 722
493 723
493 724
493 725
493 726
493 727
494 495
494 496
494 497
494 519
494 521
494 639
494 641
494 642
494 643
494 644
494 645
494 646
494 647
494 648
494 651
494 697
494 699
494 700
494 701
494 704
494 705
494 706
494 707
494 708
494 709
494 710
494 711
494 712
494 713
494 714
494 715
494 716
494 717
494 718
494 719
494 720
494 721
494 722
494 723
494 724
494 725
494 726
494 727
495 496
495 497
495 498
495 547
495 639
495 642
495 645
495 646
495 647
495 648
495 649
495 650
495 699
495 701
495 702
495 704
495 705
495 707
495 708
495 709
495 710
495 711
495 712
495 713
495 714
495 715
495 716
495 717
495 718
495 719
495 720
495 721
495 722
495 723
495 724
495 725
495 726
495 727
495 728
496 497
496 519
496 520
496 549
496 637
496 640
496 641
496 642
496 643
496 644
496 645
496 646
496 647
496 648
496 650
496 698
496 700
496 703
496 704
496 705
496 706
496 707
496 708
496 709
496 710
496 711
496 712
496 713
496 714
496 715
496 716
496 717
496 718
496 719
496 720
496 721
496 722
496 723
496 724
496 725
496 726
496 727
496 756
497 498
497 592
497 637
497 641
497 643
497 645
497 646
497 647
497 648
497 649
497 650
497 698
497 699
497 700
497 701
497 702
497 703
497 704
497 705
497 706
497 708
497 710
497 711
497 712
497 713
497 714
497 715
497 716
497 717
497 718
497 719
497 720
497 721
497 722
497 723
497 724
497 725
497 726
497 727
497 728
498 548
498 639
498 700
498 707
498 713
498 714
498 715
498 716
498 717
498 718
498 719
498 720
498 721
498 722
498 723
498 725
498 726
498 727
499 722
499 723
499 724
499 725
499 726
500 552
500 713
500 725
503 725
511 729
512 643
512 721
515 721
517 532
518 640
519 640
519 642
519 645
519 698
519 700
519 708
519 711
519 724
520 521
520 642
520 645
520 699
520 704
520 705
520 709
520 718
520 724
520 726
521 641
521 708
521 715
521 716
521 721
521 725
521 727
522 638
522 704
522 711
522 716
522 717
522 718
522 719
522 720
522 721
522 723
522 725
522 726
522 727
523 715
523 719
523 723
523 724
523 725
523 726
524 722
524 724
524 726
525 749
528 721
528 722
529 720
530 719
530 725
531 651
532 708
532 718
532 726
533 723
533 728
536 725
537 757
547 640
547 642
547 698
547 705
547 713
547 717
548 591
548 700
548 701
548 702
548 706
548 708
548 715
548 719
548 722
548 725
549 712
549 722
549 723
549 725
550 718
550 719
550 722
550 725
550 726
550 727
551 722
555 720
555 725
556 722
556 726
557 717
557 722
557 723
558 725
566 726
568 726
569 647
574 642
579 725
580 726
587 646
587 719
587 720
588 716
588 718
588 722
589 719
589 722
589 724
590 706
590 717
590 725
590 726
590 727
591 645
592 720
592 721
592 723
592 724
593 720
593 722
593 723
593 724
594 649
594 725
594 726
595 650
595 725
595 727
596 717
596 725
608 726
630 726
633 717
636 640
636 707
636 726
637 642
637 650
637 707
637 712
637 714
637 718
637 722
638 642
638 643
638 648
638 699
638 702
638 706
638 709
638 712
638 714
638 715
638 716
638 717
638 720
638 723
638 724
639 642
639 643
639 644
639 646
639 647
639 648
639 649
639 699
639 701
639 702
639 705
639 708
639 710
639 713
639 714
639 719
639 720
639 722
639 724
639 725
639 728
640 641
640 643
640 644
640 645
640 646
640 647
640 698
640 699
640 701
640 709
640 710
640 711
640 713
640 716
640 717
640 718
640 719
640 724
640 725
640 726
640 727
641 642
641 643
641 644
641 645
641 646
641 648
641 650
641 700
641 701
641 702
641 703
641 704
641 706
641 708
641 709
641 710
641 711
641 713
641 715
641 716
641 718
641 719
641 721
641 722
641 723
641 724
641 725
641 727
642 644
642 645
642 646
642 649
642 650
642 701
642 702
642 703
642 705
642 706
642 707
642 708
642 709
642 710
642 711
642 712
642 713
642 714
642 716
642 717
642 718
642 719
642 720
642 721
642 722
642 723
642 725
642 726
643 644
643 645
643 646
643 648
643 649
643 699
643 701
643 703
643 704
643 705
643 706
643 707
643 708
643 710
643 711
643 713
643 714
643 715
643 716
643 717
643 719
643 720
643 721
643 722
643 723
643 724
643 725
643 726
643 727
644 645
644 646
644 647
644 649
644 698
644 701
644 702
644 704
644 705
644 706
644 707
644 708
644 709
644 711
644 712
644 713
644 714
644 715
644 716
644 717
644 718
644 719
644 720
644 721
644 722
644 723
644 724
644 725
644 727
645 646
645 647
645 648
645 702
645 703
645 704
645 706
645 707
645 708
645 709
645 710
645 711
645 712
645 713
645 714
645 715
645 716
645 717
645 718
645 719
645 721
645 722
645 723
645 724
645 725
645 726
645 727
646 647
646 648
646 703
646 704
646 705
646 706
646 707
646 708
646 709
646 710
646 711
646 712
646 713
646 714
646 715
646 716
646 717
646 718
646 719
646 720
646 721
646 723
646 724
646 725
646 726
646 727
647 648
647 649
647 650
647 698
647 700
647 701
647 702
647 703
647 704
647 705
647 706
647 707
647 708
647 709
647 710
647 712
647 713
647 714
647 715
647 716
647 717
647 718
647 719
647 720
647 721
647 722
647 723
647 724
647 725
647 726
647 727
648 649
648 697
648 701
648 702
648 704
648 705
648 706
648 707
648 708
648 709
648 710
648 711
648 712
648 713
648 714
648 715
648 716
648 717
648 718
648 719
648 720
648 721
648 722
648 723
648 724
648 725
648 726
648 727
649 650
649 702
649 704
649 707
649 708
649 709
649 710
649 712
649 713
649 714
649 715
649 717
649 718
649 719
649 720
649 721
649 722
649 723
649 724
649 725
649 726
649 727
650 653
650 698
650 707
650 708
650 711
650 712
650 716
650 717
650 718
650 719
650 720
650 721
650 724
650 725
650 726
650 727
651 709
651 713
651 716
651 720
651 722
651 723
651 724
651 725
651 726
652 703
652 716
652 718
652 721
652 722
652 723
652 725
652 727
652 729
653 674
653 720
653 722
653 724
654 721
654 723
654 725
654 726
655 725
656 729
660 725
663 721
675 722
676 724
676 726
677 721
678 715
678 724
678 725
679 788
688 724
691 724
697 703
697 711
697 712
697 716
697 721
697 786
698 700
698 701
698 702
698 705
698 706
698 708
698 712
698 714
698 720
698 721
698 723
698 724
698 727
699 701
699 703
699 704
699 705
699 709
699 717
699 719
699 720
699 722
699 723
699 726
699 727
700 701
700 702
700 703
700 709
700 712
700 714
700 716
700 717
700 718
700 719
700 722
701 703
701 704
701 705
701 707
701 710
701 711
701 714
701 715
701 716
701 718
701 719
701 720
701 724
701 726
702 704
702 705
702 707
702 709
702 710
702 712
702 713
702 714
702 715
702 716
702 717
702 718
702 720
702 721
702 722
702 724
702 725
702 727
703 704
703 706
703 707
703 708
703 709
703 710
703 711
703 712
703 713
703 714
703 715
703 716
703 718
703 719
703 721
703 723
703 724
703 725
703 726
703 728
704 705
704 706
704 707
704 708
704 709
704 711
704 712
704 713
704 714
704 716
704 717
704 718
704 719
704 720
704 721
704 722
704 723
704 724
704 725
704 726
704 727
704 728
705 706
705 707
705 708
705 709
705 710
705 711
705 713
705 714
705 715
705 716
705 717
705 718
705 719
705 720
705 721
705 724
705 725
705 726
705 727
706 707
706 708
706 709
706 710
706 712
706 713
706 714
706 715
706 716
706 717
706 718
706 719
706 720
706 721
706 722
706 723
706 725
706 726
706 727
707 708
707 709
707 710
707 711
707 712
707 713
707 714
707 715
707 716
707 717
707 718
707 719
707 720
707 721
707 722
707 723
707 724
707 726
707 727
708 709
708 710
708 711
708 712
708 713
708 714
708 715
708 716
708 717
708 718
708 719
708 720
708 721
708 722
708 723
708 724
708 725
708 726
708 727
708 728
709 710
709 711
709 712
709 713
709 714
709 715
709 716
709 717
709 718
709 719
709 720
709 721
709 722
709 723
709 724
709 725
709 726
709 727
709 728
709 729
710 711
710 712
710 713
710 714
710 715
710 716
710 717
710 718
710 719
710 720
710 721
710 722
710 723
710 724
710 725
710 726
710 727
710 728
711 712
711 713
711 714
711 715
711 716
711 717
711 718
711 719
711 720
711 721
711 722
711 723
711 724
711 725
711 726
711 727
712 713
712 714
712 715
712 716
712 717
712 718
712 719
712 720
712 721
712 722
712 723
712 724
712 725
712 726
712 727
713 714
713 715
713 716
713 717
713 718
713 719
713 720
713 721
713 722
713 723
713 724
713 725
713 726
713 727
713 728
714 715
714 716
714 717
714 718
714 719
714 720
714 721
714 722
714 723
714 724
714 725
714 726
714 727
714 729
715 716
715 717
715 718
715 719
715 720
715 721
715 722
715 723
715 724
715 725
715 726
715 727
715 728
716 717
716 718
716 719
716 720
716 721
716 722
716 723
716 724
716 725
716 726
716 727
716 728
717 718
717 719
717 720
717 721
717 722
717 723
717 724
717 725
717 726
717 727
717 728
717 796
718 719
718 720
718 721
718 722
718 723
718 724
718 725
718 726
718 727
718 728
718 775
719 720
719 721
719 722
719 723
719 724
719 725
719 726
719 727
719 728
719 729
720 721
720 722
720 723
720 724
720 725
720 726
720 727
720 728
720 729
720 774
720 775
721 722
721 723
721 724
721 725
721 726
721 727
721 728
721 729
721 740
722 723
722 724
722 725
722 726
722 727
722 728
722 729
723 724
723 725
723 726
723 727
723 728
723 729
723 753
723 775
723 787
724 725
724 726
724 727
724 728
724 729
724 740
724 752
724 754
724 774
724 775
725 726
725 727
725 728
725 730
725 756
725 768
725 776
726 727
726 728
726 729
726 730
726 735
726 755
726 756
727 728
727 729
727 756
727 757
727 776
728 729
729 797
