6 62
8 9
8 12
8 35
8 41
8 58
8 139
8 140
8 192
8 196
8 600
8 616
8 669
8 679
8 681
8 702
8 703
8 705
8 740
8 746
9 11
9 13
9 16
9 35
9 39
9 40
9 41
9 43
9 49
9 51
9 53
9 54
9 55
9 59
9 60
9 64
9 131
9 134
9 137
9 140
9 143
9 145
9 147
9 194
9 381
9 386
9 606
9 611
9 612
9 614
9 618
9 666
9 667
9 670
9 678
9 679
9 680
9 705
9 706
9 708
9 731
9 741
9 742
9 749
9 750
9 756
9 760
10 11
10 12
10 13
10 15
10 34
10 38
10 39
10 40
10 41
10 42
10 44
10 47
10 48
10 51
10 53
10 56
10 58
10 59
10 60
10 61
10 65
10 134
10 135
10 139
10 140
10 145
10 147
10 148
10 192
10 196
10 199
10 478
10 596
10 597
10 599
10 602
10 603
10 605
10 607
10 608
10 609
10 610
10 611
10 612
10 666
10 667
10 670
10 674
10 675
10 676
10 678
10 679
10 680
10 681
10 699
10 700
10 702
10 707
10 709
10 744
10 747
10 748
10 751
10 753
10 757
10 760
10 761
10 762
10 763
11 12
11 13
11 14
11 35
11 39
11 41
11 42
11 44
11 48
11 51
11 55
11 56
11 58
11 59
11 61
11 62
11 130
11 131
11 136
11 138
11 139
11 140
11 141
11 142
11 143
11 145
11 146
11 148
11 193
11 194
11 195
11 196
11 197
11 198
11 600
11 602
11 604
11 605
11 606
11 609
11 612
11 614
11 615
11 616
11 617
11 665
11 666
11 667
11 668
11 669
11 676
11 680
11 682
11 702
11 704
11 706
11 710
11 741
11 743
11 744
11 746
11 747
11 748
11 749
11 750
11 752
11 754
11 755
11 758
11 759
11 761
11 763
12 13
12 15
12 16
12 17
12 35
12 36
12 37
12 41
12 42
12 43
12 44
12 46
12 50
12 51
12 52
12 53
12 54
12 55
12 56
12 58
12 60
12 62
12 63
12 130
12 133
12 134
12 136
12 137
12 138
12 140
12 142
12 143
12 144
12 145
12 146
12 147
12 148
12 150
12 195
12 198
12 200
12 202
12 356
12 381
12 598
12 600
12 603
12 604
12 605
12 606
12 607
12 608
12 609
12 611
12 612
12 615
12 616
12 619
12 669
12 671
12 673
12 674
12 675
12 676
12 678
12 680
12 681
12 682
12 699
12 700
12 702
12 705
12 706
12 707
12 708
12 709
12 741
12 743
12 745
12 748
12 749
12 752
12 754
12 756
12 757
12 759
12 760
12 761
12 762
12 763
13 15
13 16
13 35
13 36
13 37
13 38
13 41
13 42
13 44
13 46
13 47
13 48
13 50
13 51
13 52
13 54
13 55
13 57
13 58
13 59
13 62
13 64
13 65
13 130
13 132
13 133
13 136
13 137
13 140
13 143
13 144
13 149
13 195
13 196
13 197
13 198
13 199
13 200
13 201
13 597
13 598
13 599
13 600
13 601
13 602
13 603
13 605
13 606
13 608
13 609
13 610
13 611
13 612
13 615
13 616
13 617
13 666
13 670
13 671
13 672
13 673
13 674
13 675
13 677
13 679
13 680
13 683
13 700
13 702
13 703
13 704
13 705
13 709
13 710
13 743
13 744
13 745
13 746
13 747
13 748
13 749
13 750
13 751
13 752
13 753
13 754
13 756
13 757
13 760
13 761
14 15
14 33
14 35
14 39
14 40
14 41
14 42
14 43
14 45
14 46
14 48
14 49
14 50
14 51
14 52
14 53
14 55
14 56
14 57
14 58
14 61
14 62
14 63
14 64
14 130
14 131
14 136
14 137
14 138
14 140
14 141
14 143
14 146
14 147
14 149
14 196
14 198
14 200
14 202
14 506
14 597
14 598
14 599
14 600
14 602
14 603
14 604
14 605
14 606
14 607
14 608
14 610
14 612
14 613
14 614
14 616
14 617
14 667
14 670
14 672
14 673
14 675
14 676
14 679
14 680
14 681
14 682
14 683
14 702
14 703
14 704
14 705
14 706
14 708
14 709
14 744
14 745
14 746
14 747
14 748
14 751
14 754
14 755
14 757
14 758
14 759
14 761
14 762
14 763
15 16
15 36
15 37
15 38
15 39
15 40
15 41
15 42
15 43
15 44
15 45
15 46
15 47
15 48
15 49
15 54
15 55
15 56
15 57
15 58
15 60
15 61
15 62
15 63
15 64
15 133
15 134
15 135
15 136
15 137
15 140
15 141
15 142
15 143
15 144
15 145
15 146
15 147
15 148
15 149
15 197
15 198
15 199
15 200
15 201
15 310
15 389
15 599
15 600
15 601
15 602
15 603
15 604
15 605
15 607
15 608
15 609
15 610
15 612
15 614
15 615
15 617
15 668
15 669
15 671
15 672
15 673
15 674
15 676
15 677
15 680
15 682
15 683
15 699
15 703
15 704
15 705
15 706
15 707
15 708
15 709
15 710
15 711
15 712
15 740
15 741
15 746
15 747
15 748
15 749
15 750
15 751
15 752
15 753
15 754
15 755
15 756
15 757
15 758
15 759
15 760
15 761
15 762
16 37
16 38
16 39
16 42
16 43
16 44
16 45
16 46
16 47
16 48
16 49
16 50
16 52
16 53
16 54
16 55
16 56
16 57
16 58
16 60
16 61
16 62
16 63
16 64
16 136
16 138
16 139
16 140
16 141
16 142
16 143
16 144
16 145
16 146
16 147
16 148
16 193
16 194
16 195
16 196
16 197
16 198
16 199
16 599
16 604
16 605
16 606
16 607
16 608
16 609
16 610
16 611
16 612
16 613
16 614
16 615
16 616
16 667
16 668
16 671
16 673
16 674
16 676
16 677
16 678
16 679
16 680
16 682
16 702
16 703
16 705
16 706
16 707
16 709
16 732
16 744
16 745
16 746
16 747
16 748
16 750
16 751
16 753
16 754
16 756
16 758
16 759
16 760
16 761
16 762
16 763
17 38
17 40
17 41
17 48
17 49
17 51
17 52
17 53
17 55
17 58
17 59
17 62
17 63
17 131
17 133
17 141
17 143
17 146
17 149
17 193
17 196
17 198
17 201
17 345
17 387
17 596
17 603
17 604
17 606
17 607
17 610
17 611
17 613
17 614
17 672
17 673
17 674
17 675
17 677
17 678
17 682
17 701
17 706
17 708
17 709
17 742
17 744
17 745
17 749
17 752
17 754
17 756
17 758
17 762
18 41
18 48
18 56
18 58
18 61
18 62
18 63
18 64
18 134
18 135
18 139
18 142
18 145
18 147
18 529
18 604
18 610
18 613
18 672
18 676
18 680
18 708
18 752
18 753
18 756
18 758
18 762
19 53
19 56
19 59
19 60
19 62
19 63
19 387
19 533
19 711
19 755
19 762
20 63
20 64
20 394
20 763
21 66
26 536
29 61
29 712
30 63
30 397
31 466
32 193
32 195
32 613
33 40
33 43
33 56
33 381
33 602
33 606
33 609
33 613
33 616
33 667
33 677
33 678
33 681
33 698
33 704
33 708
33 742
33 747
33 763
34 35
34 36
34 38
34 47
34 53
34 55
34 58
34 64
34 129
34 133
34 135
34 140
34 146
34 147
34 149
34 194
34 198
34 200
34 201
34 603
34 604
34 606
34 608
34 609
34 610
34 611
34 612
34 613
34 668
34 673
34 680
34 683
34 698
34 699
34 702
34 706
34 708
34 709
34 741
34 745
34 747
34 748
34 749
34 751
34 752
34 753
34 755
34 756
34 760
34 764
35 36
35 43
35 45
35 47
35 52
35 54
35 56
35 57
35 58
35 59
35 63
35 64
35 65
35 134
35 137
35 139
35 140
35 141
35 142
35 194
35 202
35 382
35 598
35 602
35 610
35 613
35 668
35 670
35 671
35 682
35 699
35 701
35 706
35 709
35 710
35 743
35 744
35 749
35 752
35 753
35 754
35 755
35 759
35 760
35 763
36 37
36 38
36 40
36 43
36 45
36 47
36 48
36 55
36 57
36 58
36 59
36 61
36 63
36 131
36 132
36 133
36 135
36 136
36 140
36 147
36 148
36 195
36 197
36 198
36 199
36 202
36 382
36 601
36 603
36 604
36 606
36 607
36 608
36 616
36 665
36 666
36 667
36 668
36 670
36 671
36 672
36 673
36 678
36 680
36 682
36 699
36 700
36 705
36 708
36 709
36 710
36 742
36 744
36 745
36 748
36 749
36 750
36 751
36 754
36 755
36 757
36 759
36 760
36 761
36 763
37 39
37 43
37 44
37 45
37 46
37 47
37 48
37 49
37 50
37 51
37 52
37 53
37 54
37 57
37 61
37 63
37 133
37 134
37 136
37 137
37 139
37 141
37 142
37 144
37 145
37 146
37 147
37 148
37 194
37 195
37 196
37 197
37 199
37 598
37 599
37 600
37 601
37 602
37 608
37 613
37 614
37 615
37 671
37 675
37 676
37 678
37 680
37 681
37 682
37 699
37 700
37 701
37 702
37 703
37 706
37 707
37 708
37 709
37 710
37 742
37 743
37 744
37 747
37 748
37 751
37 754
37 758
37 762
37 763
38 40
38 42
38 43
38 44
38 45
38 47
38 48
38 49
38 50
38 52
38 53
38 54
38 55
38 56
38 57
38 59
38 60
38 61
38 62
38 64
38 65
38 129
38 133
38 134
38 137
38 138
38 139
38 141
38 142
38 143
38 144
38 146
38 148
38 196
38 198
38 199
38 200
38 202
38 382
38 599
38 602
38 604
38 605
38 607
38 610
38 613
38 616
38 617
38 669
38 671
38 672
38 675
38 676
38 678
38 681
38 682
38 683
38 697
38 698
38 701
38 703
38 704
38 705
38 708
38 710
38 742
38 744
38 746
38 747
38 748
38 749
38 750
38 751
38 752
38 753
38 754
38 755
38 756
38 757
38 759
38 760
38 762
38 763
39 40
39 41
39 42
39 43
39 44
39 46
39 47
39 48
39 49
39 50
39 51
39 52
39 53
39 54
39 55
39 56
39 57
39 58
39 59
39 60
39 61
39 62
39 63
39 64
39 132
39 135
39 136
39 137
39 138
39 139
39 140
39 141
39 142
39 144
39 145
39 146
39 147
39 194
39 198
39 199
39 200
39 201
39 202
39 383
39 598
39 599
39 600
39 602
39 605
39 606
39 607
39 608
39 609
39 610
39 611
39 612
39 613
39 616
39 666
39 668
39 669
39 670
39 671
39 672
39 673
39 674
39 676
39 677
39 678
39 679
39 680
39 682
39 683
39 700
39 704
39 705
39 706
39 707
39 708
39 710
39 745
39 746
39 748
39 749
39 752
39 753
39 756
39 757
39 758
39 759
39 761
39 762
39 763
39 764
40 41
40 42
40 43
40 44
40 45
40 46
40 47
40 48
40 49
40 51
40 53
40 54
40 55
40 56
40 57
40 58
40 59
40 60
40 61
40 62
40 63
40 64
40 131
40 132
40 136
40 137
40 138
40 139
40 140
40 141
40 142
40 143
40 145
40 146
40 147
40 148
40 195
40 198
40 199
40 200
40 382
40 508
40 599
40 600
40 601
40 602
40 603
40 604
40 605
40 606
40 608
40 609
40 611
40 612
40 613
40 614
40 615
40 616
40 617
40 667
40 668
40 669
40 671
40 672
40 675
40 676
40 677
40 678
40 679
40 680
40 681
40 682
40 683
40 699
40 701
40 702
40 703
40 705
40 706
40 707
40 708
40 709
40 742
40 744
40 746
40 748
40 749
40 750
40 751
40 752
40 753
40 754
40 755
40 756
40 757
40 758
40 759
40 760
40 761
40 762
40 763
41 42
41 43
41 44
41 46
41 47
41 48
41 49
41 51
41 52
41 53
41 54
41 55
41 56
41 57
41 60
41 61
41 62
41 63
41 64
41 135
41 136
41 137
41 138
41 139
41 140
41 141
41 142
41 143
41 144
41 145
41 146
41 147
41 148
41 192
41 194
41 195
41 197
41 198
41 387
41 597
41 598
41 599
41 600
41 601
41 602
41 603
41 604
41 605
41 606
41 607
41 608
41 609
41 611
41 612
41 614
41 615
41 617
41 618
41 666
41 668
41 669
41 670
41 671
41 672
41 673
41 674
41 675
41 676
41 677
41 678
41 679
41 680
41 682
41 683
41 700
41 702
41 703
41 704
41 706
41 707
41 708
41 709
41 710
41 742
41 745
41 747
41 750
41 751
41 752
41 753
41 754
41 755
41 756
41 757
41 758
41 759
41 760
41 761
41 762
41 763
42 43
42 44
42 45
42 46
42 47
42 48
42 49
42 50
42 51
42 52
42 53
42 54
42 55
42 56
42 57
42 58
42 59
42 60
42 61
42 62
42 63
42 64
42 132
42 135
42 137
42 138
42 139
42 141
42 142
42 143
42 144
42 145
42 146
42 147
42 148
42 149
42 195
42 196
42 197
42 198
42 199
42 389
42 599
42 601
42 603
42 604
42 605
42 606
42 607
42 609
42 610
42 611
42 612
42 613
42 614
42 615
42 616
42 617
42 666
42 668
42 669
42 670
42 671
42 672
42 673
42 675
42 677
42 678
42 679
42 680
42 681
42 682
42 683
42 701
42 703
42 704
42 705
42 706
42 707
42 708
42 709
42 710
42 744
42 746
42 747
42 748
42 749
42 750
42 751
42 752
42 753
42 754
42 755
42 756
42 757
42 758
42 759
42 760
42 761
42 762
42 763
43 44
43 45
43 46
43 47
43 48
43 49
43 50
43 51
43 52
43 53
43 54
43 55
43 56
43 57
43 58
43 59
43 60
43 61
43 62
43 63
43 64
43 133
43 135
43 136
43 138
43 139
43 140
43 142
43 143
43 144
43 145
43 146
43 147
43 148
43 149
43 193
43 196
43 197
43 199
43 597
43 599
43 600
43 601
43 603
43 604
43 607
43 608
43 610
43 611
43 612
43 613
43 614
43 615
43 616
43 617
43 668
43 669
43 671
43 672
43 673
43 674
43 675
43 676
43 678
43 679
43 680
43 681
43 682
43 683
43 698
43 701
43 703
43 705
43 706
43 707
43 708
43 709
43 710
43 734
43 743
43 744
43 745
43 746
43 747
43 748
43 749
43 750
43 751
43 752
43 753
43 754
43 755
43 756
43 757
43 758
43 759
43 760
43 761
43 762
43 763
43 764
44 45
44 46
44 47
44 48
44 49
44 50
44 51
44 52
44 53
44 54
44 55
44 56
44 57
44 58
44 59
44 60
44 61
44 62
44 63
44 64
44 99
44 135
44 137
44 138
44 139
44 140
44 141
44 142
44 143
44 144
44 145
44 146
44 147
44 148
44 149
44 194
44 195
44 196
44 197
44 198
44 199
44 201
44 359
44 597
44 599
44 600
44 603
44 604
44 605
44 606
44 607
44 608
44 609
44 610
44 611
44 612
44 613
44 614
44 615
44 616
44 617
44 666
44 667
44 668
44 672
44 673
44 675
44 676
44 677
44 678
44 679
44 680
44 682
44 683
44 699
44 701
44 702
44 703
44 704
44 705
44 706
44 707
44 708
44 709
44 710
44 741
44 746
44 748
44 749
44 750
44 751
44 752
44 753
44 754
44 755
44 756
44 757
44 758
44 759
44 760
44 761
44 762
44 763
45 46
45 47
45 48
45 49
45 50
45 51
45 52
45 53
45 54
45 55
45 56
45 57
45 58
45 59
45 60
45 61
45 62
45 63
45 64
45 130
45 132
45 133
45 135
45 137
45 138
45 140
45 141
45 142
45 143
45 144
45 145
45 146
45 147
45 148
45 193
45 194
45 195
45 196
45 198
45 382
45 597
45 599
45 602
45 603
45 604
45 605
45 607
45 608
45 609
45 610
45 611
45 612
45 613
45 614
45 615
45 616
45 617
45 618
45 666
45 667
45 668
45 669
45 672
45 673
45 674
45 675
45 676
45 677
45 678
45 679
45 680
45 681
45 682
45 683
45 702
45 703
45 704
45 705
45 706
45 707
45 708
45 709
45 710
45 742
45 743
45 745
45 746
45 747
45 748
45 749
45 750
45 751
45 752
45 753
45 754
45 755
45 756
45 757
45 758
45 759
45 760
45 761
45 762
46 47
46 48
46 50
46 51
46 52
46 53
46 54
46 55
46 56
46 57
46 58
46 59
46 60
46 61
46 62
46 63
46 64
46 136
46 137
46 138
46 140
46 141
46 142
46 143
46 144
46 145
46 146
46 147
46 148
46 193
46 195
46 197
46 198
46 199
46 201
46 386
46 388
46 597
46 598
46 601
46 602
46 603
46 604
46 605
46 606
46 607
46 608
46 610
46 611
46 612
46 614
46 615
46 616
46 617
46 668
46 670
46 672
46 673
46 674
46 675
46 676
46 677
46 679
46 680
46 681
46 682
46 683
46 684
46 701
46 702
46 703
46 704
46 705
46 707
46 708
46 709
46 710
46 746
46 748
46 749
46 750
46 751
46 752
46 753
46 754
46 755
46 756
46 757
46 758
46 760
46 761
46 762
46 763
46 764
47 49
47 50
47 51
47 53
47 54
47 55
47 56
47 57
47 58
47 59
47 60
47 61
47 62
47 63
47 64
47 131
47 132
47 133
47 138
47 139
47 140
47 143
47 144
47 145
47 146
47 147
47 148
47 194
47 479
47 596
47 598
47 601
47 603
47 604
47 605
47 606
47 607
47 608
47 609
47 610
47 611
47 612
47 613
47 614
47 615
47 616
47 617
47 618
47 668
47 669
47 670
47 672
47 673
47 674
47 675
47 676
47 677
47 678
47 679
47 680
47 681
47 682
47 683
47 698
47 699
47 700
47 701
47 703
47 704
47 705
47 706
47 707
47 709
47 710
47 711
47 744
47 745
47 750
47 751
47 752
47 753
47 755
47 756
47 757
47 758
47 759
47 760
47 761
47 762
47 763
48 49
48 50
48 51
48 52
48 53
48 54
48 55
48 56
48 57
48 58
48 59
48 60
48 61
48 62
48 63
48 64
48 65
48 134
48 135
48 136
48 137
48 138
48 139
48 140
48 141
48 142
48 143
48 144
48 145
48 146
48 147
48 148
48 149
48 196
48 200
48 202
48 268
48 383
48 454
48 599
48 600
48 603
48 604
48 605
48 606
48 607
48 608
48 609
48 610
48 611
48 612
48 613
48 614
48 615
48 616
48 617
48 652
48 665
48 667
48 668
48 670
48 671
48 672
48 674
48 675
48 676
48 677
48 678
48 679
48 680
48 681
48 682
48 683
48 701
48 703
48 704
48 705
48 706
48 707
48 708
48 709
48 710
48 741
48 742
48 743
48 744
48 745
48 746
48 748
48 749
48 750
48 751
48 752
48 753
48 754
48 755
48 756
48 757
48 758
48 760
48 761
48 762
48 763
49 50
49 52
49 53
49 54
49 55
49 56
49 57
49 58
49 59
49 60
49 61
49 62
49 63
49 64
49 133
49 135
49 136
49 137
49 138
49 139
49 140
49 141
49 142
49 143
49 144
49 145
49 146
49 147
49 148
49 149
49 150
49 193
49 194
49 198
49 199
49 200
49 201
49 562
49 597
49 598
49 600
49 603
49 604
49 605
49 607
49 608
49 609
49 611
49 612
49 613
49 614
49 615
49 616
49 617
49 666
49 668
49 670
49 672
49 673
49 674
49 675
49 676
49 677
49 678
49 679
49 680
49 681
49 682
49 683
49 699
49 701
49 702
49 703
49 704
49 705
49 707
49 708
49 709
49 710
49 720
49 742
49 744
49 745
49 746
49 748
49 749
49 750
49 751
49 752
49 753
49 754
49 755
49 756
49 757
49 758
49 759
49 760
49 761
49 762
49 763
49 764
50 51
50 52
50 53
50 54
50 55
50 56
50 57
50 58
50 59
50 60
50 61
50 62
50 63
50 64
50 65
50 85
50 131
50 136
50 137
50 138
50 140
50 141
50 143
50 144
50 145
50 146
50 147
50 148
50 149
50 197
50 199
50 200
50 202
50 382
50 383
50 389
50 598
50 600
50 601
50 602
50 603
50 604
50 605
50 606
50 607
50 608
50 609
50 610
50 611
50 612
50 613
50 614
50 615
50 616
50 665
50 667
50 670
50 671
50 672
50 674
50 675
50 676
50 677
50 678
50 679
50 680
50 681
50 682
50 683
50 684
50 698
50 700
50 701
50 704
50 705
50 706
50 707
50 708
50 709
50 710
50 743
50 745
50 746
50 749
50 750
50 751
50 752
50 753
50 754
50 755
50 756
50 757
50 758
50 759
50 760
50 761
50 762
50 763
51 52
51 53
51 54
51 55
51 56
51 57
51 58
51 59
51 60
51 61
51 62
51 63
51 64
51 65
51 134
51 135
51 137
51 138
51 140
51 141
51 142
51 143
51 144
51 145
51 146
51 147
51 148
51 149
51 197
51 199
51 200
51 201
51 311
51 383
51 600
51 601
51 603
51 604
51 605
51 606
51 608
51 609
51 610
51 611
51 612
51 613
51 614
51 615
51 616
51 617
51 669
51 670
51 671
51 672
51 673
51 674
51 675
51 676
51 677
51 678
51 679
51 680
51 681
51 682
51 683
51 701
51 704
51 705
51 707
51 708
51 709
51 710
51 744
51 746
51 747
51 749
51 750
51 751
51 752
51 753
51 754
51 755
51 756
51 757
51 758
51 759
51 760
51 761
51 762
51 763
52 53
52 54
52 55
52 56
52 57
52 58
52 59
52 60
52 61
52 62
52 63
52 64
52 130
52 131
52 132
52 137
52 138
52 139
52 140
52 141
52 142
52 143
52 144
52 145
52 146
52 147
52 148
52 149
52 193
52 194
52 195
52 196
52 197
52 201
52 384
52 599
52 600
52 602
52 603
52 605
52 606
52 607
52 608
52 609
52 610
52 611
52 612
52 613
52 614
52 615
52 616
52 617
52 656
52 669
52 671
52 672
52 673
52 674
52 676
52 677
52 678
52 679
52 680
52 681
52 682
52 683
52 700
52 702
52 703
52 704
52 705
52 706
52 707
52 708
52 709
52 710
52 711
52 746
52 747
52 748
52 749
52 750
52 751
52 752
52 753
52 754
52 755
52 756
52 757
52 758
52 759
52 760
52 761
52 762
52 763
53 54
53 55
53 56
53 57
53 58
53 59
53 60
53 61
53 62
53 63
53 64
53 65
53 110
53 132
53 134
53 136
53 138
53 140
53 141
53 142
53 143
53 144
53 145
53 146
53 147
53 149
53 192
53 196
53 197
53 199
53 200
53 341
53 385
53 597
53 600
53 601
53 602
53 605
53 606
53 607
53 608
53 609
53 610
53 611
53 612
53 613
53 614
53 615
53 616
53 617
53 667
53 669
53 671
53 672
53 673
53 674
53 675
53 676
53 677
53 678
53 679
53 680
53 681
53 682
53 683
53 701
53 702
53 703
53 704
53 705
53 706
53 707
53 708
53 709
53 710
53 733
53 740
53 746
53 748
53 749
53 750
53 751
53 752
53 753
53 754
53 755
53 756
53 757
53 758
53 759
53 760
53 761
53 762
53 763
53 764
54 55
54 56
54 57
54 58
54 59
54 60
54 61
54 62
54 63
54 64
54 129
54 130
54 132
54 133
54 134
54 135
54 137
54 138
54 139
54 141
54 142
54 143
54 144
54 145
54 146
54 147
54 148
54 149
54 151
54 194
54 195
54 197
54 198
54 201
54 203
54 345
54 396
54 596
54 598
54 600
54 602
54 603
54 605
54 606
54 607
54 608
54 609
54 610
54 611
54 612
54 613
54 614
54 615
54 616
54 617
54 666
54 668
54 669
54 670
54 671
54 672
54 673
54 674
54 675
54 676
54 677
54 678
54 679
54 680
54 681
54 682
54 683
54 684
54 698
54 699
54 700
54 702
54 704
54 705
54 706
54 707
54 708
54 709
54 710
54 711
54 712
54 732
54 733
54 744
54 745
54 748
54 749
54 751
54 752
54 753
54 754
54 755
54 756
54 757
54 758
54 759
54 760
54 761
54 762
54 763
55 56
55 57
55 58
55 59
55 60
55 61
55 62
55 63
55 64
55 65
55 134
55 136
55 137
55 139
55 141
55 142
55 143
55 144
55 145
55 146
55 147
55 148
55 149
55 150
55 192
55 193
55 194
55 195
55 197
55 199
55 200
55 201
55 203
55 314
55 380
55 383
55 387
55 389
55 391
55 441
55 594
55 599
55 600
55 601
55 602
55 603
55 604
55 605
55 606
55 607
55 608
55 609
55 610
55 611
55 612
55 613
55 614
55 615
55 616
55 617
55 618
55 666
55 667
55 668
55 671
55 674
55 675
55 676
55 677
55 678
55 679
55 680
55 681
55 682
55 683
55 700
55 702
55 703
55 705
55 706
55 707
55 708
55 709
55 710
55 712
55 742
55 745
55 746
55 747
55 748
55 749
55 750
55 751
55 752
55 753
55 754
55 755
55 756
55 757
55 758
55 759
55 760
55 761
55 762
55 763
56 57
56 58
56 59
56 60
56 61
56 62
56 63
56 64
56 65
56 93
56 129
56 130
56 134
56 135
56 137
56 138
56 139
56 140
56 141
56 142
56 143
56 144
56 145
56 146
56 147
56 148
56 149
56 150
56 151
56 194
56 196
56 197
56 199
56 200
56 201
56 202
56 204
56 356
56 376
56 381
56 384
56 391
56 530
56 567
56 596
56 601
56 602
56 603
56 604
56 605
56 606
56 607
56 608
56 609
56 610
56 611
56 612
56 613
56 614
56 615
56 616
56 617
56 618
56 667
56 670
56 671
56 672
56 673
56 674
56 675
56 676
56 677
56 678
56 679
56 680
56 681
56 682
56 683
56 701
56 702
56 703
56 705
56 706
56 707
56 708
56 709
56 710
56 711
56 733
56 734
56 743
56 745
56 746
56 747
56 748
56 749
56 750
56 752
56 753
56 754
56 755
56 756
56 757
56 758
56 759
56 760
56 761
56 762
56 763
56 764
57 58
57 59
57 60
57 61
57 62
57 63
57 64
57 65
57 128
57 133
57 134
57 135
57 136
57 138
57 139
57 141
57 142
57 143
57 144
57 145
57 146
57 147
57 148
57 197
57 198
57 201
57 202
57 205
57 385
57 568
57 599
57 600
57 601
57 602
57 603
57 604
57 605
57 606
57 607
57 608
57 609
57 610
57 611
57 612
57 613
57 614
57 615
57 616
57 617
57 618
57 667
57 668
57 669
57 670
57 671
57 672
57 673
57 675
57 676
57 677
57 678
57 679
57 680
57 681
57 682
57 683
57 684
57 697
57 699
57 700
57 702
57 703
57 704
57 706
57 707
57 708
57 709
57 710
57 711
57 712
57 713
57 734
57 743
57 744
57 746
57 747
57 748
57 749
57 750
57 751
57 752
57 753
57 754
57 755
57 756
57 757
57 758
57 759
57 760
57 761
57 762
57 763
57 764
58 59
58 60
58 61
58 62
58 63
58 64
58 65
58 78
58 87
58 103
58 129
58 131
58 134
58 135
58 136
58 137
58 139
58 140
58 141
58 142
58 143
58 144
58 145
58 146
58 147
58 148
58 149
58 173
58 193
58 195
58 198
58 199
58 201
58 203
58 344
58 382
58 384
58 386
58 387
58 389
58 391
58 404
58 478
58 532
58 599
58 600
58 602
58 603
58 605
58 606
58 607
58 608
58 609
58 610
58 611
58 612
58 613
58 614
58 615
58 616
58 617
58 618
58 619
58 668
58 670
58 672
58 673
58 674
58 675
58 676
58 677
58 678
58 679
58 680
58 681
58 682
58 683
58 685
58 694
58 700
58 702
58 703
58 705
58 706
58 707
58 708
58 709
58 710
58 711
58 712
58 713
58 743
58 744
58 746
58 747
58 748
58 750
58 751
58 752
58 753
58 754
58 755
58 756
58 757
58 758
58 759
58 760
58 761
58 762
58 763
58 764
59 60
59 61
59 62
59 63
59 64
59 65
59 66
59 67
59 86
59 98
59 131
59 132
59 133
59 136
59 137
59 138
59 139
59 140
59 141
59 142
59 143
59 145
59 146
59 147
59 148
59 149
59 150
59 195
59 196
59 198
59 199
59 200
59 201
59 203
59 266
59 272
59 282
59 356
59 383
59 384
59 388
59 389
59 487
59 508
59 598
59 599
59 600
59 601
59 602
59 603
59 604
59 605
59 606
59 607
59 608
59 609
59 610
59 611
59 612
59 613
59 614
59 615
59 616
59 617
59 618
59 619
59 654
59 655
59 665
59 666
59 670
59 672
59 673
59 674
59 675
59 676
59 677
59 678
59 679
59 680
59 681
59 682
59 683
59 684
59 685
59 696
59 702
59 704
59 705
59 706
59 707
59 708
59 709
59 710
59 711
59 712
59 746
59 749
59 750
59 751
59 752
59 753
59 754
59 755
59 756
59 757
59 758
59 759
59 760
59 761
59 762
59 763
59 764
59 765
60 61
60 62
60 63
60 64
60 65
60 66
60 94
60 129
60 131
60 132
60 134
60 136
60 137
60 139
60 140
60 141
60 143
60 144
60 145
60 146
60 147
60 148
60 149
60 150
60 151
60 193
60 194
60 197
60 199
60 200
60 202
60 204
60 205
60 270
60 282
60 346
60 348
60 377
60 382
60 383
60 388
60 389
60 391
60 396
60 397
60 443
60 479
60 480
60 509
60 542
60 572
60 600
60 601
60 602
60 603
60 604
60 606
60 607
60 608
60 610
60 611
60 612
60 613
60 614
60 615
60 616
60 617
60 618
60 619
60 668
60 669
60 670
60 672
60 673
60 675
60 676
60 677
60 678
60 679
60 680
60 681
60 682
60 683
60 684
60 685
60 686
60 695
60 701
60 703
60 704
60 705
60 706
60 707
60 708
60 709
60 710
60 711
60 712
60 744
60 745
60 750
60 751
60 752
60 753
60 754
60 755
60 756
60 757
60 758
60 759
60 760
60 761
60 762
60 763
60 764
60 765
60 787
61 62
61 63
61 64
61 65
61 96
61 100
61 101
61 130
61 131
61 135
61 136
61 137
61 138
61 139
61 140
61 141
61 142
61 143
61 144
61 145
61 146
61 147
61 148
61 149
61 150
61 151
61 193
61 194
61 195
61 196
61 198
61 199
61 200
61 202
61 204
61 205
61 206
61 220
61 268
61 269
61 284
61 290
61 310
61 311
61 312
61 376
61 381
61 382
61 383
61 384
61 385
61 386
61 388
61 412
61 430
61 479
61 511
61 532
61 576
61 577
61 588
61 596
61 598
61 599
61 601
61 602
61 603
61 604
61 605
61 606
61 607
61 608
61 609
61 610
61 611
61 612
61 613
61 614
61 615
61 616
61 617
61 618
61 621
61 667
61 669
61 670
61 672
61 674
61 675
61 676
61 677
61 678
61 679
61 680
61 681
61 682
61 683
61 684
61 698
61 699
61 700
61 702
61 705
61 706
61 707
61 708
61 709
61 710
61 713
61 733
61 734
61 735
61 742
61 745
61 748
61 750
61 751
61 752
61 753
61 754
61 755
61 756
61 757
61 758
61 759
61 760
61 761
61 762
61 763
61 764
61 765
62 63
62 64
62 65
62 78
62 86
62 87
62 88
62 132
62 136
62 138
62 139
62 141
62 142
62 143
62 144
62 145
62 146
62 147
62 148
62 149
62 150
62 192
62 196
62 198
62 201
62 202
62 204
62 205
62 206
62 269
62 311
62 312
62 339
62 377
62 378
62 381
62 383
62 384
62 385
62 387
62 388
62 389
62 390
62 398
62 461
62 480
62 520
62 534
62 556
62 568
62 599
62 602
62 603
62 604
62 605
62 606
62 607
62 608
62 609
62 610
62 611
62 612
62 613
62 614
62 615
62 616
62 617
62 618
62 619
62 655
62 656
62 667
62 670
62 672
62 673
62 675
62 676
62 677
62 678
62 679
62 680
62 681
62 682
62 683
62 684
62 685
62 698
62 701
62 703
62 705
62 706
62 707
62 708
62 709
62 710
62 712
62 713
62 742
62 743
62 746
62 747
62 748
62 749
62 750
62 751
62 752
62 753
62 754
62 755
62 756
62 757
62 758
62 759
62 760
62 761
62 762
62 763
62 764
62 765
62 771
62 772
62 782
63 64
63 65
63 66
63 68
63 85
63 95
63 96
63 131
63 132
63 133
63 135
63 136
63 138
63 139
63 141
63 142
63 143
63 144
63 145
63 146
63 147
63 148
63 149
63 150
63 151
63 195
63 196
63 197
63 198
63 201
63 202
63 204
63 205
63 247
63 254
63 258
63 268
63 271
63 283
63 288
63 312
63 315
63 357
63 378
63 382
63 384
63 385
63 389
63 390
63 396
63 397
63 407
63 428
63 478
63 507
63 519
63 531
63 576
63 585
63 597
63 600
63 601
63 602
63 603
63 604
63 605
63 606
63 607
63 608
63 609
63 610
63 611
63 612
63 613
63 614
63 615
63 616
63 617
63 618
63 619
63 632
63 670
63 671
63 672
63 673
63 674
63 675
63 676
63 677
63 678
63 679
63 680
63 681
63 682
63 683
63 684
63 699
63 701
63 702
63 703
63 704
63 705
63 706
63 708
63 709
63 710
63 711
63 712
63 713
63 726
63 727
63 734
63 735
63 741
63 744
63 745
63 747
63 748
63 750
63 751
63 752
63 753
63 754
63 755
63 756
63 757
63 758
63 759
63 760
63 761
63 762
63 763
63 764
63 765
63 766
64 65
64 66
64 130
64 132
64 133
64 136
64 138
64 140
64 141
64 142
64 143
64 144
64 145
64 146
64 147
64 148
64 149
64 150
64 152
64 195
64 197
64 198
64 199
64 200
64 201
64 203
64 204
64 233
64 267
64 268
64 289
64 313
64 320
64 346
64 379
64 383
64 385
64 402
64 406
64 481
64 502
64 504
64 567
64 568
64 569
64 596
64 599
64 600
64 601
64 602
64 605
64 606
64 607
64 608
64 609
64 610
64 611
64 612
64 613
64 614
64 615
64 616
64 617
64 618
64 619
64 667
64 668
64 669
64 670
64 671
64 672
64 673
64 674
64 675
64 676
64 677
64 678
64 679
64 680
64 681
64 682
64 683
64 684
64 698
64 701
64 702
64 703
64 705
64 706
64 707
64 708
64 709
64 710
64 711
64 712
64 715
64 734
64 738
64 741
64 745
64 746
64 748
64 749
64 750
64 751
64 752
64 753
64 754
64 755
64 756
64 757
64 758
64 759
64 760
64 761
64 762
64 763
64 764
64 765
65 68
65 133
65 134
65 141
65 142
65 143
65 145
65 147
65 148
65 149
65 151
65 199
65 300
65 358
65 442
65 535
65 606
65 608
65 610
65 616
65 620
65 674
65 675
65 678
65 680
65 683
65 684
65 699
65 704
65 705
65 709
65 713
65 728
65 754
65 755
65 758
65 759
65 760
65 761
65 762
65 763
65 765
66 146
66 265
66 521
66 609
66 660
66 693
66 761
66 762
66 766
67 133
67 392
67 736
67 764
68 207
69 737
77 196
79 618
79 760
85 600
88 97
88 676
89 199
89 766
97 301
98 151
102 686
103 481
110 655
111 152
119 511
128 132
128 199
128 613
128 761
129 131
129 137
129 147
129 390
129 602
129 667
129 669
129 671
129 677
129 699
129 706
129 746
130 134
130 139
130 145
130 147
130 195
130 199
130 200
130 600
130 604
130 605
130 612
130 616
130 669
130 679
130 682
130 704
130 705
130 708
130 742
130 749
130 752
130 755
130 756
130 763
131 132
131 133
131 134
131 137
131 138
131 139
131 142
131 144
131 147
131 196
131 600
131 601
131 604
131 605
131 610
131 666
131 669
131 671
131 672
131 673
131 676
131 681
131 701
131 705
131 748
131 749
131 753
131 754
131 756
131 757
131 760
131 761
132 133
132 135
132 148
132 149
132 196
132 198
132 380
132 382
132 609
132 615
132 616
132 618
132 665
132 669
132 670
132 671
132 672
132 676
132 678
132 680
132 682
132 699
132 705
132 706
132 742
132 744
132 746
132 748
132 756
132 757
132 760
132 762
132 763
133 136
133 137
133 146
133 198
133 199
133 200
133 391
133 530
133 601
133 607
133 608
133 609
133 613
133 614
133 670
133 671
133 672
133 676
133 677
133 679
133 683
133 697
133 703
133 705
133 707
133 708
133 709
133 710
133 742
133 744
133 747
133 748
133 750
133 751
133 753
133 754
133 755
133 757
134 135
134 136
134 137
134 141
134 147
134 148
134 153
134 192
134 194
134 196
134 200
134 598
134 602
134 603
134 605
134 608
134 612
134 613
134 614
134 616
134 617
134 667
134 669
134 670
134 671
134 672
134 673
134 677
134 679
134 680
134 702
134 703
134 705
134 706
134 707
134 708
134 709
134 710
134 742
134 743
134 744
134 745
134 748
134 749
134 754
134 756
134 757
134 759
134 760
134 762
134 763
134 764
135 137
135 140
135 142
135 143
135 144
135 146
135 147
135 197
135 198
135 199
135 395
135 597
135 600
135 602
135 603
135 604
135 605
135 606
135 608
135 609
135 610
135 612
135 613
135 616
135 617
135 666
135 667
135 669
135 670
135 671
135 672
135 674
135 675
135 677
135 679
135 680
135 682
135 700
135 702
135 703
135 704
135 705
135 706
135 708
135 709
135 710
135 711
135 732
135 741
135 744
135 745
135 747
135 748
135 749
135 751
135 753
135 755
135 757
135 760
135 763
136 140
136 141
136 142
136 143
136 145
136 146
136 148
136 195
136 196
136 197
136 198
136 199
136 200
136 201
136 385
136 530
136 596
136 597
136 601
136 602
136 603
136 604
136 606
136 607
136 608
136 610
136 611
136 612
136 613
136 614
136 615
136 668
136 669
136 670
136 671
136 672
136 676
136 677
136 678
136 679
136 680
136 699
136 700
136 701
136 702
136 704
136 705
136 707
136 709
136 740
136 744
136 745
136 746
136 747
136 749
136 750
136 752
136 754
136 755
136 757
136 759
137 138
137 139
137 140
137 141
137 142
137 143
137 145
137 146
137 147
137 149
137 150
137 192
137 195
137 196
137 197
137 198
137 199
137 200
137 310
137 383
137 387
137 599
137 602
137 603
137 606
137 607
137 608
137 609
137 610
137 611
137 613
137 615
137 616
137 617
137 669
137 670
137 671
137 672
137 673
137 674
137 676
137 677
137 678
137 679
137 680
137 681
137 683
137 698
137 700
137 701
137 704
137 705
137 707
137 708
137 709
137 710
137 744
137 745
137 746
137 747
137 748
137 749
137 750
137 752
137 754
137 755
137 756
137 758
137 759
137 760
137 761
137 762
137 763
137 765
138 139
138 140
138 141
138 142
138 143
138 144
138 145
138 146
138 147
138 148
138 195
138 197
138 199
138 600
138 601
138 602
138 603
138 604
138 605
138 606
138 607
138 608
138 609
138 610
138 611
138 613
138 614
138 616
138 666
138 667
138 671
138 673
138 674
138 675
138 676
138 677
138 678
138 679
138 680
138 681
138 699
138 700
138 702
138 703
138 706
138 708
138 709
138 710
138 711
138 742
138 743
138 744
138 745
138 748
138 749
138 751
138 752
138 753
138 754
138 755
138 756
138 757
138 758
138 759
138 760
138 761
138 762
138 763
138 764
139 140
139 141
139 142
139 143
139 145
139 146
139 147
139 148
139 149
139 194
139 195
139 196
139 197
139 198
139 199
139 200
139 382
139 383
139 599
139 603
139 605
139 606
139 607
139 608
139 610
139 611
139 613
139 614
139 615
139 616
139 617
139 669
139 671
139 672
139 673
139 674
139 675
139 676
139 677
139 678
139 679
139 680
139 681
139 682
139 683
139 697
139 698
139 700
139 702
139 703
139 704
139 705
139 706
139 707
139 708
139 709
139 710
139 741
139 746
139 747
139 748
139 749
139 751
139 752
139 753
139 754
139 755
139 757
139 759
139 760
139 761
139 762
139 763
140 141
140 142
140 143
140 144
140 145
140 146
140 147
140 193
140 195
140 197
140 198
140 199
140 200
140 201
140 382
140 395
140 441
140 597
140 598
140 602
140 603
140 605
140 606
140 607
140 609
140 610
140 611
140 612
140 613
140 614
140 615
140 617
140 666
140 667
140 668
140 669
140 671
140 672
140 673
140 674
140 675
140 676
140 677
140 678
140 681
140 682
140 683
140 697
140 699
140 701
140 704
140 705
140 706
140 707
140 708
140 709
140 710
140 741
140 747
140 748
140 749
140 750
140 752
140 753
140 754
140 755
140 756
140 757
140 758
140 759
140 760
140 761
140 762
140 763
140 764
141 142
141 143
141 144
141 145
141 146
141 147
141 148
141 196
141 197
141 198
141 202
141 600
141 601
141 602
141 603
141 604
141 605
141 606
141 607
141 608
141 609
141 611
141 612
141 613
141 614
141 616
141 617
141 667
141 668
141 669
141 670
141 671
141 672
141 673
141 674
141 675
141 676
141 677
141 678
141 679
141 680
141 681
141 682
141 683
141 701
141 702
141 703
141 704
141 705
141 706
141 707
141 708
141 709
141 710
141 743
141 746
141 750
141 751
141 752
141 753
141 754
141 755
141 756
141 757
141 758
141 759
141 760
141 761
141 762
141 763
142 143
142 144
142 145
142 146
142 147
142 148
142 149
142 194
142 195
142 197
142 198
142 199
142 384
142 389
142 597
142 598
142 599
142 600
142 601
142 602
142 603
142 604
142 605
142 606
142 607
142 608
142 609
142 610
142 611
142 612
142 613
142 614
142 615
142 616
142 617
142 618
142 666
142 667
142 668
142 669
142 670
142 671
142 672
142 673
142 674
142 675
142 676
142 677
142 678
142 679
142 680
142 681
142 682
142 683
142 684
142 701
142 704
142 705
142 706
142 707
142 708
142 709
142 710
142 747
142 749
142 751
142 752
142 753
142 754
142 755
142 756
142 757
142 758
142 759
142 760
142 761
142 762
142 765
143 144
143 145
143 146
143 147
143 148
143 149
143 194
143 195
143 197
143 381
143 383
143 390
143 599
143 600
143 601
143 602
143 603
143 604
143 605
143 606
143 607
143 608
143 609
143 610
143 611
143 612
143 613
143 614
143 615
143 616
143 618
143 619
143 666
143 669
143 671
143 672
143 673
143 674
143 675
143 676
143 677
143 678
143 679
143 680
143 681
143 682
143 683
143 701
143 702
143 704
143 705
143 706
143 707
143 708
143 709
143 710
143 712
143 741
143 747
143 749
143 750
143 751
143 752
143 753
143 754
143 755
143 756
143 757
143 758
143 759
143 760
143 761
143 762
143 763
144 145
144 146
144 147
144 148
144 194
144 196
144 197
144 199
144 201
144 311
144 376
144 382
144 598
144 600
144 603
144 604
144 605
144 606
144 607
144 608
144 609
144 610
144 611
144 612
144 613
144 614
144 615
144 616
144 617
144 669
144 670
144 671
144 672
144 673
144 674
144 675
144 676
144 677
144 678
144 679
144 680
144 681
144 682
144 683
144 699
144 700
144 702
144 703
144 704
144 705
144 706
144 708
144 709
144 711
144 742
144 745
144 746
144 747
144 748
144 749
144 750
144 752
144 753
144 754
144 755
144 756
144 757
144 758
144 759
144 760
144 761
144 762
144 763
145 146
145 147
145 148
145 149
145 152
145 196
145 197
145 198
145 199
145 200
145 203
145 383
145 598
145 599
145 600
145 601
145 603
145 604
145 605
145 606
145 607
145 608
145 609
145 610
145 611
145 612
145 613
145 614
145 615
145 616
145 617
145 618
145 664
145 669
145 670
145 672
145 673
145 674
145 675
145 676
145 677
145 678
145 679
145 680
145 681
145 682
145 683
145 701
145 702
145 703
145 704
145 705
145 706
145 707
145 708
145 709
145 710
145 743
145 744
145 747
145 748
145 750
145 751
145 752
145 754
145 755
145 756
145 757
145 758
145 759
145 760
145 761
145 762
145 763
145 764
146 147
146 148
146 149
146 193
146 194
146 195
146 196
146 197
146 198
146 199
146 200
146 203
146 267
146 384
146 390
146 598
146 599
146 600
146 602
146 603
146 604
146 605
146 606
146 607
146 608
146 609
146 610
146 611
146 612
146 613
146 614
146 615
146 616
146 669
146 671
146 672
146 674
146 675
146 676
146 677
146 678
146 679
146 680
146 681
146 682
146 683
146 684
146 697
146 702
146 703
146 704
146 705
146 706
146 707
146 708
146 709
146 740
146 742
146 744
146 747
146 748
146 749
146 750
146 751
146 752
146 753
146 754
146 755
146 756
146 757
146 758
146 759
146 760
146 761
146 762
146 763
147 148
147 149
147 192
147 194
147 195
147 197
147 198
147 199
147 200
147 310
147 600
147 602
147 603
147 604
147 605
147 606
147 607
147 608
147 609
147 610
147 611
147 612
147 613
147 614
147 615
147 616
147 617
147 618
147 667
147 668
147 669
147 670
147 671
147 673
147 674
147 675
147 676
147 677
147 678
147 679
147 680
147 681
147 682
147 683
147 698
147 699
147 700
147 701
147 702
147 703
147 704
147 705
147 707
147 708
147 709
147 710
147 711
147 732
147 743
147 745
147 746
147 748
147 749
147 751
147 752
147 754
147 755
147 756
147 757
147 758
147 759
147 760
147 761
147 762
147 763
147 764
148 150
148 195
148 196
148 197
148 199
148 200
148 204
148 266
148 381
148 382
148 388
148 598
148 599
148 600
148 601
148 602
148 603
148 604
148 605
148 607
148 608
148 609
148 610
148 612
148 613
148 614
148 615
148 616
148 617
148 669
148 670
148 671
148 672
148 673
148 674
148 675
148 677
148 678
148 679
148 680
148 681
148 682
148 683
148 697
148 700
148 701
148 703
148 705
148 706
148 707
148 708
148 709
148 710
148 712
148 743
148 745
148 750
148 751
148 752
148 753
148 754
148 755
148 757
148 758
148 759
148 760
148 761
148 762
148 763
148 764
149 197
149 382
149 531
149 601
149 604
149 606
149 609
149 612
149 614
149 615
149 617
149 618
149 672
149 673
149 674
149 676
149 677
149 678
149 680
149 681
149 682
149 701
149 703
149 704
149 705
149 706
149 708
149 709
149 749
149 751
149 752
149 753
149 755
149 758
149 760
149 761
149 762
150 327
150 385
150 613
150 614
150 678
150 685
150 697
150 708
150 754
150 756
150 757
150 762
151 195
151 368
151 614
151 686
151 747
152 391
152 714
159 443
192 575
192 704
192 709
192 755
193 195
193 196
193 199
193 596
193 605
193 607
193 608
193 617
193 665
193 670
193 674
193 678
193 681
193 698
193 708
193 746
193 752
193 755
193 762
194 597
194 601
194 602
194 603
194 606
194 607
194 608
194 609
194 612
194 666
194 668
194 669
194 670
194 674
194 678
194 680
194 681
194 682
194 683
194 700
194 707
194 709
194 710
194 742
194 746
194 747
194 749
194 756
194 760
194 762
195 198
195 381
195 615
195 666
195 667
195 669
195 670
195 671
195 676
195 677
195 678
195 679
195 681
195 683
195 699
195 700
195 701
195 702
195 703
195 705
195 706
195 707
195 709
195 710
195 744
195 745
195 749
195 750
195 752
195 760
195 761
196 197
196 198
196 199
196 200
196 203
196 597
196 599
196 601
196 603
196 607
196 608
196 609
196 611
196 614
196 616
196 665
196 667
196 668
196 669
196 670
196 671
196 674
196 675
196 677
196 679
196 681
196 682
196 683
196 699
196 701
196 703
196 705
196 706
196 707
196 708
196 743
196 744
196 748
196 750
196 753
196 754
196 755
196 757
196 758
196 759
196 760
196 763
197 198
197 199
197 201
197 598
197 600
197 601
197 602
197 604
197 606
197 608
197 610
197 612
197 615
197 616
197 666
197 667
197 668
197 669
197 670
197 671
197 672
197 673
197 674
197 676
197 677
197 679
197 681
197 682
197 699
197 700
197 703
197 705
197 706
197 707
197 709
197 710
197 744
197 746
197 747
197 748
197 749
197 750
197 751
197 753
197 754
197 755
197 756
197 757
197 758
197 760
197 761
197 762
197 763
198 199
198 382
198 388
198 597
198 598
198 599
198 600
198 601
198 602
198 603
198 604
198 605
198 607
198 608
198 609
198 610
198 611
198 615
198 616
198 617
198 667
198 670
198 671
198 672
198 674
198 675
198 676
198 677
198 678
198 681
198 683
198 700
198 702
198 704
198 705
198 706
198 707
198 708
198 709
198 742
198 743
198 747
198 748
198 750
198 752
198 753
198 754
198 755
198 756
198 757
198 758
198 759
198 760
198 761
198 763
199 598
199 600
199 602
199 603
199 604
199 606
199 607
199 608
199 612
199 613
199 614
199 615
199 617
199 666
199 671
199 672
199 673
199 676
199 677
199 678
199 679
199 680
199 681
199 700
199 701
199 702
199 703
199 704
199 706
199 707
199 708
199 709
199 710
199 743
199 744
199 745
199 747
199 749
199 752
199 753
199 754
199 755
199 757
199 758
199 759
199 760
199 761
199 762
199 763
200 386
200 392
200 596
200 598
200 599
200 602
200 604
200 605
200 608
200 609
200 611
200 613
200 614
200 616
200 617
200 667
200 673
200 675
200 676
200 679
200 680
200 700
200 703
200 706
200 707
200 710
200 743
200 745
200 746
200 747
200 748
200 749
200 750
200 753
200 757
200 761
200 763
201 531
201 598
201 611
201 613
201 617
201 618
201 672
201 673
201 677
201 679
201 681
201 682
201 707
201 708
201 710
201 748
201 749
201 751
201 758
201 762
201 763
202 599
202 612
202 614
202 615
202 672
202 681
202 683
202 703
202 705
202 706
202 742
202 756
202 757
202 762
203 407
203 612
203 615
203 674
203 676
203 678
203 681
203 749
203 761
203 763
204 533
204 615
206 621
211 413
219 759
220 440
234 482
252 764
259 512
267 757
269 647
270 586
270 679
271 538
272 570
281 612
282 614
283 566
283 763
284 765
285 762
303 710
309 749
310 700
311 612
311 761
312 628
313 522
320 764
338 613
339 532
344 676
345 675
346 386
347 574
355 617
366 697
376 683
377 565
377 611
380 612
380 759
381 610
381 614
381 698
381 750
381 759
381 760
381 762
382 599
382 611
382 612
382 677
382 680
382 741
382 744
382 746
382 758
382 763
383 598
383 599
383 602
383 604
383 613
383 709
383 748
383 759
383 763
384 388
384 598
384 607
384 608
384 678
384 679
384 682
385 666
385 677
385 709
386 462
386 604
386 613
386 670
386 735
386 754
386 760
387 605
387 607
387 609
387 613
387 614
387 677
387 679
387 680
387 705
388 599
388 605
388 670
388 758
388 762
389 603
389 605
389 698
390 676
390 677
390 682
390 754
390 772
391 616
392 692
393 405
395 510
396 680
396 700
396 753
397 613
397 614
398 550
403 678
404 759
404 762
408 533
414 441
429 619
440 674
447 515
463 657
479 604
480 618
483 767
503 616
504 683
505 514
506 762
509 685
510 703
527 620
528 683
530 758
531 757
531 765
532 605
533 682
534 599
534 684
535 677
544 615
551 578
568 756
569 735
573 577
593 765
594 764
595 687
595 742
596 608
596 613
596 617
596 669
596 677
596 697
596 707
596 708
596 742
596 749
596 753
597 599
597 601
597 603
597 613
597 617
597 671
597 673
597 675
597 676
597 679
597 680
597 683
597 700
597 701
597 704
597 705
597 709
597 711
597 743
597 744
597 747
597 753
597 755
597 759
597 760
597 762
598 601
598 602
598 607
598 610
598 613
598 616
598 617
598 667
598 668
598 671
598 673
598 675
598 676
598 678
598 679
598 682
598 697
598 700
598 703
598 705
598 707
598 709
598 710
598 742
598 748
598 752
598 759
598 760
598 762
598 764
599 601
599 605
599 606
599 607
599 608
599 609
599 611
599 613
599 616
599 617
599 668
599 670
599 671
599 673
599 674
599 677
599 678
599 679
599 681
599 682
599 684
599 697
599 704
599 706
599 707
599 709
599 710
599 741
599 743
599 744
599 747
599 751
599 752
599 753
599 755
599 756
599 757
599 759
599 761
600 602
600 603
600 604
600 608
600 609
600 610
600 611
600 612
600 613
600 614
600 615
600 665
600 666
600 667
600 670
600 671
600 672
600 673
600 674
600 677
600 678
600 679
600 680
600 682
600 700
600 702
600 703
600 704
600 705
600 706
600 707
600 709
600 710
600 743
600 748
600 749
600 750
600 751
600 752
600 753
600 754
600 755
600 758
600 759
600 760
600 763
601 602
601 603
601 604
601 605
601 607
601 608
601 611
601 616
601 617
601 668
601 670
601 671
601 672
601 673
601 674
601 675
601 677
601 678
601 679
601 680
601 681
601 682
601 683
601 699
601 701
601 702
601 703
601 704
601 705
601 706
601 707
601 708
601 709
601 710
601 743
601 744
601 745
601 748
601 749
601 752
601 753
601 754
601 755
601 757
601 759
601 760
601 761
602 603
602 604
602 605
602 606
602 608
602 609
602 610
602 611
602 612
602 613
602 615
602 616
602 670
602 671
602 672
602 673
602 674
602 676
602 677
602 678
602 679
602 680
602 681
602 682
602 683
602 698
602 699
602 700
602 702
602 703
602 704
602 705
602 706
602 708
602 710
602 744
602 745
602 746
602 747
602 749
602 751
602 752
602 753
602 754
602 756
602 757
602 758
602 760
603 605
603 608
603 609
603 611
603 612
603 613
603 614
603 616
603 617
603 665
603 666
603 670
603 671
603 672
603 673
603 674
603 675
603 679
603 681
603 682
603 701
603 702
603 704
603 705
603 706
603 707
603 708
603 709
603 710
603 744
603 746
603 747
603 748
603 749
603 750
603 753
603 754
603 755
603 756
603 757
603 758
603 759
603 760
603 761
603 762
604 605
604 606
604 607
604 611
604 613
604 614
604 615
604 616
604 617
604 666
604 668
604 669
604 670
604 671
604 673
604 674
604 675
604 677
604 678
604 679
604 680
604 681
604 682
604 683
604 699
604 700
604 701
604 702
604 704
604 705
604 706
604 707
604 708
604 710
604 741
604 742
604 745
604 747
604 748
604 749
604 750
604 751
604 752
604 753
604 754
604 755
604 756
604 757
604 758
604 759
604 760
604 762
604 763
605 606
605 607
605 608
605 609
605 610
605 611
605 612
605 613
605 614
605 615
605 616
605 668
605 670
605 671
605 672
605 673
605 674
605 675
605 676
605 677
605 678
605 679
605 680
605 681
605 682
605 700
605 702
605 703
605 704
605 706
605 707
605 708
605 709
605 710
605 711
605 743
605 746
605 747
605 748
605 749
605 750
605 751
605 752
605 753
605 754
605 755
605 756
605 757
605 758
605 759
605 760
605 761
605 762
605 763
605 764
606 607
606 608
606 609
606 610
606 611
606 614
606 615
606 616
606 617
606 667
606 668
606 670
606 671
606 672
606 673
606 674
606 675
606 676
606 677
606 678
606 679
606 680
606 681
606 682
606 683
606 701
606 703
606 705
606 706
606 707
606 708
606 709
606 710
606 740
606 745
606 746
606 747
606 748
606 749
606 750
606 751
606 752
606 753
606 754
606 755
606 756
606 757
606 758
606 759
606 760
606 761
606 762
606 763
607 608
607 609
607 610
607 611
607 613
607 614
607 615
607 616
607 617
607 669
607 671
607 672
607 673
607 674
607 675
607 676
607 677
607 678
607 679
607 680
607 681
607 682
607 683
607 702
607 703
607 704
607 705
607 706
607 707
607 708
607 709
607 710
607 743
607 744
607 746
607 748
607 749
607 750
607 751
607 752
607 753
607 754
607 755
607 756
607 757
607 758
607 760
607 761
607 763
608 609
608 610
608 611
608 612
608 613
608 614
608 615
608 616
608 617
608 618
608 666
608 667
608 668
608 669
608 670
608 672
608 673
608 674
608 675
608 676
608 677
608 678
608 679
608 680
608 681
608 682
608 683
608 699
608 703
608 704
608 705
608 706
608 707
608 708
608 709
608 710
608 741
608 742
608 744
608 745
608 746
608 747
608 749
608 750
608 751
608 752
608 753
608 754
608 755
608 756
608 757
608 758
608 759
608 760
608 762
608 763
608 764
609 610
609 611
609 612
609 613
609 614
609 615
609 616
609 617
609 666
609 670
609 671
609 672
609 673
609 674
609 675
609 676
609 677
609 678
609 679
609 680
609 681
609 682
609 683
609 701
609 702
609 703
609 704
609 707
609 708
609 709
609 710
609 711
609 743
609 744
609 746
609 748
609 750
609 751
609 752
609 753
609 754
609 755
609 756
609 757
609 758
609 759
609 760
609 761
609 762
609 763
610 611
610 612
610 613
610 614
610 615
610 616
610 617
610 618
610 668
610 670
610 671
610 673
610 674
610 675
610 676
610 677
610 678
610 679
610 680
610 681
610 682
610 698
610 700
610 702
610 704
610 705
610 706
610 708
610 710
610 711
610 745
610 746
610 749
610 750
610 752
610 753
610 754
610 755
610 756
610 757
610 758
610 759
610 760
610 761
610 762
610 763
610 764
611 612
611 613
611 614
611 615
611 616
611 617
611 667
611 669
611 672
611 673
611 674
611 675
611 676
611 677
611 678
611 679
611 680
611 681
611 682
611 683
611 699
611 705
611 706
611 707
611 708
611 709
611 710
611 711
611 742
611 743
611 747
611 748
611 749
611 751
611 752
611 753
611 754
611 755
611 756
611 757
611 758
611 759
611 760
611 761
611 762
611 763
612 613
612 614
612 615
612 616
612 617
612 668
612 671
612 672
612 673
612 674
612 675
612 676
612 677
612 678
612 679
612 680
612 681
612 682
612 683
612 684
612 699
612 700
612 701
612 702
612 703
612 704
612 705
612 706
612 707
612 708
612 709
612 710
612 711
612 733
612 742
612 744
612 745
612 747
612 749
612 750
612 751
612 752
612 753
612 754
612 755
612 756
612 757
612 758
612 759
612 760
612 761
612 762
612 763
612 764
613 614
613 615
613 616
613 617
613 618
613 668
613 669
613 670
613 671
613 672
613 673
613 674
613 675
613 676
613 678
613 679
613 680
613 681
613 682
613 683
613 701
613 702
613 704
613 705
613 706
613 707
613 708
613 709
613 710
613 741
613 742
613 748
613 750
613 751
613 752
613 753
613 754
613 755
613 756
613 757
613 758
613 759
613 760
613 761
613 762
613 763
614 615
614 616
614 617
614 618
614 668
614 669
614 670
614 671
614 672
614 673
614 674
614 675
614 676
614 677
614 678
614 679
614 680
614 681
614 682
614 683
614 699
614 700
614 703
614 704
614 705
614 706
614 707
614 708
614 709
614 710
614 711
614 741
614 744
614 745
614 746
614 747
614 748
614 749
614 750
614 751
614 752
614 753
614 754
614 755
614 756
614 757
614 758
614 759
614 760
614 761
614 762
614 763
614 765
615 616
615 617
615 669
615 671
615 672
615 673
615 675
615 676
615 677
615 678
615 679
615 680
615 681
615 682
615 683
615 684
615 698
615 699
615 701
615 702
615 703
615 704
615 705
615 706
615 707
615 708
615 709
615 710
615 711
615 712
615 733
615 744
615 745
615 746
615 747
615 749
615 751
615 752
615 753
615 754
615 755
615 756
615 757
615 758
615 759
615 760
615 761
615 762
615 763
615 764
616 617
616 618
616 667
616 668
616 669
616 670
616 671
616 672
616 673
616 674
616 675
616 676
616 677
616 678
616 679
616 680
616 681
616 682
616 683
616 700
616 703
616 704
616 706
616 707
616 708
616 709
616 710
616 711
616 746
616 748
616 749
616 750
616 751
616 752
616 753
616 754
616 755
616 756
616 757
616 758
616 759
616 760
616 761
616 762
616 763
616 764
617 668
617 669
617 672
617 673
617 675
617 676
617 677
617 678
617 679
617 680
617 681
617 682
617 683
617 684
617 706
617 708
617 709
617 710
617 734
617 743
617 746
617 748
617 749
617 750
617 752
617 754
617 755
617 756
617 757
617 759
617 760
617 761
617 762
617 763
617 764
618 678
618 684
618 705
618 754
618 755
618 756
618 757
618 760
618 762
618 763
619 686
619 714
620 685
628 764
655 708
665 668
665 746
665 751
665 755
665 762
666 673
666 679
666 698
666 700
666 708
666 741
666 748
666 749
666 752
666 756
666 757
666 759
666 761
666 763
667 669
667 670
667 671
667 674
667 676
667 679
667 680
667 681
667 682
667 683
667 700
667 701
667 704
667 706
667 707
667 741
667 743
667 744
667 745
667 746
667 748
667 749
667 750
667 751
667 752
667 754
667 755
667 757
667 761
668 670
668 671
668 672
668 674
668 680
668 681
668 684
668 699
668 701
668 704
668 706
668 707
668 708
668 709
668 745
668 746
668 750
668 752
668 753
668 754
668 755
668 756
668 757
668 760
669 672
669 674
669 677
669 678
669 679
669 680
669 681
669 703
669 705
669 706
669 709
669 710
669 744
669 746
669 749
669 751
669 753
669 755
669 757
669 758
669 759
669 762
669 763
670 671
670 672
670 673
670 674
670 676
670 678
670 682
670 701
670 702
670 707
670 711
670 742
670 743
670 744
670 745
670 747
670 750
670 751
670 752
670 754
670 755
670 756
670 757
670 760
670 762
670 763
671 673
671 674
671 675
671 676
671 677
671 679
671 680
671 681
671 682
671 698
671 699
671 701
671 703
671 704
671 705
671 708
671 709
671 744
671 745
671 746
671 748
671 749
671 750
671 751
671 752
671 753
671 754
671 755
671 756
671 759
671 760
671 761
671 762
671 763
672 674
672 675
672 676
672 677
672 678
672 679
672 680
672 681
672 682
672 683
672 699
672 700
672 704
672 705
672 706
672 707
672 708
672 709
672 710
672 744
672 745
672 746
672 747
672 750
672 751
672 752
672 754
672 755
672 756
672 757
672 758
672 759
672 760
672 761
672 762
673 674
673 675
673 676
673 677
673 678
673 679
673 680
673 681
673 682
673 683
673 700
673 701
673 704
673 705
673 706
673 707
673 708
673 709
673 711
673 742
673 743
673 744
673 746
673 747
673 748
673 749
673 750
673 751
673 752
673 753
673 754
673 755
673 756
673 757
673 758
673 759
673 760
673 761
673 762
673 763
674 675
674 677
674 678
674 679
674 680
674 681
674 682
674 700
674 701
674 702
674 703
674 704
674 705
674 707
674 709
674 710
674 746
674 747
674 748
674 749
674 750
674 752
674 753
674 754
674 755
674 756
674 757
674 758
674 759
674 760
674 761
674 762
674 763
675 676
675 677
675 678
675 679
675 680
675 681
675 682
675 683
675 685
675 699
675 701
675 703
675 704
675 705
675 706
675 707
675 708
675 709
675 710
675 744
675 746
675 749
675 750
675 751
675 752
675 753
675 754
675 755
675 756
675 757
675 759
675 760
675 761
675 762
675 763
676 677
676 678
676 679
676 681
676 682
676 698
676 700
676 702
676 704
676 705
676 706
676 707
676 708
676 709
676 710
676 742
676 745
676 746
676 748
676 749
676 750
676 751
676 752
676 753
676 754
676 755
676 756
676 757
676 758
676 759
676 760
676 761
676 763
677 678
677 679
677 680
677 681
677 682
677 683
677 701
677 702
677 703
677 704
677 705
677 706
677 707
677 708
677 709
677 710
677 745
677 748
677 749
677 750
677 751
677 752
677 753
677 754
677 755
677 756
677 757
677 758
677 759
677 760
677 761
677 762
677 763
678 679
678 680
678 681
678 682
678 683
678 684
678 700
678 705
678 706
678 707
678 708
678 709
678 710
678 711
678 744
678 745
678 746
678 748
678 749
678 750
678 751
678 752
678 753
678 754
678 755
678 756
678 757
678 758
678 759
678 760
678 761
678 762
678 763
679 680
679 681
679 682
679 683
679 700
679 703
679 704
679 705
679 706
679 707
679 708
679 709
679 710
679 711
679 743
679 745
679 747
679 748
679 749
679 750
679 751
679 752
679 753
679 754
679 755
679 756
679 757
679 758
679 759
679 760
679 761
679 762
679 763
680 681
680 682
680 683
680 684
680 685
680 699
680 701
680 704
680 705
680 706
680 707
680 708
680 709
680 710
680 734
680 742
680 744
680 746
680 747
680 750
680 751
680 752
680 753
680 754
680 755
680 756
680 757
680 758
680 759
680 760
680 761
680 762
680 763
681 682
681 683
681 699
681 700
681 703
681 704
681 706
681 707
681 708
681 709
681 710
681 744
681 745
681 746
681 748
681 749
681 750
681 751
681 752
681 753
681 754
681 755
681 756
681 757
681 758
681 759
681 760
681 761
681 762
681 763
682 683
682 684
682 697
682 698
682 699
682 701
682 702
682 703
682 704
682 705
682 706
682 707
682 708
682 709
682 710
682 711
682 741
682 743
682 744
682 745
682 746
682 747
682 748
682 749
682 750
682 751
682 752
682 753
682 754
682 755
682 756
682 757
682 758
682 759
682 760
682 761
682 762
682 763
683 685
683 698
683 700
683 702
683 703
683 704
683 705
683 707
683 708
683 709
683 710
683 711
683 741
683 745
683 746
683 748
683 749
683 750
683 752
683 753
683 754
683 757
683 759
683 761
683 762
683 763
684 708
684 709
684 757
684 758
684 759
684 760
684 761
684 764
685 705
697 763
698 700
698 701
698 702
698 741
699 700
699 701
699 703
699 704
699 706
699 711
699 744
699 747
699 748
699 751
699 754
699 757
699 763
699 764
700 701
700 702
700 706
700 707
700 740
700 746
700 747
700 749
700 751
700 752
700 755
700 757
700 758
700 762
700 763
701 705
701 706
701 707
701 709
701 710
701 712
701 743
701 745
701 747
701 748
701 749
701 750
701 751
701 752
701 753
701 754
701 755
701 756
701 760
701 761
701 763
702 703
702 704
702 706
702 707
702 708
702 710
702 712
702 743
702 745
702 746
702 747
702 748
702 749
702 751
702 753
702 755
702 756
702 757
702 758
702 759
702 760
702 762
702 763
702 764
703 705
703 706
703 707
703 708
703 709
703 711
703 732
703 741
703 743
703 746
703 747
703 748
703 751
703 752
703 753
703 754
703 756
703 759
703 760
703 761
703 762
703 763
704 705
704 707
704 708
704 709
704 710
704 743
704 744
704 746
704 748
704 749
704 752
704 753
704 755
704 756
704 757
704 760
704 761
704 762
705 706
705 707
705 708
705 709
705 710
705 743
705 745
705 746
705 747
705 748
705 749
705 750
705 751
705 752
705 754
705 756
705 757
705 758
705 759
705 760
705 761
705 762
705 763
706 708
706 709
706 710
706 711
706 744
706 745
706 748
706 749
706 751
706 752
706 753
706 754
706 755
706 756
706 757
706 758
706 759
706 760
706 761
706 762
706 763
707 708
707 709
707 710
707 711
707 741
707 742
707 745
707 746
707 748
707 749
707 751
707 752
707 753
707 754
707 755
707 756
707 757
707 758
707 759
707 761
707 762
707 763
707 764
708 709
708 710
708 711
708 745
708 746
708 747
708 748
708 749
708 750
708 751
708 752
708 753
708 755
708 756
708 757
708 758
708 759
708 760
708 761
708 762
708 763
709 710
709 712
709 743
709 746
709 747
709 748
709 750
709 751
709 752
709 753
709 754
709 755
709 756
709 757
709 758
709 759
709 760
709 761
709 762
709 763
709 764
709 765
710 743
710 746
710 747
710 748
710 750
710 751
710 752
710 753
710 754
710 756
710 757
710 758
710 759
710 760
710 761
710 763
711 742
711 747
711 750
711 754
711 756
711 757
711 760
711 762
711 763
712 747
713 765
713 766
714 744
719 762
732 757
733 762
736 766
740 750
741 743
741 758
741 761
741 762
742 744
742 745
742 747
742 748
742 752
742 761
743 745
743 746
743 749
743 750
743 757
743 760
743 762
744 745
744 747
744 749
744 750
744 753
744 754
744 755
744 759
744 760
745 747
745 752
745 754
745 755
745 756
745 757
745 762
745 764
746 747
746 748
746 749
746 751
746 754
746 755
746 756
746 757
746 758
746 759
746 760
746 761
746 762
746 763
747 750
747 751
747 753
747 754
747 755
747 756
747 757
747 758
747 759
747 760
747 761
747 762
747 763
748 749
748 751
748 753
748 754
748 756
748 757
748 758
748 759
748 760
748 761
748 762
748 763
749 750
749 751
749 752
749 753
749 754
749 755
749 756
749 757
749 758
749 759
749 760
749 761
749 762
749 763
750 751
750 752
750 753
750 754
750 755
750 757
750 758
750 759
750 760
750 761
750 762
750 763
750 764
751 753
751 754
751 755
751 756
751 757
751 758
751 759
751 760
751 761
751 762
751 763
752 753
752 754
752 756
752 757
752 758
752 759
752 760
752 761
752 762
752 763
752 764
753 754
753 755
753 756
753 757
753 758
753 759
753 760
753 761
753 763
754 755
754 756
754 757
754 758
754 759
754 760
754 761
754 762
754 763
755 756
755 757
755 758
755 759
755 760
755 761
755 762
755 763
756 757
756 758
756 759
756 760
756 761
756 762
756 763
757 758
757 759
757 760
757 761
757 762
757 763
757 765
758 759
758 760
758 761
758 762
758 763
758 764
759 760
759 761
759 762
759 763
759 764
760 761
760 762
760 763
760 764
761 762
761 763
761 764
762 763
762 764
763 764
763 765
