1 566
1 571
1 609
2 568
2 570
3 572
7 571
8 201
9 571
10 158
15 159
16 570
17 177
18 569
19 39
24 42
24 557
24 565
24 567
24 570
25 563
25 567
25 568
25 569
25 609
26 569
26 570
26 571
27 572
31 608
32 562
32 564
33 562
33 572
34 516
36 293
36 565
36 676
37 145
37 146
37 147
37 160
37 290
37 485
37 488
37 490
37 510
37 544
37 569
37 601
37 644
37 653
37 673
37 675
37 678
37 679
37 727
37 729
37 734
38 40
38 43
38 142
38 145
38 147
38 152
38 153
38 157
38 162
38 291
38 447
38 481
38 490
38 493
38 500
38 502
38 503
38 504
38 510
38 511
38 544
38 548
38 552
38 558
38 560
38 564
38 566
38 569
38 571
38 599
38 603
38 604
38 606
38 609
38 638
38 641
38 644
38 647
38 651
38 653
38 676
38 677
38 680
38 727
38 728
38 729
38 732
39 40
39 41
39 43
39 44
39 45
39 146
39 150
39 153
39 154
39 155
39 162
39 290
39 292
39 482
39 483
39 485
39 486
39 487
39 491
39 493
39 494
39 495
39 497
39 502
39 503
39 508
39 509
39 511
39 545
39 546
39 547
39 550
39 551
39 552
39 555
39 556
39 560
39 561
39 564
39 567
39 568
39 569
39 571
39 599
39 601
39 607
39 608
39 610
39 638
39 641
39 642
39 644
39 649
39 652
39 653
39 673
39 675
39 676
39 679
39 681
39 682
39 724
39 727
39 736
40 41
40 44
40 45
40 145
40 147
40 149
40 151
40 152
40 155
40 156
40 157
40 158
40 159
40 160
40 161
40 163
40 164
40 293
40 294
40 295
40 482
40 485
40 488
40 489
40 490
40 491
40 492
40 497
40 500
40 501
40 503
40 504
40 505
40 508
40 509
40 510
40 545
40 547
40 551
40 552
40 553
40 557
40 558
40 559
40 560
40 563
40 564
40 568
40 569
40 570
40 601
40 605
40 606
40 607
40 610
40 641
40 645
40 651
40 677
40 678
40 679
40 681
40 682
40 685
40 724
40 728
40 729
40 730
40 732
41 44
41 45
41 46
41 142
41 144
41 145
41 147
41 148
41 149
41 151
41 152
41 153
41 154
41 156
41 158
41 159
41 160
41 163
41 268
41 291
41 293
41 484
41 487
41 488
41 489
41 490
41 491
41 492
41 493
41 494
41 495
41 496
41 497
41 499
41 503
41 505
41 506
41 507
41 511
41 546
41 549
41 550
41 553
41 554
41 555
41 556
41 558
41 560
41 564
41 565
41 569
41 570
41 571
41 601
41 602
41 603
41 605
41 606
41 608
41 609
41 611
41 641
41 642
41 644
41 645
41 646
41 647
41 649
41 650
41 653
41 676
41 677
41 681
41 682
41 683
41 725
41 727
41 728
41 730
41 731
41 733
41 735
42 44
42 45
42 142
42 143
42 145
42 146
42 147
42 149
42 150
42 151
42 154
42 155
42 156
42 158
42 159
42 160
42 161
42 162
42 163
42 164
42 291
42 294
42 484
42 487
42 489
42 490
42 491
42 492
42 493
42 496
42 497
42 498
42 499
42 500
42 507
42 508
42 510
42 511
42 512
42 549
42 550
42 551
42 552
42 554
42 556
42 558
42 559
42 560
42 561
42 562
42 566
42 567
42 569
42 571
42 600
42 601
42 602
42 603
42 604
42 605
42 607
42 608
42 609
42 610
42 611
42 640
42 642
42 645
42 646
42 648
42 649
42 650
42 651
42 654
42 676
42 678
42 680
42 681
42 682
42 683
42 684
42 685
42 727
42 728
42 730
42 732
42 734
42 735
43 44
43 46
43 144
43 145
43 146
43 147
43 148
43 149
43 150
43 153
43 156
43 158
43 159
43 161
43 178
43 221
43 485
43 487
43 488
43 489
43 490
43 491
43 492
43 493
43 494
43 498
43 499
43 500
43 501
43 502
43 503
43 504
43 505
43 507
43 508
43 510
43 511
43 546
43 547
43 549
43 550
43 552
43 555
43 556
43 557
43 558
43 559
43 560
43 562
43 564
43 565
43 566
43 568
43 569
43 603
43 605
43 606
43 607
43 608
43 609
43 610
43 611
43 640
43 648
43 649
43 650
43 652
43 653
43 676
43 677
43 678
43 679
43 680
43 681
43 682
43 683
43 685
43 726
43 729
43 730
43 731
43 732
43 734
43 735
43 761
44 45
44 145
44 146
44 148
44 149
44 150
44 151
44 152
44 153
44 154
44 155
44 157
44 158
44 160
44 162
44 163
44 164
44 294
44 483
44 488
44 489
44 490
44 491
44 492
44 493
44 497
44 498
44 500
44 501
44 502
44 503
44 506
44 508
44 509
44 511
44 547
44 548
44 549
44 550
44 551
44 552
44 553
44 554
44 555
44 556
44 559
44 560
44 561
44 562
44 563
44 564
44 565
44 567
44 568
44 569
44 570
44 571
44 600
44 602
44 603
44 604
44 605
44 607
44 608
44 609
44 610
44 611
44 639
44 640
44 641
44 642
44 643
44 645
44 646
44 648
44 649
44 650
44 651
44 653
44 654
44 673
44 675
44 677
44 678
44 679
44 681
44 682
44 683
44 684
44 724
44 729
44 731
44 732
44 733
44 734
44 735
44 736
45 144
45 147
45 149
45 151
45 152
45 153
45 158
45 159
45 160
45 161
45 162
45 163
45 164
45 291
45 292
45 294
45 481
45 482
45 483
45 484
45 487
45 488
45 489
45 490
45 493
45 495
45 498
45 500
45 501
45 502
45 503
45 505
45 506
45 508
45 510
45 512
45 544
45 545
45 546
45 550
45 552
45 555
45 556
45 557
45 560
45 561
45 562
45 564
45 565
45 566
45 567
45 568
45 569
45 570
45 571
45 602
45 603
45 604
45 605
45 606
45 607
45 609
45 610
45 640
45 641
45 642
45 644
45 645
45 647
45 649
45 651
45 653
45 654
45 677
45 679
45 681
45 682
45 683
45 684
45 685
45 687
45 726
45 727
45 728
45 729
45 730
45 731
45 733
45 737
46 145
46 150
46 152
46 154
46 162
46 481
46 492
46 498
46 505
46 545
46 553
46 555
46 557
46 559
46 560
46 562
46 563
46 564
46 566
46 567
46 568
46 569
46 570
46 571
46 606
46 645
46 646
46 649
46 650
46 682
46 684
46 728
46 730
46 732
46 734
47 156
47 157
47 241
47 498
47 506
47 557
47 561
47 562
47 565
47 566
47 567
47 568
47 569
47 570
47 649
48 129
48 133
48 160
48 502
48 560
48 568
48 569
48 738
49 570
49 609
49 702
50 339
52 566
53 570
54 569
56 571
57 566
67 497
71 675
73 515
75 570
77 608
83 565
84 572
95 560
110 568
110 606
110 650
111 157
111 163
112 495
112 565
113 570
113 609
113 613
114 144
114 299
116 571
120 562
125 155
125 347
125 488
125 562
125 565
126 148
126 494
126 563
126 567
126 569
126 688
127 162
127 566
127 567
127 569
127 570
128 154
128 567
128 570
128 614
130 164
130 508
131 568
131 569
131 570
131 681
132 493
132 569
132 570
132 649
133 570
134 570
140 153
140 332
141 147
141 150
141 152
141 294
141 482
141 484
141 489
141 496
141 501
141 554
141 565
141 637
141 639
141 676
141 685
141 724
141 732
141 735
142 152
142 153
142 158
142 161
142 163
142 293
142 295
142 481
142 484
142 490
142 495
142 502
142 503
142 504
142 511
142 547
142 551
142 552
142 562
142 566
142 570
142 571
142 599
142 600
142 607
142 610
142 639
142 640
142 645
142 648
142 650
142 653
142 674
142 676
142 680
142 735
143 145
143 147
143 150
143 154
143 156
143 164
143 291
143 292
143 483
143 484
143 486
143 490
143 496
143 499
143 501
143 504
143 506
143 507
143 509
143 511
143 544
143 546
143 548
143 556
143 557
143 558
143 559
143 564
143 567
143 601
143 603
143 604
143 606
143 611
143 637
143 639
143 642
143 645
143 646
143 647
143 648
143 674
143 681
143 683
143 684
143 686
143 724
143 727
143 728
143 729
143 732
144 145
144 147
144 149
144 150
144 152
144 153
144 157
144 161
144 292
144 294
144 484
144 487
144 489
144 490
144 494
144 495
144 497
144 506
144 507
144 508
144 509
144 545
144 546
144 547
144 548
144 552
144 553
144 555
144 558
144 563
144 564
144 565
144 567
144 568
144 569
144 601
144 602
144 606
144 608
144 609
144 611
144 643
144 648
144 649
144 650
144 651
144 653
144 677
144 678
144 679
144 681
144 684
144 685
144 727
144 729
144 731
144 732
144 734
144 736
144 765
145 146
145 150
145 151
145 152
145 154
145 155
145 156
145 157
145 160
145 169
145 294
145 295
145 482
145 484
145 487
145 488
145 489
145 494
145 496
145 500
145 504
145 507
145 509
145 511
145 512
145 545
145 547
145 549
145 551
145 552
145 555
145 556
145 558
145 560
145 562
145 563
145 567
145 568
145 569
145 570
145 600
145 602
145 604
145 605
145 606
145 607
145 609
145 610
145 611
145 641
145 644
145 649
145 652
145 653
145 678
145 679
145 680
145 682
145 685
145 725
145 727
145 731
145 736
146 148
146 154
146 155
146 156
146 157
146 158
146 159
146 160
146 162
146 163
146 291
146 293
146 294
146 333
146 482
146 487
146 488
146 489
146 493
146 494
146 495
146 496
146 497
146 499
146 500
146 502
146 503
146 505
146 509
146 510
146 548
146 549
146 550
146 551
146 552
146 553
146 554
146 555
146 560
146 562
146 566
146 567
146 569
146 570
146 598
146 599
146 602
146 604
146 605
146 606
146 607
146 609
146 610
146 638
146 639
146 641
146 642
146 643
146 644
146 645
146 647
146 648
146 650
146 652
146 654
146 676
146 678
146 680
146 681
146 682
146 684
146 724
146 725
146 726
146 727
146 729
146 731
146 732
146 733
147 150
147 153
147 154
147 157
147 159
147 160
147 161
147 162
147 163
147 164
147 292
147 293
147 294
147 328
147 407
147 481
147 482
147 483
147 484
147 486
147 487
147 489
147 490
147 491
147 493
147 494
147 496
147 497
147 498
147 499
147 500
147 501
147 502
147 503
147 505
147 506
147 507
147 508
147 510
147 543
147 548
147 549
147 552
147 553
147 555
147 557
147 558
147 559
147 560
147 561
147 562
147 564
147 565
147 567
147 569
147 570
147 571
147 598
147 599
147 600
147 602
147 603
147 604
147 606
147 608
147 610
147 611
147 639
147 641
147 642
147 645
147 646
147 647
147 649
147 650
147 651
147 652
147 675
147 677
147 678
147 679
147 680
147 681
147 683
147 684
147 685
147 728
147 729
147 730
147 732
147 734
148 149
148 151
148 153
148 154
148 155
148 156
148 157
148 158
148 159
148 160
148 161
148 162
148 163
148 164
148 165
148 291
148 292
148 293
148 294
148 295
148 329
148 483
148 485
148 487
148 490
148 491
148 492
148 493
148 494
148 495
148 496
148 498
148 499
148 501
148 502
148 503
148 505
148 506
148 507
148 508
148 510
148 544
148 547
148 548
148 549
148 550
148 551
148 552
148 553
148 556
148 557
148 558
148 559
148 560
148 561
148 562
148 563
148 564
148 565
148 567
148 568
148 569
148 570
148 571
148 600
148 603
148 604
148 606
148 609
148 610
148 611
148 641
148 642
148 644
148 645
148 646
148 648
148 650
148 651
148 652
148 654
148 678
148 680
148 681
148 682
148 683
148 684
148 685
148 723
148 725
148 727
148 728
148 729
148 730
148 731
148 733
148 734
148 735
148 736
149 150
149 151
149 152
149 153
149 154
149 155
149 156
149 157
149 158
149 161
149 162
149 163
149 164
149 294
149 483
149 486
149 488
149 489
149 490
149 491
149 492
149 493
149 495
149 496
149 497
149 498
149 499
149 501
149 502
149 503
149 504
149 505
149 506
149 507
149 509
149 510
149 511
149 512
149 543
149 546
149 548
149 550
149 551
149 552
149 553
149 554
149 556
149 557
149 558
149 559
149 560
149 562
149 564
149 565
149 566
149 567
149 568
149 569
149 570
149 600
149 601
149 602
149 603
149 604
149 605
149 606
149 607
149 608
149 609
149 610
149 641
149 642
149 645
149 648
149 650
149 651
149 652
149 653
149 675
149 677
149 679
149 680
149 682
149 684
149 685
149 726
149 727
149 728
149 729
149 730
149 731
149 732
149 733
149 734
149 765
150 152
150 153
150 154
150 155
150 156
150 157
150 158
150 159
150 160
150 161
150 162
150 163
150 164
150 290
150 294
150 295
150 483
150 484
150 486
150 489
150 490
150 491
150 492
150 493
150 497
150 498
150 499
150 500
150 501
150 502
150 503
150 504
150 505
150 506
150 507
150 508
150 510
150 511
150 544
150 545
150 546
150 547
150 549
150 550
150 551
150 552
150 553
150 554
150 555
150 556
150 557
150 558
150 559
150 560
150 561
150 562
150 563
150 564
150 566
150 567
150 568
150 569
150 570
150 571
150 604
150 605
150 606
150 607
150 608
150 609
150 611
150 637
150 643
150 644
150 645
150 646
150 647
150 648
150 649
150 650
150 652
150 653
150 673
150 678
150 679
150 680
150 683
150 685
150 726
150 727
150 728
150 729
150 730
150 731
150 732
150 733
150 734
150 735
151 152
151 153
151 154
151 155
151 156
151 157
151 158
151 160
151 161
151 162
151 163
151 164
151 294
151 296
151 486
151 488
151 489
151 490
151 491
151 492
151 493
151 496
151 497
151 498
151 500
151 501
151 502
151 503
151 504
151 505
151 506
151 507
151 508
151 509
151 510
151 511
151 548
151 550
151 551
151 552
151 553
151 554
151 555
151 556
151 557
151 558
151 559
151 560
151 561
151 562
151 563
151 564
151 565
151 566
151 567
151 568
151 569
151 570
151 598
151 599
151 603
151 604
151 605
151 606
151 607
151 608
151 609
151 610
151 611
151 640
151 643
151 644
151 645
151 646
151 648
151 649
151 650
151 651
151 652
151 653
151 654
151 675
151 680
151 681
151 682
151 683
151 684
151 685
151 726
151 728
151 729
151 731
151 732
151 733
151 735
152 153
152 154
152 155
152 156
152 157
152 158
152 159
152 160
152 161
152 162
152 163
152 164
152 294
152 295
152 325
152 483
152 486
152 487
152 488
152 489
152 490
152 491
152 492
152 493
152 496
152 497
152 498
152 499
152 500
152 501
152 502
152 504
152 506
152 507
152 508
152 509
152 510
152 511
152 546
152 547
152 548
152 549
152 550
152 552
152 553
152 554
152 555
152 556
152 557
152 558
152 559
152 560
152 561
152 562
152 563
152 564
152 565
152 566
152 567
152 568
152 569
152 570
152 571
152 599
152 602
152 603
152 605
152 606
152 607
152 608
152 609
152 610
152 611
152 641
152 644
152 645
152 646
152 647
152 648
152 649
152 650
152 651
152 652
152 653
152 654
152 655
152 674
152 677
152 680
152 681
152 682
152 683
152 684
152 685
152 726
152 730
152 731
152 732
152 733
152 734
152 735
152 738
152 766
153 154
153 155
153 156
153 157
153 158
153 159
153 160
153 161
153 162
153 163
153 164
153 291
153 293
153 294
153 335
153 400
153 485
153 486
153 488
153 489
153 490
153 491
153 492
153 493
153 496
153 498
153 499
153 500
153 501
153 502
153 503
153 504
153 505
153 506
153 507
153 508
153 509
153 510
153 534
153 544
153 547
153 548
153 549
153 551
153 552
153 553
153 554
153 555
153 556
153 557
153 558
153 559
153 560
153 561
153 562
153 563
153 564
153 565
153 566
153 567
153 568
153 569
153 570
153 571
153 602
153 604
153 605
153 606
153 607
153 608
153 609
153 610
153 611
153 612
153 640
153 642
153 643
153 646
153 647
153 648
153 649
153 650
153 651
153 652
153 653
153 675
153 676
153 677
153 678
153 679
153 680
153 681
153 682
153 683
153 684
153 685
153 728
153 729
153 730
153 731
153 732
153 733
153 734
153 735
153 736
154 155
154 156
154 157
154 158
154 159
154 160
154 161
154 162
154 163
154 164
154 292
154 293
154 294
154 295
154 296
154 482
154 483
154 484
154 485
154 487
154 488
154 489
154 490
154 491
154 492
154 493
154 494
154 495
154 496
154 497
154 498
154 499
154 500
154 501
154 502
154 503
154 504
154 506
154 507
154 508
154 509
154 510
154 511
154 544
154 546
154 547
154 548
154 549
154 550
154 551
154 553
154 554
154 556
154 557
154 558
154 559
154 560
154 561
154 562
154 563
154 564
154 565
154 566
154 567
154 568
154 569
154 570
154 571
154 598
154 601
154 603
154 604
154 606
154 608
154 609
154 610
154 611
154 612
154 639
154 640
154 644
154 645
154 646
154 647
154 648
154 649
154 650
154 651
154 652
154 653
154 674
154 678
154 679
154 681
154 682
154 683
154 684
154 685
154 686
154 726
154 727
154 728
154 729
154 730
154 731
154 732
154 733
154 734
154 735
154 736
154 765
154 766
155 156
155 157
155 158
155 159
155 160
155 161
155 162
155 164
155 291
155 294
155 295
155 322
155 481
155 482
155 484
155 485
155 487
155 488
155 489
155 490
155 491
155 492
155 493
155 494
155 495
155 496
155 497
155 498
155 499
155 500
155 501
155 502
155 503
155 504
155 506
155 507
155 508
155 509
155 510
155 511
155 512
155 546
155 548
155 550
155 552
155 553
155 554
155 555
155 556
155 557
155 558
155 559
155 560
155 561
155 562
155 563
155 564
155 565
155 566
155 567
155 568
155 569
155 570
155 571
155 585
155 602
155 603
155 605
155 606
155 607
155 608
155 609
155 610
155 611
155 612
155 640
155 641
155 642
155 643
155 644
155 645
155 646
155 647
155 648
155 649
155 650
155 651
155 653
155 654
155 674
155 675
155 676
155 679
155 680
155 681
155 682
155 683
155 684
155 685
155 686
155 727
155 728
155 731
155 733
155 734
155 735
156 157
156 158
156 159
156 160
156 161
156 162
156 163
156 164
156 290
156 291
156 292
156 293
156 294
156 296
156 484
156 487
156 488
156 490
156 491
156 492
156 493
156 494
156 495
156 496
156 497
156 499
156 500
156 501
156 502
156 503
156 504
156 505
156 506
156 507
156 508
156 509
156 510
156 511
156 513
156 544
156 548
156 549
156 550
156 552
156 553
156 554
156 555
156 557
156 558
156 559
156 560
156 561
156 562
156 563
156 564
156 565
156 566
156 567
156 568
156 569
156 570
156 571
156 600
156 602
156 603
156 605
156 606
156 607
156 608
156 609
156 610
156 611
156 612
156 638
156 642
156 644
156 645
156 646
156 647
156 648
156 649
156 650
156 651
156 652
156 653
156 654
156 675
156 678
156 679
156 680
156 681
156 682
156 683
156 684
156 685
156 725
156 726
156 727
156 728
156 730
156 731
156 732
156 733
156 734
156 735
156 736
156 737
157 158
157 159
157 160
157 162
157 163
157 164
157 291
157 292
157 293
157 294
157 485
157 487
157 488
157 489
157 491
157 492
157 493
157 494
157 495
157 497
157 498
157 499
157 501
157 502
157 504
157 505
157 506
157 507
157 508
157 509
157 510
157 511
157 547
157 549
157 551
157 552
157 553
157 554
157 555
157 556
157 557
157 558
157 559
157 560
157 561
157 562
157 563
157 564
157 565
157 566
157 567
157 568
157 569
157 570
157 571
157 572
157 573
157 601
157 602
157 605
157 606
157 607
157 608
157 609
157 610
157 611
157 644
157 645
157 646
157 647
157 648
157 649
157 650
157 651
157 652
157 653
157 679
157 680
157 681
157 682
157 683
157 684
157 687
157 704
157 726
157 727
157 728
157 729
157 731
157 732
157 733
157 734
158 159
158 160
158 161
158 163
158 164
158 277
158 292
158 293
158 294
158 349
158 482
158 484
158 486
158 489
158 490
158 491
158 492
158 494
158 495
158 496
158 497
158 498
158 499
158 500
158 501
158 502
158 503
158 504
158 505
158 507
158 508
158 509
158 510
158 511
158 512
158 513
158 514
158 546
158 551
158 552
158 553
158 554
158 555
158 556
158 557
158 558
158 559
158 560
158 561
158 562
158 563
158 564
158 565
158 566
158 567
158 568
158 569
158 570
158 571
158 600
158 604
158 606
158 607
158 609
158 611
158 638
158 640
158 643
158 644
158 647
158 648
158 649
158 650
158 651
158 652
158 654
158 655
158 678
158 679
158 680
158 681
158 682
158 683
158 684
158 685
158 686
158 725
158 726
158 729
158 730
158 731
158 732
158 733
158 734
158 735
159 160
159 161
159 162
159 164
159 165
159 178
159 292
159 293
159 294
159 448
159 484
159 485
159 487
159 488
159 489
159 490
159 491
159 492
159 493
159 495
159 497
159 498
159 499
159 500
159 501
159 502
159 503
159 504
159 505
159 506
159 507
159 508
159 509
159 510
159 511
159 512
159 544
159 547
159 549
159 550
159 551
159 553
159 554
159 555
159 556
159 557
159 558
159 559
159 560
159 561
159 562
159 563
159 564
159 565
159 566
159 567
159 568
159 569
159 570
159 571
159 600
159 601
159 604
159 605
159 606
159 607
159 608
159 609
159 610
159 611
159 644
159 645
159 646
159 647
159 648
159 649
159 650
159 651
159 652
159 653
159 659
159 677
159 678
159 679
159 680
159 681
159 682
159 683
159 684
159 728
159 729
159 731
159 733
159 734
160 161
160 162
160 163
160 164
160 293
160 483
160 484
160 485
160 487
160 488
160 489
160 490
160 491
160 492
160 493
160 496
160 498
160 499
160 500
160 501
160 502
160 503
160 504
160 505
160 508
160 509
160 510
160 511
160 513
160 546
160 549
160 551
160 552
160 553
160 555
160 556
160 557
160 558
160 559
160 560
160 561
160 562
160 563
160 564
160 565
160 566
160 567
160 568
160 569
160 570
160 571
160 600
160 602
160 604
160 605
160 606
160 607
160 608
160 609
160 610
160 611
160 640
160 642
160 643
160 644
160 646
160 647
160 648
160 649
160 650
160 651
160 652
160 653
160 654
160 675
160 677
160 678
160 682
160 683
160 684
160 685
160 686
160 727
160 729
160 730
160 731
160 732
160 734
160 735
160 736
160 778
161 162
161 163
161 164
161 165
161 292
161 293
161 296
161 329
161 483
161 484
161 486
161 487
161 488
161 489
161 490
161 491
161 492
161 493
161 494
161 496
161 497
161 498
161 499
161 500
161 501
161 502
161 503
161 504
161 505
161 506
161 507
161 508
161 509
161 510
161 511
161 544
161 545
161 547
161 548
161 549
161 550
161 552
161 553
161 554
161 555
161 556
161 557
161 558
161 559
161 560
161 561
161 562
161 563
161 564
161 565
161 566
161 567
161 568
161 569
161 570
161 600
161 601
161 603
161 606
161 607
161 608
161 609
161 610
161 611
161 612
161 640
161 643
161 644
161 645
161 646
161 647
161 648
161 649
161 650
161 651
161 652
161 653
161 673
161 679
161 681
161 682
161 683
161 684
161 685
161 727
161 729
161 730
161 732
161 733
161 734
161 735
161 736
161 762
161 765
161 766
162 163
162 164
162 165
162 229
162 481
162 483
162 484
162 486
162 487
162 488
162 489
162 490
162 491
162 492
162 493
162 494
162 495
162 496
162 497
162 498
162 499
162 500
162 501
162 502
162 503
162 505
162 507
162 508
162 509
162 510
162 511
162 512
162 545
162 546
162 547
162 548
162 549
162 551
162 552
162 553
162 554
162 555
162 556
162 557
162 558
162 559
162 560
162 561
162 562
162 563
162 564
162 565
162 566
162 567
162 568
162 569
162 570
162 571
162 603
162 604
162 605
162 606
162 607
162 608
162 610
162 611
162 612
162 637
162 638
162 641
162 642
162 643
162 644
162 645
162 646
162 648
162 649
162 650
162 651
162 652
162 653
162 654
162 676
162 678
162 681
162 682
162 684
162 685
162 686
162 728
162 729
162 730
162 731
162 732
162 733
162 734
162 735
162 736
163 164
163 166
163 237
163 291
163 292
163 293
163 294
163 329
163 449
163 487
163 488
163 489
163 490
163 491
163 492
163 494
163 495
163 496
163 497
163 498
163 499
163 500
163 501
163 504
163 505
163 506
163 507
163 508
163 509
163 510
163 511
163 512
163 545
163 547
163 548
163 549
163 550
163 551
163 552
163 553
163 554
163 555
163 556
163 557
163 558
163 559
163 560
163 561
163 562
163 563
163 564
163 565
163 566
163 567
163 568
163 569
163 570
163 603
163 605
163 606
163 607
163 609
163 610
163 611
163 612
163 641
163 642
163 643
163 644
163 645
163 646
163 648
163 649
163 650
163 651
163 652
163 653
163 654
163 667
163 674
163 677
163 678
163 680
163 681
163 683
163 684
163 685
163 686
163 729
163 730
163 731
163 732
163 733
163 734
163 735
163 737
164 165
164 409
164 483
164 484
164 486
164 488
164 489
164 491
164 493
164 499
164 500
164 501
164 502
164 503
164 504
164 505
164 506
164 507
164 508
164 510
164 511
164 512
164 548
164 549
164 551
164 552
164 553
164 554
164 555
164 556
164 557
164 558
164 559
164 560
164 561
164 562
164 563
164 564
164 565
164 566
164 567
164 568
164 569
164 570
164 571
164 598
164 599
164 603
164 604
164 606
164 609
164 610
164 639
164 645
164 647
164 648
164 649
164 650
164 651
164 654
164 678
164 679
164 684
164 685
164 686
164 727
164 728
164 729
164 731
164 732
164 733
164 734
164 735
165 166
165 292
165 335
165 436
165 482
165 558
165 560
165 562
165 563
165 564
165 565
165 566
165 567
165 568
165 569
165 570
165 571
165 606
165 608
165 642
165 651
165 683
165 730
165 732
165 733
165 734
166 561
166 563
166 566
166 567
166 568
166 569
166 570
166 571
166 620
166 684
167 496
167 568
167 570
167 666
167 677
167 682
168 618
168 658
170 610
171 493
171 565
172 513
172 569
173 546
175 571
176 554
176 566
177 490
177 565
177 570
178 488
178 567
178 613
178 655
179 551
179 565
179 570
179 571
179 611
179 641
180 449
180 770
193 567
193 686
194 435
194 567
194 570
195 298
205 571
214 484
216 511
217 570
223 561
224 563
224 570
225 570
226 615
230 569
232 573
233 562
235 572
236 568
238 557
238 563
238 568
239 567
239 570
240 360
240 560
240 567
254 564
259 568
269 571
273 567
274 462
283 686
284 560
284 561
284 570
285 507
285 565
286 573
289 675
289 681
289 725
289 731
290 490
290 501
290 502
290 504
290 560
290 564
290 570
290 604
290 605
290 642
290 648
290 652
290 674
290 675
290 723
290 725
290 726
290 734
290 766
291 294
291 483
291 495
291 498
291 499
291 502
291 504
291 509
291 510
291 561
291 563
291 565
291 566
291 601
291 602
291 603
291 649
291 650
291 651
291 674
291 680
291 683
291 728
291 732
291 735
291 766
292 294
292 482
292 483
292 485
292 489
292 491
292 492
292 495
292 498
292 499
292 504
292 508
292 510
292 511
292 550
292 555
292 556
292 558
292 560
292 563
292 566
292 567
292 570
292 571
292 600
292 603
292 605
292 607
292 608
292 640
292 641
292 642
292 644
292 645
292 649
292 651
292 679
292 680
292 682
292 725
292 728
292 730
292 731
292 734
292 735
293 294
293 482
293 485
293 488
293 489
293 491
293 492
293 495
293 497
293 501
293 505
293 506
293 507
293 510
293 545
293 548
293 549
293 550
293 552
293 553
293 556
293 559
293 561
293 562
293 565
293 568
293 569
293 570
293 599
293 602
293 604
293 605
293 606
293 607
293 610
293 641
293 642
293 643
293 644
293 647
293 648
293 649
293 650
293 651
293 677
293 678
293 681
293 682
293 683
293 685
293 729
293 730
293 731
293 732
293 733
294 447
294 486
294 487
294 488
294 490
294 491
294 492
294 494
294 497
294 499
294 501
294 505
294 506
294 508
294 511
294 512
294 544
294 547
294 549
294 551
294 552
294 554
294 555
294 557
294 558
294 561
294 562
294 564
294 566
294 571
294 600
294 603
294 606
294 609
294 610
294 611
294 646
294 650
294 653
294 674
294 676
294 679
294 680
294 681
294 683
294 684
294 724
294 726
294 729
294 730
294 731
294 732
294 734
295 485
295 491
295 494
295 496
295 499
295 501
295 504
295 507
295 550
295 555
295 559
295 561
295 564
295 565
295 567
295 568
295 569
295 570
295 603
295 606
295 610
295 611
295 642
295 650
295 682
295 685
295 724
295 730
295 731
295 735
296 492
296 508
296 559
296 562
296 564
296 567
296 568
296 570
296 605
296 650
297 549
297 566
297 567
297 569
297 570
297 571
297 612
297 641
297 739
298 570
298 572
298 681
299 732
315 470
318 568
322 483
322 562
322 570
323 566
323 568
323 569
323 570
324 330
324 570
325 619
328 506
328 549
328 555
328 605
328 606
328 648
329 561
329 562
329 568
329 570
329 650
330 501
330 562
330 566
330 567
330 570
331 338
331 567
331 774
333 560
333 568
333 650
334 491
334 500
334 503
334 509
334 561
334 565
335 562
335 563
335 567
335 568
335 608
336 515
336 566
336 571
337 655
344 569
346 567
347 568
348 687
349 568
350 568
350 571
350 740
351 517
352 569
357 565
357 568
358 569
359 570
361 565
361 621
370 570
371 739
379 570
385 564
387 503
387 565
388 567
389 568
389 571
390 557
401 568
401 569
402 417
402 569
408 566
408 570
409 499
409 571
412 571
413 566
415 697
416 731
417 569
430 656
433 493
434 567
434 603
437 569
438 574
447 552
448 552
448 565
448 570
449 469
450 769
453 567
454 569
468 568
469 567
471 569
472 569
473 570
477 514
479 562
479 571
480 490
480 564
480 602
481 487
481 495
481 501
481 552
481 567
481 568
481 640
481 647
481 675
481 683
481 728
481 731
481 766
482 483
482 487
482 488
482 492
482 496
482 502
482 503
482 506
482 507
482 510
482 511
482 512
482 537
482 548
482 552
482 557
482 565
482 566
482 570
482 598
482 599
482 601
482 603
482 608
482 610
482 640
482 648
482 649
482 678
482 684
482 685
482 728
483 488
483 489
483 492
483 494
483 495
483 496
483 498
483 499
483 500
483 501
483 502
483 503
483 505
483 510
483 511
483 547
483 548
483 550
483 553
483 554
483 557
483 559
483 563
483 565
483 567
483 569
483 571
483 602
483 604
483 608
483 609
483 611
483 638
483 641
483 644
483 647
483 649
483 650
483 651
483 653
483 675
483 683
483 731
484 485
484 490
484 491
484 493
484 495
484 496
484 497
484 500
484 502
484 503
484 507
484 510
484 511
484 512
484 548
484 551
484 553
484 554
484 556
484 560
484 565
484 566
484 567
484 568
484 570
484 603
484 604
484 606
484 609
484 611
484 640
484 641
484 642
484 644
484 645
484 647
484 651
484 652
484 653
484 677
484 678
484 681
484 682
484 683
484 724
484 727
484 728
484 731
484 733
484 734
485 486
485 487
485 489
485 490
485 491
485 493
485 494
485 496
485 497
485 498
485 501
485 502
485 504
485 505
485 506
485 507
485 508
485 509
485 548
485 550
485 553
485 555
485 560
485 561
485 562
485 568
485 569
485 570
485 599
485 600
485 602
485 604
485 605
485 607
485 608
485 609
485 610
485 611
485 644
485 645
485 647
485 648
485 649
485 652
485 673
485 674
485 676
485 678
485 680
485 681
485 682
485 685
485 725
485 726
485 727
485 728
485 730
485 731
485 732
485 733
485 734
485 735
485 774
486 487
486 489
486 490
486 492
486 494
486 495
486 496
486 497
486 498
486 499
486 500
486 501
486 503
486 504
486 505
486 506
486 507
486 508
486 509
486 510
486 511
486 545
486 546
486 547
486 549
486 550
486 554
486 555
486 556
486 557
486 558
486 559
486 560
486 563
486 564
486 565
486 566
486 567
486 569
486 570
486 571
486 584
486 600
486 601
486 603
486 605
486 608
486 609
486 610
486 644
486 646
486 647
486 648
486 649
486 650
486 651
486 652
486 653
486 654
486 675
486 679
486 680
486 681
486 682
486 683
486 684
486 726
486 727
486 730
486 731
486 732
486 733
486 734
486 735
487 489
487 490
487 491
487 492
487 494
487 495
487 496
487 497
487 498
487 499
487 500
487 503
487 504
487 505
487 506
487 507
487 508
487 509
487 512
487 543
487 546
487 548
487 552
487 553
487 554
487 557
487 558
487 559
487 562
487 564
487 565
487 567
487 568
487 570
487 601
487 603
487 604
487 605
487 606
487 607
487 608
487 609
487 610
487 611
487 639
487 640
487 641
487 642
487 644
487 646
487 647
487 650
487 651
487 653
487 675
487 677
487 678
487 679
487 680
487 682
487 683
487 685
487 725
487 727
487 728
487 729
487 731
487 734
487 735
488 491
488 492
488 495
488 497
488 498
488 499
488 500
488 501
488 502
488 503
488 504
488 505
488 506
488 507
488 508
488 509
488 510
488 511
488 512
488 545
488 546
488 548
488 549
488 550
488 551
488 552
488 553
488 554
488 556
488 557
488 560
488 562
488 563
488 564
488 565
488 566
488 567
488 568
488 569
488 570
488 571
488 601
488 603
488 605
488 608
488 610
488 611
488 640
488 642
488 644
488 645
488 646
488 648
488 649
488 651
488 652
488 653
488 654
488 676
488 680
488 683
488 685
488 686
488 725
488 727
488 729
488 730
488 731
488 732
488 733
488 734
489 493
489 494
489 495
489 499
489 500
489 501
489 502
489 503
489 504
489 505
489 506
489 508
489 509
489 510
489 546
489 549
489 551
489 552
489 553
489 554
489 555
489 556
489 557
489 559
489 560
489 561
489 562
489 563
489 564
489 565
489 566
489 567
489 569
489 570
489 571
489 600
489 601
489 603
489 604
489 606
489 607
489 608
489 609
489 610
489 611
489 612
489 641
489 642
489 643
489 645
489 646
489 647
489 648
489 649
489 650
489 651
489 652
489 653
489 655
489 676
489 677
489 678
489 679
489 682
489 683
489 684
489 685
489 726
489 727
489 728
489 731
489 732
489 733
489 734
489 735
489 736
490 491
490 492
490 495
490 496
490 497
490 498
490 500
490 501
490 503
490 505
490 507
490 508
490 509
490 510
490 511
490 512
490 546
490 547
490 549
490 550
490 551
490 552
490 553
490 554
490 555
490 556
490 557
490 558
490 559
490 560
490 561
490 562
490 563
490 565
490 566
490 567
490 568
490 569
490 570
490 571
490 601
490 602
490 604
490 605
490 607
490 608
490 609
490 610
490 611
490 614
490 641
490 643
490 645
490 646
490 647
490 649
490 650
490 651
490 652
490 653
490 655
490 676
490 678
490 679
490 681
490 682
490 683
490 684
490 685
490 687
490 727
490 728
490 729
490 730
490 731
490 732
490 733
490 734
490 735
490 773
491 492
491 493
491 494
491 496
491 497
491 498
491 499
491 500
491 501
491 502
491 503
491 504
491 505
491 506
491 508
491 509
491 510
491 511
491 512
491 549
491 550
491 551
491 552
491 553
491 554
491 555
491 556
491 557
491 558
491 559
491 560
491 561
491 562
491 563
491 564
491 565
491 566
491 567
491 568
491 569
491 570
491 571
491 601
491 602
491 604
491 605
491 606
491 607
491 608
491 609
491 610
491 611
491 637
491 643
491 644
491 645
491 646
491 647
491 648
491 649
491 650
491 651
491 652
491 653
491 675
491 677
491 678
491 679
491 680
491 681
491 682
491 683
491 684
491 685
491 686
491 687
491 726
491 727
491 728
491 729
491 732
491 733
491 734
491 735
491 736
492 493
492 494
492 495
492 496
492 497
492 498
492 499
492 501
492 502
492 503
492 504
492 506
492 507
492 510
492 512
492 548
492 549
492 551
492 552
492 553
492 554
492 555
492 556
492 557
492 558
492 560
492 561
492 562
492 563
492 564
492 565
492 566
492 567
492 568
492 569
492 570
492 571
492 601
492 602
492 604
492 606
492 607
492 608
492 609
492 610
492 611
492 641
492 642
492 643
492 645
492 647
492 648
492 649
492 650
492 651
492 652
492 653
492 679
492 680
492 681
492 682
492 683
492 684
492 685
492 725
492 728
492 730
492 731
492 732
492 733
492 734
492 735
492 766
493 494
493 495
493 496
493 497
493 498
493 499
493 500
493 501
493 503
493 505
493 506
493 508
493 509
493 510
493 511
493 547
493 548
493 549
493 552
493 554
493 555
493 556
493 557
493 558
493 559
493 560
493 561
493 562
493 563
493 564
493 565
493 566
493 567
493 568
493 569
493 570
493 571
493 603
493 604
493 605
493 606
493 607
493 608
493 609
493 610
493 611
493 638
493 644
493 649
493 651
493 654
493 672
493 678
493 680
493 681
493 682
493 683
493 684
493 685
493 686
493 724
493 726
493 727
493 728
493 730
493 731
493 732
493 733
493 734
493 735
493 736
493 737
493 767
494 495
494 496
494 498
494 499
494 500
494 501
494 502
494 503
494 504
494 549
494 550
494 551
494 552
494 554
494 556
494 557
494 558
494 560
494 561
494 562
494 563
494 564
494 565
494 566
494 567
494 568
494 569
494 570
494 572
494 598
494 602
494 604
494 605
494 606
494 607
494 609
494 610
494 611
494 640
494 641
494 642
494 644
494 646
494 647
494 648
494 650
494 651
494 652
494 653
494 675
494 678
494 679
494 680
494 681
494 684
494 685
494 724
494 727
494 728
494 730
494 731
494 732
494 733
494 734
494 735
494 736
494 761
495 499
495 500
495 502
495 503
495 504
495 505
495 506
495 507
495 508
495 509
495 510
495 511
495 512
495 548
495 549
495 550
495 551
495 552
495 553
495 554
495 555
495 556
495 557
495 558
495 560
495 562
495 563
495 564
495 565
495 566
495 567
495 568
495 570
495 571
495 601
495 603
495 604
495 606
495 607
495 610
495 639
495 644
495 645
495 646
495 647
495 648
495 649
495 650
495 651
495 652
495 676
495 677
495 679
495 680
495 681
495 682
495 683
495 685
495 686
495 701
495 726
495 727
495 728
495 734
495 736
496 497
496 498
496 499
496 500
496 501
496 502
496 503
496 504
496 506
496 507
496 508
496 509
496 510
496 511
496 544
496 548
496 549
496 550
496 551
496 552
496 554
496 555
496 556
496 559
496 560
496 561
496 564
496 565
496 566
496 567
496 568
496 569
496 571
496 598
496 600
496 601
496 602
496 603
496 604
496 605
496 606
496 607
496 608
496 609
496 610
496 611
496 640
496 641
496 644
496 645
496 647
496 648
496 649
496 650
496 651
496 652
496 653
496 675
496 677
496 678
496 679
496 680
496 682
496 683
496 684
496 689
496 723
496 725
496 726
496 728
496 729
496 731
496 732
496 733
497 498
497 499
497 500
497 501
497 503
497 504
497 505
497 506
497 507
497 508
497 510
497 545
497 548
497 549
497 550
497 552
497 553
497 554
497 555
497 556
497 557
497 558
497 560
497 561
497 562
497 563
497 564
497 566
497 567
497 569
497 598
497 599
497 602
497 605
497 606
497 611
497 612
497 641
497 644
497 645
497 646
497 647
497 648
497 649
497 650
497 651
497 652
497 653
497 654
497 674
497 676
497 677
497 678
497 679
497 682
497 683
497 684
497 685
497 726
497 727
497 728
497 729
497 730
497 733
497 735
497 736
498 499
498 500
498 501
498 502
498 504
498 505
498 506
498 507
498 508
498 509
498 510
498 511
498 545
498 546
498 547
498 549
498 550
498 551
498 552
498 553
498 554
498 555
498 556
498 557
498 559
498 560
498 561
498 562
498 563
498 564
498 565
498 566
498 567
498 568
498 569
498 570
498 571
498 603
498 604
498 605
498 606
498 609
498 610
498 611
498 640
498 642
498 644
498 645
498 646
498 647
498 648
498 649
498 650
498 652
498 653
498 679
498 680
498 681
498 682
498 683
498 685
498 725
498 728
498 729
498 731
498 732
498 733
498 734
498 735
499 500
499 501
499 502
499 503
499 504
499 506
499 507
499 508
499 509
499 510
499 511
499 549
499 550
499 551
499 552
499 553
499 554
499 555
499 557
499 558
499 559
499 560
499 561
499 562
499 563
499 564
499 565
499 566
499 567
499 568
499 569
499 570
499 571
499 598
499 601
499 602
499 604
499 605
499 606
499 608
499 609
499 611
499 640
499 642
499 645
499 647
499 648
499 649
499 650
499 651
499 652
499 653
499 654
499 674
499 675
499 676
499 677
499 679
499 680
499 681
499 682
499 683
499 684
499 685
499 686
499 725
499 727
499 728
499 729
499 731
499 732
499 733
499 734
499 735
499 736
500 501
500 504
500 505
500 506
500 507
500 508
500 509
500 510
500 512
500 546
500 547
500 548
500 550
500 551
500 552
500 553
500 554
500 555
500 556
500 557
500 558
500 559
500 560
500 561
500 562
500 563
500 564
500 565
500 566
500 567
500 568
500 569
500 570
500 599
500 601
500 603
500 604
500 606
500 607
500 608
500 609
500 610
500 611
500 639
500 641
500 643
500 644
500 646
500 647
500 648
500 649
500 650
500 651
500 652
500 653
500 654
500 679
500 680
500 681
500 682
500 683
500 684
500 685
500 726
500 727
500 728
500 729
500 730
500 731
500 732
500 733
500 734
500 735
500 736
500 761
501 502
501 503
501 504
501 505
501 506
501 507
501 508
501 509
501 511
501 512
501 545
501 547
501 548
501 549
501 550
501 551
501 552
501 553
501 554
501 555
501 556
501 557
501 558
501 559
501 560
501 561
501 562
501 563
501 564
501 565
501 566
501 567
501 568
501 569
501 570
501 571
501 601
501 603
501 604
501 605
501 606
501 607
501 608
501 609
501 610
501 611
501 637
501 639
501 640
501 643
501 646
501 647
501 648
501 649
501 650
501 651
501 652
501 653
501 654
501 673
501 675
501 677
501 679
501 680
501 681
501 682
501 683
501 684
501 685
501 728
501 730
501 732
501 733
501 734
501 735
501 736
502 503
502 504
502 505
502 506
502 507
502 508
502 509
502 510
502 545
502 547
502 548
502 549
502 550
502 551
502 553
502 554
502 555
502 556
502 557
502 559
502 560
502 561
502 562
502 563
502 564
502 565
502 566
502 567
502 568
502 569
502 570
502 571
502 599
502 602
502 603
502 604
502 605
502 606
502 607
502 608
502 609
502 610
502 611
502 640
502 641
502 642
502 644
502 647
502 648
502 649
502 650
502 651
502 652
502 653
502 655
502 676
502 679
502 681
502 682
502 683
502 684
502 685
502 724
502 727
502 729
502 730
502 732
502 733
502 734
502 735
502 765
502 768
503 504
503 505
503 506
503 510
503 511
503 547
503 548
503 549
503 550
503 551
503 552
503 553
503 554
503 556
503 557
503 558
503 559
503 560
503 561
503 562
503 563
503 564
503 565
503 566
503 567
503 568
503 569
503 570
503 571
503 600
503 602
503 603
503 604
503 605
503 606
503 607
503 608
503 609
503 610
503 611
503 641
503 642
503 644
503 645
503 646
503 647
503 648
503 649
503 650
503 651
503 652
503 653
503 676
503 680
503 681
503 684
503 685
503 686
503 724
503 729
503 731
503 732
503 733
503 734
504 505
504 506
504 507
504 509
504 510
504 511
504 546
504 547
504 548
504 550
504 552
504 553
504 554
504 556
504 557
504 558
504 559
504 560
504 561
504 563
504 564
504 565
504 566
504 567
504 568
504 569
504 570
504 600
504 604
504 605
504 609
504 610
504 611
504 639
504 643
504 644
504 645
504 646
504 647
504 648
504 649
504 650
504 651
504 652
504 676
504 679
504 680
504 682
504 683
504 684
504 685
504 724
504 726
504 729
504 733
504 734
504 736
505 507
505 508
505 509
505 510
505 511
505 512
505 547
505 548
505 549
505 550
505 551
505 552
505 553
505 555
505 558
505 560
505 561
505 562
505 563
505 564
505 565
505 566
505 567
505 568
505 569
505 570
505 571
505 601
505 602
505 604
505 605
505 606
505 607
505 608
505 609
505 610
505 611
505 642
505 643
505 644
505 645
505 646
505 647
505 648
505 649
505 651
505 653
505 655
505 676
505 678
505 682
505 683
505 684
505 686
505 726
505 730
505 731
505 732
505 733
505 734
505 736
505 761
506 507
506 510
506 511
506 544
506 547
506 548
506 549
506 551
506 552
506 553
506 554
506 555
506 556
506 557
506 558
506 559
506 560
506 561
506 562
506 563
506 564
506 565
506 566
506 567
506 568
506 569
506 570
506 571
506 572
506 600
506 605
506 606
506 607
506 608
506 609
506 610
506 611
506 642
506 645
506 646
506 647
506 648
506 649
506 650
506 651
506 652
506 656
506 678
506 679
506 682
506 683
506 684
506 685
506 724
506 729
506 730
506 731
506 732
506 733
506 734
506 735
506 736
507 508
507 509
507 510
507 511
507 516
507 547
507 549
507 550
507 551
507 552
507 554
507 555
507 556
507 557
507 558
507 559
507 560
507 561
507 562
507 563
507 564
507 565
507 566
507 567
507 568
507 569
507 570
507 604
507 605
507 606
507 607
507 608
507 609
507 610
507 640
507 641
507 642
507 643
507 644
507 645
507 646
507 647
507 648
507 649
507 650
507 651
507 652
507 653
507 654
507 673
507 675
507 676
507 678
507 679
507 680
507 681
507 682
507 683
507 684
507 685
507 686
507 727
507 729
507 731
507 732
507 733
507 734
507 735
507 765
508 509
508 510
508 512
508 544
508 547
508 549
508 550
508 551
508 552
508 553
508 554
508 555
508 556
508 557
508 558
508 559
508 560
508 561
508 563
508 564
508 565
508 566
508 567
508 568
508 569
508 570
508 571
508 600
508 601
508 602
508 604
508 605
508 606
508 607
508 608
508 609
508 610
508 611
508 620
508 638
508 640
508 642
508 643
508 645
508 646
508 647
508 648
508 649
508 650
508 651
508 652
508 674
508 677
508 678
508 679
508 680
508 682
508 683
508 684
508 685
508 726
508 727
508 729
508 730
508 732
508 733
508 734
509 510
509 511
509 512
509 514
509 546
509 547
509 548
509 549
509 550
509 551
509 552
509 553
509 554
509 555
509 556
509 557
509 558
509 559
509 560
509 561
509 562
509 563
509 564
509 565
509 566
509 567
509 568
509 569
509 570
509 571
509 601
509 602
509 603
509 604
509 605
509 606
509 607
509 608
509 609
509 610
509 639
509 640
509 641
509 642
509 645
509 646
509 647
509 648
509 649
509 650
509 651
509 652
509 653
509 654
509 676
509 678
509 679
509 681
509 682
509 683
509 684
509 685
509 724
509 727
509 728
509 729
509 730
509 731
509 732
509 733
509 734
509 735
509 736
510 512
510 513
510 545
510 547
510 548
510 551
510 552
510 553
510 554
510 555
510 556
510 557
510 559
510 560
510 561
510 562
510 563
510 564
510 565
510 566
510 567
510 568
510 569
510 570
510 571
510 598
510 600
510 601
510 603
510 604
510 605
510 606
510 607
510 608
510 609
510 610
510 611
510 640
510 641
510 644
510 645
510 646
510 648
510 649
510 650
510 651
510 652
510 653
510 676
510 679
510 681
510 682
510 683
510 685
510 686
510 688
510 725
510 726
510 727
510 728
510 730
510 731
510 732
510 733
510 734
510 735
511 549
511 550
511 552
511 553
511 555
511 556
511 557
511 558
511 559
511 560
511 561
511 562
511 563
511 564
511 565
511 566
511 567
511 568
511 569
511 570
511 571
511 603
511 604
511 606
511 607
511 608
511 609
511 610
511 611
511 639
511 641
511 644
511 645
511 646
511 648
511 649
511 650
511 651
511 652
511 653
511 678
511 682
511 683
511 684
511 685
511 727
511 729
511 733
511 734
511 735
511 736
512 548
512 555
512 558
512 559
512 560
512 561
512 562
512 563
512 564
512 565
512 566
512 567
512 568
512 569
512 570
512 571
512 605
512 608
512 612
512 639
512 641
512 642
512 646
512 648
512 649
512 653
512 676
512 681
512 727
512 728
512 735
512 736
513 557
513 561
513 562
513 563
513 564
513 565
513 566
513 567
513 568
513 569
513 570
513 571
513 654
513 684
514 567
514 568
514 569
514 570
514 606
514 725
515 564
515 572
515 661
517 567
517 739
518 715
531 570
532 570
533 571
535 609
536 571
537 567
537 648
538 653
543 569
543 601
543 730
543 734
544 546
544 549
544 551
544 552
544 561
544 564
544 567
544 601
544 611
544 642
544 645
544 646
544 648
544 675
544 680
544 681
545 546
545 547
545 550
545 555
545 556
545 557
545 558
545 560
545 561
545 563
545 566
545 567
545 600
545 603
545 611
545 644
545 645
545 648
545 650
545 651
545 653
545 673
545 677
545 678
545 679
545 681
545 683
545 684
545 729
545 731
545 732
545 733
545 734
545 735
546 547
546 550
546 552
546 553
546 554
546 556
546 557
546 559
546 560
546 562
546 565
546 569
546 599
546 602
546 609
546 640
546 642
546 643
546 644
546 647
546 648
546 652
546 673
546 676
546 679
546 680
546 684
546 685
546 725
546 726
546 728
546 730
546 733
546 734
546 736
547 548
547 549
547 552
547 553
547 557
547 558
547 559
547 562
547 563
547 566
547 568
547 569
547 570
547 571
547 601
547 602
547 603
547 604
547 608
547 609
547 611
547 639
547 640
547 642
547 645
547 648
547 649
547 650
547 652
547 653
547 659
547 673
547 679
547 681
547 683
547 684
547 725
547 726
547 727
547 728
547 729
547 730
547 732
547 734
548 551
548 553
548 554
548 556
548 560
548 562
548 564
548 566
548 567
548 568
548 569
548 570
548 598
548 600
548 604
548 605
548 606
548 607
548 608
548 609
548 639
548 640
548 642
548 644
548 645
548 646
548 647
548 648
548 650
548 651
548 652
548 653
548 676
548 679
548 682
548 683
548 684
548 685
548 686
548 726
548 727
548 728
548 729
548 730
548 732
548 733
548 734
548 735
548 736
549 551
549 552
549 553
549 554
549 555
549 557
549 558
549 560
549 561
549 563
549 564
549 565
549 566
549 567
549 568
549 569
549 570
549 602
549 603
549 604
549 605
549 608
549 609
549 641
549 642
549 643
549 644
549 645
549 646
549 649
549 651
549 653
549 674
549 675
549 679
549 680
549 681
549 682
549 684
549 685
549 725
549 726
549 729
549 732
549 733
549 734
549 735
550 551
550 552
550 553
550 554
550 556
550 557
550 558
550 559
550 560
550 561
550 562
550 563
550 567
550 568
550 569
550 601
550 605
550 606
550 607
550 610
550 641
550 642
550 643
550 644
550 645
550 646
550 648
550 649
550 651
550 652
550 653
550 654
550 675
550 677
550 678
550 679
550 680
550 681
550 685
550 727
550 729
550 731
550 732
550 734
550 735
550 736
551 552
551 553
551 557
551 558
551 561
551 562
551 563
551 564
551 565
551 566
551 567
551 569
551 570
551 571
551 603
551 604
551 605
551 607
551 608
551 610
551 611
551 638
551 642
551 644
551 647
551 648
551 649
551 650
551 651
551 652
551 653
551 675
551 676
551 677
551 678
551 680
551 681
551 682
551 683
551 684
551 685
551 724
551 726
551 728
551 729
551 732
551 733
551 734
551 735
551 736
552 553
552 554
552 555
552 556
552 557
552 558
552 559
552 560
552 561
552 562
552 563
552 564
552 566
552 567
552 568
552 569
552 570
552 603
552 604
552 605
552 606
552 607
552 608
552 609
552 610
552 611
552 639
552 641
552 644
552 646
552 648
552 649
552 653
552 654
552 675
552 678
552 679
552 681
552 682
552 683
552 684
552 685
552 726
552 728
552 730
552 731
552 732
552 733
552 734
553 554
553 555
553 556
553 557
553 558
553 559
553 560
553 561
553 563
553 565
553 566
553 569
553 570
553 585
553 600
553 601
553 603
553 605
553 606
553 607
553 608
553 609
553 610
553 611
553 641
553 642
553 645
553 646
553 647
553 648
553 650
553 651
553 652
553 654
553 679
553 680
553 681
553 682
553 684
553 685
553 726
553 727
553 728
553 729
553 732
553 733
553 734
553 735
554 555
554 556
554 558
554 559
554 560
554 561
554 562
554 563
554 565
554 566
554 567
554 568
554 569
554 570
554 571
554 599
554 602
554 603
554 604
554 605
554 606
554 607
554 608
554 609
554 610
554 611
554 639
554 641
554 643
554 644
554 645
554 646
554 647
554 648
554 649
554 650
554 651
554 653
554 679
554 681
554 682
554 683
554 684
554 727
554 730
554 733
554 734
554 735
554 736
555 556
555 557
555 558
555 559
555 560
555 561
555 562
555 563
555 564
555 565
555 566
555 567
555 568
555 570
555 571
555 572
555 599
555 603
555 604
555 605
555 606
555 607
555 608
555 609
555 610
555 611
555 638
555 640
555 641
555 646
555 647
555 648
555 649
555 650
555 651
555 652
555 653
555 654
555 676
555 679
555 680
555 681
555 682
555 683
555 684
555 685
555 724
555 725
555 727
555 728
555 731
555 732
555 733
555 734
555 735
556 557
556 558
556 559
556 560
556 561
556 562
556 563
556 564
556 565
556 566
556 567
556 568
556 570
556 571
556 572
556 599
556 601
556 603
556 604
556 605
556 606
556 607
556 608
556 609
556 610
556 611
556 640
556 643
556 645
556 646
556 647
556 648
556 649
556 650
556 651
556 652
556 653
556 654
556 676
556 677
556 679
556 680
556 681
556 682
556 683
556 684
556 685
556 723
556 727
556 729
556 730
556 731
556 732
556 733
556 734
556 735
556 736
556 737
557 558
557 559
557 560
557 561
557 562
557 563
557 564
557 565
557 566
557 567
557 568
557 569
557 570
557 571
557 599
557 601
557 603
557 604
557 605
557 606
557 607
557 608
557 609
557 610
557 611
557 643
557 645
557 646
557 647
557 648
557 649
557 650
557 651
557 652
557 653
557 678
557 679
557 682
557 683
557 684
557 685
557 687
557 724
557 728
557 729
557 730
557 731
557 732
557 733
557 734
557 735
557 766
557 767
558 559
558 560
558 561
558 562
558 563
558 564
558 565
558 566
558 567
558 568
558 569
558 570
558 571
558 572
558 602
558 604
558 605
558 606
558 607
558 608
558 609
558 610
558 611
558 612
558 639
558 641
558 643
558 644
558 647
558 648
558 649
558 650
558 651
558 652
558 653
558 654
558 676
558 678
558 679
558 680
558 681
558 682
558 683
558 684
558 685
558 724
558 729
558 730
558 731
558 732
558 733
558 734
558 735
558 766
558 768
558 776
559 560
559 561
559 562
559 563
559 564
559 565
559 566
559 567
559 568
559 569
559 570
559 571
559 600
559 602
559 603
559 604
559 606
559 607
559 608
559 609
559 610
559 611
559 612
559 619
559 639
559 642
559 644
559 645
559 646
559 647
559 648
559 649
559 650
559 651
559 652
559 653
559 654
559 672
559 675
559 676
559 677
559 679
559 681
559 682
559 683
559 684
559 685
559 700
559 728
559 731
559 732
559 733
559 734
559 735
559 740
559 763
559 765
559 767
559 773
560 561
560 562
560 563
560 564
560 565
560 566
560 567
560 568
560 569
560 570
560 571
560 572
560 599
560 601
560 603
560 605
560 606
560 608
560 609
560 610
560 611
560 612
560 641
560 645
560 646
560 647
560 650
560 651
560 652
560 653
560 654
560 675
560 677
560 678
560 679
560 680
560 681
560 682
560 683
560 685
560 686
560 724
560 727
560 728
560 729
560 730
560 731
560 732
560 733
560 734
560 735
560 736
561 562
561 563
561 564
561 565
561 566
561 567
561 568
561 569
561 570
561 571
561 601
561 602
561 603
561 604
561 605
561 607
561 608
561 609
561 610
561 611
561 639
561 640
561 641
561 643
561 647
561 648
561 649
561 650
561 651
561 652
561 653
561 654
561 655
561 672
561 675
561 677
561 679
561 680
561 681
561 682
561 683
561 684
561 685
561 686
561 700
561 725
561 727
561 728
561 729
561 730
561 731
561 732
561 733
561 734
561 735
561 736
561 761
561 767
562 563
562 564
562 565
562 566
562 567
562 568
562 569
562 570
562 571
562 601
562 602
562 605
562 606
562 607
562 608
562 609
562 610
562 611
562 612
562 613
562 638
562 640
562 642
562 643
562 644
562 645
562 646
562 648
562 649
562 650
562 651
562 652
562 653
562 654
562 674
562 676
562 677
562 678
562 679
562 680
562 681
562 682
562 683
562 684
562 685
562 686
562 687
562 726
562 728
562 729
562 730
562 731
562 732
562 733
562 734
562 735
562 736
562 737
562 759
562 767
563 564
563 565
563 566
563 567
563 568
563 569
563 570
563 571
563 572
563 599
563 601
563 602
563 605
563 607
563 608
563 609
563 610
563 611
563 612
563 643
563 644
563 645
563 646
563 647
563 648
563 649
563 650
563 651
563 652
563 653
563 654
563 655
563 674
563 677
563 678
563 680
563 682
563 684
563 685
563 686
563 688
563 701
563 703
563 727
563 728
563 729
563 730
563 731
563 732
563 733
563 734
563 735
563 736
563 737
563 762
563 765
564 565
564 566
564 567
564 568
564 569
564 570
564 571
564 572
564 601
564 603
564 605
564 606
564 607
564 608
564 609
564 610
564 611
564 612
564 629
564 641
564 642
564 643
564 646
564 647
564 648
564 649
564 650
564 651
564 652
564 653
564 654
564 680
564 681
564 682
564 683
564 684
564 685
564 686
564 687
564 702
564 726
564 728
564 730
564 731
564 732
564 733
564 734
564 735
564 736
564 737
564 767
564 768
565 566
565 567
565 568
565 569
565 570
565 571
565 588
565 600
565 601
565 602
565 603
565 604
565 605
565 607
565 608
565 609
565 610
565 611
565 612
565 613
565 640
565 642
565 644
565 645
565 646
565 647
565 648
565 649
565 650
565 651
565 652
565 653
565 654
565 655
565 656
565 657
565 673
565 677
565 678
565 680
565 682
565 683
565 684
565 685
565 686
565 687
565 701
565 702
565 728
565 729
565 730
565 731
565 732
565 733
565 734
565 736
565 737
565 766
565 768
565 773
566 567
566 568
566 569
566 570
566 571
566 572
566 603
566 604
566 605
566 606
566 607
566 608
566 609
566 610
566 611
566 612
566 639
566 640
566 642
566 643
566 644
566 645
566 646
566 647
566 648
566 649
566 650
566 651
566 652
566 653
566 654
566 655
566 656
566 660
566 673
566 680
566 682
566 683
566 684
566 685
566 686
566 687
566 724
566 725
566 726
566 729
566 730
566 731
566 732
566 733
566 734
566 735
566 736
566 737
566 762
566 767
566 772
566 793
567 568
567 569
567 570
567 571
567 572
567 586
567 602
567 604
567 605
567 606
567 607
567 608
567 609
567 610
567 611
567 612
567 613
567 640
567 643
567 644
567 645
567 646
567 647
567 649
567 650
567 651
567 652
567 653
567 654
567 655
567 673
567 674
567 676
567 677
567 678
567 679
567 680
567 681
567 682
567 683
567 684
567 685
567 686
567 687
567 688
567 696
567 700
567 702
567 727
567 728
567 729
567 731
567 732
567 733
567 734
567 735
567 736
567 737
567 760
567 763
567 767
567 768
567 769
568 569
568 570
568 571
568 572
568 573
568 584
568 593
568 599
568 602
568 604
568 605
568 606
568 607
568 608
568 609
568 610
568 611
568 612
568 613
568 617
568 618
568 638
568 640
568 641
568 644
568 646
568 647
568 648
568 649
568 650
568 651
568 652
568 653
568 654
568 655
568 656
568 660
568 673
568 676
568 678
568 679
568 680
568 681
568 682
568 683
568 684
568 685
568 686
568 687
568 688
568 695
568 701
568 716
568 727
568 728
568 729
568 730
568 732
568 733
568 734
568 735
568 736
568 737
568 738
568 762
568 768
568 770
569 570
569 571
569 572
569 603
569 604
569 605
569 606
569 607
569 608
569 609
569 610
569 611
569 612
569 613
569 639
569 640
569 641
569 643
569 646
569 647
569 648
569 649
569 650
569 651
569 652
569 653
569 654
569 655
569 659
569 660
569 675
569 676
569 677
569 678
569 679
569 680
569 681
569 682
569 683
569 684
569 685
569 686
569 687
569 688
569 689
569 727
569 728
569 729
569 730
569 731
569 732
569 733
569 734
569 735
569 736
569 737
569 738
569 762
569 768
569 769
569 773
569 777
570 571
570 572
570 573
570 599
570 601
570 602
570 603
570 604
570 605
570 606
570 607
570 608
570 609
570 610
570 611
570 612
570 613
570 614
570 639
570 640
570 641
570 643
570 645
570 646
570 648
570 649
570 650
570 651
570 652
570 653
570 654
570 655
570 674
570 675
570 676
570 679
570 680
570 681
570 682
570 683
570 684
570 685
570 686
570 687
570 688
570 689
570 725
570 728
570 729
570 730
570 731
570 732
570 733
570 734
570 735
570 736
570 737
570 739
570 752
570 762
570 766
570 767
570 769
570 771
570 776
571 572
571 600
571 602
571 605
571 606
571 608
571 609
571 610
571 611
571 612
571 613
571 639
571 643
571 644
571 645
571 647
571 649
571 650
571 652
571 653
571 654
571 655
571 673
571 677
571 678
571 680
571 682
571 683
571 684
571 686
571 687
571 688
571 717
571 724
571 725
571 726
571 731
571 732
571 733
571 734
571 743
572 648
572 661
572 684
572 729
572 738
573 614
573 630
573 642
574 594
598 599
598 605
598 678
599 605
599 609
599 611
599 642
599 646
599 647
599 648
599 649
599 651
599 653
599 677
599 678
599 681
599 730
599 734
600 605
600 607
600 639
600 643
600 645
600 650
600 652
600 675
600 676
600 679
600 682
600 724
600 727
600 728
600 730
600 733
600 734
601 603
601 605
601 606
601 638
601 639
601 642
601 643
601 648
601 650
601 652
601 675
601 676
601 678
601 680
601 681
601 683
601 725
601 727
601 733
601 765
602 604
602 605
602 610
602 611
602 638
602 643
602 644
602 647
602 649
602 650
602 651
602 653
602 674
602 677
602 678
602 679
602 682
602 683
602 685
602 726
602 727
602 728
602 729
602 731
602 732
602 733
602 735
603 604
603 605
603 608
603 611
603 638
603 639
603 640
603 641
603 643
603 644
603 646
603 647
603 650
603 651
603 652
603 653
603 674
603 679
603 680
603 683
603 684
603 726
603 730
603 731
603 732
603 733
603 735
604 605
604 606
604 607
604 608
604 609
604 611
604 640
604 646
604 647
604 649
604 650
604 651
604 652
604 653
604 654
604 674
604 678
604 679
604 682
604 683
604 684
604 685
604 725
604 727
604 729
604 730
604 731
604 735
605 607
605 608
605 610
605 611
605 639
605 640
605 641
605 642
605 643
605 644
605 645
605 646
605 647
605 648
605 649
605 650
605 653
605 654
605 674
605 675
605 677
605 678
605 679
605 680
605 681
605 682
605 684
605 685
605 728
605 729
605 730
605 731
605 733
605 735
606 608
606 609
606 610
606 611
606 639
606 641
606 643
606 644
606 647
606 648
606 649
606 650
606 651
606 652
606 673
606 674
606 677
606 678
606 679
606 680
606 681
606 682
606 683
606 685
606 686
606 725
606 727
606 728
606 729
606 730
606 731
606 732
606 735
606 736
606 766
607 608
607 609
607 610
607 611
607 638
607 639
607 643
607 644
607 646
607 647
607 648
607 649
607 650
607 651
607 652
607 675
607 676
607 679
607 680
607 681
607 682
607 683
607 684
607 685
607 727
607 728
607 729
607 730
607 731
607 732
607 733
607 734
607 736
608 609
608 610
608 611
608 642
608 644
608 645
608 646
608 647
608 648
608 649
608 650
608 651
608 652
608 653
608 654
608 676
608 677
608 680
608 681
608 682
608 683
608 685
608 725
608 726
608 729
608 730
608 731
608 732
608 733
608 734
608 735
609 610
609 611
609 641
609 642
609 643
609 644
609 646
609 647
609 648
609 649
609 650
609 651
609 652
609 653
609 675
609 677
609 679
609 680
609 681
609 682
609 683
609 684
609 685
609 726
609 727
609 728
609 729
609 731
609 732
609 734
609 735
610 611
610 644
610 647
610 648
610 649
610 650
610 651
610 652
610 676
610 679
610 681
610 682
610 683
610 684
610 685
610 727
610 728
610 729
610 731
610 733
610 734
610 735
610 736
610 767
611 639
611 642
611 643
611 645
611 646
611 647
611 648
611 649
611 650
611 651
611 652
611 653
611 654
611 679
611 680
611 681
611 682
611 683
611 684
611 685
611 726
611 727
611 729
611 730
611 731
611 732
611 733
611 734
611 735
611 736
612 643
612 650
612 653
612 677
612 735
612 737
612 738
613 735
615 656
617 763
629 678
637 728
638 640
638 643
638 644
638 646
638 647
638 682
638 684
638 730
639 640
639 644
639 646
639 647
639 648
639 650
639 653
639 685
639 731
639 732
639 733
640 641
640 648
640 652
640 678
640 682
640 728
640 729
640 730
640 734
641 645
641 647
641 649
641 650
641 652
641 653
641 677
641 678
641 680
641 681
641 682
641 684
641 725
641 729
641 735
642 643
642 647
642 648
642 649
642 652
642 675
642 677
642 678
642 679
642 680
642 681
642 682
642 683
642 684
642 726
642 727
642 729
642 731
642 732
642 733
642 735
643 644
643 645
643 646
643 648
643 650
643 657
643 681
643 685
643 724
643 725
643 726
643 727
643 731
643 732
643 733
643 734
643 735
644 645
644 646
644 647
644 648
644 650
644 651
644 652
644 653
644 675
644 677
644 679
644 681
644 682
644 683
644 684
644 685
644 725
644 728
644 730
644 731
644 732
644 733
644 734
644 735
645 646
645 648
645 649
645 650
645 651
645 652
645 653
645 676
645 679
645 680
645 682
645 684
645 723
645 726
645 728
645 729
645 730
645 731
645 732
645 733
645 736
646 648
646 651
646 652
646 653
646 654
646 676
646 678
646 679
646 680
646 681
646 682
646 683
646 684
646 685
646 725
646 726
646 728
646 729
646 730
646 731
646 733
646 734
646 736
647 648
647 650
647 651
647 652
647 653
647 654
647 675
647 676
647 680
647 682
647 683
647 684
647 685
647 726
647 727
647 729
647 730
647 733
647 734
647 735
647 736
648 649
648 651
648 652
648 653
648 675
648 676
648 679
648 680
648 681
648 682
648 683
648 684
648 685
648 715
648 729
648 730
648 731
648 732
648 733
648 734
649 650
649 651
649 652
649 653
649 654
649 677
649 680
649 681
649 682
649 683
649 684
649 685
649 714
649 725
649 726
649 727
649 728
649 729
649 731
649 732
649 733
649 734
649 735
650 651
650 652
650 653
650 655
650 683
650 684
650 685
650 686
650 725
650 727
650 728
650 729
650 732
650 733
650 734
650 735
651 652
651 653
651 673
651 677
651 679
651 680
651 682
651 684
651 685
651 686
651 727
651 729
651 731
651 732
651 733
651 734
651 735
652 653
652 654
652 674
652 675
652 677
652 678
652 679
652 680
652 681
652 682
652 683
652 684
652 685
652 686
652 729
652 730
652 731
652 732
652 733
652 734
652 736
652 737
653 674
653 677
653 679
653 680
653 681
653 682
653 683
653 684
653 686
653 725
653 726
653 727
653 729
653 730
653 731
653 732
653 733
653 734
653 735
653 765
654 680
654 682
654 683
654 724
654 727
654 730
654 731
654 734
654 735
655 735
655 738
655 753
657 689
659 680
662 744
672 681
673 681
673 727
674 683
674 725
674 732
674 733
674 734
674 735
675 676
675 681
675 685
675 728
675 733
675 736
676 677
676 678
676 680
676 682
676 685
676 726
676 729
676 733
676 734
676 764
677 679
677 681
677 682
677 683
677 684
677 685
677 728
677 730
677 732
677 734
678 679
678 680
678 681
678 682
678 725
678 727
678 729
678 732
678 735
679 682
679 683
679 684
679 685
679 724
679 725
679 726
679 727
679 729
679 731
679 732
679 733
679 734
679 761
680 681
680 682
680 683
680 725
680 726
680 727
680 729
680 730
680 732
680 733
680 734
680 735
681 683
681 684
681 685
681 724
681 726
681 727
681 730
681 731
681 732
681 734
681 735
682 683
682 684
682 685
682 724
682 726
682 728
682 729
682 730
682 731
682 732
682 733
682 734
682 735
682 766
683 685
683 724
683 727
683 728
683 729
683 730
683 731
683 732
683 733
683 734
683 735
683 736
684 725
684 726
684 728
684 729
684 730
684 731
684 732
684 733
684 734
684 735
684 766
685 686
685 726
685 728
685 729
685 730
685 731
685 732
685 733
685 734
686 728
686 730
686 731
686 733
686 734
686 735
686 766
690 764
694 757
705 777
724 728
724 732
724 734
724 735
724 766
725 731
725 732
725 736
726 730
726 731
726 733
726 734
726 772
727 731
727 732
728 729
728 731
728 732
728 733
728 735
729 730
729 733
729 735
730 731
730 732
730 733
730 734
731 732
731 733
731 734
731 735
732 733
732 734
732 735
733 734
733 735
734 735
734 736
734 737
