1 15
1 23
1 66
1 68
2 3
2 15
2 17
2 18
2 19
2 21
2 22
2 24
2 58
2 59
2 65
2 66
2 67
2 69
3 4
3 13
3 15
3 16
3 17
3 18
3 19
3 20
3 21
3 22
3 23
3 24
3 25
3 58
3 61
3 62
3 64
3 65
3 66
3 67
3 68
4 5
4 6
4 13
4 14
4 17
4 18
4 19
4 20
4 21
4 22
4 23
4 24
4 59
4 61
4 62
4 63
4 66
4 67
4 68
4 69
5 12
5 15
5 16
5 17
5 19
5 20
5 21
5 22
5 23
5 24
5 25
5 59
5 60
5 62
5 63
5 64
5 65
5 66
5 67
5 68
6 16
6 17
6 18
6 19
6 20
6 21
6 22
6 23
6 24
6 61
6 63
6 65
6 67
6 68
6 69
6 70
7 15
7 16
7 18
7 19
7 20
7 21
7 22
7 23
7 24
7 25
7 62
7 67
7 69
7 70
8 20
8 21
8 22
8 23
8 24
8 25
8 67
8 68
8 69
9 20
9 22
9 23
9 67
9 68
9 69
9 70
10 24
10 27
10 38
10 67
10 69
11 58
12 17
12 19
12 24
12 64
13 15
13 16
13 18
13 19
13 20
13 21
13 23
13 24
13 59
13 61
13 63
13 65
13 67
13 68
14 15
14 16
14 17
14 18
14 19
14 20
14 21
14 22
14 23
14 24
14 25
14 60
14 61
14 62
14 63
14 65
14 66
14 67
14 68
14 69
15 16
15 17
15 18
15 19
15 20
15 21
15 22
15 23
15 24
15 25
15 53
15 59
15 60
15 61
15 62
15 63
15 64
15 65
15 66
15 67
15 68
15 69
16 17
16 18
16 19
16 20
16 21
16 22
16 23
16 24
16 25
16 32
16 35
16 53
16 59
16 61
16 62
16 63
16 64
16 65
16 66
16 67
16 68
16 69
17 18
17 19
17 20
17 21
17 22
17 23
17 24
17 25
17 54
17 59
17 60
17 61
17 62
17 63
17 64
17 65
17 66
17 67
17 68
17 69
17 70
18 19
18 20
18 21
18 22
18 23
18 24
18 25
18 26
18 33
18 55
18 60
18 61
18 62
18 63
18 64
18 65
18 66
18 67
18 68
18 69
18 70
19 20
19 21
19 22
19 23
19 24
19 25
19 26
19 33
19 54
19 59
19 61
19 62
19 63
19 64
19 65
19 66
19 67
19 68
19 69
19 70
20 21
20 22
20 23
20 24
20 25
20 26
20 33
20 36
20 54
20 55
20 56
20 59
20 60
20 61
20 62
20 63
20 64
20 65
20 66
20 67
20 68
20 69
20 70
21 22
21 23
21 24
21 25
21 27
21 34
21 35
21 53
21 54
21 55
21 60
21 61
21 62
21 63
21 64
21 65
21 66
21 67
21 68
21 69
21 70
22 23
22 24
22 25
22 26
22 28
22 32
22 35
22 36
22 50
22 53
22 55
22 58
22 59
22 60
22 61
22 62
22 63
22 64
22 65
22 66
22 67
22 68
22 69
22 70
22 71
23 24
23 25
23 26
23 27
23 33
23 34
23 35
23 36
23 41
23 53
23 54
23 56
23 59
23 60
23 61
23 62
23 63
23 64
23 65
23 66
23 67
23 68
23 69
23 70
24 25
24 26
24 31
24 32
24 34
24 35
24 36
24 54
24 55
24 56
24 58
24 60
24 61
24 62
24 63
24 64
24 65
24 66
24 67
24 68
24 69
24 70
24 71
24 72
25 26
25 35
25 36
25 37
25 55
25 59
25 61
25 62
25 63
25 64
25 65
25 66
25 67
25 68
25 69
25 70
25 71
26 27
26 36
26 37
26 60
26 62
26 67
26 68
26 69
26 70
26 71
27 66
27 71
27 72
28 73
30 68
31 69
32 67
33 67
33 68
33 69
34 64
34 68
34 69
35 66
35 67
35 68
36 65
36 68
37 67
37 68
37 72
53 69
54 64
55 66
56 69
57 66
57 70
57 71
58 64
58 65
58 67
59 60
59 63
59 65
59 66
59 67
60 61
60 62
60 63
60 65
60 66
60 67
60 68
60 69
61 62
61 63
61 64
61 65
61 66
61 67
61 68
61 69
62 63
62 64
62 65
62 66
62 67
62 68
62 69
63 64
63 65
63 66
63 67
63 68
63 69
63 70
64 65
64 66
64 67
64 68
64 69
64 71
65 66
65 67
65 68
65 69
66 67
66 68
66 69
67 68
67 69
67 70
68 69
68 70
69 71
70 73
