1 3
1 4
1 5
1 6
1 8
1 16
1 19
1 20
1 63
1 65
1 66
1 67
1 68
1 69
1 70
1 72
1 74
2 3
2 4
2 5
2 6
2 7
2 8
2 10
2 12
2 18
2 37
2 40
2 62
2 63
2 64
2 65
2 66
2 67
2 68
2 69
2 70
2 71
2 72
2 73
2 74
3 4
3 5
3 6
3 7
3 8
3 9
3 17
3 18
3 19
3 35
3 62
3 63
3 64
3 65
3 66
3 67
3 68
3 69
3 70
3 71
3 72
3 73
3 74
3 75
4 5
4 6
4 7
4 8
4 9
4 10
4 18
4 21
4 62
4 63
4 64
4 65
4 66
4 67
4 68
4 69
4 70
4 71
4 72
4 73
4 74
4 75
5 6
5 7
5 8
5 9
5 10
5 11
5 16
5 18
5 19
5 20
5 37
5 38
5 58
5 61
5 62
5 63
5 64
5 65
5 66
5 67
5 68
5 69
5 70
5 71
5 72
5 73
5 74
6 7
6 8
6 9
6 10
6 16
6 17
6 18
6 19
6 20
6 21
6 36
6 37
6 38
6 39
6 62
6 63
6 64
6 65
6 66
6 67
6 68
6 69
6 70
6 71
6 72
6 73
6 74
7 8
7 9
7 10
7 11
7 17
7 18
7 19
7 20
7 21
7 36
7 37
7 38
7 39
7 61
7 62
7 63
7 64
7 65
7 66
7 67
7 68
7 69
7 70
7 71
7 72
7 73
7 74
7 75
8 9
8 10
8 12
8 16
8 18
8 19
8 20
8 21
8 39
8 61
8 62
8 63
8 64
8 65
8 66
8 67
8 68
8 69
8 70
8 71
8 72
8 73
8 74
8 75
8 76
9 10
9 11
9 13
9 18
9 19
9 20
9 21
9 22
9 43
9 50
9 63
9 64
9 65
9 66
9 67
9 68
9 69
9 70
9 71
9 72
9 73
9 74
9 75
9 77
10 14
10 17
10 39
10 41
10 64
10 65
10 66
10 67
10 68
10 69
10 70
10 71
10 72
10 73
10 74
11 17
11 19
11 23
11 34
11 62
11 63
11 66
11 67
11 68
11 69
11 70
11 71
11 72
11 73
11 75
11 76
12 23
12 25
12 66
12 69
12 70
12 71
12 72
12 73
12 74
13 72
13 73
13 74
13 75
13 79
14 42
14 72
15 74
16 42
16 64
16 68
16 69
16 71
16 72
17 19
17 62
17 63
17 64
17 65
17 67
17 68
17 69
17 70
17 71
17 73
17 74
18 20
18 64
18 65
18 66
18 67
18 68
18 69
18 70
18 71
18 72
18 73
18 76
19 20
19 21
19 36
19 39
19 63
19 64
19 65
19 66
19 67
19 68
19 69
19 70
19 71
19 72
19 73
19 75
20 64
20 65
20 66
20 67
20 68
20 69
20 70
20 71
20 72
20 73
20 74
20 77
21 36
21 63
21 65
21 67
21 68
21 69
21 70
21 71
21 72
21 73
21 74
22 23
22 40
22 67
22 70
22 71
22 72
22 73
22 74
22 75
23 73
23 74
23 76
24 73
24 78
34 71
35 78
36 66
36 67
36 69
36 71
36 73
36 75
37 38
37 65
37 66
37 67
37 68
37 70
37 72
37 73
38 39
38 66
38 67
38 68
38 69
38 70
38 71
38 72
38 73
38 74
39 64
39 67
39 69
39 70
39 71
39 72
39 73
39 74
39 75
40 65
40 68
40 69
40 70
40 71
40 73
40 74
41 71
41 72
41 74
41 76
42 72
45 70
45 75
46 73
49 74
50 70
51 77
57 73
59 66
60 74
61 64
61 66
61 70
61 71
61 72
62 63
62 64
62 65
62 66
62 67
62 68
62 69
62 70
62 71
63 64
63 65
63 66
63 67
63 68
63 69
63 70
63 71
63 72
63 73
63 74
63 75
64 65
64 66
64 67
64 68
64 69
64 70
64 71
64 72
64 73
64 74
64 75
64 76
65 66
65 67
65 68
65 69
65 70
65 71
65 72
65 73
65 74
65 75
65 76
66 67
66 68
66 69
66 70
66 71
66 72
66 73
66 74
67 68
67 69
67 70
67 71
67 72
67 73
67 74
67 76
68 69
68 70
68 71
68 72
68 73
68 74
68 75
68 76
69 70
69 71
69 72
69 73
69 74
69 75
70 71
70 72
70 73
70 74
70 75
71 72
71 73
71 74
71 75
71 76
72 73
72 74
72 75
72 76
72 77
73 74
73 75
73 78
74 75
74 77
75 76
