1 13
1 31
1 32
2 50
4 27
5 31
6 14
6 21
6 25
6 27
6 28
6 29
6 30
6 31
7 8
7 10
7 12
7 23
7 24
7 25
7 26
7 28
7 30
7 31
7 32
7 44
7 48
7 49
8 10
8 12
8 13
8 21
8 22
8 23
8 24
8 25
8 26
8 27
8 28
8 29
8 30
8 31
8 35
8 64
9 10
9 13
9 21
9 22
9 23
9 24
9 25
9 26
9 27
9 28
9 29
9 30
9 31
9 32
9 34
9 48
9 49
9 50
9 60
9 74
10 11
10 22
10 23
10 25
10 26
10 27
10 28
10 29
10 30
10 31
10 32
10 33
10 35
10 36
10 47
10 49
10 61
10 65
11 22
11 23
11 24
11 25
11 26
11 27
11 28
11 29
11 30
11 31
11 32
11 35
11 45
11 53
11 60
12 22
12 23
12 24
12 25
12 26
12 27
12 28
12 29
12 30
12 31
12 32
12 37
12 48
12 74
13 23
13 24
13 25
13 26
13 27
13 28
13 29
13 30
13 31
13 32
13 33
13 40
13 46
13 47
13 51
13 66
14 23
14 26
14 27
14 28
14 29
14 30
14 31
14 32
14 49
14 51
14 53
15 22
15 25
15 26
15 27
15 28
15 29
15 30
15 31
15 32
15 54
16 26
16 27
16 28
16 29
16 30
16 31
16 32
16 33
17 26
17 29
17 30
17 31
17 34
17 76
18 29
18 30
18 33
18 34
19 34
20 21
20 22
20 27
20 30
20 31
20 33
21 22
21 24
21 25
21 26
21 27
21 29
21 31
21 33
21 35
21 48
21 50
21 54
21 59
22 23
22 24
22 25
22 26
22 27
22 28
22 29
22 30
22 31
22 32
22 36
22 46
22 47
22 48
22 49
22 59
22 60
22 63
22 75
23 24
23 25
23 26
23 27
23 28
23 29
23 30
23 31
23 32
23 36
23 45
23 46
23 47
23 48
23 49
23 50
23 51
23 59
23 63
23 74
24 25
24 26
24 27
24 28
24 29
24 30
24 31
24 32
24 33
24 34
24 36
24 37
24 46
24 47
24 48
24 49
24 50
24 59
24 60
24 61
24 62
24 63
24 76
25 26
25 27
25 28
25 29
25 30
25 31
25 32
25 33
25 34
25 35
25 37
25 46
25 47
25 48
25 49
25 50
25 51
25 59
25 60
25 61
25 62
25 63
25 64
25 65
25 72
25 75
25 76
25 77
26 27
26 28
26 29
26 30
26 31
26 32
26 33
26 35
26 36
26 37
26 38
26 46
26 47
26 48
26 49
26 50
26 51
26 52
26 57
26 61
26 62
26 63
26 64
26 65
26 74
27 28
27 29
27 30
27 31
27 32
27 33
27 36
27 37
27 38
27 45
27 46
27 47
27 48
27 49
27 50
27 51
27 52
27 56
27 57
27 58
27 59
27 60
27 61
27 63
27 64
27 65
27 75
27 76
27 77
27 78
28 29
28 30
28 31
28 32
28 33
28 36
28 37
28 38
28 39
28 46
28 47
28 48
28 49
28 50
28 51
28 52
28 53
28 56
28 57
28 58
28 59
28 60
28 62
28 63
28 64
28 65
28 71
28 75
28 76
28 77
28 78
29 30
29 31
29 32
29 33
29 34
29 36
29 37
29 38
29 39
29 46
29 47
29 48
29 49
29 50
29 51
29 52
29 54
29 55
29 56
29 57
29 58
29 59
29 60
29 61
29 62
29 63
29 64
29 65
29 66
29 72
29 73
29 76
30 31
30 32
30 33
30 34
30 35
30 36
30 37
30 38
30 45
30 46
30 47
30 48
30 49
30 50
30 51
30 52
30 53
30 55
30 56
30 57
30 58
30 61
30 62
30 63
30 64
30 65
30 66
30 69
30 72
30 73
30 75
30 76
30 77
31 32
31 33
31 34
31 36
31 37
31 38
31 39
31 44
31 45
31 46
31 47
31 48
31 49
31 50
31 51
31 52
31 53
31 54
31 57
31 58
31 59
31 61
31 62
31 63
31 64
31 65
31 66
31 68
31 74
31 76
31 77
31 78
32 33
32 35
32 36
32 40
32 46
32 47
32 49
32 50
32 52
32 53
32 59
32 60
32 63
32 64
32 65
32 66
32 75
32 76
33 50
33 53
33 60
33 64
33 66
33 67
33 74
34 59
34 77
35 58
36 60
37 75
39 58
47 48
47 64
48 50
48 56
48 59
48 62
49 50
49 52
49 60
49 64
49 76
50 60
51 66
64 65
67 79
