1 36
1 38
1 39
1 50
1 62
2 35
2 41
2 42
2 64
3 23
3 37
4 40
5 40
6 39
7 22
7 39
7 40
8 32
8 34
8 36
8 41
8 49
8 51
9 24
9 36
9 37
9 38
9 39
9 40
9 62
9 63
9 64
10 23
10 32
10 35
10 36
10 38
10 39
10 40
10 41
10 52
10 62
11 33
11 37
11 38
11 39
11 41
11 42
11 71
12 28
12 39
12 40
13 29
13 45
14 35
19 35
19 36
20 22
20 24
20 25
20 26
20 27
20 28
20 30
20 34
20 35
20 39
20 51
20 60
20 63
20 64
21 22
21 23
21 24
21 26
21 27
21 28
21 29
21 30
21 31
21 32
21 33
21 34
21 35
21 36
21 37
21 38
21 39
21 40
21 47
21 49
21 50
21 51
21 59
21 60
21 61
21 62
21 63
22 23
22 24
22 25
22 26
22 27
22 28
22 29
22 30
22 31
22 32
22 33
22 34
22 35
22 36
22 37
22 38
22 39
22 40
22 41
22 42
22 49
22 50
22 52
22 53
22 55
22 59
22 60
22 61
22 62
22 63
22 64
23 24
23 25
23 26
23 27
23 28
23 29
23 30
23 31
23 32
23 33
23 34
23 35
23 36
23 37
23 38
23 39
23 40
23 41
23 49
23 50
23 51
23 52
23 58
23 60
23 61
23 62
23 63
23 65
24 26
24 27
24 28
24 30
24 31
24 32
24 33
24 34
24 36
24 37
24 38
24 39
24 40
24 41
24 42
24 49
24 50
24 51
24 52
24 54
24 60
24 61
24 62
24 63
24 64
24 65
24 66
25 26
25 27
25 28
25 29
25 30
25 31
25 32
25 33
25 34
25 35
25 36
25 37
25 38
25 39
25 40
25 41
25 47
25 48
25 50
25 52
25 59
25 61
25 62
25 63
25 64
25 66
25 67
26 27
26 28
26 29
26 30
26 31
26 32
26 33
26 34
26 35
26 36
26 37
26 38
26 39
26 40
26 41
26 42
26 49
26 50
26 51
26 54
26 55
26 59
26 60
26 61
26 62
26 63
26 64
26 65
27 29
27 30
27 31
27 32
27 33
27 34
27 35
27 36
27 37
27 38
27 39
27 40
27 41
27 42
27 48
27 49
27 51
27 53
27 59
27 60
27 61
27 62
27 63
27 64
27 65
27 66
27 68
28 29
28 30
28 31
28 32
28 33
28 34
28 35
28 36
28 37
28 38
28 39
28 40
28 41
28 49
28 50
28 51
28 52
28 54
28 55
28 59
28 60
28 61
28 62
28 63
28 64
28 65
28 66
28 67
29 30
29 31
29 32
29 33
29 34
29 35
29 36
29 37
29 38
29 39
29 40
29 41
29 44
29 48
29 49
29 50
29 51
29 56
29 59
29 60
29 61
29 62
29 63
29 64
29 66
29 67
30 31
30 32
30 33
30 34
30 35
30 36
30 37
30 38
30 39
30 40
30 41
30 43
30 47
30 48
30 49
30 50
30 51
30 53
30 54
30 60
30 61
30 62
30 63
30 64
30 65
30 66
30 67
31 32
31 33
31 34
31 35
31 36
31 37
31 38
31 39
31 40
31 41
31 48
31 50
31 51
31 52
31 53
31 54
31 57
31 59
31 60
31 62
31 63
31 64
31 65
31 67
31 77
32 33
32 34
32 35
32 36
32 37
32 38
32 39
32 40
32 41
32 43
32 47
32 48
32 49
32 50
32 51
32 52
32 53
32 55
32 59
32 60
32 61
32 62
32 63
32 64
32 65
32 66
32 68
32 78
33 34
33 35
33 36
33 37
33 38
33 39
33 40
33 41
33 42
33 48
33 49
33 50
33 51
33 52
33 53
33 55
33 59
33 60
33 61
33 62
33 63
33 64
33 65
33 66
33 67
34 35
34 36
34 37
34 38
34 39
34 40
34 41
34 42
34 47
34 48
34 49
34 50
34 51
34 52
34 53
34 54
34 55
34 59
34 60
34 61
34 62
34 63
34 64
34 65
34 66
34 68
35 36
35 37
35 38
35 39
35 40
35 41
35 42
35 49
35 50
35 51
35 52
35 53
35 54
35 55
35 56
35 58
35 59
35 60
35 61
35 62
35 63
35 64
35 65
35 66
35 67
35 69
35 75
36 37
36 38
36 39
36 40
36 41
36 42
36 47
36 49
36 50
36 51
36 52
36 53
36 54
36 55
36 59
36 60
36 61
36 62
36 63
36 64
36 65
36 66
36 67
36 69
37 38
37 39
37 40
37 41
37 42
37 46
37 48
37 49
37 50
37 51
37 52
37 53
37 54
37 56
37 59
37 60
37 61
37 62
37 63
37 64
37 65
37 66
37 67
37 68
37 70
38 39
38 40
38 41
38 42
38 46
38 49
38 50
38 51
38 52
38 53
38 54
38 55
38 59
38 60
38 61
38 62
38 63
38 64
38 65
38 66
38 67
38 68
38 75
39 40
39 41
39 42
39 43
39 47
39 48
39 49
39 50
39 51
39 52
39 53
39 54
39 55
39 56
39 60
39 61
39 62
39 63
39 64
39 65
39 66
39 67
39 68
39 69
39 70
39 74
39 76
40 41
40 42
40 43
40 45
40 47
40 48
40 49
40 50
40 51
40 52
40 53
40 54
40 55
40 56
40 57
40 59
40 61
40 62
40 63
40 64
40 65
40 66
40 67
40 68
40 69
40 76
41 42
41 47
41 49
41 50
41 51
41 52
41 53
41 54
41 55
41 56
41 59
41 61
41 62
41 63
41 64
41 65
41 66
41 67
41 68
41 69
42 43
42 44
42 51
42 52
42 53
42 55
42 61
42 63
42 64
42 75
43 48
43 63
43 65
43 72
43 77
44 56
47 62
48 49
48 50
48 51
48 56
48 60
48 61
48 63
48 64
49 50
49 51
49 61
49 62
49 63
49 64
49 65
49 67
50 51
50 53
50 54
50 59
50 60
50 61
50 62
50 63
50 64
50 65
50 66
51 52
51 59
51 60
51 61
51 62
51 63
51 64
51 65
51 66
52 53
52 60
52 62
52 63
53 62
53 64
53 65
53 66
54 62
54 63
54 64
54 68
55 67
56 67
57 69
58 65
58 66
59 60
59 63
60 61
60 62
60 63
60 64
60 65
61 62
61 63
61 64
61 65
61 66
62 63
62 64
62 65
63 64
63 65
63 67
64 65
64 66
65 68
65 77
