5 673
6 242
6 665
7 555
8 555
18 100
18 555
19 716
21 100
22 557
23 285
24 74
24 556
25 57
25 558
26 577
50 556
53 483
54 248
54 481
54 534
54 666
54 707
54 827
55 85
55 97
55 250
55 253
55 480
55 547
55 550
55 653
55 818
56 101
56 138
56 546
56 549
56 551
56 555
56 664
57 554
57 555
58 754
68 556
68 659
69 556
73 558
83 96
83 138
83 241
83 251
83 478
83 534
83 537
83 542
83 556
83 559
83 650
83 701
83 708
83 826
83 827
84 86
84 88
84 91
84 92
84 94
84 97
84 102
84 142
84 143
84 145
84 149
84 247
84 252
84 476
84 477
84 479
84 480
84 482
84 503
84 531
84 533
84 536
84 539
84 557
84 651
84 656
84 701
84 702
84 705
84 707
84 709
84 712
84 714
84 819
84 828
85 91
85 93
85 95
85 138
85 140
85 143
85 147
85 149
85 241
85 246
85 248
85 250
85 251
85 483
85 484
85 502
85 529
85 531
85 536
85 541
85 542
85 544
85 548
85 553
85 555
85 558
85 651
85 652
85 653
85 654
85 656
85 661
85 696
85 698
85 703
85 713
85 714
85 816
85 824
85 825
85 828
86 88
86 91
86 94
86 96
86 98
86 100
86 102
86 137
86 141
86 145
86 146
86 147
86 150
86 178
86 239
86 240
86 242
86 244
86 246
86 249
86 250
86 254
86 475
86 476
86 478
86 482
86 502
86 531
86 532
86 534
86 543
86 544
86 545
86 549
86 551
86 554
86 555
86 558
86 651
86 652
86 655
86 656
86 657
86 658
86 666
86 699
86 705
86 709
86 713
86 812
86 814
86 815
86 819
86 822
86 825
86 827
86 828
86 829
86 830
87 88
87 91
87 95
87 98
87 99
87 100
87 101
87 135
87 136
87 142
87 145
87 146
87 147
87 148
87 243
87 244
87 245
87 246
87 248
87 249
87 250
87 253
87 255
87 256
87 478
87 479
87 481
87 501
87 502
87 503
87 505
87 534
87 536
87 540
87 541
87 542
87 552
87 553
87 557
87 649
87 650
87 654
87 657
87 659
87 661
87 662
87 664
87 666
87 696
87 698
87 700
87 701
87 702
87 703
87 705
87 709
87 710
87 711
87 712
87 816
87 819
87 820
87 821
87 824
88 90
88 91
88 92
88 94
88 98
88 100
88 101
88 102
88 135
88 138
88 140
88 141
88 143
88 145
88 149
88 240
88 243
88 244
88 245
88 246
88 252
88 253
88 255
88 476
88 479
88 480
88 481
88 483
88 500
88 504
88 528
88 530
88 531
88 532
88 535
88 537
88 540
88 542
88 543
88 545
88 546
88 548
88 551
88 554
88 556
88 557
88 558
88 653
88 654
88 656
88 658
88 659
88 660
88 661
88 662
88 664
88 666
88 695
88 697
88 701
88 704
88 705
88 706
88 707
88 709
88 711
88 713
88 714
88 812
88 816
88 817
88 818
88 819
88 820
88 822
88 823
88 825
88 827
88 829
89 90
89 92
89 100
89 101
89 102
89 137
89 138
89 140
89 141
89 142
89 143
89 144
89 146
89 147
89 149
89 150
89 239
89 240
89 243
89 244
89 245
89 247
89 248
89 249
89 252
89 253
89 254
89 255
89 256
89 476
89 478
89 480
89 481
89 482
89 483
89 484
89 503
89 504
89 528
89 530
89 533
89 534
89 535
89 536
89 540
89 541
89 542
89 544
89 545
89 546
89 547
89 548
89 552
89 553
89 554
89 555
89 556
89 557
89 559
89 652
89 653
89 654
89 656
89 657
89 661
89 662
89 663
89 665
89 666
89 696
89 697
89 699
89 700
89 701
89 702
89 703
89 704
89 705
89 707
89 710
89 711
89 713
89 813
89 816
89 817
89 820
89 821
89 824
89 825
89 827
89 828
89 829
90 91
90 93
90 94
90 95
90 99
90 100
90 101
90 135
90 139
90 140
90 143
90 144
90 145
90 147
90 148
90 226
90 241
90 242
90 245
90 248
90 249
90 250
90 252
90 255
90 256
90 478
90 480
90 481
90 482
90 506
90 529
90 534
90 541
90 542
90 546
90 548
90 549
90 550
90 551
90 552
90 553
90 555
90 557
90 558
90 650
90 652
90 656
90 657
90 659
90 660
90 661
90 662
90 664
90 666
90 696
90 699
90 700
90 701
90 702
90 704
90 705
90 706
90 708
90 709
90 710
90 711
90 714
90 814
90 816
90 817
90 818
90 819
90 820
90 821
90 822
90 823
90 824
90 825
90 826
90 828
90 830
91 92
91 93
91 94
91 95
91 97
91 99
91 100
91 138
91 139
91 140
91 142
91 143
91 145
91 146
91 148
91 239
91 240
91 241
91 242
91 244
91 246
91 247
91 248
91 249
91 250
91 251
91 252
91 253
91 254
91 255
91 478
91 479
91 481
91 483
91 503
91 526
91 529
91 531
91 532
91 533
91 535
91 537
91 538
91 539
91 540
91 541
91 542
91 543
91 545
91 546
91 547
91 548
91 550
91 551
91 552
91 553
91 554
91 555
91 556
91 557
91 558
91 559
91 652
91 653
91 654
91 656
91 657
91 658
91 659
91 660
91 661
91 662
91 663
91 664
91 665
91 698
91 699
91 700
91 701
91 702
91 703
91 704
91 706
91 707
91 708
91 709
91 710
91 711
91 713
91 817
91 818
91 820
91 821
91 822
91 824
91 826
91 827
91 828
91 829
92 93
92 94
92 95
92 97
92 98
92 100
92 101
92 102
92 120
92 136
92 137
92 139
92 141
92 142
92 143
92 145
92 146
92 147
92 148
92 149
92 239
92 240
92 242
92 243
92 244
92 245
92 246
92 248
92 251
92 252
92 253
92 254
92 255
92 256
92 480
92 481
92 482
92 483
92 502
92 504
92 532
92 533
92 535
92 537
92 538
92 539
92 540
92 541
92 542
92 543
92 545
92 546
92 548
92 549
92 551
92 552
92 553
92 555
92 556
92 557
92 558
92 560
92 654
92 655
92 656
92 657
92 658
92 659
92 660
92 661
92 662
92 664
92 665
92 666
92 697
92 700
92 701
92 703
92 704
92 706
92 707
92 708
92 709
92 711
92 713
92 813
92 814
92 819
92 820
92 821
92 822
92 823
92 824
92 825
92 827
92 828
92 830
92 831
93 94
93 95
93 97
93 98
93 99
93 100
93 101
93 102
93 103
93 137
93 138
93 139
93 142
93 143
93 144
93 145
93 147
93 148
93 149
93 237
93 239
93 240
93 242
93 243
93 244
93 245
93 247
93 248
93 249
93 250
93 251
93 252
93 253
93 254
93 255
93 256
93 469
93 477
93 478
93 479
93 480
93 481
93 482
93 527
93 529
93 531
93 534
93 535
93 536
93 537
93 538
93 539
93 540
93 541
93 542
93 543
93 544
93 546
93 548
93 549
93 550
93 551
93 552
93 553
93 554
93 555
93 556
93 557
93 558
93 559
93 638
93 652
93 655
93 656
93 657
93 658
93 659
93 660
93 661
93 663
93 664
93 665
93 666
93 668
93 696
93 697
93 698
93 700
93 704
93 705
93 706
93 707
93 708
93 709
93 711
93 712
93 713
93 714
93 724
93 813
93 815
93 818
93 819
93 821
93 822
93 823
93 825
93 826
93 827
93 828
93 829
93 831
94 95
94 96
94 97
94 98
94 99
94 100
94 101
94 102
94 140
94 141
94 142
94 143
94 144
94 145
94 146
94 147
94 148
94 236
94 238
94 241
94 242
94 244
94 245
94 246
94 247
94 248
94 249
94 250
94 253
94 255
94 256
94 479
94 480
94 481
94 482
94 483
94 491
94 501
94 528
94 529
94 530
94 532
94 533
94 535
94 537
94 538
94 539
94 540
94 541
94 543
94 544
94 545
94 547
94 548
94 549
94 550
94 551
94 552
94 553
94 554
94 555
94 556
94 558
94 650
94 651
94 654
94 655
94 656
94 657
94 658
94 659
94 660
94 662
94 663
94 664
94 665
94 666
94 700
94 701
94 702
94 704
94 705
94 707
94 708
94 709
94 713
94 714
94 814
94 816
94 817
94 821
94 822
94 823
94 824
94 825
94 826
94 827
94 828
94 829
95 96
95 97
95 98
95 99
95 100
95 101
95 102
95 136
95 137
95 139
95 141
95 142
95 143
95 144
95 145
95 146
95 147
95 148
95 149
95 150
95 241
95 243
95 245
95 246
95 247
95 248
95 249
95 250
95 251
95 252
95 253
95 254
95 255
95 256
95 478
95 479
95 481
95 482
95 483
95 501
95 504
95 505
95 526
95 528
95 530
95 534
95 535
95 536
95 537
95 538
95 539
95 540
95 541
95 542
95 544
95 545
95 546
95 547
95 548
95 549
95 550
95 551
95 552
95 553
95 554
95 555
95 556
95 557
95 558
95 559
95 650
95 655
95 657
95 658
95 659
95 661
95 662
95 663
95 664
95 665
95 666
95 698
95 700
95 701
95 703
95 705
95 706
95 708
95 709
95 710
95 711
95 712
95 713
95 714
95 814
95 815
95 818
95 819
95 820
95 821
95 822
95 824
95 825
95 826
95 827
95 828
95 829
96 97
96 98
96 99
96 100
96 101
96 134
96 139
96 141
96 142
96 143
96 144
96 145
96 146
96 147
96 148
96 149
96 239
96 240
96 241
96 243
96 244
96 245
96 246
96 247
96 248
96 249
96 252
96 253
96 254
96 255
96 475
96 478
96 480
96 481
96 482
96 483
96 504
96 505
96 527
96 532
96 533
96 535
96 536
96 537
96 538
96 539
96 540
96 541
96 542
96 543
96 544
96 545
96 546
96 547
96 548
96 549
96 550
96 551
96 552
96 553
96 554
96 555
96 556
96 558
96 559
96 652
96 654
96 656
96 658
96 659
96 660
96 661
96 662
96 663
96 664
96 665
96 666
96 698
96 699
96 701
96 702
96 703
96 704
96 705
96 706
96 707
96 708
96 709
96 710
96 711
96 712
96 713
96 714
96 817
96 818
96 819
96 820
96 821
96 823
96 824
96 825
96 826
96 827
96 828
96 829
97 98
97 99
97 100
97 101
97 136
97 137
97 139
97 141
97 142
97 143
97 144
97 145
97 146
97 147
97 148
97 240
97 242
97 244
97 245
97 246
97 247
97 248
97 249
97 250
97 251
97 252
97 253
97 254
97 255
97 256
97 476
97 477
97 478
97 479
97 480
97 481
97 483
97 503
97 505
97 506
97 527
97 528
97 530
97 531
97 532
97 533
97 534
97 535
97 536
97 537
97 538
97 539
97 540
97 541
97 542
97 543
97 544
97 545
97 546
97 547
97 548
97 549
97 550
97 551
97 552
97 553
97 554
97 555
97 557
97 558
97 559
97 619
97 653
97 655
97 656
97 657
97 658
97 659
97 660
97 661
97 662
97 663
97 664
97 665
97 666
97 697
97 699
97 701
97 702
97 703
97 704
97 705
97 706
97 707
97 708
97 709
97 710
97 711
97 712
97 713
97 714
97 814
97 815
97 816
97 818
97 819
97 821
97 822
97 823
97 824
97 825
97 826
97 827
97 828
97 830
98 99
98 100
98 101
98 102
98 103
98 136
98 139
98 140
98 142
98 143
98 144
98 145
98 146
98 147
98 148
98 149
98 240
98 241
98 242
98 243
98 244
98 245
98 246
98 247
98 248
98 249
98 250
98 251
98 252
98 253
98 254
98 255
98 256
98 258
98 475
98 477
98 478
98 480
98 481
98 482
98 483
98 502
98 528
98 529
98 532
98 533
98 534
98 535
98 536
98 537
98 538
98 539
98 540
98 541
98 542
98 543
98 544
98 545
98 546
98 547
98 548
98 549
98 550
98 551
98 552
98 553
98 554
98 555
98 556
98 557
98 558
98 652
98 654
98 656
98 657
98 659
98 660
98 661
98 662
98 663
98 664
98 665
98 666
98 700
98 702
98 703
98 704
98 705
98 706
98 707
98 708
98 709
98 710
98 711
98 712
98 713
98 714
98 815
98 816
98 817
98 820
98 821
98 822
98 823
98 824
98 825
98 826
98 827
98 828
98 829
98 832
99 100
99 101
99 102
99 138
99 139
99 140
99 141
99 142
99 143
99 144
99 145
99 146
99 147
99 148
99 149
99 150
99 239
99 240
99 241
99 242
99 243
99 244
99 245
99 246
99 247
99 248
99 249
99 250
99 251
99 252
99 253
99 254
99 255
99 256
99 262
99 476
99 478
99 480
99 481
99 482
99 483
99 505
99 527
99 531
99 532
99 533
99 534
99 535
99 536
99 537
99 538
99 539
99 540
99 541
99 542
99 543
99 544
99 545
99 546
99 547
99 548
99 549
99 550
99 551
99 552
99 553
99 554
99 555
99 556
99 557
99 558
99 559
99 561
99 652
99 654
99 655
99 656
99 657
99 658
99 659
99 660
99 661
99 662
99 663
99 664
99 665
99 666
99 667
99 697
99 699
99 701
99 703
99 704
99 705
99 706
99 707
99 708
99 709
99 710
99 711
99 712
99 713
99 714
99 814
99 816
99 820
99 821
99 822
99 823
99 824
99 825
99 826
99 827
99 828
99 829
99 830
100 101
100 102
100 139
100 140
100 141
100 142
100 144
100 145
100 146
100 147
100 148
100 149
100 238
100 239
100 240
100 241
100 242
100 243
100 244
100 245
100 248
100 249
100 250
100 251
100 252
100 253
100 254
100 256
100 357
100 476
100 477
100 478
100 479
100 480
100 483
100 502
100 504
100 530
100 531
100 533
100 534
100 536
100 537
100 538
100 540
100 541
100 542
100 543
100 544
100 545
100 546
100 547
100 548
100 549
100 550
100 551
100 552
100 553
100 554
100 555
100 556
100 557
100 558
100 559
100 651
100 654
100 655
100 656
100 657
100 658
100 660
100 661
100 662
100 663
100 664
100 665
100 666
100 667
100 699
100 701
100 702
100 703
100 704
100 705
100 706
100 707
100 709
100 710
100 712
100 713
100 714
100 715
100 812
100 816
100 818
100 819
100 820
100 822
100 823
100 824
100 826
100 827
100 829
101 102
101 137
101 138
101 139
101 141
101 142
101 143
101 144
101 145
101 146
101 147
101 148
101 150
101 239
101 240
101 242
101 243
101 244
101 245
101 246
101 247
101 248
101 249
101 250
101 251
101 252
101 253
101 254
101 255
101 256
101 257
101 354
101 476
101 477
101 478
101 479
101 480
101 481
101 482
101 483
101 484
101 503
101 505
101 532
101 533
101 534
101 536
101 537
101 538
101 539
101 540
101 541
101 542
101 543
101 545
101 546
101 547
101 548
101 549
101 550
101 551
101 552
101 553
101 554
101 555
101 556
101 557
101 558
101 653
101 655
101 656
101 659
101 660
101 661
101 662
101 663
101 664
101 665
101 666
101 667
101 699
101 700
101 702
101 703
101 705
101 706
101 707
101 710
101 711
101 712
101 713
101 714
101 715
101 816
101 817
101 821
101 823
101 824
101 825
101 826
101 828
101 829
101 830
102 138
102 141
102 142
102 143
102 144
102 145
102 146
102 148
102 149
102 150
102 239
102 242
102 243
102 244
102 247
102 250
102 252
102 254
102 256
102 257
102 459
102 476
102 478
102 479
102 481
102 482
102 483
102 501
102 502
102 504
102 528
102 534
102 536
102 537
102 538
102 540
102 541
102 542
102 543
102 545
102 547
102 548
102 549
102 550
102 551
102 552
102 553
102 554
102 555
102 556
102 557
102 558
102 650
102 651
102 654
102 655
102 657
102 662
102 663
102 664
102 665
102 666
102 667
102 698
102 699
102 700
102 701
102 702
102 703
102 705
102 706
102 707
102 708
102 709
102 710
102 712
102 713
102 714
102 814
102 816
102 817
102 818
102 819
102 820
102 821
102 823
102 826
102 827
102 829
102 830
103 145
103 146
103 244
103 246
103 249
103 253
103 541
103 543
103 544
103 545
103 547
103 548
103 551
103 553
103 555
103 556
103 557
103 559
103 560
103 568
103 655
103 656
103 665
103 700
103 819
103 825
103 828
104 520
104 550
104 551
104 552
104 553
104 554
104 555
104 557
104 558
104 709
104 823
104 825
104 828
105 551
105 552
105 554
105 555
105 556
105 717
106 553
106 555
106 556
106 557
106 711
107 156
107 471
107 632
108 746
114 593
115 835
118 554
120 552
120 558
121 543
121 554
124 555
125 807
126 149
126 551
127 417
134 146
134 149
134 244
134 482
134 503
134 531
134 536
134 553
134 661
134 697
134 700
134 701
134 705
134 711
135 137
135 147
135 148
135 240
135 244
135 247
135 248
135 255
135 479
135 528
135 529
135 532
135 536
135 544
135 553
135 557
135 558
135 651
135 652
135 655
135 658
135 663
135 664
135 697
135 705
135 710
135 713
135 812
135 816
135 818
135 820
135 821
135 825
136 141
136 143
136 144
136 146
136 241
136 254
136 255
136 479
136 483
136 504
136 505
136 527
136 530
136 535
136 537
136 541
136 547
136 550
136 553
136 556
136 558
136 653
136 655
136 658
136 659
136 663
136 665
136 702
136 703
136 705
136 706
136 707
136 708
136 824
136 825
136 828
136 829
136 830
137 139
137 142
137 144
137 145
137 146
137 148
137 239
137 243
137 244
137 246
137 247
137 249
137 256
137 474
137 481
137 503
137 504
137 528
137 532
137 533
137 535
137 537
137 542
137 545
137 546
137 548
137 549
137 552
137 553
137 554
137 556
137 559
137 651
137 652
137 656
137 660
137 664
137 698
137 700
137 701
137 704
137 705
137 707
137 708
137 710
137 711
137 712
137 713
137 812
137 813
137 815
137 816
137 817
137 818
137 823
137 827
137 830
138 140
138 141
138 146
138 147
138 149
138 242
138 243
138 244
138 247
138 248
138 250
138 252
138 254
138 255
138 256
138 475
138 477
138 478
138 479
138 480
138 481
138 482
138 534
138 539
138 540
138 541
138 544
138 545
138 547
138 549
138 550
138 551
138 552
138 553
138 558
138 651
138 652
138 654
138 655
138 657
138 658
138 662
138 666
138 696
138 697
138 699
138 700
138 704
138 705
138 706
138 707
138 708
138 709
138 710
138 711
138 712
138 713
138 814
138 816
138 817
138 818
138 820
138 821
138 824
138 825
138 827
138 829
139 140
139 141
139 142
139 144
139 145
139 146
139 147
139 148
139 236
139 242
139 244
139 245
139 246
139 248
139 249
139 250
139 251
139 252
139 253
139 254
139 256
139 478
139 479
139 481
139 492
139 502
139 504
139 505
139 528
139 531
139 532
139 533
139 534
139 536
139 537
139 538
139 539
139 540
139 541
139 542
139 545
139 547
139 550
139 551
139 552
139 553
139 555
139 557
139 558
139 650
139 651
139 653
139 654
139 655
139 656
139 657
139 658
139 659
139 660
139 661
139 664
139 665
139 666
139 699
139 700
139 702
139 704
139 705
139 706
139 707
139 708
139 709
139 710
139 711
139 713
139 714
139 814
139 816
139 818
139 819
139 821
139 822
139 823
139 825
139 827
139 829
140 142
140 143
140 144
140 146
140 147
140 148
140 149
140 238
140 240
140 241
140 244
140 245
140 249
140 250
140 252
140 254
140 255
140 256
140 475
140 476
140 478
140 481
140 484
140 501
140 503
140 527
140 528
140 529
140 530
140 532
140 533
140 534
140 535
140 536
140 539
140 540
140 541
140 542
140 543
140 544
140 545
140 546
140 547
140 548
140 550
140 551
140 552
140 553
140 555
140 556
140 557
140 654
140 655
140 656
140 657
140 658
140 659
140 660
140 661
140 662
140 663
140 664
140 665
140 666
140 695
140 697
140 701
140 702
140 703
140 704
140 706
140 708
140 709
140 711
140 712
140 714
140 816
140 819
140 820
140 821
140 822
140 823
140 824
140 826
140 827
140 828
140 829
141 142
141 143
141 145
141 146
141 147
141 148
141 238
141 240
141 241
141 242
141 243
141 244
141 246
141 248
141 249
141 250
141 252
141 253
141 254
141 255
141 256
141 257
141 477
141 479
141 481
141 482
141 483
141 504
141 505
141 529
141 530
141 533
141 535
141 537
141 538
141 540
141 541
141 542
141 543
141 544
141 545
141 546
141 547
141 548
141 550
141 551
141 552
141 553
141 554
141 555
141 556
141 559
141 653
141 655
141 657
141 658
141 659
141 660
141 661
141 662
141 663
141 664
141 665
141 666
141 667
141 696
141 701
141 702
141 704
141 705
141 706
141 708
141 711
141 712
141 713
141 714
141 813
141 817
141 818
141 819
141 821
141 822
141 823
141 824
141 827
141 828
142 143
142 144
142 145
142 146
142 147
142 148
142 149
142 239
142 240
142 244
142 245
142 246
142 247
142 248
142 250
142 251
142 252
142 253
142 254
142 255
142 256
142 475
142 477
142 479
142 480
142 481
142 482
142 483
142 505
142 529
142 533
142 534
142 536
142 537
142 538
142 539
142 540
142 543
142 544
142 545
142 546
142 547
142 548
142 549
142 550
142 551
142 552
142 553
142 554
142 555
142 556
142 557
142 559
142 600
142 652
142 654
142 656
142 657
142 659
142 660
142 662
142 664
142 665
142 666
142 699
142 701
142 703
142 704
142 705
142 706
142 707
142 708
142 709
142 710
142 712
142 713
142 816
142 819
142 820
142 821
142 822
142 824
142 826
142 827
142 828
142 830
143 145
143 146
143 147
143 148
143 149
143 151
143 238
143 239
143 241
143 243
143 244
143 245
143 246
143 247
143 249
143 250
143 251
143 252
143 253
143 254
143 255
143 256
143 401
143 470
143 476
143 477
143 478
143 479
143 480
143 482
143 503
143 530
143 531
143 532
143 534
143 535
143 536
143 537
143 538
143 539
143 540
143 541
143 542
143 543
143 544
143 546
143 547
143 548
143 550
143 551
143 552
143 553
143 555
143 556
143 557
143 558
143 559
143 650
143 653
143 655
143 656
143 657
143 658
143 659
143 660
143 661
143 662
143 663
143 664
143 665
143 666
143 667
143 699
143 702
143 703
143 704
143 705
143 706
143 707
143 708
143 709
143 710
143 711
143 712
143 713
143 814
143 815
143 819
143 820
143 821
143 822
143 823
143 824
143 825
143 827
143 828
143 829
144 145
144 146
144 147
144 148
144 149
144 240
144 241
144 242
144 243
144 244
144 245
144 246
144 247
144 248
144 249
144 250
144 251
144 252
144 253
144 254
144 256
144 257
144 475
144 476
144 479
144 480
144 481
144 482
144 483
144 501
144 503
144 526
144 528
144 529
144 530
144 531
144 533
144 534
144 535
144 536
144 537
144 538
144 539
144 540
144 541
144 542
144 543
144 544
144 545
144 546
144 547
144 548
144 550
144 551
144 552
144 553
144 554
144 555
144 556
144 558
144 560
144 652
144 654
144 656
144 657
144 658
144 659
144 660
144 661
144 662
144 663
144 664
144 665
144 666
144 697
144 699
144 701
144 703
144 704
144 705
144 706
144 707
144 708
144 710
144 711
144 712
144 713
144 714
144 816
144 817
144 820
144 822
144 823
144 824
144 826
144 827
144 828
144 829
144 830
145 146
145 147
145 148
145 149
145 150
145 238
145 241
145 242
145 244
145 245
145 246
145 247
145 248
145 249
145 250
145 251
145 252
145 253
145 254
145 255
145 256
145 476
145 478
145 479
145 481
145 482
145 483
145 501
145 503
145 504
145 505
145 528
145 529
145 531
145 532
145 533
145 534
145 535
145 536
145 537
145 538
145 539
145 540
145 541
145 542
145 543
145 544
145 545
145 546
145 547
145 548
145 549
145 550
145 551
145 552
145 553
145 554
145 555
145 556
145 557
145 558
145 559
145 560
145 652
145 653
145 654
145 655
145 656
145 658
145 659
145 660
145 661
145 662
145 663
145 664
145 665
145 667
145 671
145 697
145 698
145 701
145 702
145 703
145 704
145 705
145 706
145 707
145 708
145 709
145 710
145 711
145 712
145 713
145 714
145 814
145 815
145 818
145 820
145 822
145 823
145 824
145 826
145 827
145 829
145 830
146 147
146 148
146 149
146 239
146 240
146 241
146 242
146 244
146 245
146 246
146 247
146 249
146 250
146 251
146 252
146 253
146 254
146 255
146 256
146 257
146 480
146 481
146 482
146 483
146 484
146 502
146 504
146 505
146 528
146 530
146 531
146 534
146 535
146 536
146 537
146 538
146 540
146 541
146 542
146 543
146 544
146 545
146 546
146 547
146 548
146 549
146 550
146 551
146 552
146 553
146 554
146 555
146 556
146 557
146 558
146 653
146 654
146 656
146 658
146 659
146 660
146 661
146 662
146 663
146 664
146 665
146 699
146 700
146 701
146 702
146 703
146 704
146 705
146 706
146 707
146 708
146 709
146 710
146 711
146 712
146 713
146 714
146 715
146 818
146 819
146 822
146 823
146 824
146 825
146 826
146 827
146 828
146 829
146 830
147 148
147 149
147 237
147 238
147 243
147 244
147 245
147 246
147 247
147 248
147 249
147 250
147 251
147 252
147 253
147 254
147 255
147 256
147 479
147 480
147 481
147 482
147 483
147 484
147 526
147 528
147 529
147 535
147 536
147 537
147 538
147 539
147 540
147 541
147 542
147 543
147 544
147 545
147 546
147 547
147 548
147 549
147 550
147 551
147 552
147 553
147 554
147 555
147 556
147 557
147 558
147 559
147 651
147 653
147 655
147 656
147 657
147 658
147 659
147 661
147 662
147 663
147 664
147 665
147 666
147 698
147 699
147 700
147 701
147 702
147 703
147 704
147 705
147 706
147 707
147 708
147 709
147 710
147 711
147 712
147 713
147 714
147 715
147 716
147 814
147 815
147 817
147 818
147 819
147 820
147 821
147 822
147 823
147 824
147 825
147 826
147 827
147 828
147 829
147 830
148 149
148 241
148 242
148 244
148 246
148 247
148 248
148 249
148 250
148 251
148 252
148 253
148 254
148 255
148 256
148 477
148 478
148 480
148 481
148 482
148 483
148 484
148 485
148 502
148 526
148 531
148 532
148 533
148 534
148 535
148 536
148 537
148 538
148 539
148 540
148 541
148 542
148 543
148 544
148 545
148 546
148 547
148 548
148 549
148 550
148 551
148 552
148 553
148 554
148 555
148 556
148 557
148 558
148 559
148 641
148 652
148 655
148 656
148 657
148 658
148 659
148 660
148 661
148 662
148 663
148 664
148 665
148 666
148 697
148 700
148 701
148 703
148 706
148 707
148 708
148 709
148 710
148 711
148 712
148 713
148 714
148 812
148 814
148 817
148 818
148 819
148 820
148 821
148 822
148 823
148 824
148 825
148 826
148 827
148 828
148 829
149 237
149 239
149 240
149 241
149 243
149 244
149 247
149 248
149 249
149 250
149 251
149 252
149 253
149 254
149 255
149 256
149 262
149 475
149 479
149 480
149 481
149 501
149 531
149 534
149 535
149 536
149 537
149 538
149 539
149 540
149 542
149 543
149 544
149 545
149 546
149 547
149 548
149 549
149 550
149 551
149 552
149 553
149 554
149 555
149 556
149 557
149 558
149 653
149 655
149 656
149 657
149 658
149 659
149 661
149 662
149 663
149 665
149 666
149 696
149 697
149 698
149 699
149 701
149 702
149 703
149 704
149 705
149 706
149 707
149 709
149 711
149 712
149 713
149 815
149 816
149 818
149 819
149 822
149 824
149 826
149 827
149 828
149 829
149 830
150 244
150 255
150 256
150 479
150 482
150 535
150 536
150 539
150 545
150 546
150 548
150 549
150 550
150 551
150 552
150 553
150 554
150 555
150 556
150 557
150 558
150 640
150 655
150 660
150 664
150 665
150 707
150 713
150 825
151 159
151 250
151 537
151 550
151 551
151 552
151 554
151 555
151 556
151 557
151 558
151 756
152 306
152 551
152 719
152 836
152 837
153 461
154 555
154 556
155 521
156 479
157 256
157 455
158 249
158 251
158 502
158 547
158 556
158 715
159 242
159 258
159 519
159 554
159 556
160 483
160 487
160 795
161 457
163 552
164 545
164 555
164 556
165 473
165 558
177 544
177 826
178 245
178 547
178 550
178 552
179 503
179 529
179 548
179 551
179 554
179 555
179 556
180 552
180 554
180 555
180 557
181 345
181 554
182 648
186 539
188 564
193 557
194 556
204 557
204 799
208 549
208 708
209 554
209 719
210 556
210 627
211 833
222 644
226 554
227 552
236 244
236 248
236 259
236 480
236 530
236 533
236 549
236 663
236 709
236 714
236 822
237 242
237 247
237 254
237 477
237 482
237 501
237 534
237 537
237 541
237 547
237 558
237 559
237 649
237 653
237 655
237 657
237 662
237 663
237 698
237 700
237 815
237 816
237 820
237 826
237 827
238 242
238 246
238 250
238 252
238 477
238 502
238 507
238 527
238 529
238 532
238 535
238 538
238 543
238 545
238 547
238 549
238 651
238 652
238 658
238 665
238 666
238 697
238 701
238 704
238 705
238 706
238 710
238 711
238 712
238 814
238 819
238 820
238 824
239 240
239 241
239 242
239 244
239 245
239 246
239 249
239 253
239 254
239 477
239 478
239 481
239 505
239 528
239 537
239 539
239 540
239 541
239 544
239 545
239 546
239 547
239 548
239 551
239 555
239 556
239 557
239 559
239 652
239 653
239 657
239 659
239 660
239 661
239 664
239 666
239 695
239 698
239 700
239 701
239 702
239 704
239 708
239 709
239 710
239 812
239 813
239 815
239 817
239 818
239 819
239 824
239 826
240 241
240 248
240 252
240 253
240 254
240 476
240 478
240 479
240 482
240 483
240 502
240 504
240 529
240 530
240 534
240 535
240 538
240 539
240 540
240 543
240 545
240 548
240 549
240 550
240 552
240 558
240 559
240 652
240 654
240 655
240 657
240 658
240 659
240 660
240 661
240 662
240 663
240 664
240 665
240 666
240 699
240 701
240 702
240 703
240 704
240 708
240 710
240 711
240 713
240 815
240 818
240 820
240 821
240 824
240 827
241 243
241 244
241 245
241 246
241 247
241 249
241 251
241 252
241 253
241 256
241 475
241 477
241 478
241 480
241 481
241 483
241 484
241 502
241 503
241 504
241 505
241 506
241 526
241 527
241 529
241 530
241 531
241 532
241 533
241 536
241 537
241 538
241 541
241 543
241 544
241 545
241 546
241 547
241 548
241 549
241 550
241 551
241 552
241 554
241 570
241 642
241 650
241 653
241 654
241 656
241 657
241 659
241 660
241 666
241 699
241 700
241 701
241 703
241 704
241 707
241 708
241 709
241 711
241 712
241 713
241 814
241 817
241 818
241 819
241 820
241 821
241 822
241 823
241 824
241 826
241 828
241 829
241 830
242 243
242 244
242 245
242 250
242 251
242 252
242 253
242 254
242 255
242 256
242 476
242 480
242 482
242 483
242 503
242 504
242 529
242 530
242 533
242 534
242 537
242 538
242 539
242 540
242 541
242 546
242 548
242 549
242 550
242 556
242 557
242 558
242 560
242 651
242 655
242 656
242 657
242 658
242 662
242 663
242 664
242 696
242 699
242 700
242 701
242 702
242 705
242 707
242 709
242 711
242 813
242 814
242 816
242 817
242 819
242 820
242 821
242 823
242 829
243 246
243 247
243 248
243 249
243 250
243 252
243 253
243 255
243 256
243 479
243 480
243 481
243 482
243 483
243 484
243 503
243 505
243 526
243 528
243 530
243 533
243 534
243 535
243 536
243 537
243 538
243 539
243 540
243 541
243 542
243 543
243 545
243 546
243 548
243 549
243 550
243 551
243 553
243 555
243 556
243 557
243 654
243 655
243 657
243 658
243 661
243 663
243 664
243 665
243 666
243 667
243 698
243 700
243 702
243 704
243 705
243 706
243 707
243 708
243 709
243 714
243 715
243 812
243 814
243 815
243 816
243 817
243 820
243 821
243 822
243 823
243 825
243 826
243 828
243 829
243 830
244 245
244 246
244 247
244 248
244 249
244 250
244 251
244 253
244 254
244 255
244 256
244 257
244 475
244 476
244 478
244 480
244 505
244 529
244 531
244 533
244 534
244 536
244 537
244 538
244 539
244 540
244 541
244 543
244 545
244 546
244 547
244 548
244 550
244 551
244 552
244 553
244 554
244 556
244 558
244 651
244 654
244 655
244 656
244 657
244 662
244 663
244 664
244 665
244 666
244 699
244 702
244 704
244 705
244 706
244 707
244 708
244 711
244 712
244 713
244 818
244 819
244 820
244 821
244 822
244 823
244 824
244 825
244 826
244 827
244 828
244 829
245 246
245 247
245 248
245 249
245 250
245 251
245 252
245 253
245 254
245 476
245 478
245 480
245 481
245 482
245 483
245 503
245 505
245 528
245 531
245 532
245 533
245 534
245 535
245 536
245 537
245 538
245 540
245 541
245 542
245 543
245 544
245 545
245 546
245 547
245 548
245 549
245 550
245 551
245 552
245 553
245 554
245 555
245 557
245 558
245 652
245 653
245 654
245 656
245 657
245 659
245 660
245 661
245 662
245 663
245 664
245 665
245 666
245 697
245 700
245 702
245 703
245 704
245 706
245 707
245 708
245 709
245 710
245 711
245 712
245 713
245 812
245 814
245 818
245 819
245 821
245 822
245 823
245 824
245 825
245 826
245 827
245 828
245 829
245 830
246 247
246 249
246 250
246 251
246 252
246 253
246 254
246 255
246 476
246 479
246 480
246 481
246 482
246 486
246 505
246 528
246 531
246 532
246 534
246 535
246 536
246 537
246 538
246 539
246 540
246 541
246 542
246 543
246 544
246 545
246 546
246 547
246 548
246 549
246 550
246 551
246 552
246 553
246 554
246 555
246 556
246 557
246 558
246 602
246 650
246 654
246 656
246 657
246 659
246 660
246 661
246 662
246 664
246 665
246 666
246 701
246 702
246 703
246 704
246 705
246 706
246 707
246 708
246 710
246 711
246 712
246 713
246 714
246 814
246 816
246 819
246 820
246 821
246 823
246 825
246 827
246 828
246 829
246 830
247 248
247 249
247 250
247 251
247 252
247 253
247 254
247 255
247 256
247 475
247 477
247 479
247 480
247 482
247 484
247 504
247 529
247 531
247 533
247 534
247 535
247 536
247 537
247 538
247 539
247 540
247 541
247 542
247 543
247 544
247 545
247 546
247 547
247 548
247 549
247 550
247 551
247 552
247 553
247 554
247 555
247 556
247 557
247 652
247 653
247 654
247 655
247 656
247 657
247 658
247 659
247 660
247 661
247 662
247 663
247 664
247 666
247 672
247 697
247 701
247 702
247 703
247 704
247 705
247 706
247 707
247 708
247 709
247 710
247 711
247 712
247 713
247 714
247 812
247 814
247 815
247 816
247 817
247 818
247 819
247 820
247 821
247 822
247 823
247 824
247 825
247 826
247 827
247 828
247 829
248 249
248 250
248 251
248 252
248 254
248 256
248 257
248 477
248 478
248 479
248 480
248 481
248 503
248 504
248 532
248 533
248 534
248 535
248 536
248 537
248 538
248 539
248 540
248 541
248 542
248 543
248 544
248 545
248 546
248 547
248 548
248 549
248 550
248 551
248 552
248 553
248 554
248 555
248 556
248 557
248 558
248 559
248 651
248 656
248 657
248 658
248 659
248 660
248 661
248 662
248 663
248 664
248 665
248 666
248 695
248 696
248 698
248 699
248 701
248 703
248 704
248 705
248 706
248 707
248 708
248 709
248 710
248 711
248 712
248 713
248 714
248 814
248 817
248 818
248 819
248 821
248 822
248 823
248 824
248 825
248 826
248 827
248 828
248 830
249 250
249 251
249 253
249 254
249 255
249 256
249 477
249 478
249 479
249 480
249 481
249 482
249 483
249 484
249 501
249 502
249 503
249 531
249 532
249 533
249 534
249 536
249 537
249 538
249 539
249 540
249 541
249 542
249 543
249 544
249 545
249 546
249 547
249 548
249 549
249 550
249 551
249 552
249 553
249 554
249 555
249 556
249 557
249 558
249 559
249 650
249 653
249 654
249 655
249 656
249 657
249 658
249 660
249 662
249 663
249 664
249 665
249 667
249 698
249 699
249 701
249 703
249 704
249 706
249 707
249 708
249 709
249 710
249 711
249 712
249 713
249 714
249 812
249 818
249 819
249 821
249 822
249 823
249 824
249 825
249 826
249 827
249 828
249 829
249 830
250 251
250 252
250 253
250 254
250 255
250 256
250 257
250 477
250 479
250 480
250 482
250 483
250 502
250 503
250 505
250 531
250 532
250 533
250 534
250 535
250 536
250 537
250 538
250 539
250 540
250 541
250 542
250 543
250 544
250 545
250 546
250 547
250 548
250 549
250 550
250 551
250 552
250 553
250 555
250 556
250 557
250 558
250 559
250 653
250 655
250 657
250 658
250 659
250 660
250 661
250 662
250 663
250 664
250 665
250 666
250 696
250 702
250 704
250 705
250 706
250 707
250 708
250 709
250 710
250 711
250 712
250 713
250 715
250 812
250 814
250 817
250 819
250 820
250 821
250 822
250 823
250 824
250 825
250 826
250 827
250 828
250 829
251 252
251 253
251 254
251 255
251 256
251 479
251 480
251 481
251 482
251 483
251 484
251 503
251 505
251 527
251 533
251 534
251 535
251 536
251 537
251 538
251 539
251 540
251 541
251 542
251 543
251 544
251 545
251 546
251 547
251 548
251 549
251 550
251 551
251 552
251 553
251 554
251 555
251 556
251 557
251 558
251 559
251 651
251 655
251 656
251 657
251 658
251 659
251 660
251 661
251 662
251 663
251 664
251 665
251 666
251 667
251 696
251 698
251 702
251 703
251 705
251 706
251 708
251 709
251 710
251 711
251 712
251 713
251 714
251 814
251 816
251 817
251 818
251 819
251 820
251 821
251 823
251 824
251 825
251 826
251 827
251 828
251 829
252 253
252 254
252 255
252 256
252 257
252 478
252 479
252 480
252 481
252 483
252 484
252 504
252 529
252 530
252 531
252 532
252 533
252 534
252 535
252 537
252 538
252 539
252 540
252 541
252 542
252 543
252 544
252 545
252 546
252 547
252 548
252 549
252 550
252 551
252 552
252 553
252 554
252 555
252 556
252 557
252 558
252 653
252 654
252 656
252 657
252 658
252 659
252 660
252 661
252 662
252 663
252 664
252 665
252 666
252 700
252 702
252 704
252 705
252 706
252 707
252 708
252 709
252 710
252 711
252 712
252 713
252 714
252 812
252 816
252 817
252 819
252 820
252 822
252 823
252 824
252 826
252 828
252 829
252 830
253 254
253 255
253 256
253 257
253 277
253 477
253 478
253 479
253 480
253 482
253 484
253 492
253 501
253 503
253 504
253 505
253 507
253 528
253 529
253 530
253 531
253 532
253 533
253 534
253 535
253 536
253 537
253 538
253 539
253 540
253 541
253 542
253 543
253 544
253 545
253 546
253 547
253 548
253 549
253 550
253 551
253 552
253 553
253 554
253 555
253 556
253 557
253 558
253 559
253 631
253 653
253 655
253 656
253 657
253 658
253 659
253 661
253 662
253 663
253 664
253 665
253 666
253 667
253 668
253 698
253 700
253 701
253 703
253 704
253 705
253 706
253 707
253 708
253 709
253 710
253 711
253 712
253 713
253 714
253 815
253 819
253 820
253 821
253 822
253 823
253 824
253 825
253 826
253 827
253 828
253 829
253 830
254 255
254 256
254 341
254 476
254 478
254 479
254 481
254 482
254 483
254 503
254 504
254 507
254 531
254 533
254 535
254 536
254 537
254 538
254 539
254 540
254 541
254 542
254 543
254 544
254 545
254 546
254 547
254 548
254 549
254 550
254 551
254 552
254 553
254 554
254 555
254 556
254 557
254 558
254 653
254 655
254 656
254 658
254 659
254 660
254 661
254 662
254 663
254 664
254 665
254 666
254 674
254 698
254 701
254 705
254 706
254 707
254 708
254 709
254 710
254 711
254 712
254 713
254 714
254 813
254 814
254 816
254 817
254 818
254 819
254 821
254 822
254 823
254 824
254 825
254 826
254 827
254 828
254 829
254 830
255 256
255 257
255 476
255 477
255 479
255 480
255 481
255 482
255 483
255 492
255 504
255 527
255 529
255 531
255 532
255 533
255 534
255 535
255 536
255 537
255 538
255 539
255 540
255 541
255 542
255 543
255 544
255 545
255 546
255 547
255 548
255 549
255 550
255 551
255 552
255 553
255 554
255 555
255 556
255 557
255 558
255 559
255 653
255 654
255 655
255 656
255 657
255 658
255 659
255 660
255 661
255 662
255 663
255 664
255 665
255 666
255 699
255 700
255 701
255 704
255 705
255 706
255 707
255 708
255 709
255 710
255 711
255 712
255 713
255 714
255 815
255 816
255 819
255 820
255 821
255 822
255 823
255 824
255 825
255 826
255 827
255 828
255 829
255 830
255 831
256 478
256 480
256 483
256 528
256 530
256 531
256 532
256 534
256 535
256 536
256 537
256 538
256 539
256 540
256 542
256 543
256 544
256 545
256 546
256 547
256 548
256 549
256 550
256 551
256 552
256 553
256 554
256 555
256 556
256 557
256 558
256 559
256 560
256 562
256 654
256 656
256 657
256 658
256 660
256 661
256 662
256 663
256 664
256 665
256 666
256 696
256 697
256 701
256 703
256 704
256 705
256 707
256 708
256 709
256 710
256 711
256 712
256 714
256 715
256 813
256 816
256 817
256 818
256 820
256 822
256 823
256 824
256 825
256 826
256 827
256 828
257 397
257 536
257 541
257 548
257 549
257 550
257 551
257 552
257 553
257 554
257 555
257 556
257 557
257 558
257 559
257 666
257 667
257 703
257 707
257 712
257 820
257 825
257 827
257 828
258 476
258 549
258 552
258 553
258 554
258 555
258 556
258 557
258 614
258 718
259 557
259 730
259 824
260 353
262 557
263 314
263 555
273 358
276 541
276 554
277 669
277 715
278 552
278 553
278 557
284 555
284 661
285 552
285 668
285 713
286 550
286 555
286 600
287 467
291 554
291 557
292 621
293 556
295 305
297 710
298 552
299 553
299 712
300 494
313 563
317 559
320 652
321 555
329 553
330 663
335 537
338 550
339 554
342 544
342 668
343 552
343 825
344 553
344 555
346 556
347 554
352 555
356 701
357 553
357 554
358 419
359 555
359 556
363 550
363 714
364 556
369 537
380 557
385 550
388 509
396 555
397 552
401 554
402 554
402 556
403 493
407 644
414 551
414 554
415 552
415 555
415 831
416 557
416 633
418 555
418 655
419 554
420 509
420 550
435 555
442 555
448 557
456 546
460 554
466 665
468 546
468 814
469 552
469 555
469 557
470 539
470 547
470 551
470 552
470 554
470 557
471 552
471 553
471 554
471 556
472 560
472 625
474 504
474 530
474 536
474 654
474 657
474 701
474 702
474 814
475 530
475 534
475 536
475 541
475 543
475 551
475 553
475 558
475 652
475 660
475 663
475 667
475 696
475 700
475 710
475 712
475 812
475 816
475 818
475 819
475 820
475 828
476 479
476 480
476 485
476 527
476 529
476 531
476 532
476 533
476 534
476 536
476 537
476 538
476 543
476 546
476 549
476 553
476 554
476 649
476 651
476 654
476 659
476 660
476 662
476 664
476 698
476 704
476 706
476 709
476 710
476 814
476 815
476 817
476 827
477 478
477 479
477 482
477 483
477 503
477 504
477 527
477 529
477 536
477 537
477 539
477 547
477 548
477 549
477 551
477 553
477 554
477 556
477 557
477 558
477 559
477 651
477 652
477 662
477 664
477 666
477 696
477 698
477 702
477 706
477 707
477 708
477 710
477 711
477 713
477 814
477 815
477 818
477 823
477 824
477 825
477 827
477 828
477 830
478 479
478 480
478 481
478 482
478 501
478 503
478 504
478 506
478 526
478 527
478 529
478 532
478 534
478 535
478 536
478 539
478 540
478 541
478 543
478 545
478 546
478 548
478 550
478 551
478 552
478 554
478 558
478 559
478 656
478 658
478 659
478 665
478 667
478 697
478 701
478 702
478 703
478 704
478 705
478 706
478 707
478 708
478 709
478 712
478 817
478 818
478 819
478 821
478 822
478 824
478 825
478 828
479 480
479 481
479 482
479 483
479 503
479 504
479 530
479 532
479 533
479 534
479 538
479 540
479 541
479 543
479 545
479 546
479 548
479 550
479 551
479 552
479 553
479 554
479 555
479 556
479 557
479 559
479 652
479 653
479 656
479 657
479 658
479 660
479 661
479 662
479 663
479 664
479 665
479 666
479 667
479 697
479 698
479 701
479 702
479 705
479 706
479 707
479 709
479 710
479 712
479 714
479 813
479 815
479 816
479 818
479 820
479 821
479 822
479 823
479 827
479 829
480 481
480 483
480 502
480 504
480 505
480 506
480 528
480 530
480 532
480 533
480 534
480 535
480 536
480 537
480 538
480 539
480 540
480 542
480 543
480 544
480 545
480 546
480 547
480 548
480 551
480 552
480 553
480 554
480 555
480 556
480 557
480 558
480 569
480 653
480 654
480 655
480 656
480 657
480 658
480 660
480 661
480 662
480 663
480 664
480 665
480 700
480 701
480 702
480 703
480 706
480 707
480 710
480 712
480 713
480 714
480 813
480 819
480 820
480 821
480 822
480 823
480 824
480 826
480 827
480 828
481 482
481 483
481 502
481 528
481 529
481 530
481 531
481 533
481 535
481 536
481 538
481 539
481 540
481 541
481 544
481 545
481 546
481 548
481 549
481 551
481 552
481 554
481 555
481 556
481 557
481 558
481 559
481 652
481 655
481 656
481 657
481 658
481 660
481 662
481 663
481 664
481 666
481 698
481 701
481 703
481 704
481 705
481 706
481 708
481 709
481 710
481 711
481 712
481 713
481 815
481 816
481 819
481 820
481 821
481 822
481 823
481 824
481 828
481 831
482 500
482 503
482 529
482 530
482 531
482 532
482 533
482 534
482 535
482 536
482 537
482 539
482 540
482 541
482 543
482 544
482 545
482 546
482 547
482 548
482 549
482 550
482 551
482 552
482 553
482 554
482 555
482 556
482 557
482 558
482 559
482 650
482 655
482 656
482 657
482 658
482 659
482 660
482 661
482 662
482 663
482 664
482 666
482 671
482 698
482 700
482 702
482 703
482 704
482 705
482 706
482 710
482 711
482 712
482 713
482 714
482 813
482 816
482 817
482 818
482 819
482 821
482 822
482 823
482 824
482 825
482 826
483 484
483 504
483 532
483 534
483 535
483 537
483 540
483 541
483 542
483 543
483 545
483 546
483 548
483 550
483 551
483 552
483 553
483 554
483 555
483 556
483 557
483 558
483 559
483 653
483 659
483 661
483 663
483 664
483 665
483 666
483 699
483 700
483 703
483 704
483 705
483 708
483 711
483 712
483 713
483 714
483 816
483 818
483 819
483 820
483 821
483 822
483 823
483 824
483 826
483 827
483 828
484 500
484 501
484 530
484 531
484 532
484 536
484 542
484 544
484 549
484 550
484 551
484 552
484 553
484 554
484 555
484 556
484 557
484 558
484 659
484 660
484 664
484 665
484 666
484 702
484 706
485 529
485 537
485 543
485 548
485 549
485 554
485 556
485 557
485 572
485 599
485 664
485 709
485 711
485 813
485 826
485 828
486 554
486 555
486 556
486 620
486 716
486 828
487 729
490 558
491 548
492 547
492 555
492 556
492 741
493 550
493 551
493 554
494 557
496 716
499 551
499 669
500 526
500 533
500 557
500 701
500 714
500 825
501 529
501 544
501 655
501 657
501 662
501 696
501 705
501 813
501 814
501 820
501 822
501 823
502 505
502 528
502 529
502 532
502 537
502 541
502 548
502 553
502 554
502 556
502 651
502 655
502 656
502 661
502 701
502 703
502 705
502 709
502 710
502 813
502 814
502 815
502 822
502 823
502 824
502 827
503 528
503 529
503 530
503 531
503 532
503 535
503 540
503 544
503 545
503 546
503 547
503 548
503 549
503 552
503 553
503 554
503 558
503 559
503 641
503 650
503 656
503 658
503 659
503 666
503 697
503 699
503 701
503 702
503 706
503 708
503 710
503 711
503 713
503 815
503 816
503 817
503 822
503 823
503 824
503 825
503 826
503 830
504 527
504 530
504 531
504 532
504 533
504 534
504 535
504 536
504 539
504 541
504 542
504 543
504 544
504 547
504 548
504 549
504 551
504 555
504 556
504 652
504 654
504 657
504 658
504 660
504 661
504 662
504 663
504 665
504 666
504 696
504 699
504 700
504 701
504 702
504 703
504 705
504 706
504 707
504 708
504 710
504 816
504 817
504 818
504 820
504 821
504 823
504 824
504 825
504 827
504 828
504 829
504 833
505 529
505 530
505 531
505 535
505 537
505 538
505 539
505 543
505 545
505 547
505 552
505 555
505 556
505 558
505 656
505 658
505 661
505 663
505 665
505 666
505 701
505 703
505 705
505 815
505 818
505 820
505 825
505 826
505 827
506 537
506 542
506 544
506 546
506 547
506 548
506 552
506 554
506 555
506 557
506 558
506 661
506 663
506 701
506 702
506 710
506 712
506 823
507 551
507 552
507 553
507 554
507 555
507 556
507 663
507 820
508 552
508 553
508 554
508 558
508 559
515 658
516 542
516 556
517 555
517 710
518 548
518 551
518 553
519 551
519 553
519 555
520 544
520 601
526 553
526 558
526 656
526 814
526 818
526 823
527 530
527 535
527 536
527 539
527 542
527 545
527 553
527 556
527 559
527 652
527 659
527 660
527 662
527 665
527 696
527 698
527 704
527 816
527 817
527 820
527 827
527 830
528 533
528 534
528 543
528 546
528 549
528 555
528 653
528 660
528 698
528 699
528 701
528 702
528 708
528 709
528 711
528 814
528 817
528 818
528 819
528 821
528 822
528 825
529 530
529 533
529 534
529 539
529 541
529 543
529 545
529 548
529 550
529 555
529 556
529 558
529 559
529 650
529 651
529 652
529 657
529 660
529 665
529 666
529 697
529 698
529 699
529 700
529 701
529 703
529 704
529 707
529 710
529 713
529 812
529 816
529 819
529 821
529 825
529 827
529 828
530 531
530 533
530 535
530 538
530 539
530 540
530 543
530 544
530 545
530 548
530 550
530 553
530 555
530 556
530 557
530 558
530 559
530 651
530 652
530 655
530 657
530 662
530 663
530 664
530 666
530 697
530 699
530 700
530 701
530 702
530 703
530 706
530 707
530 710
530 816
530 817
530 818
530 821
530 823
530 825
530 826
530 827
530 828
530 829
530 830
531 532
531 534
531 538
531 539
531 540
531 541
531 543
531 547
531 552
531 554
531 555
531 556
531 557
531 558
531 651
531 656
531 657
531 659
531 660
531 661
531 662
531 665
531 696
531 704
531 706
531 707
531 708
531 710
531 711
531 712
531 814
531 815
531 816
531 817
531 820
531 821
531 824
531 827
531 828
531 829
532 533
532 534
532 535
532 536
532 538
532 540
532 541
532 542
532 544
532 545
532 548
532 549
532 550
532 551
532 552
532 553
532 555
532 556
532 557
532 654
532 656
532 657
532 660
532 661
532 662
532 664
532 666
532 667
532 668
532 696
532 697
532 699
532 700
532 702
532 703
532 706
532 708
532 709
532 713
532 714
532 815
532 816
532 817
532 818
532 821
532 822
532 823
532 824
532 825
532 826
532 827
532 829
533 534
533 535
533 536
533 537
533 538
533 540
533 541
533 542
533 543
533 544
533 545
533 547
533 549
533 550
533 551
533 553
533 554
533 555
533 556
533 557
533 558
533 652
533 653
533 654
533 655
533 656
533 657
533 659
533 660
533 661
533 662
533 663
533 664
533 665
533 701
533 704
533 705
533 706
533 707
533 708
533 709
533 710
533 711
533 713
533 714
533 816
533 818
533 820
533 822
533 823
533 824
533 827
533 828
533 829
533 830
534 535
534 537
534 538
534 539
534 543
534 544
534 545
534 546
534 548
534 549
534 550
534 551
534 552
534 553
534 554
534 556
534 558
534 559
534 650
534 652
534 654
534 656
534 658
534 659
534 660
534 662
534 663
534 664
534 665
534 666
534 696
534 697
534 700
534 701
534 704
534 706
534 707
534 708
534 709
534 710
534 711
534 712
534 713
534 818
534 819
534 820
534 822
534 824
534 826
534 827
534 828
534 829
535 536
535 537
535 538
535 540
535 541
535 542
535 543
535 544
535 545
535 546
535 547
535 548
535 549
535 550
535 551
535 552
535 553
535 554
535 555
535 556
535 557
535 558
535 559
535 560
535 651
535 655
535 656
535 657
535 659
535 660
535 662
535 663
535 664
535 665
535 666
535 702
535 703
535 704
535 705
535 706
535 707
535 709
535 710
535 711
535 712
535 713
535 714
535 820
535 821
535 822
535 823
535 824
535 825
535 826
535 827
535 828
535 829
535 830
536 537
536 538
536 540
536 541
536 542
536 543
536 544
536 545
536 546
536 547
536 549
536 550
536 551
536 552
536 553
536 554
536 555
536 556
536 558
536 559
536 654
536 655
536 656
536 658
536 659
536 660
536 662
536 663
536 664
536 665
536 666
536 699
536 702
536 703
536 704
536 705
536 706
536 708
536 709
536 710
536 711
536 712
536 713
536 814
536 815
536 817
536 818
536 819
536 820
536 821
536 823
536 825
536 826
536 827
536 828
536 830
537 539
537 540
537 541
537 542
537 543
537 544
537 545
537 546
537 547
537 548
537 549
537 550
537 551
537 552
537 553
537 555
537 556
537 558
537 559
537 655
537 657
537 658
537 659
537 660
537 661
537 662
537 663
537 664
537 665
537 666
537 698
537 700
537 701
537 703
537 704
537 705
537 706
537 707
537 708
537 709
537 711
537 712
537 713
537 714
537 815
537 818
537 819
537 821
537 822
537 823
537 824
537 825
537 826
537 827
537 828
537 829
537 830
538 539
538 540
538 542
538 543
538 544
538 545
538 546
538 547
538 548
538 549
538 550
538 552
538 553
538 554
538 555
538 556
538 557
538 558
538 653
538 654
538 657
538 658
538 659
538 660
538 661
538 662
538 663
538 664
538 665
538 666
538 667
538 698
538 699
538 700
538 701
538 702
538 706
538 707
538 708
538 709
538 710
538 711
538 712
538 713
538 815
538 817
538 818
538 819
538 820
538 821
538 822
538 823
538 824
538 825
538 826
538 827
538 828
539 540
539 541
539 542
539 543
539 544
539 545
539 546
539 547
539 548
539 549
539 550
539 551
539 552
539 553
539 554
539 555
539 556
539 557
539 559
539 652
539 654
539 655
539 656
539 657
539 658
539 659
539 660
539 661
539 662
539 663
539 664
539 665
539 666
539 667
539 700
539 703
539 704
539 706
539 708
539 709
539 710
539 711
539 712
539 713
539 714
539 813
539 815
539 816
539 817
539 818
539 819
539 821
539 822
539 823
539 824
539 825
539 826
539 827
539 828
539 829
539 830
539 831
540 541
540 542
540 543
540 544
540 545
540 546
540 547
540 548
540 549
540 550
540 551
540 552
540 553
540 554
540 556
540 557
540 558
540 559
540 653
540 655
540 656
540 657
540 658
540 660
540 661
540 662
540 663
540 664
540 665
540 666
540 667
540 698
540 699
540 700
540 703
540 704
540 705
540 706
540 707
540 708
540 709
540 710
540 711
540 712
540 713
540 815
540 817
540 818
540 819
540 820
540 821
540 822
540 823
540 824
540 825
540 826
540 827
540 828
540 829
540 830
541 542
541 543
541 544
541 545
541 546
541 547
541 548
541 549
541 550
541 551
541 552
541 553
541 554
541 555
541 556
541 557
541 558
541 559
541 652
541 655
541 656
541 657
541 658
541 659
541 660
541 661
541 662
541 663
541 664
541 665
541 666
541 699
541 700
541 702
541 703
541 704
541 705
541 706
541 707
541 708
541 709
541 710
541 711
541 712
541 713
541 817
541 818
541 819
541 820
541 821
541 822
541 823
541 824
541 825
541 826
541 827
541 829
541 830
541 831
542 543
542 544
542 545
542 546
542 547
542 548
542 549
542 550
542 551
542 552
542 553
542 554
542 555
542 556
542 557
542 558
542 559
542 560
542 651
542 653
542 654
542 656
542 657
542 659
542 660
542 661
542 662
542 663
542 664
542 665
542 666
542 667
542 699
542 700
542 701
542 702
542 704
542 705
542 706
542 707
542 708
542 709
542 710
542 711
542 712
542 713
542 714
542 815
542 817
542 818
542 821
542 822
542 823
542 824
542 825
542 826
542 827
542 828
542 829
542 830
542 831
543 544
543 545
543 546
543 547
543 548
543 549
543 550
543 551
543 552
543 553
543 554
543 555
543 556
543 557
543 558
543 559
543 642
543 651
543 653
543 655
543 657
543 658
543 659
543 660
543 661
543 662
543 663
543 664
543 665
543 666
543 667
543 701
543 702
543 703
543 704
543 705
543 706
543 707
543 708
543 709
543 710
543 711
543 712
543 713
543 714
543 812
543 817
543 819
543 820
543 822
543 823
543 824
543 825
543 826
543 827
543 828
543 830
544 545
544 546
544 547
544 548
544 549
544 550
544 551
544 552
544 553
544 554
544 555
544 556
544 557
544 558
544 559
544 560
544 655
544 657
544 658
544 659
544 660
544 661
544 662
544 663
544 664
544 665
544 666
544 667
544 668
544 703
544 704
544 705
544 706
544 707
544 708
544 709
544 710
544 711
544 712
544 713
544 714
544 715
544 814
544 815
544 816
544 817
544 820
544 821
544 822
544 823
544 824
544 825
544 826
544 827
544 828
544 829
544 830
544 831
545 546
545 547
545 548
545 549
545 550
545 551
545 552
545 553
545 554
545 555
545 556
545 557
545 558
545 653
545 654
545 657
545 658
545 659
545 660
545 661
545 662
545 663
545 664
545 665
545 666
545 667
545 668
545 669
545 697
545 699
545 703
545 704
545 705
545 706
545 708
545 709
545 710
545 711
545 712
545 713
545 714
545 717
545 724
545 814
545 815
545 816
545 817
545 818
545 819
545 820
545 821
545 822
545 823
545 824
545 825
545 826
545 827
545 828
545 829
545 830
545 831
546 547
546 548
546 549
546 550
546 551
546 552
546 553
546 554
546 555
546 556
546 557
546 558
546 559
546 560
546 561
546 652
546 653
546 654
546 656
546 657
546 658
546 659
546 661
546 662
546 663
546 664
546 665
546 666
546 668
546 697
546 698
546 700
546 701
546 702
546 703
546 704
546 705
546 706
546 707
546 708
546 709
546 710
546 711
546 712
546 713
546 714
546 812
546 813
546 814
546 816
546 819
546 820
546 821
546 822
546 823
546 824
546 825
546 826
546 827
546 828
546 829
546 830
547 548
547 549
547 550
547 551
547 552
547 553
547 554
547 555
547 556
547 557
547 558
547 631
547 640
547 652
547 654
547 657
547 658
547 659
547 660
547 661
547 662
547 663
547 664
547 665
547 666
547 667
547 669
547 698
547 699
547 700
547 701
547 702
547 703
547 704
547 705
547 706
547 707
547 708
547 709
547 710
547 711
547 712
547 713
547 714
547 715
547 814
547 818
547 819
547 820
547 821
547 822
547 823
547 824
547 826
547 827
547 828
547 829
547 830
547 832
548 549
548 550
548 551
548 552
548 553
548 554
548 555
548 556
548 557
548 558
548 559
548 560
548 561
548 642
548 643
548 653
548 654
548 655
548 657
548 658
548 659
548 660
548 661
548 662
548 663
548 664
548 665
548 666
548 667
548 695
548 697
548 698
548 701
548 703
548 704
548 705
548 706
548 707
548 708
548 709
548 710
548 711
548 712
548 713
548 714
548 813
548 814
548 815
548 817
548 818
548 819
548 821
548 822
548 823
548 824
548 825
548 826
548 827
548 828
548 829
548 830
549 550
549 551
549 552
549 553
549 554
549 555
549 556
549 557
549 558
549 559
549 560
549 561
549 575
549 612
549 620
549 652
549 654
549 655
549 657
549 658
549 659
549 660
549 661
549 662
549 663
549 664
549 665
549 666
549 667
549 668
549 697
549 698
549 699
549 700
549 702
549 703
549 704
549 705
549 706
549 707
549 708
549 709
549 710
549 711
549 712
549 713
549 714
549 715
549 817
549 818
549 819
549 820
549 821
549 823
549 824
549 825
549 826
549 827
549 828
549 829
549 830
549 831
549 832
550 551
550 552
550 553
550 554
550 555
550 556
550 557
550 558
550 559
550 560
550 562
550 654
550 655
550 657
550 658
550 659
550 660
550 661
550 662
550 663
550 664
550 665
550 666
550 668
550 672
550 675
550 700
550 701
550 702
550 703
550 704
550 705
550 706
550 707
550 708
550 709
550 710
550 711
550 712
550 713
550 714
550 729
550 815
550 816
550 817
550 818
550 819
550 820
550 821
550 822
550 823
550 824
550 825
550 826
550 827
550 828
550 829
550 830
550 831
551 552
551 553
551 554
551 555
551 556
551 557
551 558
551 559
551 560
551 561
551 593
551 614
551 648
551 653
551 655
551 656
551 657
551 658
551 659
551 660
551 661
551 662
551 663
551 664
551 665
551 666
551 667
551 668
551 697
551 698
551 700
551 702
551 703
551 704
551 705
551 706
551 707
551 708
551 709
551 710
551 711
551 712
551 713
551 714
551 715
551 716
551 767
551 813
551 814
551 816
551 817
551 818
551 820
551 822
551 823
551 824
551 825
551 826
551 827
551 828
551 829
551 830
551 831
551 832
552 553
552 554
552 555
552 556
552 557
552 558
552 559
552 561
552 613
552 633
552 636
552 641
552 652
552 653
552 654
552 655
552 656
552 657
552 659
552 660
552 661
552 662
552 663
552 664
552 665
552 666
552 667
552 668
552 697
552 701
552 702
552 703
552 704
552 706
552 707
552 708
552 709
552 710
552 711
552 712
552 713
552 714
552 724
552 789
552 812
552 814
552 816
552 817
552 818
552 820
552 821
552 822
552 823
552 824
552 825
552 826
552 827
552 828
552 829
552 830
552 831
552 832
553 554
553 555
553 556
553 557
553 558
553 559
553 560
553 561
553 562
553 594
553 611
553 632
553 633
553 640
553 642
553 643
553 647
553 652
553 655
553 656
553 657
553 658
553 660
553 661
553 662
553 663
553 664
553 665
553 666
553 667
553 668
553 698
553 700
553 703
553 704
553 705
553 706
553 707
553 708
553 709
553 710
553 711
553 712
553 713
553 714
553 715
553 724
553 730
553 752
553 813
553 814
553 815
553 817
553 818
553 819
553 820
553 821
553 822
553 823
553 824
553 825
553 826
553 827
553 828
553 829
553 830
553 832
554 555
554 556
554 557
554 558
554 559
554 561
554 562
554 570
554 596
554 619
554 643
554 655
554 656
554 657
554 658
554 659
554 660
554 661
554 662
554 663
554 664
554 665
554 666
554 667
554 668
554 669
554 697
554 699
554 700
554 701
554 702
554 703
554 704
554 706
554 707
554 708
554 709
554 710
554 711
554 712
554 713
554 714
554 715
554 716
554 719
554 728
554 773
554 798
554 806
554 813
554 815
554 817
554 818
554 820
554 821
554 822
554 823
554 824
554 825
554 826
554 827
554 828
554 829
554 831
554 832
555 556
555 557
555 558
555 559
555 560
555 599
555 620
555 624
555 632
555 641
555 643
555 651
555 654
555 656
555 657
555 658
555 659
555 660
555 661
555 662
555 663
555 664
555 665
555 666
555 667
555 668
555 670
555 673
555 679
555 685
555 697
555 698
555 701
555 702
555 703
555 705
555 706
555 707
555 708
555 709
555 710
555 711
555 712
555 713
555 714
555 715
555 716
555 717
555 729
555 752
555 774
555 815
555 817
555 818
555 820
555 821
555 823
555 824
555 825
555 826
555 827
555 828
555 829
555 830
555 831
555 832
555 833
556 557
556 558
556 559
556 560
556 562
556 563
556 576
556 577
556 585
556 592
556 620
556 626
556 628
556 639
556 640
556 641
556 655
556 656
556 657
556 658
556 659
556 660
556 661
556 662
556 663
556 664
556 665
556 666
556 667
556 668
556 669
556 672
556 680
556 686
556 697
556 699
556 700
556 701
556 702
556 704
556 706
556 708
556 709
556 710
556 711
556 712
556 713
556 714
556 715
556 716
556 739
556 753
556 813
556 815
556 819
556 820
556 821
556 822
556 823
556 824
556 825
556 826
556 827
556 828
556 829
556 830
556 831
556 833
557 558
557 559
557 560
557 561
557 601
557 612
557 613
557 632
557 642
557 655
557 656
557 657
557 658
557 659
557 660
557 661
557 662
557 663
557 664
557 665
557 666
557 667
557 670
557 671
557 685
557 696
557 697
557 700
557 703
557 704
557 705
557 706
557 707
557 708
557 709
557 710
557 711
557 712
557 713
557 714
557 715
557 776
557 780
557 815
557 816
557 817
557 819
557 820
557 822
557 823
557 824
557 825
557 826
557 827
557 828
557 829
557 830
557 831
557 833
557 834
557 836
558 559
558 560
558 569
558 639
558 653
558 654
558 657
558 658
558 660
558 661
558 662
558 663
558 664
558 665
558 666
558 667
558 669
558 697
558 701
558 702
558 703
558 704
558 705
558 706
558 707
558 708
558 709
558 710
558 711
558 712
558 713
558 714
558 753
558 815
558 817
558 818
558 819
558 820
558 821
558 822
558 823
558 824
558 825
558 826
558 827
558 828
558 829
558 830
558 832
559 651
559 654
559 657
559 658
559 659
559 660
559 662
559 664
559 665
559 666
559 697
559 699
559 701
559 702
559 703
559 704
559 705
559 706
559 707
559 710
559 711
559 712
559 713
559 714
559 717
559 722
559 745
559 814
559 815
559 816
559 817
559 819
559 820
559 821
559 823
559 825
559 826
559 827
559 829
560 642
560 659
560 667
560 670
560 671
560 714
560 824
561 720
563 829
568 710
571 673
578 718
595 615
598 828
610 666
629 670
631 664
631 707
634 834
641 699
641 715
649 655
650 656
650 662
650 663
650 664
650 696
650 705
650 707
650 714
650 817
650 828
651 655
651 659
651 709
651 710
651 712
651 818
651 824
651 825
652 656
652 657
652 659
652 660
652 662
652 663
652 664
652 702
652 704
652 705
652 706
652 710
652 712
652 714
652 812
652 813
652 815
652 819
652 821
652 823
652 824
652 825
653 655
653 656
653 657
653 659
653 660
653 661
653 662
653 663
653 664
653 666
653 705
653 707
653 710
653 711
653 712
653 714
653 813
653 814
653 816
653 820
653 821
653 823
653 824
653 828
653 829
654 655
654 656
654 657
654 658
654 659
654 660
654 661
654 663
654 664
654 665
654 666
654 667
654 668
654 699
654 700
654 701
654 702
654 703
654 704
654 707
654 708
654 710
654 713
654 819
654 820
654 823
654 824
654 825
654 826
654 828
654 829
654 830
655 656
655 657
655 658
655 660
655 661
655 662
655 663
655 666
655 697
655 698
655 700
655 701
655 702
655 703
655 705
655 707
655 708
655 709
655 710
655 713
655 723
655 815
655 816
655 817
655 818
655 820
655 822
655 823
655 824
655 825
655 826
655 827
655 829
655 830
656 657
656 658
656 660
656 661
656 663
656 664
656 665
656 698
656 699
656 700
656 701
656 702
656 703
656 704
656 705
656 706
656 707
656 709
656 710
656 711
656 713
656 714
656 815
656 817
656 818
656 819
656 820
656 821
656 824
656 825
656 826
656 827
656 829
656 830
657 659
657 661
657 662
657 664
657 665
657 666
657 667
657 697
657 698
657 699
657 700
657 701
657 702
657 703
657 704
657 707
657 708
657 709
657 710
657 711
657 712
657 714
657 815
657 817
657 818
657 820
657 822
657 823
657 824
657 825
657 826
657 827
657 828
657 829
658 659
658 662
658 663
658 664
658 665
658 695
658 697
658 698
658 700
658 703
658 704
658 705
658 706
658 707
658 708
658 709
658 710
658 711
658 712
658 713
658 714
658 813
658 816
658 817
658 818
658 819
658 820
658 821
658 822
658 823
658 824
658 825
658 826
658 827
658 828
658 829
658 830
658 831
659 661
659 662
659 663
659 664
659 665
659 666
659 698
659 700
659 701
659 702
659 704
659 705
659 707
659 708
659 709
659 710
659 712
659 713
659 714
659 813
659 817
659 818
659 819
659 820
659 821
659 822
659 823
659 824
659 825
659 826
659 827
659 829
660 661
660 662
660 663
660 664
660 665
660 666
660 667
660 696
660 700
660 703
660 704
660 705
660 706
660 707
660 708
660 709
660 710
660 711
660 712
660 713
660 714
660 812
660 815
660 817
660 818
660 819
660 820
660 821
660 822
660 823
660 824
660 825
660 826
660 827
660 828
660 830
661 662
661 663
661 664
661 665
661 666
661 667
661 696
661 699
661 700
661 701
661 702
661 703
661 704
661 705
661 706
661 707
661 708
661 709
661 710
661 711
661 712
661 713
661 714
661 715
661 817
661 818
661 819
661 820
661 821
661 822
661 823
661 824
661 825
661 826
661 827
661 828
661 829
661 830
662 663
662 664
662 665
662 666
662 668
662 699
662 700
662 701
662 702
662 703
662 704
662 705
662 707
662 708
662 709
662 710
662 711
662 712
662 713
662 714
662 814
662 817
662 818
662 819
662 821
662 822
662 823
662 824
662 825
662 826
662 827
662 828
662 829
662 830
663 664
663 665
663 666
663 702
663 704
663 705
663 706
663 707
663 708
663 709
663 710
663 711
663 712
663 713
663 714
663 814
663 818
663 819
663 821
663 823
663 825
663 826
663 827
663 828
663 829
663 831
664 665
664 666
664 667
664 695
664 700
664 701
664 702
664 703
664 704
664 705
664 706
664 707
664 708
664 709
664 710
664 711
664 712
664 713
664 714
664 816
664 817
664 819
664 820
664 822
664 823
664 824
664 825
664 826
664 827
664 828
664 829
665 666
665 703
665 704
665 705
665 706
665 707
665 708
665 709
665 710
665 711
665 712
665 713
665 714
665 815
665 818
665 819
665 820
665 821
665 822
665 823
665 824
665 825
665 826
665 827
665 828
665 829
665 830
666 700
666 701
666 704
666 705
666 706
666 707
666 708
666 709
666 710
666 711
666 712
666 713
666 714
666 815
666 816
666 817
666 818
666 819
666 822
666 823
666 824
666 825
666 826
666 827
666 828
666 829
667 698
667 703
667 708
667 709
667 710
667 713
667 774
667 812
667 825
667 828
667 830
667 831
668 705
668 821
669 829
695 702
695 714
695 823
696 699
696 708
696 714
696 815
696 818
696 822
696 828
696 830
697 699
697 701
697 708
697 709
697 712
697 817
697 821
697 829
697 831
698 700
698 702
698 703
698 704
698 707
698 709
698 710
698 711
698 712
698 714
698 813
698 815
698 819
698 822
698 825
698 828
699 700
699 703
699 704
699 707
699 710
699 711
699 713
699 814
699 815
699 816
699 818
699 820
699 824
699 825
699 826
700 701
700 702
700 703
700 704
700 706
700 708
700 709
700 710
700 711
700 713
700 714
700 816
700 819
700 822
700 823
700 826
700 828
700 829
700 830
701 702
701 703
701 705
701 706
701 707
701 709
701 712
701 713
701 815
701 819
701 820
701 822
701 824
701 825
701 827
701 829
701 830
702 703
702 704
702 705
702 706
702 707
702 708
702 709
702 710
702 712
702 713
702 812
702 815
702 816
702 817
702 820
702 821
702 822
702 824
702 825
702 826
702 827
703 704
703 705
703 706
703 707
703 708
703 710
703 711
703 713
703 817
703 819
703 820
703 821
703 822
703 823
703 824
703 826
703 827
703 828
703 829
704 705
704 706
704 707
704 708
704 709
704 710
704 711
704 713
704 714
704 815
704 816
704 817
704 818
704 819
704 821
704 822
704 824
704 825
704 826
704 827
704 828
704 830
705 706
705 707
705 708
705 710
705 711
705 712
705 714
705 814
705 815
705 819
705 820
705 821
705 823
705 824
705 825
705 826
705 827
705 828
705 829
706 707
706 708
706 709
706 710
706 711
706 712
706 713
706 714
706 817
706 819
706 821
706 822
706 823
706 824
706 825
706 826
706 827
706 828
707 708
707 709
707 710
707 711
707 712
707 713
707 714
707 755
707 813
707 814
707 816
707 817
707 818
707 820
707 821
707 822
707 823
707 824
707 825
707 826
707 827
707 828
707 829
708 709
708 710
708 711
708 712
708 714
708 813
708 816
708 820
708 821
708 822
708 823
708 824
708 825
708 826
708 827
708 828
708 829
709 710
709 711
709 712
709 713
709 729
709 814
709 816
709 817
709 818
709 821
709 822
709 823
709 824
709 825
709 826
709 827
709 828
709 829
709 830
710 711
710 712
710 713
710 714
710 715
710 814
710 815
710 816
710 818
710 819
710 821
710 822
710 823
710 824
710 825
710 826
710 827
710 828
710 829
710 830
711 712
711 713
711 714
711 814
711 818
711 819
711 821
711 822
711 823
711 824
711 825
711 826
711 827
711 828
711 829
712 713
712 714
712 813
712 816
712 817
712 818
712 819
712 821
712 822
712 823
712 824
712 825
712 826
712 827
712 828
712 829
713 714
713 715
713 716
713 811
713 813
713 814
713 815
713 821
713 822
713 823
713 824
713 825
713 826
713 827
713 828
713 829
713 830
713 831
714 715
714 813
714 815
714 817
714 819
714 820
714 821
714 822
714 823
714 824
714 825
714 826
714 828
714 829
715 820
715 824
715 826
715 827
716 725
717 834
720 828
775 816
812 828
813 817
813 821
813 824
813 829
814 815
814 819
814 822
814 823
814 824
815 818
815 821
815 822
815 823
815 825
815 827
816 818
816 819
816 825
816 826
816 827
816 828
816 829
816 831
817 819
817 820
817 821
817 822
817 825
818 820
818 822
818 823
818 824
818 826
818 828
819 820
819 821
819 822
819 823
819 824
819 825
819 829
819 830
820 821
820 822
820 824
820 827
820 829
821 822
821 824
821 825
821 826
821 827
821 829
821 830
822 823
822 824
822 825
822 826
822 827
822 828
822 829
822 830
823 824
823 825
823 827
823 829
823 830
824 825
824 828
824 829
825 826
825 827
825 828
825 829
826 827
826 828
826 829
827 828
827 829
827 830
828 829
828 830
829 830
