1 265
1 398
2 492
15 112
34 485
35 484
35 490
36 117
36 487
37 490
39 490
40 148
40 486
43 492
44 490
46 211
46 466
46 484
47 55
47 104
47 105
47 106
47 211
47 275
47 287
47 291
47 292
47 304
47 305
47 320
47 329
47 331
47 338
47 377
47 470
47 471
47 482
48 54
48 99
48 100
48 101
48 105
48 112
48 113
48 198
48 200
48 204
48 206
48 208
48 211
48 279
48 281
48 284
48 288
48 304
48 324
48 361
48 462
48 464
48 465
48 466
48 470
48 474
48 479
48 480
48 481
48 484
48 691
49 55
49 56
49 58
49 59
49 60
49 96
49 97
49 100
49 103
49 104
49 105
49 110
49 116
49 189
49 191
49 193
49 194
49 195
49 197
49 198
49 199
49 200
49 201
49 203
49 211
49 280
49 282
49 285
49 286
49 287
49 288
49 294
49 296
49 305
49 307
49 308
49 325
49 328
49 338
49 461
49 462
49 463
49 464
49 467
49 469
49 473
49 475
49 478
49 479
49 482
49 483
49 485
49 490
50 52
50 55
50 57
50 59
50 97
50 98
50 99
50 101
50 103
50 104
50 107
50 109
50 113
50 114
50 190
50 197
50 204
50 207
50 209
50 210
50 213
50 278
50 279
50 280
50 281
50 284
50 286
50 288
50 289
50 294
50 295
50 296
50 299
50 300
50 308
50 321
50 322
50 324
50 326
50 327
50 377
50 465
50 468
50 471
50 472
50 473
50 475
50 476
50 483
50 485
50 488
50 490
50 693
51 52
51 53
51 56
51 57
51 58
51 60
51 62
51 99
51 100
51 101
51 104
51 106
51 108
51 111
51 112
51 113
51 115
51 190
51 192
51 194
51 196
51 198
51 205
51 206
51 207
51 208
51 209
51 210
51 275
51 278
51 279
51 280
51 283
51 285
51 286
51 287
51 288
51 290
51 293
51 295
51 299
51 326
51 328
51 329
51 332
51 333
51 334
51 335
51 336
51 337
51 338
51 360
51 465
51 466
51 467
51 468
51 470
51 474
51 475
51 476
51 477
51 479
51 481
51 483
51 485
51 486
51 487
51 488
51 489
51 490
51 491
52 53
52 57
52 60
52 98
52 100
52 101
52 102
52 107
52 108
52 109
52 110
52 111
52 115
52 116
52 191
52 192
52 193
52 194
52 195
52 196
52 198
52 199
52 200
52 202
52 203
52 204
52 205
52 209
52 210
52 211
52 280
52 281
52 282
52 286
52 287
52 290
52 293
52 294
52 295
52 296
52 297
52 298
52 301
52 302
52 303
52 304
52 305
52 306
52 307
52 309
52 321
52 323
52 325
52 326
52 328
52 330
52 331
52 332
52 333
52 334
52 338
52 358
52 359
52 378
52 461
52 466
52 467
52 471
52 472
52 475
52 479
52 483
52 484
52 485
52 486
52 487
52 489
52 490
52 491
52 695
53 54
53 55
53 58
53 60
53 99
53 103
53 105
53 106
53 107
53 109
53 112
53 113
53 114
53 116
53 191
53 194
53 195
53 196
53 197
53 200
53 202
53 203
53 204
53 205
53 209
53 210
53 279
53 280
53 281
53 283
53 285
53 286
53 288
53 289
53 290
53 291
53 293
53 294
53 295
53 296
53 297
53 300
53 301
53 304
53 305
53 306
53 307
53 320
53 321
53 323
53 324
53 330
53 331
53 332
53 334
53 335
53 378
53 379
53 463
53 466
53 467
53 468
53 469
53 470
53 472
53 474
53 475
53 476
53 478
53 480
53 482
53 484
53 485
53 486
53 487
53 488
53 489
53 490
53 491
53 492
53 691
54 55
54 56
54 57
54 58
54 60
54 96
54 98
54 99
54 100
54 101
54 102
54 103
54 104
54 105
54 106
54 107
54 108
54 109
54 110
54 111
54 113
54 114
54 116
54 190
54 191
54 193
54 196
54 197
54 199
54 200
54 201
54 203
54 204
54 205
54 210
54 211
54 212
54 277
54 279
54 280
54 281
54 282
54 283
54 285
54 287
54 288
54 290
54 291
54 292
54 293
54 296
54 297
54 301
54 302
54 303
54 306
54 308
54 309
54 310
54 323
54 324
54 325
54 326
54 328
54 329
54 330
54 333
54 334
54 335
54 336
54 337
54 339
54 378
54 463
54 465
54 466
54 467
54 468
54 469
54 470
54 471
54 472
54 473
54 474
54 476
54 478
54 480
54 481
54 482
54 483
54 484
54 486
54 487
54 489
54 490
54 491
54 492
54 690
55 56
55 57
55 58
55 59
55 60
55 62
55 102
55 104
55 106
55 107
55 109
55 112
55 113
55 114
55 115
55 190
55 191
55 192
55 193
55 196
55 197
55 198
55 199
55 201
55 202
55 203
55 204
55 205
55 207
55 208
55 210
55 211
55 212
55 280
55 281
55 282
55 283
55 284
55 285
55 286
55 287
55 289
55 290
55 291
55 292
55 293
55 294
55 295
55 296
55 297
55 298
55 300
55 301
55 303
55 304
55 306
55 307
55 308
55 309
55 324
55 325
55 326
55 327
55 329
55 330
55 332
55 333
55 335
55 336
55 337
55 339
55 359
55 461
55 465
55 466
55 467
55 468
55 469
55 470
55 472
55 473
55 474
55 475
55 478
55 479
55 480
55 482
55 483
55 484
55 485
55 486
55 487
55 489
55 490
55 491
55 492
55 692
56 57
56 58
56 60
56 61
56 98
56 100
56 101
56 105
56 106
56 107
56 109
56 111
56 112
56 113
56 115
56 188
56 193
56 195
56 196
56 199
56 200
56 201
56 202
56 204
56 206
56 207
56 208
56 209
56 211
56 212
56 276
56 277
56 280
56 281
56 282
56 283
56 285
56 289
56 290
56 291
56 292
56 293
56 295
56 296
56 297
56 298
56 299
56 300
56 301
56 302
56 303
56 304
56 305
56 306
56 307
56 308
56 309
56 323
56 325
56 326
56 327
56 328
56 329
56 330
56 331
56 333
56 335
56 336
56 338
56 357
56 359
56 463
56 465
56 467
56 468
56 469
56 470
56 471
56 472
56 474
56 475
56 476
56 477
56 478
56 481
56 482
56 483
56 484
56 485
56 486
56 487
56 488
56 489
56 490
56 491
57 58
57 60
57 100
57 101
57 103
57 104
57 106
57 107
57 110
57 112
57 113
57 114
57 116
57 191
57 192
57 194
57 197
57 198
57 199
57 200
57 202
57 205
57 206
57 207
57 208
57 209
57 210
57 211
57 212
57 280
57 282
57 283
57 284
57 285
57 286
57 287
57 288
57 289
57 290
57 291
57 292
57 293
57 294
57 296
57 297
57 298
57 299
57 300
57 302
57 303
57 306
57 307
57 308
57 309
57 325
57 326
57 327
57 328
57 329
57 330
57 331
57 332
57 333
57 334
57 337
57 338
57 360
57 378
57 458
57 462
57 464
57 467
57 469
57 471
57 472
57 473
57 475
57 476
57 477
57 479
57 480
57 482
57 483
57 484
57 486
57 487
57 488
57 489
57 490
57 491
57 492
57 693
58 59
58 60
58 61
58 99
58 101
58 103
58 104
58 105
58 106
58 107
58 108
58 109
58 110
58 111
58 112
58 113
58 114
58 115
58 116
58 190
58 191
58 192
58 193
58 194
58 197
58 198
58 199
58 201
58 202
58 203
58 204
58 205
58 206
58 208
58 209
58 210
58 211
58 277
58 278
58 279
58 280
58 281
58 283
58 284
58 285
58 286
58 287
58 288
58 289
58 290
58 293
58 294
58 296
58 297
58 298
58 299
58 300
58 301
58 302
58 303
58 304
58 305
58 307
58 308
58 309
58 323
58 325
58 327
58 328
58 329
58 330
58 331
58 332
58 333
58 334
58 335
58 336
58 337
58 357
58 359
58 361
58 463
58 465
58 466
58 468
58 469
58 470
58 471
58 472
58 473
58 474
58 475
58 476
58 477
58 478
58 479
58 480
58 481
58 482
58 483
58 484
58 485
58 486
58 487
58 488
58 489
58 490
58 491
58 492
58 723
58 802
59 60
59 61
59 62
59 100
59 101
59 102
59 103
59 104
59 105
59 106
59 107
59 108
59 109
59 110
59 111
59 112
59 113
59 114
59 115
59 116
59 190
59 193
59 194
59 195
59 197
59 198
59 199
59 200
59 201
59 202
59 204
59 205
59 206
59 207
59 208
59 209
59 210
59 211
59 212
59 280
59 281
59 283
59 284
59 285
59 286
59 287
59 288
59 289
59 290
59 291
59 292
59 293
59 294
59 296
59 297
59 298
59 299
59 300
59 301
59 302
59 304
59 306
59 307
59 308
59 309
59 325
59 327
59 328
59 329
59 330
59 331
59 332
59 333
59 334
59 335
59 336
59 337
59 338
59 358
59 360
59 380
59 381
59 464
59 465
59 466
59 467
59 468
59 469
59 470
59 471
59 472
59 474
59 475
59 476
59 477
59 478
59 479
59 480
59 481
59 482
59 483
59 484
59 485
59 486
59 487
59 488
59 489
59 491
59 492
59 690
59 692
59 694
60 61
60 62
60 99
60 100
60 101
60 102
60 104
60 105
60 106
60 107
60 108
60 109
60 110
60 111
60 112
60 113
60 114
60 115
60 189
60 192
60 195
60 196
60 197
60 198
60 199
60 200
60 201
60 202
60 203
60 204
60 205
60 206
60 207
60 208
60 209
60 210
60 211
60 212
60 213
60 276
60 277
60 281
60 283
60 284
60 285
60 286
60 287
60 288
60 289
60 290
60 291
60 292
60 293
60 295
60 296
60 297
60 298
60 299
60 301
60 302
60 304
60 305
60 306
60 307
60 308
60 309
60 323
60 324
60 326
60 327
60 328
60 329
60 330
60 332
60 333
60 334
60 335
60 336
60 338
60 360
60 361
60 379
60 380
60 401
60 467
60 468
60 469
60 470
60 471
60 472
60 473
60 474
60 475
60 476
60 477
60 479
60 480
60 481
60 482
60 483
60 484
60 485
60 486
60 487
60 488
60 489
60 490
60 491
60 492
60 691
60 696
61 98
61 99
61 100
61 102
61 104
61 105
61 106
61 107
61 108
61 109
61 110
61 111
61 112
61 113
61 114
61 115
61 191
61 193
61 194
61 195
61 196
61 197
61 198
61 199
61 200
61 201
61 202
61 203
61 204
61 205
61 206
61 207
61 208
61 209
61 210
61 211
61 212
61 276
61 277
61 279
61 280
61 282
61 283
61 284
61 285
61 286
61 289
61 290
61 291
61 292
61 293
61 295
61 296
61 297
61 298
61 299
61 300
61 301
61 302
61 303
61 304
61 305
61 306
61 308
61 309
61 322
61 323
61 327
61 328
61 329
61 330
61 331
61 332
61 333
61 334
61 335
61 336
61 337
61 338
61 357
61 380
61 465
61 466
61 467
61 468
61 472
61 473
61 474
61 475
61 476
61 477
61 478
61 479
61 480
61 481
61 482
61 483
61 484
61 485
61 487
61 488
61 489
61 490
61 491
61 492
62 100
62 102
62 106
62 108
62 109
62 110
62 111
62 112
62 113
62 114
62 115
62 189
62 191
62 196
62 197
62 205
62 207
62 208
62 210
62 211
62 212
62 275
62 283
62 284
62 286
62 287
62 289
62 291
62 292
62 298
62 304
62 306
62 307
62 308
62 309
62 329
62 330
62 332
62 335
62 336
62 337
62 377
62 464
62 465
62 469
62 472
62 473
62 474
62 475
62 476
62 478
62 480
62 481
62 485
62 486
62 487
62 488
62 489
62 491
62 492
62 724
63 114
63 203
63 207
63 208
63 210
63 211
63 212
63 285
63 294
63 307
63 325
63 327
63 472
63 483
63 484
63 486
63 487
63 488
63 489
63 490
63 491
64 205
64 207
64 371
64 483
64 484
64 485
64 488
64 490
64 491
65 485
65 488
65 489
65 490
66 489
66 490
66 728
67 439
67 490
73 510
85 490
86 491
87 370
92 207
93 485
93 490
94 307
94 490
94 699
95 102
95 198
95 285
95 320
96 99
96 113
96 191
96 192
96 199
96 209
96 212
96 275
96 284
96 297
96 298
96 306
96 331
96 467
96 476
96 486
96 487
96 693
97 98
97 100
97 102
97 103
97 108
97 115
97 116
97 200
97 205
97 208
97 209
97 279
97 284
97 286
97 292
97 297
97 298
97 304
97 305
97 307
97 322
97 324
97 326
97 329
97 334
97 377
97 465
97 470
97 477
97 478
97 480
97 482
97 484
97 491
97 692
98 99
98 103
98 104
98 106
98 107
98 112
98 113
98 194
98 195
98 196
98 209
98 212
98 263
98 277
98 283
98 289
98 290
98 292
98 299
98 301
98 302
98 310
98 322
98 324
98 326
98 329
98 330
98 335
98 337
98 338
98 359
98 461
98 464
98 467
98 471
98 475
98 482
98 483
98 490
98 492
98 691
99 100
99 102
99 105
99 106
99 108
99 111
99 112
99 114
99 190
99 192
99 195
99 198
99 200
99 201
99 202
99 203
99 207
99 210
99 211
99 278
99 279
99 283
99 285
99 286
99 287
99 290
99 294
99 295
99 296
99 300
99 301
99 302
99 303
99 304
99 305
99 306
99 307
99 308
99 309
99 310
99 327
99 330
99 332
99 333
99 336
99 337
99 357
99 361
99 466
99 469
99 475
99 476
99 477
99 481
99 484
99 485
99 486
99 488
99 691
100 102
100 103
100 105
100 106
100 107
100 111
100 112
100 115
100 191
100 194
100 195
100 196
100 197
100 198
100 199
100 203
100 204
100 205
100 207
100 208
100 211
100 212
100 279
100 283
100 286
100 289
100 291
100 292
100 294
100 295
100 296
100 297
100 299
100 301
100 304
100 305
100 307
100 309
100 323
100 324
100 326
100 327
100 328
100 333
100 334
100 338
100 465
100 467
100 468
100 470
100 471
100 472
100 473
100 474
100 475
100 477
100 479
100 480
100 481
100 486
100 488
100 489
100 492
100 691
101 102
101 104
101 106
101 107
101 110
101 111
101 112
101 115
101 189
101 191
101 194
101 197
101 199
101 200
101 201
101 202
101 203
101 204
101 205
101 206
101 207
101 208
101 210
101 276
101 279
101 281
101 282
101 283
101 284
101 285
101 286
101 292
101 293
101 294
101 296
101 298
101 299
101 300
101 302
101 304
101 305
101 307
101 308
101 309
101 322
101 325
101 326
101 327
101 329
101 331
101 333
101 334
101 336
101 338
101 358
101 360
101 378
101 463
101 464
101 465
101 466
101 470
101 471
101 472
101 473
101 475
101 476
101 477
101 478
101 480
101 482
101 483
101 484
101 485
101 487
101 488
101 489
101 490
101 491
101 693
102 103
102 104
102 105
102 106
102 107
102 108
102 110
102 114
102 115
102 116
102 191
102 192
102 193
102 194
102 195
102 196
102 197
102 198
102 199
102 202
102 203
102 204
102 205
102 207
102 208
102 209
102 212
102 276
102 278
102 279
102 281
102 282
102 284
102 285
102 286
102 289
102 290
102 293
102 294
102 296
102 297
102 298
102 299
102 300
102 302
102 304
102 305
102 306
102 307
102 309
102 322
102 325
102 326
102 327
102 329
102 330
102 331
102 332
102 333
102 335
102 336
102 338
102 358
102 359
102 381
102 461
102 462
102 465
102 467
102 468
102 469
102 470
102 471
102 472
102 475
102 476
102 477
102 480
102 482
102 484
102 485
102 486
102 488
102 489
102 490
102 491
102 589
102 593
102 692
103 104
103 105
103 106
103 107
103 108
103 109
103 110
103 111
103 112
103 113
103 115
103 188
103 191
103 196
103 197
103 198
103 202
103 203
103 204
103 205
103 207
103 209
103 210
103 212
103 279
103 280
103 281
103 282
103 284
103 285
103 286
103 287
103 288
103 289
103 290
103 291
103 295
103 296
103 297
103 298
103 299
103 300
103 301
103 302
103 303
103 304
103 305
103 306
103 308
103 309
103 321
103 322
103 323
103 324
103 326
103 327
103 328
103 329
103 330
103 331
103 332
103 333
103 336
103 337
103 338
103 358
103 359
103 360
103 463
103 464
103 466
103 468
103 469
103 470
103 472
103 473
103 474
103 478
103 479
103 480
103 481
103 482
103 483
103 484
103 486
103 487
103 488
103 489
103 491
103 495
103 692
103 693
103 694
104 105
104 106
104 107
104 108
104 109
104 111
104 112
104 113
104 114
104 115
104 116
104 191
104 193
104 194
104 196
104 197
104 199
104 200
104 201
104 202
104 203
104 204
104 205
104 206
104 207
104 208
104 210
104 212
104 275
104 278
104 280
104 281
104 283
104 284
104 285
104 286
104 287
104 289
104 290
104 291
104 292
104 293
104 296
104 297
104 298
104 300
104 301
104 302
104 303
104 304
104 305
104 307
104 308
104 309
104 324
104 326
104 327
104 329
104 330
104 331
104 332
104 334
104 335
104 336
104 337
104 338
104 357
104 361
104 378
104 379
104 465
104 466
104 468
104 469
104 470
104 471
104 472
104 473
104 474
104 475
104 477
104 478
104 481
104 483
104 484
104 485
104 486
104 487
104 488
104 489
104 491
104 492
104 692
105 106
105 108
105 109
105 110
105 111
105 112
105 114
105 189
105 191
105 192
105 195
105 196
105 197
105 198
105 199
105 200
105 201
105 202
105 203
105 204
105 205
105 206
105 207
105 208
105 209
105 210
105 212
105 277
105 278
105 282
105 283
105 284
105 285
105 286
105 288
105 289
105 290
105 291
105 292
105 293
105 297
105 298
105 299
105 300
105 301
105 302
105 303
105 304
105 305
105 306
105 307
105 308
105 309
105 322
105 324
105 326
105 327
105 329
105 330
105 331
105 332
105 333
105 334
105 335
105 336
105 338
105 463
105 464
105 465
105 467
105 468
105 469
105 470
105 471
105 472
105 473
105 475
105 476
105 477
105 478
105 479
105 480
105 481
105 482
105 483
105 484
105 485
105 486
105 487
105 488
105 489
105 491
105 695
105 802
106 107
106 108
106 109
106 110
106 111
106 112
106 113
106 114
106 115
106 190
106 192
106 193
106 195
106 196
106 197
106 198
106 199
106 200
106 201
106 202
106 203
106 205
106 206
106 207
106 208
106 209
106 210
106 211
106 212
106 213
106 278
106 279
106 280
106 282
106 283
106 284
106 285
106 286
106 287
106 288
106 289
106 290
106 291
106 292
106 293
106 294
106 296
106 297
106 298
106 299
106 300
106 301
106 302
106 304
106 305
106 306
106 308
106 309
106 322
106 324
106 325
106 326
106 327
106 328
106 329
106 330
106 331
106 332
106 333
106 334
106 335
106 336
106 337
106 338
106 359
106 378
106 464
106 466
106 467
106 468
106 470
106 471
106 472
106 473
106 474
106 475
106 476
106 477
106 478
106 479
106 480
106 481
106 482
106 483
106 484
106 485
106 486
106 488
106 489
106 490
106 692
106 693
106 705
107 108
107 109
107 110
107 111
107 112
107 113
107 114
107 115
107 116
107 191
107 192
107 195
107 196
107 198
107 199
107 200
107 201
107 202
107 203
107 204
107 205
107 206
107 207
107 208
107 209
107 210
107 211
107 212
107 241
107 280
107 282
107 283
107 284
107 285
107 286
107 287
107 288
107 289
107 290
107 291
107 292
107 293
107 294
107 296
107 298
107 299
107 300
107 302
107 303
107 304
107 305
107 306
107 307
107 308
107 309
107 321
107 323
107 324
107 325
107 326
107 327
107 330
107 331
107 332
107 333
107 334
107 335
107 336
107 337
107 338
107 359
107 361
107 377
107 379
107 380
107 464
107 465
107 466
107 468
107 469
107 470
107 471
107 472
107 473
107 474
107 475
107 476
107 477
107 478
107 479
107 480
107 481
107 482
107 483
107 484
107 485
107 486
107 487
107 489
107 490
107 491
107 693
107 723
108 109
108 110
108 111
108 112
108 113
108 114
108 115
108 116
108 191
108 193
108 194
108 195
108 197
108 198
108 199
108 200
108 201
108 202
108 203
108 204
108 205
108 206
108 207
108 208
108 209
108 210
108 211
108 212
108 276
108 277
108 279
108 280
108 281
108 283
108 284
108 285
108 286
108 287
108 288
108 289
108 290
108 291
108 293
108 294
108 295
108 297
108 298
108 299
108 301
108 302
108 303
108 304
108 305
108 307
108 308
108 309
108 323
108 324
108 326
108 327
108 328
108 329
108 330
108 331
108 332
108 333
108 334
108 335
108 336
108 357
108 358
108 359
108 462
108 464
108 466
108 468
108 469
108 470
108 471
108 472
108 473
108 474
108 475
108 476
108 477
108 478
108 479
108 480
108 481
108 482
108 483
108 484
108 485
108 486
108 487
108 488
108 489
108 490
108 491
108 492
108 801
109 110
109 111
109 112
109 113
109 114
109 115
109 190
109 191
109 192
109 193
109 194
109 195
109 196
109 197
109 199
109 200
109 201
109 202
109 203
109 204
109 205
109 206
109 207
109 208
109 209
109 210
109 211
109 212
109 213
109 276
109 280
109 282
109 283
109 284
109 285
109 286
109 287
109 288
109 289
109 290
109 291
109 292
109 293
109 294
109 296
109 297
109 298
109 299
109 300
109 301
109 302
109 303
109 305
109 306
109 307
109 308
109 309
109 323
109 324
109 325
109 326
109 328
109 330
109 331
109 332
109 333
109 334
109 335
109 336
109 337
109 338
109 351
109 379
109 380
109 462
109 463
109 466
109 467
109 468
109 469
109 470
109 471
109 472
109 473
109 474
109 475
109 476
109 478
109 479
109 480
109 481
109 482
109 483
109 484
109 486
109 487
109 488
109 489
109 490
109 491
109 492
109 551
109 587
109 693
109 724
110 111
110 112
110 113
110 114
110 115
110 116
110 189
110 191
110 194
110 195
110 196
110 197
110 198
110 200
110 201
110 202
110 203
110 204
110 205
110 206
110 207
110 208
110 209
110 210
110 211
110 212
110 250
110 280
110 281
110 284
110 285
110 286
110 287
110 288
110 289
110 290
110 291
110 292
110 293
110 294
110 299
110 300
110 302
110 303
110 304
110 305
110 306
110 307
110 308
110 309
110 324
110 326
110 327
110 328
110 329
110 330
110 331
110 332
110 333
110 334
110 335
110 336
110 337
110 338
110 339
110 377
110 379
110 467
110 468
110 469
110 470
110 471
110 472
110 474
110 475
110 476
110 477
110 478
110 479
110 480
110 481
110 482
110 483
110 484
110 485
110 486
110 487
110 488
110 489
110 490
110 491
110 492
110 587
110 703
110 722
110 829
111 112
111 113
111 114
111 115
111 116
111 195
111 198
111 199
111 200
111 201
111 202
111 203
111 204
111 205
111 206
111 207
111 208
111 209
111 210
111 211
111 212
111 213
111 277
111 279
111 280
111 282
111 283
111 284
111 285
111 286
111 287
111 288
111 289
111 290
111 291
111 292
111 293
111 294
111 297
111 298
111 300
111 301
111 302
111 303
111 304
111 305
111 306
111 307
111 308
111 309
111 310
111 321
111 324
111 325
111 326
111 327
111 328
111 329
111 330
111 331
111 332
111 333
111 334
111 335
111 337
111 338
111 358
111 360
111 379
111 381
111 388
111 464
111 467
111 468
111 469
111 470
111 471
111 472
111 473
111 474
111 475
111 476
111 477
111 478
111 479
111 480
111 481
111 482
111 483
111 484
111 485
111 486
111 487
111 488
111 489
111 490
111 491
111 492
111 493
111 693
112 113
112 114
112 115
112 116
112 191
112 192
112 193
112 194
112 195
112 196
112 198
112 199
112 200
112 201
112 202
112 203
112 204
112 205
112 206
112 207
112 208
112 209
112 210
112 211
112 212
112 272
112 280
112 281
112 282
112 283
112 284
112 285
112 286
112 287
112 288
112 289
112 290
112 291
112 292
112 293
112 294
112 295
112 296
112 297
112 298
112 299
112 300
112 301
112 302
112 303
112 304
112 305
112 306
112 307
112 308
112 309
112 310
112 324
112 327
112 330
112 331
112 332
112 333
112 334
112 335
112 336
112 337
112 338
112 357
112 359
112 463
112 464
112 466
112 467
112 468
112 469
112 470
112 471
112 472
112 473
112 474
112 475
112 476
112 477
112 478
112 479
112 480
112 481
112 482
112 483
112 484
112 485
112 486
112 487
112 488
112 489
112 490
112 491
112 492
112 692
112 756
113 114
113 115
113 116
113 135
113 146
113 188
113 189
113 190
113 191
113 193
113 194
113 196
113 197
113 199
113 200
113 202
113 203
113 204
113 205
113 206
113 207
113 208
113 209
113 210
113 211
113 212
113 277
113 278
113 282
113 284
113 285
113 286
113 287
113 288
113 289
113 290
113 291
113 292
113 293
113 295
113 296
113 297
113 298
113 299
113 300
113 301
113 302
113 303
113 304
113 305
113 306
113 307
113 308
113 309
113 322
113 325
113 326
113 327
113 328
113 329
113 331
113 332
113 333
113 334
113 336
113 337
113 338
113 379
113 464
113 466
113 467
113 468
113 469
113 470
113 471
113 473
113 474
113 475
113 476
113 477
113 478
113 479
113 480
113 481
113 482
113 483
113 484
113 485
113 486
113 487
113 488
113 489
113 490
113 491
113 492
113 493
113 534
113 691
113 694
113 709
114 115
114 116
114 117
114 188
114 190
114 193
114 194
114 196
114 198
114 199
114 200
114 201
114 202
114 203
114 205
114 206
114 207
114 208
114 209
114 210
114 211
114 212
114 262
114 277
114 281
114 282
114 283
114 284
114 285
114 286
114 287
114 288
114 289
114 290
114 291
114 292
114 293
114 294
114 295
114 296
114 297
114 298
114 299
114 300
114 301
114 302
114 303
114 304
114 305
114 306
114 307
114 308
114 309
114 324
114 325
114 326
114 327
114 328
114 329
114 330
114 331
114 332
114 333
114 334
114 335
114 336
114 337
114 338
114 339
114 340
114 463
114 464
114 465
114 466
114 467
114 468
114 470
114 471
114 472
114 473
114 474
114 475
114 476
114 477
114 478
114 479
114 480
114 481
114 482
114 483
114 484
114 485
114 486
114 487
114 488
114 489
114 490
114 491
114 492
114 493
115 116
115 189
115 190
115 191
115 194
115 195
115 196
115 197
115 198
115 199
115 200
115 201
115 202
115 203
115 204
115 205
115 206
115 207
115 208
115 209
115 210
115 211
115 212
115 214
115 263
115 276
115 277
115 280
115 281
115 283
115 284
115 285
115 286
115 287
115 288
115 289
115 290
115 291
115 292
115 293
115 294
115 295
115 296
115 297
115 298
115 299
115 301
115 302
115 303
115 304
115 305
115 306
115 307
115 308
115 309
115 310
115 325
115 326
115 328
115 329
115 330
115 331
115 332
115 333
115 334
115 335
115 336
115 337
115 338
115 359
115 378
115 381
115 463
115 464
115 466
115 467
115 468
115 469
115 470
115 471
115 472
115 474
115 475
115 476
115 477
115 478
115 479
115 480
115 481
115 482
115 483
115 484
115 485
115 486
115 487
115 488
115 489
115 490
115 491
115 492
115 691
115 694
115 801
116 159
116 189
116 194
116 203
116 204
116 205
116 206
116 207
116 208
116 210
116 278
116 282
116 284
116 285
116 287
116 289
116 291
116 304
116 305
116 307
116 308
116 309
116 310
116 325
116 332
116 333
116 335
116 336
116 340
116 463
116 469
116 474
116 475
116 476
116 478
116 480
116 481
116 482
116 483
116 486
116 487
116 488
116 489
116 490
116 491
116 492
117 206
117 208
117 291
117 292
117 337
117 468
117 478
117 481
117 482
117 484
117 485
117 486
117 487
117 488
117 489
117 490
118 482
118 487
118 488
118 489
118 490
118 491
118 492
119 363
119 488
119 491
119 708
120 807
125 485
126 491
127 208
132 488
135 195
135 482
136 207
136 473
136 484
136 488
136 490
137 487
137 488
137 708
138 209
138 298
139 490
140 485
141 489
142 490
142 494
143 489
145 296
145 490
146 811
147 487
154 296
155 830
157 476
158 486
158 488
159 488
159 492
160 489
160 491
161 488
161 489
161 491
162 489
162 717
166 483
166 488
167 490
169 278
169 291
169 336
170 283
170 483
170 484
170 486
170 487
171 485
171 488
171 493
172 587
179 482
180 488
180 489
181 494
184 485
188 196
188 199
188 202
188 203
188 210
188 276
188 338
188 475
188 478
188 487
189 194
189 197
189 203
189 283
189 288
189 294
189 298
189 300
189 303
189 306
189 308
189 309
189 324
189 327
189 334
189 461
189 462
189 463
189 470
189 476
189 477
189 478
189 483
190 191
190 192
190 197
190 198
190 200
190 201
190 205
190 208
190 210
190 281
190 285
190 286
190 292
190 295
190 296
190 300
190 309
190 323
190 326
190 327
190 329
190 334
190 335
190 337
190 338
190 361
190 378
190 469
190 472
190 475
190 476
190 477
190 478
190 479
190 483
190 487
190 690
190 692
190 693
191 192
191 193
191 194
191 196
191 197
191 199
191 202
191 203
191 207
191 208
191 209
191 210
191 211
191 276
191 278
191 281
191 282
191 285
191 290
191 291
191 294
191 295
191 296
191 298
191 299
191 300
191 301
191 302
191 304
191 322
191 323
191 327
191 329
191 331
191 332
191 333
191 335
191 337
191 462
191 464
191 466
191 467
191 471
191 478
191 481
191 487
191 489
191 690
192 195
192 196
192 197
192 198
192 200
192 201
192 202
192 205
192 207
192 208
192 211
192 212
192 263
192 276
192 279
192 282
192 283
192 284
192 285
192 286
192 289
192 291
192 293
192 294
192 297
192 298
192 299
192 301
192 302
192 306
192 323
192 326
192 327
192 328
192 332
192 338
192 378
192 462
192 465
192 469
192 471
192 478
192 479
192 480
192 481
192 482
192 483
192 486
192 487
192 488
192 490
192 692
193 198
193 199
193 202
193 204
193 207
193 208
193 210
193 278
193 280
193 281
193 282
193 283
193 284
193 289
193 290
193 292
193 293
193 296
193 298
193 300
193 301
193 303
193 304
193 305
193 307
193 325
193 326
193 327
193 328
193 329
193 331
193 332
193 333
193 334
193 336
193 338
193 361
193 377
193 378
193 462
193 464
193 467
193 468
193 470
193 471
193 475
193 476
193 477
193 478
193 480
193 481
193 482
193 483
193 484
193 485
193 487
193 488
193 489
193 490
193 491
193 492
193 691
194 195
194 196
194 197
194 198
194 199
194 200
194 201
194 204
194 205
194 206
194 207
194 208
194 209
194 210
194 211
194 212
194 276
194 277
194 278
194 281
194 282
194 286
194 287
194 289
194 290
194 291
194 292
194 294
194 295
194 296
194 297
194 298
194 302
194 303
194 304
194 306
194 308
194 324
194 326
194 327
194 329
194 330
194 331
194 332
194 333
194 334
194 335
194 336
194 337
194 338
194 357
194 378
194 380
194 461
194 465
194 466
194 467
194 468
194 472
194 473
194 474
194 476
194 477
194 479
194 480
194 482
194 484
194 485
194 486
194 487
194 490
194 491
194 693
194 705
195 198
195 199
195 200
195 202
195 203
195 204
195 205
195 206
195 207
195 208
195 210
195 211
195 212
195 276
195 277
195 278
195 281
195 282
195 283
195 284
195 285
195 286
195 287
195 289
195 291
195 292
195 295
195 296
195 297
195 298
195 299
195 300
195 301
195 302
195 303
195 304
195 305
195 306
195 307
195 308
195 324
195 325
195 327
195 328
195 329
195 331
195 332
195 334
195 335
195 336
195 337
195 338
195 359
195 360
195 378
195 465
195 466
195 468
195 469
195 470
195 471
195 473
195 475
195 480
195 481
195 482
195 483
195 484
195 485
195 487
195 489
195 490
195 491
195 691
195 694
196 197
196 198
196 199
196 200
196 201
196 202
196 203
196 204
196 206
196 208
196 209
196 210
196 211
196 279
196 280
196 282
196 283
196 284
196 286
196 287
196 288
196 291
196 292
196 294
196 295
196 297
196 298
196 299
196 300
196 301
196 303
196 304
196 307
196 308
196 323
196 325
196 326
196 327
196 328
196 329
196 330
196 331
196 332
196 334
196 335
196 336
196 337
196 338
196 357
196 359
196 360
196 376
196 378
196 400
196 463
196 464
196 466
196 469
196 470
196 471
196 472
196 473
196 474
196 475
196 476
196 477
196 478
196 481
196 482
196 483
196 485
196 486
196 487
196 491
196 492
197 198
197 199
197 200
197 201
197 202
197 203
197 204
197 206
197 208
197 210
197 211
197 276
197 279
197 280
197 282
197 283
197 285
197 286
197 287
197 288
197 289
197 290
197 291
197 292
197 293
197 294
197 295
197 296
197 297
197 298
197 299
197 300
197 301
197 302
197 303
197 304
197 305
197 306
197 307
197 308
197 323
197 324
197 326
197 327
197 328
197 330
197 331
197 332
197 333
197 334
197 335
197 336
197 337
197 338
197 359
197 360
197 378
197 380
197 465
197 466
197 467
197 468
197 469
197 470
197 471
197 473
197 474
197 475
197 476
197 478
197 479
197 480
197 482
197 483
197 484
197 485
197 486
197 488
197 489
197 490
197 491
198 199
198 200
198 201
198 202
198 203
198 204
198 205
198 207
198 208
198 209
198 210
198 211
198 212
198 276
198 278
198 282
198 283
198 284
198 285
198 286
198 287
198 288
198 289
198 290
198 291
198 292
198 293
198 294
198 295
198 296
198 297
198 299
198 301
198 303
198 304
198 305
198 306
198 309
198 326
198 327
198 328
198 330
198 332
198 333
198 334
198 335
198 336
198 337
198 338
198 377
198 378
198 462
198 463
198 468
198 470
198 471
198 472
198 474
198 475
198 476
198 477
198 478
198 479
198 480
198 481
198 482
198 483
198 484
198 485
198 487
198 488
198 491
198 492
199 200
199 201
199 202
199 204
199 205
199 206
199 207
199 208
199 209
199 210
199 211
199 212
199 277
199 278
199 279
199 280
199 281
199 283
199 284
199 285
199 286
199 287
199 290
199 292
199 293
199 294
199 295
199 297
199 298
199 299
199 300
199 301
199 302
199 303
199 304
199 305
199 306
199 307
199 308
199 323
199 325
199 326
199 327
199 329
199 330
199 331
199 332
199 333
199 334
199 335
199 336
199 337
199 338
199 339
199 362
199 461
199 462
199 463
199 466
199 468
199 469
199 470
199 471
199 472
199 473
199 474
199 475
199 476
199 478
199 479
199 480
199 481
199 482
199 484
199 485
199 486
199 487
199 488
199 489
199 490
199 491
199 492
200 201
200 202
200 203
200 204
200 205
200 206
200 207
200 208
200 209
200 210
200 211
200 212
200 280
200 282
200 283
200 284
200 285
200 286
200 287
200 288
200 289
200 290
200 291
200 292
200 293
200 294
200 295
200 296
200 297
200 298
200 299
200 300
200 301
200 302
200 303
200 304
200 305
200 306
200 307
200 308
200 309
200 321
200 324
200 325
200 326
200 328
200 329
200 330
200 331
200 332
200 333
200 334
200 335
200 336
200 337
200 338
200 379
200 464
200 465
200 466
200 467
200 469
200 470
200 471
200 472
200 473
200 474
200 475
200 476
200 477
200 478
200 479
200 480
200 481
200 482
200 483
200 484
200 486
200 487
200 488
200 489
200 490
200 491
200 492
200 690
200 691
200 692
201 202
201 203
201 204
201 205
201 206
201 207
201 208
201 209
201 210
201 211
201 212
201 276
201 280
201 282
201 283
201 284
201 285
201 286
201 287
201 288
201 289
201 290
201 291
201 292
201 293
201 294
201 296
201 297
201 298
201 300
201 301
201 302
201 303
201 304
201 305
201 306
201 307
201 308
201 309
201 310
201 321
201 324
201 326
201 327
201 328
201 329
201 330
201 331
201 332
201 333
201 334
201 335
201 336
201 337
201 338
201 359
201 360
201 361
201 362
201 401
201 462
201 463
201 464
201 465
201 467
201 468
201 469
201 471
201 472
201 473
201 474
201 475
201 476
201 477
201 478
201 479
201 480
201 481
201 482
201 483
201 484
201 485
201 486
201 487
201 488
201 489
201 490
201 491
201 492
201 693
202 203
202 204
202 205
202 206
202 207
202 208
202 209
202 210
202 211
202 212
202 278
202 280
202 281
202 282
202 284
202 285
202 286
202 287
202 288
202 289
202 290
202 291
202 292
202 293
202 294
202 295
202 296
202 297
202 298
202 299
202 300
202 301
202 302
202 303
202 304
202 305
202 306
202 307
202 308
202 309
202 322
202 323
202 327
202 328
202 329
202 330
202 331
202 332
202 333
202 334
202 335
202 336
202 337
202 338
202 362
202 377
202 380
202 461
202 467
202 468
202 469
202 470
202 471
202 472
202 473
202 474
202 475
202 476
202 477
202 478
202 479
202 480
202 481
202 482
202 483
202 484
202 485
202 486
202 487
202 488
202 489
202 490
202 491
202 492
202 691
203 204
203 205
203 206
203 207
203 208
203 209
203 210
203 211
203 212
203 213
203 279
203 281
203 282
203 283
203 285
203 286
203 287
203 288
203 289
203 290
203 291
203 292
203 293
203 296
203 297
203 298
203 299
203 301
203 302
203 303
203 304
203 305
203 306
203 307
203 308
203 309
203 322
203 323
203 324
203 325
203 326
203 327
203 328
203 329
203 330
203 332
203 333
203 334
203 335
203 336
203 337
203 338
203 339
203 359
203 378
203 401
203 461
203 462
203 466
203 467
203 468
203 469
203 470
203 471
203 472
203 473
203 474
203 475
203 476
203 477
203 478
203 479
203 480
203 481
203 482
203 483
203 484
203 485
203 486
203 487
203 488
203 489
203 490
203 491
203 492
203 691
203 692
203 704
204 205
204 206
204 207
204 208
204 209
204 210
204 211
204 212
204 280
204 281
204 282
204 283
204 284
204 286
204 287
204 288
204 289
204 290
204 291
204 292
204 293
204 294
204 295
204 296
204 297
204 298
204 299
204 300
204 301
204 302
204 303
204 304
204 305
204 306
204 307
204 308
204 309
204 324
204 327
204 328
204 329
204 330
204 331
204 332
204 333
204 334
204 335
204 336
204 337
204 338
204 339
204 357
204 360
204 377
204 378
204 464
204 465
204 466
204 467
204 468
204 469
204 471
204 472
204 473
204 474
204 475
204 476
204 477
204 478
204 479
204 480
204 481
204 482
204 483
204 484
204 485
204 486
204 487
204 488
204 489
204 490
204 491
204 492
204 493
204 691
204 692
204 693
205 206
205 207
205 208
205 209
205 210
205 211
205 212
205 242
205 275
205 278
205 280
205 281
205 282
205 283
205 284
205 285
205 286
205 287
205 288
205 289
205 290
205 291
205 292
205 293
205 294
205 296
205 298
205 299
205 300
205 301
205 302
205 303
205 304
205 305
205 306
205 307
205 308
205 309
205 324
205 326
205 327
205 328
205 329
205 332
205 333
205 334
205 335
205 336
205 337
205 339
205 358
205 360
205 464
205 465
205 466
205 468
205 469
205 470
205 471
205 472
205 473
205 474
205 475
205 476
205 477
205 478
205 479
205 480
205 481
205 482
205 483
205 484
205 485
205 486
205 487
205 488
205 489
205 490
205 491
205 492
205 657
205 692
205 695
205 696
205 725
206 207
206 208
206 209
206 210
206 211
206 212
206 278
206 280
206 281
206 282
206 283
206 284
206 285
206 286
206 287
206 288
206 289
206 290
206 291
206 292
206 293
206 294
206 295
206 297
206 298
206 299
206 300
206 301
206 302
206 303
206 304
206 305
206 306
206 307
206 308
206 309
206 310
206 322
206 325
206 326
206 327
206 328
206 330
206 331
206 332
206 333
206 334
206 335
206 336
206 337
206 338
206 356
206 357
206 377
206 459
206 463
206 464
206 465
206 466
206 467
206 468
206 469
206 470
206 471
206 472
206 474
206 475
206 476
206 477
206 478
206 479
206 480
206 481
206 482
206 483
206 484
206 485
206 486
206 487
206 488
206 489
206 490
206 491
206 492
206 644
206 692
206 696
206 725
206 726
207 208
207 209
207 210
207 211
207 212
207 213
207 252
207 277
207 278
207 280
207 281
207 282
207 283
207 284
207 285
207 287
207 288
207 289
207 290
207 291
207 292
207 293
207 294
207 295
207 297
207 299
207 300
207 301
207 302
207 303
207 304
207 305
207 306
207 307
207 308
207 309
207 310
207 324
207 325
207 326
207 327
207 328
207 329
207 330
207 331
207 332
207 333
207 334
207 335
207 336
207 337
207 338
207 339
207 359
207 361
207 362
207 463
207 464
207 467
207 468
207 469
207 470
207 471
207 472
207 473
207 474
207 475
207 476
207 477
207 478
207 479
207 480
207 481
207 482
207 483
207 484
207 485
207 486
207 487
207 488
207 489
207 490
207 491
207 492
207 692
207 694
207 721
207 725
208 209
208 210
208 211
208 212
208 243
208 277
208 280
208 282
208 283
208 285
208 286
208 287
208 288
208 289
208 290
208 291
208 292
208 293
208 294
208 295
208 296
208 299
208 300
208 301
208 302
208 303
208 304
208 305
208 306
208 307
208 308
208 309
208 321
208 323
208 326
208 329
208 330
208 331
208 332
208 333
208 334
208 335
208 336
208 337
208 338
208 339
208 466
208 467
208 468
208 469
208 470
208 471
208 472
208 473
208 474
208 475
208 476
208 477
208 478
208 479
208 480
208 481
208 482
208 483
208 484
208 485
208 486
208 487
208 488
208 489
208 490
208 491
208 492
208 526
208 644
208 690
208 694
208 708
208 790
209 210
209 211
209 212
209 262
209 271
209 279
209 280
209 282
209 283
209 284
209 285
209 286
209 287
209 288
209 289
209 290
209 291
209 292
209 293
209 294
209 296
209 297
209 298
209 299
209 300
209 301
209 302
209 303
209 304
209 305
209 306
209 307
209 308
209 309
209 310
209 322
209 324
209 326
209 327
209 328
209 330
209 331
209 332
209 333
209 334
209 336
209 337
209 338
209 358
209 462
209 463
209 466
209 467
209 468
209 470
209 471
209 472
209 473
209 474
209 475
209 476
209 477
209 478
209 479
209 480
209 481
209 482
209 483
209 484
209 485
209 486
209 487
209 488
209 489
209 490
209 491
209 492
209 692
210 211
210 212
210 280
210 281
210 282
210 284
210 285
210 286
210 287
210 288
210 289
210 290
210 291
210 292
210 293
210 294
210 295
210 297
210 298
210 299
210 300
210 301
210 302
210 303
210 304
210 305
210 306
210 307
210 308
210 309
210 323
210 324
210 325
210 326
210 328
210 329
210 330
210 331
210 332
210 333
210 334
210 335
210 336
210 337
210 338
210 358
210 360
210 378
210 381
210 382
210 462
210 463
210 466
210 467
210 468
210 469
210 470
210 471
210 472
210 473
210 474
210 475
210 476
210 477
210 478
210 479
210 480
210 481
210 482
210 483
210 484
210 485
210 486
210 487
210 488
210 489
210 490
210 491
210 492
210 692
210 693
210 694
210 726
211 212
211 213
211 279
211 281
211 282
211 283
211 285
211 286
211 287
211 288
211 289
211 290
211 291
211 292
211 293
211 294
211 295
211 296
211 297
211 298
211 299
211 300
211 301
211 302
211 303
211 304
211 305
211 306
211 307
211 308
211 309
211 310
211 325
211 327
211 328
211 329
211 330
211 331
211 332
211 333
211 334
211 335
211 336
211 337
211 338
211 339
211 359
211 360
211 376
211 377
211 461
211 462
211 463
211 464
211 468
211 469
211 470
211 471
211 472
211 473
211 474
211 475
211 476
211 477
211 478
211 479
211 480
211 481
211 482
211 483
211 484
211 485
211 486
211 487
211 488
211 489
211 490
211 491
211 492
211 690
211 691
211 692
211 710
211 723
211 781
212 276
212 278
212 280
212 281
212 282
212 283
212 284
212 285
212 286
212 287
212 288
212 289
212 291
212 292
212 293
212 295
212 296
212 297
212 298
212 300
212 301
212 302
212 303
212 304
212 305
212 306
212 307
212 308
212 309
212 323
212 324
212 328
212 330
212 331
212 333
212 334
212 335
212 336
212 337
212 338
212 339
212 358
212 359
212 380
212 401
212 463
212 464
212 465
212 467
212 469
212 470
212 471
212 472
212 473
212 474
212 475
212 476
212 477
212 478
212 479
212 480
212 481
212 482
212 483
212 484
212 485
212 486
212 487
212 488
212 489
212 490
212 491
212 492
212 692
212 696
212 704
212 710
213 282
213 290
213 292
213 295
213 306
213 309
213 314
213 326
213 327
213 328
213 338
213 341
213 466
213 474
213 477
213 478
213 479
213 481
213 482
213 483
213 484
213 485
213 486
213 487
213 488
213 489
213 490
213 491
213 493
213 606
214 216
214 402
214 483
214 484
214 486
214 487
214 488
214 489
214 491
214 492
215 480
215 489
215 491
215 698
215 835
216 342
221 354
223 484
224 486
225 482
226 477
226 485
227 489
229 489
234 490
236 308
237 487
237 490
237 492
238 488
238 730
239 490
243 292
243 486
243 490
244 384
244 486
244 489
245 399
249 285
250 489
251 490
251 491
252 489
253 483
254 319
259 488
262 468
262 485
263 481
263 482
263 485
263 487
263 490
264 484
264 485
264 487
264 489
264 491
265 488
265 489
266 494
269 288
270 489
271 289
271 479
271 482
271 488
271 490
272 297
272 482
272 490
273 382
273 698
274 488
274 608
275 300
275 305
275 477
275 485
275 488
275 694
276 277
276 278
276 280
276 287
276 298
276 299
276 359
276 469
276 478
276 694
277 280
277 282
277 283
277 288
277 291
277 292
277 296
277 298
277 301
277 302
277 303
277 304
277 305
277 307
277 308
277 324
277 325
277 328
277 330
277 334
277 335
277 337
277 463
277 466
277 467
277 471
277 473
277 477
277 484
277 492
277 691
278 281
278 285
278 286
278 288
278 289
278 292
278 294
278 296
278 301
278 302
278 304
278 305
278 307
278 309
278 327
278 328
278 330
278 332
278 334
278 338
278 358
278 379
278 464
278 465
278 466
278 469
278 473
278 474
278 482
278 483
278 488
278 489
279 282
279 284
279 288
279 289
279 290
279 291
279 292
279 293
279 297
279 298
279 300
279 301
279 305
279 306
279 307
279 309
279 322
279 325
279 326
279 328
279 329
279 330
279 331
279 332
279 333
279 335
279 336
279 378
279 381
279 463
279 464
279 465
279 466
279 467
279 468
279 469
279 470
279 471
279 472
279 476
279 477
279 480
279 483
279 485
279 490
279 491
279 693
279 704
280 281
280 282
280 283
280 284
280 285
280 286
280 287
280 288
280 290
280 292
280 293
280 295
280 297
280 300
280 301
280 303
280 304
280 307
280 308
280 309
280 322
280 323
280 324
280 326
280 329
280 330
280 333
280 335
280 336
280 337
280 358
280 463
280 464
280 465
280 466
280 467
280 468
280 469
280 470
280 473
280 474
280 477
280 478
280 479
280 480
280 482
280 484
280 486
280 487
280 488
280 489
280 491
280 492
280 693
280 694
280 695
281 282
281 283
281 286
281 287
281 289
281 291
281 292
281 293
281 295
281 296
281 297
281 298
281 299
281 300
281 301
281 302
281 305
281 307
281 308
281 309
281 321
281 322
281 327
281 328
281 329
281 330
281 332
281 334
281 335
281 336
281 337
281 338
281 360
281 377
281 464
281 465
281 466
281 467
281 468
281 469
281 470
281 471
281 472
281 473
281 474
281 475
281 478
281 480
281 481
281 482
281 484
281 486
281 487
281 488
281 489
281 490
282 283
282 284
282 285
282 287
282 288
282 289
282 290
282 291
282 293
282 295
282 299
282 300
282 301
282 303
282 304
282 305
282 306
282 307
282 309
282 321
282 324
282 328
282 329
282 330
282 331
282 332
282 333
282 336
282 337
282 338
282 361
282 379
282 463
282 464
282 466
282 467
282 470
282 472
282 473
282 474
282 475
282 478
282 479
282 480
282 481
282 483
282 484
282 485
282 487
282 488
282 491
282 492
282 693
283 284
283 285
283 286
283 288
283 289
283 291
283 292
283 293
283 295
283 297
283 298
283 300
283 301
283 302
283 303
283 304
283 305
283 306
283 307
283 309
283 322
283 325
283 330
283 331
283 332
283 333
283 334
283 335
283 336
283 337
283 338
283 358
283 361
283 462
283 467
283 468
283 469
283 471
283 472
283 473
283 474
283 475
283 476
283 477
283 479
283 480
283 481
283 482
283 483
283 484
283 485
283 486
283 487
283 488
283 490
283 491
284 285
284 287
284 288
284 291
284 292
284 294
284 295
284 297
284 298
284 299
284 300
284 301
284 302
284 303
284 304
284 305
284 306
284 307
284 308
284 309
284 321
284 324
284 326
284 327
284 329
284 330
284 332
284 333
284 334
284 336
284 337
284 338
284 359
284 360
284 378
284 463
284 464
284 466
284 467
284 468
284 469
284 470
284 471
284 472
284 473
284 474
284 475
284 476
284 477
284 478
284 479
284 481
284 483
284 484
284 485
284 486
284 487
284 488
284 489
284 490
284 491
284 492
284 691
284 692
284 706
285 286
285 287
285 288
285 289
285 290
285 291
285 292
285 293
285 295
285 296
285 297
285 298
285 300
285 301
285 302
285 303
285 304
285 305
285 307
285 308
285 309
285 324
285 325
285 326
285 328
285 330
285 332
285 333
285 334
285 335
285 336
285 337
285 338
285 339
285 358
285 360
285 463
285 464
285 465
285 466
285 467
285 468
285 469
285 470
285 471
285 472
285 473
285 474
285 475
285 476
285 477
285 479
285 480
285 481
285 483
285 485
285 486
285 487
285 488
285 489
285 691
285 741
285 801
286 288
286 290
286 291
286 292
286 293
286 295
286 297
286 298
286 300
286 301
286 302
286 303
286 304
286 305
286 306
286 307
286 308
286 309
286 321
286 323
286 326
286 327
286 328
286 329
286 330
286 332
286 333
286 334
286 335
286 336
286 337
286 338
286 462
286 463
286 465
286 466
286 467
286 468
286 469
286 470
286 471
286 472
286 473
286 474
286 475
286 476
286 477
286 478
286 479
286 480
286 481
286 482
286 483
286 484
286 485
286 486
286 487
286 488
286 489
286 490
286 491
286 492
286 691
286 704
286 724
287 288
287 289
287 290
287 291
287 292
287 293
287 296
287 297
287 298
287 299
287 300
287 301
287 302
287 303
287 304
287 305
287 306
287 307
287 308
287 309
287 325
287 327
287 328
287 329
287 330
287 331
287 332
287 333
287 334
287 335
287 336
287 338
287 358
287 376
287 378
287 431
287 462
287 464
287 465
287 467
287 468
287 469
287 470
287 471
287 472
287 474
287 475
287 476
287 477
287 478
287 479
287 480
287 481
287 482
287 483
287 484
287 485
287 486
287 487
287 488
287 489
287 490
287 491
287 492
287 691
287 693
288 289
288 290
288 291
288 292
288 293
288 294
288 295
288 296
288 297
288 298
288 300
288 301
288 302
288 303
288 304
288 306
288 307
288 308
288 309
288 322
288 323
288 326
288 327
288 328
288 329
288 330
288 331
288 332
288 333
288 335
288 336
288 337
288 338
288 358
288 359
288 360
288 464
288 465
288 466
288 467
288 468
288 469
288 470
288 471
288 472
288 473
288 474
288 475
288 476
288 477
288 478
288 479
288 480
288 481
288 482
288 483
288 484
288 485
288 486
288 487
288 488
288 489
288 490
288 491
288 492
288 691
288 831
289 290
289 291
289 292
289 293
289 294
289 295
289 297
289 299
289 300
289 301
289 302
289 303
289 304
289 305
289 306
289 307
289 308
289 309
289 310
289 324
289 325
289 326
289 327
289 328
289 329
289 330
289 331
289 332
289 333
289 334
289 335
289 336
289 337
289 338
289 360
289 362
289 461
289 463
289 465
289 467
289 468
289 469
289 470
289 471
289 472
289 473
289 474
289 475
289 476
289 477
289 478
289 479
289 480
289 481
289 482
289 483
289 484
289 485
289 487
289 488
289 489
289 490
289 491
289 492
289 625
290 291
290 292
290 293
290 294
290 295
290 296
290 297
290 299
290 300
290 301
290 302
290 303
290 304
290 305
290 306
290 307
290 308
290 309
290 310
290 323
290 324
290 325
290 326
290 327
290 328
290 329
290 330
290 331
290 332
290 333
290 334
290 335
290 336
290 337
290 338
290 360
290 361
290 362
290 376
290 462
290 463
290 465
290 467
290 468
290 469
290 470
290 471
290 472
290 473
290 474
290 475
290 476
290 477
290 478
290 479
290 480
290 481
290 482
290 483
290 484
290 485
290 486
290 487
290 488
290 489
290 490
290 491
290 565
290 830
291 292
291 293
291 294
291 296
291 297
291 298
291 299
291 300
291 301
291 302
291 303
291 304
291 305
291 306
291 307
291 308
291 309
291 313
291 324
291 325
291 326
291 327
291 328
291 329
291 330
291 331
291 332
291 333
291 334
291 335
291 336
291 337
291 338
291 359
291 462
291 466
291 467
291 469
291 470
291 471
291 472
291 473
291 474
291 475
291 476
291 477
291 478
291 479
291 480
291 481
291 482
291 483
291 484
291 485
291 486
291 487
291 488
291 489
291 490
291 491
291 691
291 692
291 694
291 801
292 293
292 294
292 295
292 296
292 297
292 298
292 299
292 300
292 301
292 302
292 303
292 304
292 305
292 306
292 307
292 308
292 309
292 324
292 325
292 326
292 327
292 328
292 329
292 330
292 331
292 332
292 333
292 334
292 335
292 336
292 337
292 338
292 357
292 360
292 463
292 466
292 467
292 468
292 469
292 470
292 471
292 472
292 473
292 474
292 475
292 476
292 477
292 478
292 479
292 480
292 481
292 482
292 483
292 484
292 485
292 486
292 487
292 488
292 489
292 490
292 491
292 492
292 691
292 692
292 694
292 722
292 755
292 803
293 294
293 295
293 296
293 297
293 300
293 301
293 302
293 304
293 305
293 306
293 307
293 308
293 309
293 320
293 321
293 325
293 326
293 327
293 328
293 329
293 330
293 331
293 332
293 333
293 334
293 335
293 336
293 337
293 338
293 339
293 359
293 361
293 378
293 462
293 465
293 466
293 467
293 468
293 470
293 471
293 473
293 474
293 475
293 476
293 477
293 478
293 479
293 480
293 481
293 482
293 483
293 484
293 485
293 486
293 487
293 488
293 489
293 490
293 491
293 492
293 493
293 692
294 295
294 297
294 298
294 300
294 301
294 302
294 303
294 304
294 306
294 307
294 308
294 309
294 328
294 329
294 330
294 332
294 333
294 334
294 335
294 336
294 337
294 338
294 339
294 359
294 377
294 399
294 464
294 465
294 466
294 470
294 472
294 473
294 474
294 475
294 476
294 477
294 478
294 479
294 480
294 481
294 482
294 483
294 484
294 485
294 486
294 487
294 488
294 489
294 490
294 491
294 492
294 692
294 693
295 297
295 299
295 300
295 301
295 303
295 304
295 306
295 307
295 309
295 322
295 324
295 325
295 327
295 328
295 329
295 330
295 331
295 332
295 334
295 335
295 336
295 337
295 338
295 379
295 464
295 465
295 467
295 468
295 469
295 470
295 471
295 473
295 474
295 475
295 477
295 478
295 479
295 480
295 481
295 482
295 483
295 485
295 486
295 487
295 488
295 489
295 490
295 491
295 492
295 493
295 691
295 802
296 300
296 301
296 303
296 304
296 306
296 307
296 308
296 322
296 324
296 325
296 326
296 327
296 328
296 330
296 331
296 334
296 335
296 336
296 337
296 338
296 360
296 361
296 462
296 466
296 467
296 468
296 469
296 470
296 471
296 472
296 474
296 475
296 478
296 480
296 481
296 482
296 483
296 484
296 486
296 487
296 488
296 489
296 490
296 491
296 492
296 691
296 693
297 299
297 301
297 302
297 303
297 304
297 306
297 307
297 308
297 309
297 310
297 322
297 325
297 326
297 327
297 328
297 329
297 330
297 332
297 333
297 335
297 336
297 337
297 338
297 339
297 358
297 359
297 360
297 464
297 465
297 467
297 469
297 470
297 472
297 473
297 474
297 476
297 477
297 478
297 480
297 482
297 483
297 484
297 485
297 487
297 488
297 489
297 490
297 491
297 492
297 704
298 299
298 300
298 303
298 304
298 305
298 307
298 308
298 309
298 323
298 325
298 326
298 327
298 328
298 329
298 330
298 331
298 332
298 333
298 334
298 335
298 336
298 337
298 338
298 339
298 360
298 383
298 464
298 465
298 466
298 468
298 469
298 470
298 471
298 472
298 473
298 474
298 475
298 476
298 478
298 479
298 480
298 482
298 483
298 484
298 485
298 487
298 488
298 489
298 491
298 492
298 692
298 705
298 724
299 300
299 302
299 306
299 307
299 308
299 309
299 323
299 324
299 325
299 326
299 328
299 329
299 330
299 331
299 333
299 334
299 335
299 336
299 337
299 338
299 359
299 360
299 379
299 462
299 464
299 465
299 466
299 467
299 469
299 470
299 472
299 473
299 474
299 475
299 476
299 477
299 478
299 479
299 480
299 481
299 482
299 483
299 484
299 485
299 486
299 487
299 488
299 489
299 490
299 491
299 492
299 692
299 693
300 301
300 302
300 304
300 305
300 306
300 307
300 308
300 309
300 321
300 326
300 328
300 331
300 332
300 333
300 334
300 335
300 336
300 337
300 338
300 358
300 379
300 463
300 464
300 467
300 468
300 469
300 470
300 471
300 472
300 473
300 474
300 475
300 476
300 477
300 478
300 479
300 480
300 482
300 483
300 484
300 485
300 486
300 488
300 490
300 491
300 492
300 690
300 693
300 802
301 302
301 303
301 304
301 306
301 307
301 308
301 309
301 323
301 325
301 326
301 327
301 328
301 329
301 330
301 331
301 332
301 333
301 334
301 335
301 337
301 338
301 360
301 362
301 379
301 462
301 463
301 464
301 465
301 466
301 467
301 468
301 469
301 470
301 471
301 472
301 473
301 474
301 475
301 476
301 477
301 478
301 479
301 480
301 481
301 482
301 483
301 485
301 486
301 487
301 488
301 489
301 490
301 491
301 492
302 303
302 304
302 305
302 306
302 308
302 309
302 310
302 323
302 324
302 326
302 327
302 328
302 329
302 330
302 331
302 332
302 333
302 334
302 335
302 336
302 337
302 338
302 361
302 464
302 465
302 466
302 467
302 468
302 469
302 470
302 471
302 472
302 473
302 474
302 476
302 477
302 479
302 480
302 481
302 482
302 483
302 484
302 485
302 486
302 487
302 488
302 489
302 490
302 491
302 493
302 643
302 692
302 693
302 695
302 696
302 704
303 304
303 305
303 306
303 307
303 308
303 309
303 323
303 327
303 328
303 329
303 330
303 331
303 332
303 333
303 334
303 335
303 336
303 337
303 338
303 358
303 464
303 465
303 468
303 469
303 470
303 471
303 472
303 473
303 474
303 475
303 476
303 477
303 478
303 479
303 480
303 481
303 482
303 483
303 484
303 485
303 486
303 487
303 488
303 489
303 490
303 491
303 492
303 693
303 695
303 802
304 305
304 306
304 307
304 308
304 309
304 323
304 325
304 328
304 329
304 330
304 331
304 332
304 333
304 334
304 335
304 336
304 337
304 338
304 359
304 462
304 465
304 466
304 467
304 468
304 469
304 470
304 471
304 472
304 473
304 474
304 475
304 476
304 477
304 478
304 479
304 480
304 481
304 482
304 483
304 484
304 485
304 486
304 487
304 488
304 489
304 490
304 491
304 492
304 582
304 693
304 720
305 306
305 307
305 308
305 309
305 310
305 323
305 325
305 327
305 328
305 329
305 330
305 331
305 332
305 333
305 334
305 335
305 336
305 337
305 338
305 339
305 359
305 464
305 465
305 466
305 467
305 469
305 470
305 471
305 472
305 473
305 474
305 475
305 476
305 477
305 478
305 479
305 480
305 481
305 482
305 483
305 484
305 485
305 486
305 487
305 488
305 489
305 490
305 491
305 492
305 620
305 643
305 697
305 721
306 307
306 308
306 309
306 310
306 312
306 324
306 325
306 327
306 329
306 330
306 331
306 332
306 333
306 334
306 335
306 336
306 337
306 338
306 360
306 363
306 460
306 464
306 467
306 469
306 470
306 471
306 472
306 473
306 474
306 475
306 476
306 477
306 478
306 479
306 480
306 481
306 482
306 483
306 484
306 485
306 486
306 487
306 488
306 489
306 490
306 491
306 492
306 692
307 308
307 309
307 310
307 311
307 322
307 325
307 326
307 328
307 331
307 332
307 333
307 334
307 335
307 336
307 337
307 338
307 339
307 376
307 378
307 379
307 461
307 463
307 464
307 465
307 467
307 468
307 469
307 470
307 471
307 472
307 473
307 474
307 475
307 476
307 477
307 478
307 479
307 480
307 481
307 482
307 483
307 484
307 485
307 486
307 487
307 488
307 489
307 490
307 491
307 492
307 566
307 587
308 309
308 310
308 322
308 325
308 326
308 327
308 328
308 330
308 331
308 333
308 334
308 335
308 336
308 337
308 338
308 358
308 464
308 466
308 467
308 468
308 469
308 470
308 471
308 472
308 473
308 474
308 475
308 476
308 477
308 478
308 479
308 480
308 481
308 482
308 483
308 484
308 485
308 486
308 487
308 488
308 489
308 490
308 491
308 492
308 493
308 692
309 323
309 325
309 326
309 328
309 331
309 332
309 334
309 335
309 336
309 337
309 338
309 381
309 461
309 465
309 466
309 467
309 469
309 470
309 471
309 472
309 473
309 474
309 475
309 476
309 477
309 479
309 480
309 481
309 482
309 483
309 484
309 485
309 486
309 487
309 488
309 489
309 490
309 491
309 492
309 633
310 325
310 467
310 469
310 470
310 473
310 474
310 475
310 477
310 480
310 482
310 483
310 484
310 485
310 486
310 487
310 488
310 489
310 490
310 491
310 492
311 482
311 483
311 484
311 486
311 487
311 488
311 489
311 490
311 491
311 492
312 341
312 488
312 490
312 491
312 493
313 484
313 488
313 489
313 567
314 591
315 484
315 726
318 491
319 491
321 322
321 325
321 333
321 378
321 475
321 477
321 483
321 487
322 327
322 331
322 334
322 335
322 461
322 462
322 463
322 469
322 470
322 471
322 477
322 478
322 480
322 486
322 488
322 691
323 324
323 326
323 330
323 332
323 333
323 335
323 336
323 359
323 464
323 465
323 466
323 468
323 469
323 470
323 472
323 473
323 477
323 478
323 480
323 481
323 483
323 484
323 486
323 487
323 488
323 490
323 492
323 834
324 325
324 326
324 328
324 329
324 331
324 332
324 333
324 334
324 335
324 336
324 337
324 338
324 379
324 456
324 462
324 464
324 468
324 469
324 470
324 471
324 472
324 476
324 478
324 479
324 481
324 484
324 485
324 487
324 488
324 490
324 491
324 492
324 692
325 327
325 333
325 336
325 337
325 338
325 358
325 361
325 362
325 463
325 464
325 469
325 470
325 472
325 473
325 475
325 476
325 478
325 479
325 480
325 481
325 482
325 484
325 486
325 487
325 489
325 490
325 491
326 327
326 328
326 332
326 334
326 335
326 336
326 337
326 338
326 358
326 462
326 466
326 467
326 470
326 472
326 473
326 474
326 475
326 476
326 477
326 478
326 479
326 480
326 481
326 482
326 483
326 484
326 485
326 486
326 487
326 488
326 489
326 491
326 692
326 695
327 329
327 330
327 331
327 332
327 333
327 334
327 335
327 336
327 337
327 359
327 377
327 463
327 465
327 466
327 467
327 468
327 469
327 470
327 472
327 474
327 475
327 476
327 477
327 479
327 480
327 482
327 483
327 485
327 487
327 488
327 489
327 490
327 491
327 492
327 643
327 692
328 330
328 331
328 332
328 333
328 334
328 335
328 336
328 337
328 338
328 359
328 361
328 378
328 461
328 463
328 464
328 466
328 467
328 469
328 470
328 473
328 476
328 477
328 478
328 479
328 481
328 482
328 483
328 484
328 485
328 486
328 487
328 488
328 489
328 490
328 491
328 492
328 692
329 330
329 331
329 332
329 333
329 334
329 335
329 336
329 337
329 338
329 361
329 378
329 463
329 464
329 465
329 466
329 467
329 469
329 470
329 471
329 472
329 473
329 474
329 475
329 476
329 478
329 479
329 480
329 483
329 484
329 485
329 486
329 488
329 489
329 490
329 491
329 694
329 695
329 832
330 331
330 332
330 333
330 334
330 335
330 336
330 337
330 338
330 360
330 462
330 464
330 465
330 466
330 467
330 468
330 469
330 470
330 471
330 472
330 473
330 474
330 475
330 476
330 477
330 478
330 479
330 480
330 481
330 483
330 484
330 485
330 486
330 487
330 488
330 489
330 490
330 491
330 492
330 709
331 332
331 333
331 334
331 335
331 336
331 337
331 360
331 464
331 465
331 466
331 467
331 468
331 469
331 470
331 471
331 472
331 473
331 474
331 475
331 476
331 477
331 478
331 479
331 480
331 481
331 482
331 483
331 484
331 485
331 486
331 487
331 489
331 490
331 491
331 492
332 333
332 334
332 335
332 336
332 337
332 338
332 360
332 361
332 379
332 463
332 464
332 465
332 466
332 468
332 469
332 470
332 471
332 472
332 474
332 475
332 476
332 478
332 479
332 480
332 481
332 482
332 483
332 484
332 485
332 486
332 487
332 488
332 489
332 490
332 491
332 492
332 668
332 693
332 694
333 334
333 335
333 336
333 337
333 338
333 361
333 377
333 462
333 464
333 466
333 467
333 468
333 469
333 470
333 471
333 472
333 473
333 474
333 475
333 476
333 478
333 479
333 480
333 481
333 482
333 483
333 484
333 485
333 486
333 487
333 488
333 489
333 490
333 491
333 492
333 691
333 693
334 335
334 336
334 337
334 338
334 359
334 360
334 401
334 465
334 467
334 468
334 469
334 470
334 471
334 472
334 473
334 474
334 475
334 476
334 477
334 478
334 479
334 480
334 481
334 482
334 483
334 484
334 485
334 486
334 487
334 488
334 489
334 490
334 491
334 492
334 569
334 586
334 691
334 693
334 725
335 336
335 337
335 338
335 339
335 360
335 465
335 467
335 468
335 469
335 470
335 471
335 472
335 473
335 474
335 475
335 476
335 477
335 478
335 479
335 480
335 481
335 482
335 483
335 484
335 485
335 486
335 487
335 488
335 489
335 490
335 491
335 492
335 691
335 695
335 786
336 337
336 338
336 341
336 379
336 463
336 464
336 465
336 466
336 468
336 470
336 471
336 472
336 473
336 474
336 475
336 476
336 477
336 478
336 479
336 480
336 481
336 482
336 483
336 484
336 485
336 486
336 487
336 488
336 489
336 490
336 491
336 492
336 525
336 692
336 694
336 721
337 338
337 357
337 359
337 378
337 465
337 466
337 467
337 469
337 470
337 471
337 472
337 473
337 474
337 475
337 476
337 477
337 478
337 479
337 480
337 481
337 482
337 483
337 484
337 485
337 486
337 487
337 488
337 489
337 490
337 491
337 492
337 493
337 692
338 357
338 377
338 379
338 465
338 466
338 467
338 468
338 469
338 470
338 472
338 473
338 474
338 475
338 476
338 477
338 478
338 479
338 480
338 481
338 482
338 483
338 484
338 485
338 486
338 487
338 488
338 489
338 490
338 491
338 492
339 473
339 475
339 478
339 479
339 480
339 481
339 482
339 483
339 484
339 485
339 486
339 487
339 488
339 489
339 490
339 491
340 483
340 485
340 486
340 487
340 488
340 489
340 490
340 491
340 492
341 488
341 490
342 509
348 482
352 486
353 488
353 490
354 490
356 467
356 492
357 358
357 359
357 463
357 467
357 477
358 360
358 377
358 466
358 467
358 473
358 474
358 484
358 489
358 490
358 491
358 690
358 692
359 460
359 466
359 468
359 470
359 474
359 477
359 481
359 486
359 492
359 626
359 690
359 691
359 692
360 462
360 467
360 469
360 471
360 472
360 473
360 477
360 479
360 480
360 481
360 482
360 486
360 487
360 490
360 527
360 692
360 694
360 705
361 476
361 479
361 480
361 483
361 485
361 486
361 487
361 491
362 467
362 483
362 486
362 487
362 489
362 490
362 491
363 485
363 487
363 798
364 488
364 804
366 490
368 490
369 490
370 493
372 487
376 488
377 378
377 461
377 470
377 471
377 488
377 489
378 465
378 467
378 471
378 473
378 474
378 478
378 490
378 491
378 741
379 403
379 466
379 467
379 480
379 481
379 482
379 483
379 484
379 489
379 491
380 403
380 462
380 466
380 473
380 480
380 486
380 488
380 490
380 491
381 474
381 479
381 484
381 488
381 489
381 490
382 488
382 490
382 491
382 493
383 490
383 491
384 490
387 489
388 488
389 489
397 488
398 697
400 485
400 488
400 491
401 489
401 707
401 820
402 474
402 485
402 486
404 486
405 486
406 486
413 489
417 743
431 490
432 491
433 489
433 491
434 489
434 554
456 490
457 490
457 491
459 483
460 468
460 478
460 480
460 488
461 479
461 483
461 484
461 485
462 465
462 466
462 467
462 469
462 470
462 472
462 474
462 477
462 481
462 482
462 483
462 487
462 492
462 565
463 465
463 472
463 473
463 474
463 475
463 477
463 479
463 481
463 483
463 485
463 487
463 488
463 491
463 692
463 693
463 703
464 466
464 469
464 470
464 472
464 473
464 474
464 476
464 477
464 478
464 479
464 481
464 489
464 493
465 467
465 469
465 470
465 474
465 475
465 476
465 477
465 478
465 479
465 480
465 482
465 483
465 484
465 485
465 486
465 487
465 488
465 489
465 490
465 492
465 693
466 468
466 469
466 472
466 473
466 474
466 475
466 476
466 478
466 483
466 484
466 485
466 486
466 487
466 489
466 490
466 491
466 492
466 692
466 695
467 468
467 470
467 472
467 473
467 474
467 476
467 477
467 478
467 481
467 484
467 485
467 486
467 488
467 489
467 491
467 690
467 692
468 472
468 473
468 474
468 475
468 476
468 477
468 478
468 479
468 480
468 481
468 482
468 483
468 484
468 486
468 487
468 488
468 489
468 491
468 492
468 692
469 470
469 471
469 472
469 475
469 476
469 477
469 478
469 479
469 480
469 481
469 482
469 483
469 484
469 485
469 486
469 487
469 488
469 489
469 490
469 491
469 492
469 693
469 724
470 471
470 472
470 474
470 475
470 476
470 477
470 479
470 480
470 481
470 482
470 483
470 484
470 485
470 486
470 487
470 488
470 489
470 490
470 491
470 492
470 585
470 691
471 472
471 473
471 474
471 476
471 477
471 478
471 479
471 480
471 481
471 482
471 483
471 484
471 485
471 486
471 487
471 488
471 489
471 491
471 492
471 704
471 725
472 473
472 474
472 475
472 477
472 479
472 480
472 481
472 482
472 483
472 484
472 485
472 486
472 487
472 488
472 489
472 490
472 491
472 492
472 691
472 693
473 474
473 475
473 476
473 477
473 478
473 479
473 480
473 481
473 482
473 483
473 484
473 485
473 486
473 487
473 489
473 490
473 491
473 492
473 691
473 692
474 475
474 476
474 477
474 478
474 479
474 480
474 481
474 482
474 483
474 484
474 485
474 486
474 487
474 488
474 489
474 490
474 491
474 492
474 804
475 476
475 477
475 478
475 479
475 480
475 481
475 482
475 483
475 484
475 485
475 486
475 487
475 488
475 489
475 490
475 491
475 492
475 692
475 693
475 696
475 721
475 805
476 477
476 478
476 479
476 480
476 481
476 482
476 483
476 484
476 485
476 486
476 487
476 488
476 489
476 490
476 491
476 492
476 692
476 705
477 478
477 479
477 480
477 481
477 482
477 483
477 484
477 485
477 486
477 487
477 488
477 489
477 490
477 491
477 492
477 576
477 625
477 692
477 695
477 704
477 725
478 479
478 480
478 481
478 482
478 483
478 484
478 485
478 486
478 487
478 488
478 489
478 490
478 491
478 492
478 691
478 692
478 695
478 801
479 480
479 481
479 482
479 483
479 484
479 485
479 486
479 487
479 488
479 489
479 490
479 491
479 492
479 493
479 587
479 692
479 693
480 481
480 482
480 483
480 484
480 485
480 486
480 487
480 488
480 489
480 490
480 491
480 492
480 692
480 708
481 482
481 483
481 484
481 485
481 486
481 487
481 488
481 489
481 490
481 491
481 492
481 586
481 694
482 483
482 484
482 485
482 486
482 487
482 488
482 489
482 490
482 491
482 492
482 561
482 588
482 695
482 705
482 725
482 790
483 484
483 485
483 486
483 487
483 488
483 489
483 490
483 491
483 492
483 552
483 691
483 693
483 697
483 702
484 485
484 486
484 487
484 488
484 489
484 490
484 491
484 492
484 493
484 587
484 588
484 653
484 691
484 692
484 694
484 695
484 704
484 706
484 831
485 486
485 487
485 488
485 489
485 490
485 491
485 492
485 493
485 634
485 694
485 695
485 722
485 742
485 801
485 802
485 803
485 809
486 487
486 488
486 489
486 490
486 491
486 492
486 493
486 552
486 587
486 613
486 693
486 703
486 705
486 709
486 726
487 488
487 489
487 490
487 491
487 492
487 493
487 494
487 502
487 509
487 566
487 583
487 588
487 609
487 613
487 625
487 643
487 687
487 695
487 696
487 705
487 706
487 707
487 726
487 788
487 801
487 802
487 803
487 829
488 489
488 490
488 491
488 492
488 493
488 494
488 526
488 538
488 587
488 588
488 614
488 645
488 694
488 695
488 696
488 697
488 698
488 705
488 706
488 727
488 791
488 797
488 803
488 804
488 846
489 490
489 491
489 492
489 493
489 514
489 536
489 540
489 551
489 566
489 588
489 589
489 607
489 625
489 644
489 645
489 674
489 693
489 694
489 695
489 696
489 697
489 705
489 707
489 711
489 723
489 756
489 802
489 819
490 491
490 492
490 493
490 494
490 513
490 552
490 553
490 566
490 586
490 589
490 640
490 644
490 645
490 646
490 652
490 694
490 695
490 696
490 697
490 703
490 704
490 705
490 722
490 725
490 726
490 727
490 760
490 794
491 492
491 493
491 604
491 605
491 696
491 697
491 703
491 707
491 710
491 722
491 743
491 761
491 765
491 787
492 493
492 589
492 629
492 644
492 694
492 706
492 728
492 742
492 803
493 570
493 590
493 723
494 675
515 590
553 591
601 727
688 706
691 706
694 724
