1 643
4 637
5 642
6 643
10 636
11 640
11 643
12 641
12 643
13 642
14 537
15 74
15 80
15 525
16 636
16 640
17 641
24 67
25 642
26 606
27 579
40 643
41 646
42 353
45 433
45 566
46 63
46 70
46 71
46 81
46 331
46 344
46 348
46 351
46 531
46 630
46 637
47 73
47 339
47 344
47 433
47 573
47 627
47 629
47 635
47 637
47 638
47 640
47 642
47 644
48 67
48 350
48 428
48 576
48 628
48 634
48 636
48 637
48 639
48 640
48 642
49 67
49 576
49 633
49 638
49 640
49 641
49 644
50 69
50 355
50 502
50 638
50 640
51 62
51 329
51 389
51 445
51 527
51 535
51 576
51 625
52 61
52 64
52 69
52 73
52 78
52 332
52 343
52 439
52 444
52 526
52 528
52 529
52 568
52 569
52 572
52 611
52 612
52 623
52 628
52 634
52 636
52 641
53 56
53 60
53 62
53 65
53 69
53 72
53 76
53 81
53 334
53 337
53 338
53 340
53 346
53 351
53 426
53 427
53 428
53 433
53 436
53 437
53 445
53 447
53 526
53 528
53 530
53 532
53 562
53 566
53 568
53 569
53 575
53 611
53 612
53 614
53 615
53 616
53 620
53 622
53 625
53 631
53 632
53 635
53 638
53 686
54 56
54 57
54 59
54 61
54 62
54 64
54 68
54 74
54 75
54 81
54 82
54 332
54 334
54 336
54 337
54 338
54 339
54 345
54 350
54 352
54 424
54 426
54 427
54 429
54 432
54 435
54 437
54 438
54 441
54 520
54 521
54 525
54 528
54 529
54 531
54 541
54 553
54 554
54 555
54 565
54 569
54 572
54 609
54 611
54 613
54 619
54 622
54 624
54 628
54 630
54 633
54 636
54 642
54 646
55 58
55 59
55 60
55 61
55 62
55 66
55 67
55 68
55 71
55 74
55 76
55 77
55 79
55 81
55 329
55 332
55 334
55 336
55 339
55 341
55 342
55 346
55 347
55 348
55 349
55 351
55 426
55 430
55 431
55 432
55 434
55 436
55 441
55 445
55 447
55 524
55 525
55 530
55 555
55 557
55 559
55 560
55 562
55 566
55 567
55 569
55 570
55 572
55 575
55 576
55 612
55 614
55 616
55 617
55 619
55 622
55 623
55 627
55 630
55 631
55 632
55 634
55 635
55 639
55 640
55 643
55 644
55 647
56 59
56 60
56 62
56 63
56 64
56 68
56 71
56 72
56 73
56 177
56 331
56 333
56 334
56 335
56 336
56 337
56 338
56 339
56 340
56 341
56 342
56 345
56 348
56 349
56 351
56 423
56 427
56 429
56 431
56 432
56 433
56 434
56 436
56 437
56 440
56 444
56 445
56 446
56 447
56 522
56 523
56 525
56 527
56 528
56 530
56 531
56 532
56 557
56 558
56 559
56 560
56 561
56 562
56 564
56 565
56 566
56 567
56 568
56 572
56 573
56 576
56 612
56 615
56 616
56 617
56 619
56 621
56 622
56 623
56 624
56 625
56 628
56 629
56 632
56 633
56 636
56 639
56 640
56 641
56 643
57 59
57 60
57 63
57 64
57 65
57 66
57 68
57 73
57 74
57 75
57 77
57 335
57 336
57 337
57 338
57 339
57 340
57 341
57 343
57 346
57 349
57 425
57 426
57 427
57 430
57 433
57 434
57 435
57 436
57 437
57 438
57 439
57 440
57 444
57 446
57 447
57 524
57 525
57 527
57 529
57 530
57 559
57 560
57 561
57 563
57 566
57 568
57 569
57 572
57 574
57 575
57 577
57 609
57 610
57 613
57 614
57 615
57 617
57 620
57 621
57 622
57 623
57 624
57 626
57 628
57 629
57 631
57 632
57 633
57 635
57 637
57 638
57 639
57 640
57 641
57 642
57 644
58 61
58 62
58 64
58 65
58 67
58 69
58 70
58 71
58 72
58 73
58 75
58 76
58 78
58 79
58 81
58 333
58 334
58 336
58 337
58 338
58 339
58 341
58 342
58 343
58 344
58 345
58 346
58 347
58 351
58 352
58 382
58 424
58 426
58 428
58 430
58 431
58 432
58 433
58 435
58 436
58 437
58 438
58 439
58 441
58 442
58 445
58 446
58 447
58 522
58 523
58 525
58 526
58 529
58 531
58 555
58 559
58 562
58 564
58 566
58 567
58 568
58 569
58 572
58 574
58 575
58 611
58 612
58 613
58 614
58 615
58 616
58 618
58 619
58 620
58 621
58 623
58 625
58 626
58 627
58 628
58 629
58 630
58 632
58 634
58 635
58 636
58 637
58 638
58 639
58 640
58 641
58 642
58 644
58 645
59 60
59 62
59 64
59 65
59 67
59 68
59 69
59 70
59 71
59 72
59 73
59 75
59 76
59 329
59 330
59 332
59 334
59 335
59 336
59 337
59 338
59 340
59 343
59 344
59 345
59 346
59 347
59 348
59 349
59 350
59 351
59 426
59 428
59 430
59 431
59 432
59 433
59 435
59 437
59 438
59 439
59 440
59 441
59 443
59 445
59 446
59 447
59 523
59 526
59 528
59 529
59 531
59 532
59 556
59 557
59 560
59 562
59 563
59 565
59 566
59 568
59 571
59 572
59 573
59 574
59 575
59 612
59 614
59 616
59 618
59 619
59 620
59 621
59 622
59 623
59 624
59 625
59 626
59 627
59 628
59 631
59 632
59 633
59 634
59 635
59 637
59 638
59 639
59 640
59 642
59 643
59 644
60 61
60 63
60 64
60 65
60 66
60 68
60 70
60 72
60 73
60 74
60 76
60 77
60 78
60 79
60 331
60 333
60 334
60 335
60 337
60 338
60 339
60 341
60 342
60 343
60 344
60 345
60 346
60 347
60 348
60 349
60 350
60 351
60 427
60 428
60 430
60 431
60 432
60 433
60 435
60 436
60 437
60 439
60 440
60 441
60 442
60 444
60 446
60 490
60 524
60 525
60 526
60 528
60 529
60 530
60 531
60 554
60 559
60 560
60 561
60 562
60 563
60 564
60 565
60 566
60 567
60 568
60 569
60 570
60 571
60 572
60 573
60 574
60 575
60 609
60 613
60 615
60 616
60 617
60 618
60 622
60 623
60 626
60 627
60 628
60 629
60 630
60 631
60 632
60 633
60 634
60 636
60 637
60 639
60 640
60 641
60 642
60 643
60 644
61 62
61 63
61 64
61 65
61 66
61 67
61 68
61 69
61 70
61 71
61 72
61 73
61 74
61 75
61 77
61 79
61 80
61 81
61 147
61 320
61 330
61 331
61 337
61 338
61 341
61 343
61 344
61 345
61 346
61 348
61 349
61 351
61 426
61 428
61 429
61 430
61 431
61 432
61 433
61 434
61 435
61 436
61 438
61 439
61 440
61 441
61 443
61 444
61 445
61 446
61 524
61 525
61 526
61 528
61 529
61 530
61 531
61 533
61 553
61 557
61 559
61 560
61 561
61 562
61 563
61 564
61 566
61 567
61 568
61 569
61 571
61 572
61 573
61 575
61 611
61 612
61 614
61 616
61 617
61 618
61 619
61 620
61 622
61 623
61 626
61 627
61 630
61 631
61 632
61 634
61 635
61 636
61 637
61 638
61 639
61 641
61 642
61 643
61 644
62 63
62 65
62 67
62 68
62 70
62 71
62 72
62 73
62 74
62 75
62 76
62 77
62 80
62 81
62 82
62 146
62 332
62 334
62 335
62 337
62 338
62 339
62 340
62 341
62 342
62 343
62 345
62 346
62 347
62 348
62 349
62 351
62 424
62 425
62 427
62 429
62 430
62 431
62 432
62 434
62 435
62 436
62 437
62 438
62 439
62 440
62 441
62 442
62 443
62 444
62 445
62 446
62 447
62 520
62 524
62 525
62 526
62 528
62 530
62 531
62 557
62 558
62 559
62 560
62 563
62 564
62 565
62 566
62 569
62 570
62 571
62 572
62 573
62 574
62 575
62 610
62 613
62 614
62 615
62 616
62 617
62 618
62 619
62 621
62 622
62 624
62 625
62 626
62 627
62 628
62 629
62 630
62 631
62 632
62 633
62 634
62 636
62 637
62 638
62 639
62 640
62 641
62 642
62 643
62 644
63 64
63 65
63 66
63 67
63 68
63 69
63 70
63 71
63 72
63 73
63 74
63 76
63 77
63 78
63 81
63 82
63 147
63 332
63 335
63 337
63 338
63 339
63 340
63 341
63 342
63 344
63 345
63 346
63 347
63 348
63 349
63 350
63 351
63 428
63 429
63 430
63 431
63 435
63 436
63 437
63 438
63 439
63 440
63 441
63 442
63 443
63 444
63 445
63 446
63 525
63 526
63 527
63 528
63 529
63 530
63 531
63 532
63 554
63 556
63 558
63 559
63 562
63 563
63 564
63 565
63 566
63 567
63 568
63 569
63 570
63 571
63 572
63 573
63 574
63 575
63 576
63 611
63 612
63 613
63 614
63 615
63 616
63 617
63 618
63 620
63 621
63 622
63 623
63 624
63 625
63 626
63 627
63 629
63 630
63 631
63 632
63 633
63 634
63 635
63 637
63 638
63 640
63 641
63 642
63 643
63 644
64 65
64 66
64 67
64 68
64 69
64 70
64 72
64 73
64 74
64 75
64 76
64 77
64 78
64 145
64 330
64 332
64 333
64 334
64 336
64 338
64 339
64 340
64 341
64 342
64 343
64 344
64 345
64 346
64 347
64 348
64 349
64 350
64 351
64 424
64 425
64 426
64 427
64 429
64 430
64 431
64 433
64 434
64 435
64 436
64 437
64 438
64 439
64 440
64 441
64 442
64 443
64 444
64 445
64 446
64 498
64 524
64 525
64 526
64 527
64 528
64 529
64 530
64 531
64 532
64 557
64 558
64 561
64 562
64 563
64 564
64 565
64 566
64 567
64 568
64 570
64 572
64 573
64 574
64 575
64 576
64 612
64 613
64 615
64 617
64 618
64 619
64 620
64 622
64 623
64 624
64 625
64 626
64 627
64 628
64 629
64 630
64 631
64 632
64 633
64 635
64 636
64 637
64 638
64 639
64 640
64 641
64 642
64 643
64 644
64 672
65 66
65 67
65 68
65 69
65 70
65 71
65 72
65 73
65 74
65 76
65 77
65 78
65 82
65 147
65 329
65 330
65 332
65 333
65 334
65 336
65 339
65 340
65 341
65 342
65 343
65 344
65 345
65 346
65 347
65 348
65 349
65 350
65 351
65 352
65 428
65 429
65 431
65 432
65 433
65 434
65 435
65 436
65 437
65 438
65 439
65 440
65 441
65 442
65 443
65 445
65 446
65 447
65 448
65 521
65 523
65 525
65 526
65 528
65 530
65 531
65 532
65 559
65 560
65 561
65 562
65 563
65 564
65 565
65 566
65 567
65 568
65 569
65 570
65 571
65 572
65 573
65 574
65 575
65 576
65 577
65 610
65 612
65 613
65 614
65 615
65 616
65 617
65 619
65 620
65 621
65 622
65 623
65 624
65 625
65 626
65 627
65 628
65 629
65 630
65 631
65 632
65 633
65 634
65 635
65 636
65 637
65 638
65 639
65 640
65 641
65 643
65 644
66 67
66 69
66 70
66 71
66 72
66 73
66 74
66 76
66 77
66 80
66 82
66 84
66 149
66 331
66 335
66 336
66 338
66 339
66 340
66 341
66 342
66 343
66 344
66 345
66 346
66 347
66 348
66 349
66 350
66 351
66 427
66 428
66 430
66 431
66 432
66 433
66 434
66 435
66 436
66 437
66 438
66 439
66 440
66 441
66 442
66 443
66 444
66 445
66 446
66 447
66 448
66 526
66 527
66 530
66 531
66 532
66 554
66 556
66 557
66 563
66 564
66 565
66 567
66 568
66 569
66 570
66 572
66 573
66 574
66 575
66 576
66 577
66 589
66 612
66 614
66 615
66 616
66 617
66 618
66 619
66 620
66 621
66 622
66 623
66 624
66 625
66 626
66 627
66 628
66 629
66 630
66 631
66 632
66 634
66 635
66 636
66 637
66 638
66 639
66 640
66 641
66 642
66 643
66 644
67 68
67 69
67 70
67 71
67 72
67 73
67 74
67 75
67 76
67 77
67 78
67 79
67 146
67 151
67 331
67 333
67 335
67 338
67 339
67 340
67 341
67 342
67 343
67 344
67 345
67 346
67 347
67 348
67 349
67 350
67 351
67 352
67 381
67 427
67 428
67 429
67 430
67 432
67 433
67 434
67 435
67 436
67 437
67 438
67 439
67 440
67 441
67 442
67 443
67 444
67 445
67 446
67 447
67 524
67 525
67 526
67 527
67 528
67 530
67 531
67 532
67 533
67 555
67 557
67 558
67 561
67 562
67 563
67 564
67 565
67 566
67 567
67 568
67 569
67 570
67 571
67 572
67 573
67 574
67 575
67 576
67 613
67 614
67 615
67 616
67 617
67 618
67 619
67 620
67 621
67 622
67 623
67 624
67 625
67 626
67 627
67 628
67 629
67 630
67 631
67 632
67 633
67 634
67 635
67 636
67 637
67 638
67 639
67 640
67 641
67 642
67 643
67 644
68 69
68 70
68 71
68 72
68 73
68 74
68 75
68 76
68 77
68 81
68 147
68 178
68 294
68 333
68 334
68 335
68 336
68 337
68 338
68 339
68 340
68 341
68 342
68 343
68 344
68 345
68 346
68 347
68 348
68 349
68 350
68 351
68 352
68 426
68 428
68 429
68 430
68 431
68 432
68 434
68 435
68 436
68 437
68 438
68 439
68 440
68 441
68 442
68 443
68 444
68 445
68 446
68 447
68 522
68 525
68 528
68 529
68 530
68 531
68 532
68 554
68 555
68 557
68 558
68 559
68 560
68 563
68 564
68 566
68 567
68 568
68 569
68 570
68 571
68 572
68 573
68 574
68 575
68 576
68 577
68 611
68 612
68 614
68 615
68 617
68 618
68 619
68 620
68 621
68 622
68 623
68 624
68 625
68 626
68 627
68 628
68 629
68 630
68 631
68 632
68 633
68 634
68 635
68 636
68 637
68 638
68 639
68 640
68 641
68 642
68 643
68 644
69 70
69 71
69 72
69 73
69 74
69 75
69 76
69 77
69 147
69 322
69 331
69 334
69 335
69 336
69 338
69 341
69 342
69 343
69 344
69 345
69 346
69 347
69 348
69 349
69 350
69 351
69 426
69 427
69 429
69 431
69 432
69 433
69 434
69 435
69 436
69 437
69 438
69 439
69 440
69 441
69 442
69 443
69 444
69 445
69 446
69 447
69 448
69 491
69 523
69 525
69 526
69 528
69 529
69 530
69 531
69 532
69 533
69 534
69 559
69 562
69 563
69 564
69 565
69 566
69 567
69 568
69 569
69 570
69 571
69 572
69 573
69 574
69 575
69 576
69 577
69 591
69 609
69 611
69 613
69 614
69 615
69 616
69 617
69 618
69 619
69 620
69 621
69 622
69 623
69 624
69 625
69 626
69 627
69 628
69 629
69 630
69 631
69 632
69 633
69 634
69 635
69 636
69 637
69 638
69 639
69 640
69 641
69 642
69 643
69 644
69 692
70 71
70 72
70 73
70 74
70 75
70 76
70 77
70 79
70 146
70 149
70 176
70 178
70 333
70 335
70 336
70 338
70 340
70 341
70 342
70 343
70 344
70 345
70 346
70 347
70 348
70 349
70 350
70 351
70 427
70 428
70 429
70 430
70 431
70 432
70 433
70 434
70 435
70 436
70 437
70 438
70 439
70 440
70 441
70 442
70 443
70 444
70 445
70 446
70 447
70 458
70 524
70 525
70 526
70 528
70 530
70 531
70 533
70 558
70 560
70 561
70 562
70 563
70 564
70 565
70 566
70 567
70 568
70 569
70 570
70 571
70 572
70 573
70 574
70 575
70 576
70 612
70 614
70 616
70 617
70 618
70 619
70 620
70 621
70 622
70 623
70 624
70 625
70 626
70 627
70 628
70 629
70 630
70 631
70 632
70 633
70 634
70 635
70 636
70 637
70 638
70 639
70 640
70 641
70 642
70 643
70 644
71 72
71 73
71 74
71 75
71 76
71 77
71 78
71 80
71 82
71 83
71 148
71 149
71 251
71 329
71 330
71 331
71 332
71 333
71 335
71 336
71 337
71 338
71 339
71 340
71 341
71 342
71 343
71 344
71 345
71 346
71 347
71 348
71 349
71 350
71 351
71 352
71 387
71 427
71 429
71 430
71 431
71 432
71 433
71 434
71 435
71 436
71 437
71 438
71 439
71 440
71 441
71 442
71 443
71 444
71 445
71 446
71 522
71 524
71 525
71 526
71 527
71 529
71 530
71 531
71 533
71 554
71 556
71 558
71 560
71 561
71 562
71 564
71 565
71 566
71 567
71 568
71 569
71 570
71 571
71 572
71 573
71 574
71 575
71 576
71 611
71 613
71 614
71 616
71 617
71 618
71 619
71 620
71 621
71 623
71 624
71 625
71 626
71 627
71 628
71 629
71 630
71 631
71 632
71 633
71 634
71 635
71 636
71 637
71 638
71 639
71 640
71 641
71 642
71 643
71 644
72 73
72 74
72 75
72 76
72 77
72 78
72 80
72 147
72 331
72 333
72 334
72 335
72 336
72 337
72 338
72 339
72 341
72 342
72 343
72 344
72 346
72 347
72 348
72 349
72 350
72 351
72 390
72 427
72 429
72 430
72 431
72 432
72 433
72 434
72 435
72 436
72 437
72 438
72 439
72 440
72 441
72 442
72 443
72 444
72 445
72 446
72 447
72 499
72 522
72 525
72 526
72 527
72 528
72 529
72 530
72 531
72 532
72 555
72 556
72 557
72 558
72 559
72 560
72 562
72 564
72 565
72 566
72 567
72 568
72 569
72 571
72 572
72 573
72 574
72 575
72 576
72 613
72 617
72 618
72 620
72 621
72 622
72 623
72 625
72 626
72 627
72 628
72 629
72 630
72 631
72 632
72 633
72 634
72 635
72 636
72 637
72 638
72 639
72 640
72 641
72 642
72 643
72 644
72 645
73 74
73 75
73 76
73 77
73 82
73 152
73 330
73 331
73 333
73 335
73 336
73 337
73 338
73 340
73 341
73 342
73 343
73 344
73 345
73 346
73 347
73 348
73 349
73 350
73 351
73 352
73 382
73 383
73 384
73 426
73 429
73 430
73 432
73 433
73 434
73 435
73 436
73 437
73 438
73 439
73 440
73 441
73 442
73 443
73 444
73 445
73 446
73 447
73 525
73 526
73 527
73 529
73 530
73 531
73 555
73 557
73 558
73 559
73 560
73 561
73 562
73 563
73 564
73 565
73 566
73 567
73 568
73 569
73 570
73 571
73 572
73 573
73 574
73 575
73 576
73 610
73 611
73 612
73 613
73 614
73 615
73 616
73 617
73 619
73 620
73 621
73 622
73 623
73 624
73 625
73 626
73 627
73 628
73 629
73 630
73 631
73 632
73 633
73 634
73 635
73 636
73 637
73 638
73 639
73 640
73 641
73 642
73 643
73 644
74 75
74 76
74 77
74 78
74 82
74 147
74 150
74 151
74 330
74 332
74 335
74 336
74 337
74 339
74 340
74 341
74 342
74 343
74 344
74 345
74 346
74 347
74 348
74 349
74 350
74 351
74 352
74 383
74 384
74 390
74 429
74 431
74 432
74 433
74 434
74 435
74 436
74 437
74 438
74 439
74 440
74 441
74 442
74 443
74 444
74 445
74 446
74 459
74 522
74 524
74 526
74 527
74 529
74 530
74 531
74 532
74 533
74 554
74 558
74 560
74 561
74 562
74 563
74 564
74 565
74 566
74 567
74 568
74 569
74 570
74 571
74 572
74 573
74 574
74 575
74 576
74 577
74 592
74 613
74 615
74 616
74 617
74 619
74 620
74 621
74 622
74 623
74 624
74 625
74 626
74 627
74 628
74 629
74 630
74 631
74 632
74 633
74 634
74 635
74 636
74 637
74 638
74 639
74 640
74 641
74 642
74 643
74 644
74 645
75 76
75 77
75 81
75 148
75 177
75 329
75 335
75 336
75 337
75 338
75 339
75 341
75 342
75 343
75 344
75 345
75 346
75 347
75 348
75 349
75 350
75 351
75 352
75 382
75 384
75 390
75 394
75 425
75 428
75 429
75 430
75 432
75 433
75 434
75 435
75 436
75 437
75 438
75 439
75 440
75 441
75 442
75 443
75 444
75 445
75 446
75 447
75 502
75 520
75 522
75 524
75 525
75 526
75 527
75 529
75 531
75 532
75 533
75 557
75 558
75 560
75 561
75 562
75 563
75 564
75 566
75 567
75 568
75 569
75 570
75 571
75 572
75 573
75 574
75 575
75 576
75 577
75 578
75 590
75 611
75 613
75 615
75 616
75 617
75 618
75 619
75 620
75 621
75 622
75 623
75 624
75 625
75 626
75 627
75 628
75 629
75 630
75 631
75 632
75 633
75 634
75 635
75 636
75 637
75 638
75 639
75 640
75 641
75 642
75 643
75 644
75 645
76 77
76 78
76 79
76 80
76 82
76 149
76 179
76 203
76 330
76 331
76 334
76 335
76 339
76 340
76 341
76 342
76 343
76 344
76 345
76 346
76 347
76 348
76 349
76 350
76 351
76 352
76 425
76 426
76 428
76 429
76 432
76 433
76 434
76 435
76 436
76 437
76 438
76 439
76 440
76 441
76 442
76 443
76 444
76 445
76 446
76 447
76 522
76 523
76 524
76 525
76 527
76 528
76 529
76 530
76 531
76 532
76 557
76 558
76 560
76 561
76 562
76 563
76 564
76 565
76 566
76 567
76 569
76 570
76 571
76 572
76 573
76 574
76 575
76 576
76 577
76 611
76 614
76 615
76 616
76 617
76 619
76 620
76 621
76 622
76 623
76 624
76 625
76 626
76 627
76 628
76 629
76 630
76 631
76 632
76 633
76 634
76 635
76 636
76 637
76 638
76 639
76 640
76 641
76 642
76 643
76 644
77 78
77 80
77 110
77 330
77 332
77 336
77 340
77 341
77 342
77 343
77 344
77 345
77 346
77 347
77 348
77 349
77 350
77 351
77 352
77 353
77 425
77 427
77 428
77 429
77 430
77 431
77 432
77 434
77 435
77 436
77 437
77 438
77 439
77 440
77 441
77 442
77 443
77 444
77 445
77 446
77 447
77 524
77 525
77 526
77 527
77 528
77 529
77 530
77 532
77 555
77 557
77 558
77 559
77 560
77 561
77 563
77 564
77 565
77 566
77 567
77 568
77 569
77 570
77 571
77 572
77 573
77 574
77 575
77 576
77 577
77 592
77 613
77 615
77 616
77 618
77 620
77 621
77 622
77 623
77 624
77 625
77 626
77 627
77 628
77 629
77 630
77 631
77 632
77 633
77 634
77 635
77 636
77 637
77 638
77 639
77 640
77 641
77 642
77 643
77 644
77 673
77 837
78 79
78 81
78 330
78 333
78 336
78 337
78 338
78 339
78 341
78 345
78 346
78 347
78 348
78 350
78 351
78 429
78 431
78 433
78 434
78 437
78 438
78 439
78 445
78 446
78 501
78 523
78 525
78 527
78 529
78 553
78 558
78 565
78 568
78 571
78 572
78 573
78 574
78 576
78 610
78 615
78 616
78 619
78 621
78 622
78 623
78 624
78 630
78 631
78 632
78 633
78 635
78 636
78 637
78 638
78 639
78 640
78 641
78 642
78 643
78 644
78 719
79 322
79 330
79 331
79 332
79 333
79 337
79 339
79 346
79 426
79 430
79 436
79 440
79 442
79 444
79 522
79 558
79 561
79 567
79 571
79 572
79 575
79 577
79 578
79 613
79 614
79 616
79 617
79 622
79 627
79 629
79 633
79 634
79 635
79 638
79 639
79 640
79 641
79 642
79 643
79 644
80 152
80 332
80 336
80 337
80 343
80 347
80 348
80 352
80 380
80 423
80 424
80 425
80 426
80 428
80 430
80 433
80 435
80 436
80 438
80 441
80 446
80 500
80 522
80 525
80 526
80 527
80 528
80 529
80 532
80 533
80 558
80 562
80 563
80 564
80 566
80 571
80 572
80 575
80 576
80 613
80 614
80 619
80 622
80 626
80 631
80 634
80 635
80 636
80 637
80 638
80 640
80 642
80 644
80 816
81 85
81 250
81 330
81 332
81 335
81 336
81 337
81 338
81 340
81 343
81 344
81 345
81 348
81 349
81 350
81 426
81 430
81 431
81 432
81 433
81 434
81 435
81 440
81 445
81 448
81 498
81 524
81 525
81 526
81 530
81 532
81 555
81 556
81 558
81 559
81 560
81 566
81 570
81 573
81 576
81 612
81 614
81 615
81 616
81 617
81 624
81 625
81 629
81 633
81 634
81 640
81 642
82 146
82 337
82 342
82 343
82 345
82 350
82 427
82 431
82 436
82 443
82 522
82 525
82 527
82 530
82 553
82 556
82 557
82 558
82 565
82 566
82 567
82 570
82 571
82 573
82 574
82 594
82 611
82 624
82 628
82 636
82 640
82 643
82 644
83 241
83 334
83 338
83 340
83 341
83 343
83 346
83 351
83 439
83 443
83 559
83 571
83 617
83 624
83 626
83 633
83 634
83 635
83 636
83 644
84 346
84 347
84 424
84 437
84 440
84 576
84 630
84 638
84 641
84 643
84 644
85 344
85 575
85 630
85 634
85 643
85 644
85 645
86 350
86 636
86 638
86 640
86 642
87 622
87 642
87 643
88 758
95 640
100 268
102 643
106 632
106 642
107 556
111 645
112 790
121 644
126 434
136 643
145 339
146 329
146 335
146 346
146 347
146 423
146 424
146 432
146 444
146 520
146 562
146 563
146 639
147 176
147 339
147 348
147 349
147 352
147 423
147 433
147 434
147 440
147 443
147 520
147 521
147 523
147 525
147 559
147 611
147 622
147 624
147 630
148 333
148 340
148 341
148 344
148 347
148 430
148 438
148 442
148 444
148 445
148 529
148 556
148 573
148 622
148 623
148 630
148 633
148 634
148 636
148 641
149 338
149 444
149 447
149 532
149 556
149 565
149 568
149 619
149 635
149 637
149 638
149 639
149 641
149 642
150 332
150 334
150 342
150 444
150 612
150 621
150 635
150 636
150 638
150 640
150 641
150 642
150 643
151 347
151 446
151 637
151 639
151 640
151 641
151 642
151 644
152 493
152 625
152 643
153 593
154 646
156 643
165 730
172 641
177 434
177 526
177 573
177 637
177 640
178 342
178 442
178 448
178 521
178 528
178 623
178 632
178 638
178 640
179 330
179 445
179 572
179 576
179 615
179 640
179 641
179 643
179 644
180 639
180 642
180 643
180 644
180 645
181 481
181 641
181 644
181 646
182 386
184 577
194 341
195 385
195 445
196 276
205 628
206 348
207 347
207 641
207 643
208 641
209 721
218 628
221 646
240 641
240 642
250 638
251 442
251 570
251 638
251 640
252 566
252 636
252 642
266 621
267 623
267 635
267 636
268 641
268 642
269 643
273 642
281 626
282 642
293 348
294 641
295 579
298 640
299 641
300 351
315 641
317 433
319 575
320 437
320 642
321 529
321 560
321 566
321 631
321 636
321 641
322 446
322 567
322 636
322 639
322 642
323 638
323 643
323 644
324 347
324 579
324 614
324 639
325 573
325 643
325 644
326 327
328 424
328 432
328 562
328 635
329 331
329 333
329 334
329 389
329 430
329 433
329 434
329 436
329 445
329 532
329 558
329 564
329 565
329 572
329 612
329 616
329 623
329 631
330 339
330 340
330 346
330 438
330 440
330 441
330 444
330 520
330 523
330 524
330 527
330 531
330 532
330 557
330 566
330 567
330 568
330 610
330 612
330 614
330 617
330 619
330 621
330 622
330 624
330 627
330 628
330 631
330 640
330 641
331 332
331 334
331 337
331 339
331 341
331 342
331 345
331 346
331 347
331 349
331 350
331 351
331 352
331 426
331 427
331 428
331 433
331 435
331 438
331 440
331 441
331 442
331 444
331 446
331 521
331 523
331 524
331 526
331 529
331 556
331 558
331 565
331 569
331 570
331 572
331 574
331 613
331 615
331 616
331 617
331 623
331 624
331 625
331 629
331 632
331 639
331 640
331 644
332 337
332 338
332 346
332 348
332 350
332 426
332 428
332 430
332 432
332 434
332 435
332 436
332 437
332 440
332 444
332 523
332 524
332 530
332 532
332 534
332 558
332 560
332 563
332 565
332 568
332 569
332 570
332 571
332 572
332 612
332 613
332 615
332 617
332 618
332 620
332 624
332 627
332 628
332 630
332 631
332 632
332 633
332 636
332 642
332 644
333 334
333 335
333 336
333 337
333 338
333 339
333 340
333 341
333 345
333 347
333 348
333 423
333 425
333 428
333 429
333 430
333 432
333 433
333 435
333 436
333 437
333 439
333 440
333 441
333 442
333 443
333 445
333 446
333 449
333 524
333 527
333 528
333 529
333 530
333 531
333 532
333 561
333 565
333 569
333 575
333 576
333 577
333 612
333 615
333 616
333 617
333 620
333 622
333 624
333 626
333 629
333 630
333 631
333 633
333 635
333 636
333 639
333 642
333 643
334 336
334 337
334 338
334 339
334 340
334 341
334 342
334 343
334 344
334 345
334 346
334 350
334 382
334 424
334 428
334 429
334 430
334 431
334 434
334 436
334 437
334 438
334 439
334 441
334 444
334 446
334 521
334 524
334 526
334 528
334 529
334 530
334 555
334 556
334 558
334 559
334 561
334 562
334 563
334 567
334 568
334 570
334 573
334 574
334 576
334 612
334 616
334 618
334 619
334 620
334 621
334 622
334 625
334 626
334 627
334 629
334 630
334 631
334 632
334 633
334 634
334 635
334 636
334 640
334 643
335 336
335 339
335 340
335 341
335 343
335 344
335 345
335 346
335 347
335 348
335 349
335 350
335 351
335 352
335 427
335 430
335 432
335 434
335 438
335 439
335 440
335 441
335 442
335 445
335 446
335 524
335 525
335 527
335 528
335 529
335 530
335 531
335 554
335 557
335 558
335 559
335 561
335 562
335 564
335 565
335 568
335 569
335 570
335 571
335 572
335 573
335 575
335 576
335 612
335 614
335 615
335 616
335 619
335 621
335 624
335 626
335 627
335 632
335 633
335 635
335 637
335 638
335 640
335 641
335 643
335 644
336 338
336 339
336 341
336 346
336 347
336 348
336 349
336 351
336 428
336 430
336 431
336 432
336 433
336 434
336 435
336 436
336 438
336 439
336 440
336 441
336 442
336 443
336 444
336 446
336 524
336 525
336 526
336 527
336 528
336 529
336 530
336 532
336 557
336 561
336 562
336 563
336 564
336 565
336 566
336 567
336 568
336 569
336 570
336 571
336 573
336 575
336 576
336 610
336 612
336 614
336 616
336 617
336 619
336 620
336 621
336 622
336 623
336 624
336 627
336 628
336 629
336 630
336 632
336 633
336 635
336 636
336 637
336 638
336 639
336 641
336 642
336 643
336 644
337 338
337 339
337 340
337 341
337 342
337 344
337 345
337 346
337 347
337 348
337 349
337 350
337 351
337 352
337 381
337 427
337 428
337 429
337 430
337 432
337 433
337 434
337 435
337 436
337 437
337 440
337 441
337 443
337 444
337 445
337 498
337 521
337 523
337 524
337 525
337 526
337 528
337 529
337 530
337 531
337 533
337 558
337 561
337 562
337 563
337 564
337 565
337 566
337 567
337 568
337 569
337 575
337 576
337 612
337 613
337 614
337 615
337 617
337 619
337 620
337 622
337 623
337 624
337 625
337 627
337 628
337 629
337 630
337 631
337 632
337 633
337 634
337 635
337 636
337 639
337 641
337 642
337 643
338 339
338 340
338 342
338 343
338 344
338 345
338 346
338 347
338 348
338 349
338 350
338 351
338 385
338 424
338 425
338 429
338 430
338 432
338 434
338 438
338 439
338 440
338 441
338 442
338 443
338 444
338 445
338 446
338 522
338 523
338 527
338 529
338 530
338 531
338 532
338 533
338 555
338 557
338 558
338 560
338 562
338 563
338 564
338 565
338 566
338 567
338 568
338 569
338 570
338 572
338 573
338 574
338 575
338 576
338 577
338 609
338 613
338 614
338 615
338 616
338 620
338 621
338 623
338 624
338 626
338 627
338 628
338 629
338 630
338 631
338 632
338 634
338 635
338 636
338 637
338 638
338 639
338 640
338 641
338 642
338 643
338 644
339 340
339 343
339 345
339 346
339 347
339 348
339 349
339 350
339 351
339 426
339 427
339 428
339 432
339 433
339 434
339 435
339 438
339 439
339 440
339 443
339 444
339 445
339 446
339 447
339 523
339 524
339 525
339 526
339 527
339 528
339 529
339 530
339 531
339 532
339 558
339 560
339 561
339 562
339 563
339 564
339 565
339 566
339 567
339 568
339 569
339 570
339 574
339 575
339 576
339 589
339 611
339 613
339 614
339 615
339 616
339 617
339 619
339 620
339 621
339 622
339 624
339 625
339 626
339 627
339 629
339 631
339 632
339 634
339 635
339 636
339 637
339 639
339 640
339 641
339 642
339 643
339 644
339 761
340 341
340 342
340 343
340 344
340 345
340 346
340 347
340 348
340 349
340 350
340 351
340 425
340 429
340 431
340 432
340 434
340 435
340 436
340 437
340 438
340 439
340 440
340 441
340 442
340 443
340 444
340 445
340 446
340 523
340 524
340 525
340 526
340 528
340 529
340 530
340 532
340 533
340 556
340 557
340 559
340 561
340 562
340 563
340 564
340 565
340 566
340 567
340 568
340 569
340 570
340 571
340 572
340 573
340 574
340 575
340 576
340 577
340 611
340 614
340 615
340 616
340 617
340 618
340 619
340 620
340 621
340 622
340 623
340 624
340 625
340 626
340 627
340 628
340 629
340 630
340 632
340 633
340 634
340 635
340 636
340 637
340 639
340 642
340 643
340 644
341 342
341 343
341 344
341 345
341 346
341 347
341 348
341 349
341 350
341 351
341 427
341 428
341 431
341 432
341 434
341 435
341 436
341 437
341 438
341 439
341 440
341 441
341 442
341 443
341 444
341 445
341 446
341 447
341 523
341 527
341 528
341 529
341 530
341 531
341 532
341 556
341 557
341 558
341 559
341 560
341 561
341 562
341 563
341 564
341 565
341 566
341 567
341 568
341 569
341 570
341 571
341 572
341 573
341 574
341 575
341 576
341 577
341 590
341 610
341 612
341 614
341 615
341 616
341 617
341 618
341 619
341 620
341 622
341 623
341 624
341 625
341 626
341 627
341 628
341 629
341 631
341 632
341 633
341 634
341 635
341 636
341 637
341 638
341 639
341 640
341 641
341 642
341 643
341 644
342 343
342 344
342 345
342 346
342 347
342 348
342 349
342 350
342 351
342 352
342 383
342 426
342 427
342 428
342 429
342 430
342 431
342 432
342 433
342 434
342 435
342 436
342 437
342 438
342 439
342 440
342 441
342 442
342 443
342 444
342 445
342 446
342 449
342 520
342 524
342 525
342 528
342 529
342 530
342 531
342 532
342 556
342 560
342 562
342 563
342 564
342 565
342 566
342 567
342 568
342 569
342 570
342 571
342 572
342 573
342 574
342 575
342 576
342 611
342 612
342 613
342 615
342 617
342 618
342 619
342 620
342 621
342 622
342 623
342 624
342 625
342 626
342 627
342 628
342 629
342 630
342 631
342 632
342 633
342 634
342 635
342 636
342 637
342 638
342 639
342 640
342 641
342 642
342 643
342 644
343 344
343 345
343 346
343 347
343 348
343 349
343 350
343 351
343 352
343 392
343 427
343 428
343 429
343 430
343 431
343 432
343 433
343 434
343 435
343 436
343 437
343 438
343 439
343 440
343 441
343 442
343 443
343 444
343 445
343 446
343 447
343 523
343 527
343 528
343 529
343 530
343 531
343 533
343 534
343 556
343 559
343 562
343 563
343 564
343 565
343 566
343 567
343 568
343 569
343 570
343 571
343 572
343 573
343 574
343 575
343 576
343 614
343 616
343 618
343 620
343 621
343 622
343 623
343 624
343 625
343 626
343 627
343 628
343 629
343 630
343 631
343 632
343 634
343 635
343 636
343 637
343 638
343 639
343 640
343 641
343 642
343 643
343 644
343 645
343 684
344 346
344 347
344 348
344 349
344 350
344 351
344 352
344 390
344 424
344 428
344 429
344 430
344 432
344 433
344 434
344 435
344 436
344 437
344 438
344 439
344 440
344 441
344 442
344 443
344 444
344 445
344 446
344 448
344 524
344 525
344 527
344 528
344 529
344 530
344 531
344 532
344 554
344 557
344 560
344 562
344 563
344 564
344 565
344 566
344 567
344 569
344 570
344 571
344 572
344 573
344 574
344 575
344 576
344 577
344 613
344 614
344 615
344 616
344 617
344 618
344 619
344 620
344 621
344 622
344 623
344 624
344 625
344 626
344 627
344 628
344 629
344 631
344 632
344 633
344 634
344 635
344 636
344 637
344 638
344 639
344 640
344 641
344 642
344 643
344 644
345 346
345 347
345 348
345 349
345 350
345 351
345 352
345 423
345 426
345 428
345 431
345 433
345 434
345 435
345 436
345 437
345 438
345 439
345 440
345 441
345 442
345 443
345 444
345 445
345 446
345 447
345 523
345 527
345 528
345 530
345 531
345 532
345 557
345 560
345 561
345 562
345 563
345 564
345 565
345 566
345 567
345 568
345 569
345 570
345 571
345 572
345 573
345 574
345 575
345 576
345 590
345 612
345 614
345 615
345 616
345 618
345 619
345 620
345 621
345 622
345 623
345 624
345 625
345 626
345 627
345 629
345 630
345 631
345 632
345 633
345 634
345 635
345 637
345 638
345 639
345 640
345 641
345 642
345 643
345 644
345 645
346 347
346 348
346 349
346 350
346 351
346 352
346 424
346 428
346 431
346 433
346 434
346 435
346 436
346 437
346 438
346 439
346 440
346 441
346 442
346 443
346 444
346 445
346 446
346 447
346 509
346 520
346 525
346 526
346 528
346 529
346 530
346 532
346 559
346 561
346 562
346 563
346 564
346 565
346 566
346 567
346 568
346 569
346 570
346 571
346 572
346 573
346 574
346 575
346 576
346 577
346 578
346 613
346 615
346 616
346 617
346 619
346 620
346 621
346 622
346 623
346 624
346 625
346 626
346 628
346 629
346 630
346 631
346 632
346 633
346 634
346 635
346 636
346 637
346 638
346 639
346 640
346 641
346 642
346 643
346 644
347 348
347 349
347 350
347 351
347 424
347 425
347 427
347 429
347 430
347 431
347 432
347 433
347 434
347 435
347 436
347 438
347 439
347 440
347 441
347 442
347 443
347 444
347 445
347 446
347 468
347 524
347 527
347 528
347 529
347 530
347 531
347 532
347 554
347 557
347 559
347 562
347 563
347 564
347 565
347 566
347 567
347 568
347 569
347 570
347 571
347 572
347 573
347 574
347 575
347 576
347 577
347 614
347 615
347 616
347 617
347 619
347 621
347 622
347 623
347 624
347 625
347 626
347 627
347 628
347 629
347 630
347 631
347 632
347 633
347 634
347 635
347 636
347 637
347 638
347 639
347 640
347 641
347 642
347 643
347 644
348 349
348 350
348 424
348 428
348 429
348 430
348 431
348 432
348 433
348 435
348 436
348 437
348 438
348 439
348 440
348 441
348 442
348 443
348 444
348 445
348 446
348 521
348 524
348 525
348 527
348 528
348 529
348 530
348 531
348 533
348 557
348 558
348 559
348 560
348 561
348 564
348 565
348 566
348 567
348 568
348 569
348 570
348 571
348 572
348 573
348 574
348 575
348 576
348 577
348 610
348 611
348 612
348 613
348 615
348 617
348 621
348 622
348 623
348 624
348 625
348 626
348 627
348 628
348 629
348 630
348 631
348 632
348 633
348 634
348 635
348 636
348 637
348 638
348 639
348 640
348 641
348 642
348 643
348 644
348 810
349 350
349 351
349 352
349 353
349 425
349 426
349 427
349 428
349 429
349 430
349 431
349 432
349 433
349 434
349 435
349 436
349 437
349 438
349 439
349 440
349 441
349 442
349 443
349 444
349 445
349 446
349 447
349 448
349 524
349 526
349 527
349 528
349 529
349 530
349 531
349 534
349 535
349 556
349 558
349 559
349 560
349 561
349 562
349 563
349 564
349 565
349 566
349 567
349 568
349 569
349 570
349 571
349 572
349 573
349 574
349 575
349 576
349 577
349 590
349 611
349 612
349 614
349 615
349 616
349 617
349 618
349 619
349 620
349 621
349 623
349 624
349 625
349 626
349 627
349 628
349 629
349 630
349 631
349 632
349 633
349 634
349 635
349 636
349 637
349 638
349 639
349 640
349 641
349 642
349 643
349 644
350 351
350 352
350 381
350 427
350 428
350 429
350 430
350 431
350 432
350 433
350 434
350 435
350 436
350 437
350 438
350 439
350 440
350 441
350 442
350 443
350 444
350 445
350 446
350 525
350 526
350 528
350 529
350 531
350 532
350 560
350 561
350 562
350 564
350 565
350 566
350 567
350 568
350 569
350 570
350 571
350 572
350 573
350 574
350 575
350 576
350 577
350 610
350 611
350 613
350 615
350 616
350 617
350 618
350 619
350 620
350 621
350 622
350 623
350 624
350 625
350 626
350 627
350 628
350 629
350 630
350 631
350 632
350 633
350 634
350 635
350 636
350 637
350 638
350 639
350 640
350 641
350 642
350 643
350 644
350 645
350 669
351 385
351 426
351 427
351 430
351 431
351 432
351 433
351 435
351 436
351 437
351 438
351 439
351 440
351 441
351 442
351 443
351 444
351 445
351 446
351 521
351 522
351 528
351 529
351 530
351 531
351 532
351 557
351 559
351 561
351 563
351 564
351 565
351 566
351 567
351 568
351 569
351 570
351 571
351 572
351 573
351 574
351 575
351 576
351 577
351 614
351 615
351 616
351 617
351 618
351 619
351 620
351 621
351 622
351 623
351 624
351 625
351 626
351 627
351 628
351 629
351 630
351 631
351 632
351 633
351 634
351 635
351 636
351 637
351 638
351 639
351 640
351 641
351 642
351 643
351 644
351 645
352 418
352 430
352 431
352 436
352 437
352 439
352 440
352 442
352 445
352 446
352 524
352 525
352 527
352 530
352 557
352 563
352 566
352 570
352 571
352 573
352 574
352 575
352 627
352 628
352 629
352 630
352 632
352 634
352 635
352 636
352 637
352 638
352 639
352 640
352 641
352 642
352 643
352 644
353 428
353 442
353 569
353 571
353 573
353 622
353 625
353 629
353 638
353 639
353 640
353 641
353 642
353 643
353 644
354 380
354 450
354 637
354 640
354 642
354 810
355 772
356 840
359 638
362 641
364 643
365 639
366 642
372 641
377 531
378 638
378 644
379 763
380 634
381 532
381 574
381 641
381 645
382 443
382 531
382 624
382 626
382 629
383 430
383 432
383 546
383 631
383 638
383 640
384 432
384 561
384 620
384 641
384 643
384 644
385 635
385 639
385 643
386 639
386 642
387 439
387 641
387 642
388 430
388 643
388 670
389 572
389 640
390 429
390 439
390 440
390 623
390 644
390 719
391 443
391 572
391 575
391 576
391 634
391 637
391 638
391 640
392 639
392 640
392 644
393 641
393 642
393 643
393 645
394 480
394 643
397 636
398 641
400 760
404 710
408 636
409 643
413 587
417 593
423 524
423 564
423 576
423 616
423 621
423 623
423 625
423 626
423 630
424 426
424 427
424 430
424 431
424 432
424 434
424 435
424 436
424 440
424 442
424 444
424 446
424 447
424 523
424 527
424 554
424 555
424 563
424 568
424 610
424 612
424 613
424 616
424 625
424 628
424 642
424 644
425 426
425 427
425 429
425 433
425 436
425 437
425 440
425 441
425 443
425 444
425 445
425 524
425 525
425 527
425 529
425 530
425 531
425 555
425 556
425 557
425 564
425 565
425 567
425 568
425 575
425 576
425 616
425 618
425 621
425 628
425 629
425 635
425 637
425 640
425 641
426 427
426 428
426 429
426 430
426 432
426 433
426 438
426 439
426 442
426 445
426 526
426 527
426 530
426 532
426 554
426 555
426 557
426 558
426 559
426 560
426 561
426 562
426 569
426 570
426 574
426 576
426 577
426 611
426 614
426 617
426 618
426 620
426 622
426 626
426 628
426 629
426 633
426 635
426 639
426 641
427 428
427 429
427 431
427 432
427 435
427 441
427 443
427 445
427 446
427 521
427 522
427 524
427 525
427 526
427 530
427 531
427 556
427 557
427 558
427 560
427 563
427 564
427 566
427 567
427 568
427 569
427 571
427 572
427 573
427 614
427 615
427 616
427 617
427 619
427 620
427 622
427 624
427 626
427 627
427 629
427 631
427 634
427 636
427 638
427 642
427 644
428 430
428 431
428 433
428 437
428 438
428 439
428 440
428 441
428 442
428 445
428 447
428 522
428 525
428 526
428 529
428 531
428 532
428 555
428 557
428 560
428 564
428 566
428 568
428 574
428 575
428 576
428 577
428 616
428 617
428 619
428 623
428 625
428 626
428 627
428 628
428 631
428 633
428 634
428 635
428 637
428 638
428 639
428 640
428 641
428 642
428 643
428 644
428 669
429 431
429 434
429 438
429 440
429 441
429 442
429 443
429 444
429 445
429 446
429 447
429 525
429 528
429 532
429 555
429 556
429 557
429 560
429 561
429 562
429 564
429 565
429 567
429 568
429 569
429 571
429 573
429 575
429 576
429 612
429 614
429 615
429 616
429 617
429 618
429 619
429 620
429 621
429 622
429 623
429 627
429 629
429 631
429 632
429 633
429 635
429 638
429 639
429 640
429 642
430 431
430 433
430 434
430 437
430 438
430 440
430 442
430 444
430 446
430 520
430 525
430 526
430 527
430 528
430 530
430 531
430 557
430 558
430 559
430 560
430 561
430 562
430 563
430 566
430 567
430 568
430 570
430 572
430 573
430 574
430 575
430 576
430 611
430 613
430 614
430 615
430 618
430 620
430 621
430 623
430 624
430 625
430 627
430 629
430 630
430 631
430 632
430 634
430 635
430 636
430 637
430 639
430 640
430 641
430 643
430 644
430 756
431 432
431 433
431 436
431 437
431 438
431 439
431 440
431 442
431 444
431 445
431 446
431 522
431 524
431 525
431 526
431 527
431 528
431 529
431 530
431 531
431 532
431 534
431 556
431 558
431 559
431 560
431 561
431 562
431 564
431 565
431 566
431 567
431 569
431 570
431 571
431 572
431 573
431 575
431 610
431 613
431 615
431 616
431 617
431 618
431 619
431 620
431 621
431 623
431 625
431 626
431 627
431 629
431 631
431 633
431 634
431 636
431 637
431 638
431 639
431 640
431 641
431 642
431 643
431 644
432 433
432 434
432 435
432 436
432 437
432 438
432 439
432 440
432 441
432 442
432 443
432 444
432 445
432 447
432 499
432 523
432 524
432 527
432 530
432 532
432 533
432 554
432 556
432 560
432 561
432 563
432 565
432 566
432 567
432 568
432 569
432 570
432 571
432 572
432 573
432 575
432 576
432 591
432 613
432 614
432 615
432 617
432 618
432 619
432 620
432 621
432 622
432 623
432 624
432 625
432 626
432 627
432 628
432 629
432 630
432 631
432 632
432 633
432 634
432 635
432 637
432 638
432 639
432 640
432 641
432 643
432 644
433 434
433 435
433 436
433 437
433 439
433 441
433 443
433 444
433 445
433 446
433 523
433 524
433 525
433 527
433 528
433 529
433 530
433 531
433 533
433 555
433 557
433 558
433 559
433 561
433 563
433 564
433 565
433 566
433 567
433 568
433 569
433 570
433 571
433 572
433 573
433 574
433 575
433 576
433 577
433 610
433 611
433 612
433 613
433 614
433 615
433 616
433 617
433 618
433 620
433 621
433 622
433 623
433 624
433 625
433 626
433 627
433 628
433 629
433 631
433 632
433 633
433 634
433 635
433 637
433 638
433 639
433 640
433 641
433 642
433 643
433 644
434 436
434 437
434 438
434 439
434 440
434 441
434 442
434 443
434 445
434 446
434 524
434 526
434 527
434 528
434 529
434 530
434 531
434 532
434 534
434 556
434 557
434 559
434 560
434 561
434 563
434 565
434 566
434 567
434 568
434 569
434 570
434 571
434 572
434 574
434 575
434 576
434 612
434 613
434 615
434 616
434 618
434 620
434 621
434 622
434 623
434 624
434 625
434 626
434 627
434 628
434 629
434 630
434 631
434 632
434 633
434 634
434 635
434 636
434 637
434 638
434 639
434 640
434 641
434 642
434 643
434 644
435 437
435 438
435 439
435 440
435 441
435 442
435 443
435 444
435 445
435 446
435 447
435 525
435 526
435 527
435 529
435 530
435 531
435 532
435 533
435 558
435 559
435 560
435 561
435 563
435 564
435 565
435 566
435 567
435 568
435 569
435 570
435 571
435 572
435 573
435 574
435 576
435 577
435 612
435 613
435 615
435 616
435 617
435 618
435 619
435 620
435 621
435 622
435 623
435 624
435 625
435 626
435 627
435 628
435 629
435 630
435 631
435 632
435 633
435 634
435 635
435 636
435 637
435 638
435 639
435 640
435 641
435 643
435 644
435 782
436 437
436 438
436 439
436 440
436 441
436 442
436 443
436 444
436 445
436 446
436 447
436 521
436 522
436 524
436 526
436 527
436 528
436 529
436 530
436 531
436 532
436 555
436 558
436 560
436 561
436 562
436 563
436 564
436 565
436 566
436 567
436 568
436 569
436 570
436 571
436 572
436 573
436 574
436 575
436 576
436 611
436 613
436 614
436 616
436 617
436 619
436 620
436 621
436 622
436 623
436 624
436 625
436 626
436 627
436 628
436 629
436 630
436 631
436 632
436 633
436 634
436 635
436 636
436 637
436 638
436 639
436 640
436 642
436 643
436 644
436 645
437 438
437 440
437 441
437 442
437 443
437 444
437 445
437 446
437 523
437 525
437 527
437 528
437 529
437 530
437 531
437 532
437 533
437 560
437 561
437 562
437 563
437 564
437 565
437 567
437 568
437 569
437 570
437 571
437 572
437 573
437 574
437 575
437 576
437 577
437 611
437 614
437 616
437 618
437 619
437 620
437 621
437 622
437 623
437 624
437 625
437 626
437 627
437 628
437 629
437 630
437 631
437 632
437 633
437 634
437 635
437 636
437 637
437 638
437 639
437 640
437 641
437 643
437 644
438 439
438 440
438 441
438 442
438 443
438 445
438 446
438 447
438 448
438 522
438 524
438 525
438 527
438 528
438 529
438 530
438 531
438 532
438 534
438 554
438 555
438 558
438 559
438 560
438 561
438 562
438 564
438 565
438 567
438 569
438 570
438 571
438 572
438 573
438 574
438 575
438 589
438 611
438 612
438 614
438 616
438 617
438 618
438 619
438 620
438 621
438 622
438 623
438 624
438 625
438 626
438 627
438 628
438 629
438 630
438 631
438 632
438 633
438 634
438 635
438 636
438 637
438 638
438 639
438 640
438 641
438 642
438 643
438 644
438 645
439 440
439 441
439 442
439 443
439 444
439 445
439 446
439 461
439 523
439 525
439 526
439 527
439 528
439 530
439 531
439 532
439 533
439 556
439 558
439 561
439 562
439 563
439 564
439 565
439 566
439 567
439 568
439 569
439 570
439 571
439 572
439 573
439 574
439 575
439 576
439 577
439 613
439 614
439 615
439 616
439 618
439 619
439 621
439 622
439 623
439 624
439 625
439 626
439 627
439 628
439 629
439 630
439 631
439 632
439 633
439 634
439 635
439 636
439 637
439 638
439 639
439 640
439 641
439 642
439 643
439 644
439 735
440 441
440 442
440 443
440 444
440 445
440 446
440 524
440 526
440 528
440 529
440 530
440 531
440 532
440 556
440 560
440 561
440 562
440 564
440 565
440 566
440 567
440 568
440 569
440 570
440 571
440 572
440 573
440 574
440 575
440 576
440 577
440 614
440 615
440 616
440 617
440 619
440 620
440 621
440 622
440 623
440 624
440 625
440 626
440 627
440 628
440 629
440 630
440 631
440 633
440 634
440 635
440 636
440 637
440 638
440 639
440 640
440 641
440 642
440 643
440 644
441 442
441 443
441 444
441 445
441 446
441 447
441 522
441 525
441 526
441 527
441 529
441 530
441 531
441 532
441 533
441 558
441 559
441 560
441 562
441 563
441 564
441 565
441 566
441 567
441 568
441 569
441 570
441 571
441 572
441 573
441 574
441 575
441 576
441 577
441 611
441 615
441 617
441 618
441 619
441 620
441 621
441 622
441 623
441 624
441 625
441 626
441 627
441 628
441 629
441 630
441 631
441 632
441 633
441 634
441 635
441 636
441 637
441 638
441 639
441 640
441 641
441 642
441 643
442 443
442 444
442 445
442 446
442 447
442 523
442 524
442 525
442 528
442 530
442 531
442 532
442 536
442 555
442 558
442 559
442 560
442 562
442 563
442 564
442 565
442 566
442 568
442 569
442 570
442 571
442 572
442 573
442 574
442 575
442 576
442 589
442 613
442 614
442 616
442 617
442 618
442 619
442 620
442 621
442 623
442 624
442 625
442 626
442 627
442 628
442 629
442 630
442 631
442 632
442 633
442 634
442 635
442 637
442 638
442 639
442 640
442 641
442 642
442 643
442 644
443 444
443 445
443 446
443 447
443 500
443 521
443 522
443 525
443 527
443 528
443 529
443 530
443 531
443 532
443 535
443 555
443 556
443 557
443 558
443 560
443 562
443 563
443 564
443 565
443 566
443 567
443 568
443 569
443 570
443 571
443 572
443 573
443 574
443 575
443 576
443 577
443 584
443 590
443 609
443 612
443 613
443 614
443 615
443 617
443 618
443 619
443 620
443 621
443 622
443 623
443 624
443 625
443 626
443 627
443 628
443 629
443 630
443 631
443 632
443 633
443 634
443 635
443 636
443 637
443 638
443 639
443 640
443 641
443 642
443 643
443 644
443 708
443 809
444 445
444 446
444 447
444 499
444 525
444 527
444 528
444 529
444 530
444 531
444 532
444 545
444 558
444 559
444 560
444 561
444 562
444 563
444 564
444 566
444 567
444 568
444 569
444 570
444 571
444 572
444 573
444 574
444 575
444 576
444 577
444 612
444 615
444 616
444 617
444 618
444 619
444 620
444 621
444 623
444 624
444 625
444 626
444 627
444 628
444 629
444 630
444 631
444 632
444 633
444 634
444 635
444 636
444 637
444 638
444 639
444 640
444 641
444 642
444 643
444 644
444 645
445 446
445 447
445 490
445 521
445 523
445 525
445 526
445 527
445 528
445 529
445 530
445 531
445 532
445 533
445 555
445 558
445 560
445 561
445 563
445 564
445 567
445 568
445 569
445 570
445 571
445 572
445 573
445 574
445 575
445 576
445 610
445 612
445 613
445 616
445 617
445 619
445 620
445 621
445 622
445 623
445 625
445 626
445 627
445 628
445 629
445 630
445 631
445 632
445 633
445 634
445 635
445 636
445 637
445 638
445 639
445 640
445 641
445 642
445 643
445 644
445 735
446 447
446 499
446 523
446 526
446 527
446 528
446 529
446 530
446 532
446 553
446 555
446 556
446 557
446 558
446 559
446 562
446 563
446 564
446 565
446 566
446 567
446 568
446 569
446 570
446 571
446 572
446 573
446 574
446 575
446 576
446 577
446 578
446 615
446 616
446 617
446 618
446 619
446 620
446 621
446 622
446 623
446 624
446 625
446 626
446 627
446 628
446 629
446 630
446 631
446 632
446 633
446 634
446 635
446 636
446 637
446 638
446 639
446 640
446 641
446 642
446 643
446 644
447 524
447 526
447 527
447 528
447 532
447 562
447 564
447 567
447 569
447 570
447 571
447 574
447 575
447 610
447 615
447 616
447 617
447 618
447 619
447 626
447 628
447 629
447 630
447 631
447 632
447 634
447 635
447 636
447 637
447 638
447 639
447 640
447 641
447 642
447 643
447 644
448 546
448 569
448 622
448 627
448 631
448 633
448 635
448 638
448 639
448 640
448 641
448 642
448 643
448 644
448 645
449 631
449 636
449 638
449 640
449 641
449 642
449 643
449 644
450 640
450 644
450 845
451 687
452 640
456 536
459 639
460 639
460 642
460 643
461 636
469 640
477 637
478 638
478 640
478 643
479 639
479 643
479 644
480 646
490 563
491 637
491 642
492 638
492 643
498 568
498 613
499 526
499 571
499 622
499 636
499 642
499 643
500 511
500 532
500 626
500 628
500 633
500 636
500 642
501 636
501 639
501 643
502 635
502 640
502 646
503 643
503 673
504 639
504 647
505 554
508 642
509 636
509 638
509 644
510 639
510 642
510 643
511 643
512 536
520 554
521 525
521 531
521 553
521 564
521 612
521 616
521 621
521 625
521 627
521 635
521 638
521 639
521 640
521 644
522 525
522 529
522 530
522 555
522 561
522 567
522 589
522 612
522 616
522 619
522 621
522 623
522 625
522 629
522 630
522 632
522 634
522 635
522 636
522 644
523 525
523 527
523 528
523 529
523 532
523 555
523 556
523 557
523 560
523 561
523 562
523 564
523 565
523 569
523 571
523 572
523 574
523 575
523 577
523 610
523 611
523 614
523 616
523 619
523 623
523 624
523 625
523 628
523 629
523 631
523 633
523 634
523 636
523 637
523 638
523 639
523 640
523 641
523 643
523 644
524 525
524 526
524 528
524 529
524 531
524 532
524 554
524 557
524 558
524 560
524 563
524 564
524 566
524 567
524 568
524 569
524 570
524 571
524 572
524 574
524 610
524 611
524 613
524 615
524 617
524 619
524 620
524 621
524 622
524 624
524 625
524 626
524 627
524 628
524 629
524 631
524 632
524 635
524 636
524 637
524 643
525 532
525 555
525 556
525 557
525 558
525 559
525 560
525 561
525 562
525 564
525 565
525 566
525 568
525 570
525 571
525 572
525 573
525 574
525 575
525 576
525 578
525 612
525 613
525 614
525 615
525 618
525 619
525 620
525 623
525 624
525 625
525 626
525 627
525 628
525 630
525 632
525 633
525 634
525 635
525 638
525 639
525 640
525 641
525 644
526 527
526 529
526 531
526 555
526 556
526 557
526 559
526 561
526 562
526 563
526 565
526 566
526 567
526 568
526 569
526 570
526 571
526 572
526 573
526 576
526 577
526 617
526 618
526 619
526 620
526 621
526 622
526 625
526 626
526 629
526 630
526 631
526 632
526 633
526 634
526 636
526 637
526 638
526 639
526 641
526 642
526 644
527 528
527 529
527 530
527 531
527 532
527 533
527 554
527 556
527 557
527 559
527 560
527 562
527 564
527 566
527 567
527 568
527 569
527 570
527 571
527 573
527 574
527 575
527 577
527 611
527 612
527 614
527 619
527 620
527 621
527 622
527 623
527 624
527 626
527 627
527 628
527 629
527 630
527 631
527 632
527 633
527 635
527 636
527 638
527 639
527 640
527 641
527 642
527 643
527 644
528 529
528 530
528 531
528 557
528 560
528 561
528 563
528 564
528 567
528 568
528 569
528 570
528 571
528 572
528 573
528 574
528 575
528 576
528 577
528 610
528 612
528 613
528 614
528 615
528 616
528 617
528 618
528 619
528 620
528 621
528 622
528 623
528 624
528 625
528 626
528 627
528 630
528 631
528 632
528 633
528 634
528 636
528 637
528 639
528 640
528 641
528 642
528 644
529 530
529 531
529 532
529 556
529 557
529 558
529 559
529 560
529 561
529 562
529 563
529 564
529 565
529 566
529 567
529 568
529 569
529 570
529 572
529 573
529 574
529 575
529 576
529 610
529 611
529 612
529 615
529 616
529 617
529 618
529 619
529 620
529 622
529 623
529 625
529 626
529 627
529 629
529 631
529 632
529 633
529 635
529 637
529 639
529 640
529 641
529 642
529 643
529 644
529 672
530 531
530 532
530 559
530 561
530 564
530 565
530 566
530 568
530 569
530 570
530 571
530 572
530 573
530 574
530 575
530 576
530 577
530 578
530 612
530 615
530 617
530 618
530 619
530 620
530 621
530 622
530 623
530 624
530 625
530 626
530 627
530 628
530 629
530 630
530 631
530 632
530 633
530 634
530 635
530 636
530 637
530 638
530 639
530 640
530 642
530 643
530 644
531 532
531 555
531 556
531 557
531 559
531 560
531 561
531 562
531 564
531 566
531 567
531 568
531 569
531 570
531 571
531 572
531 573
531 574
531 575
531 576
531 578
531 613
531 615
531 616
531 617
531 618
531 619
531 620
531 621
531 622
531 623
531 624
531 625
531 626
531 627
531 628
531 629
531 630
531 631
531 632
531 633
531 634
531 635
531 636
531 637
531 638
531 639
531 640
531 641
531 642
531 643
531 644
531 645
532 556
532 557
532 558
532 561
532 562
532 563
532 564
532 565
532 566
532 567
532 568
532 569
532 570
532 571
532 572
532 573
532 574
532 575
532 576
532 577
532 615
532 616
532 617
532 618
532 620
532 622
532 623
532 624
532 625
532 627
532 628
532 629
532 630
532 631
532 632
532 633
532 635
532 636
532 637
532 638
532 639
532 640
532 641
532 642
532 643
532 644
532 646
533 559
533 560
533 565
533 567
533 572
533 576
533 618
533 626
533 631
533 633
533 636
533 637
533 638
533 639
533 640
533 641
533 643
533 757
534 563
534 566
534 575
534 621
534 633
534 636
534 638
534 639
534 640
534 641
534 642
534 644
535 634
535 636
535 638
535 642
535 644
535 843
536 592
539 642
540 642
544 642
545 645
547 637
548 640
553 556
553 557
553 561
554 556
554 558
554 561
554 567
554 571
554 615
554 619
554 641
555 558
555 564
555 565
555 570
555 573
555 576
555 611
555 613
555 614
555 615
555 618
555 619
555 622
555 623
555 626
555 631
555 636
555 637
555 640
556 559
556 561
556 566
556 568
556 572
556 573
556 577
556 615
556 618
556 622
556 623
556 624
556 626
556 628
556 631
556 632
556 635
556 636
556 637
556 638
556 639
556 640
556 644
557 558
557 559
557 560
557 561
557 562
557 563
557 564
557 567
557 571
557 572
557 573
557 576
557 609
557 610
557 611
557 612
557 615
557 616
557 617
557 618
557 621
557 627
557 628
557 629
557 631
557 634
557 641
558 559
558 561
558 562
558 564
558 566
558 567
558 568
558 569
558 570
558 571
558 573
558 575
558 576
558 610
558 612
558 613
558 614
558 616
558 618
558 620
558 621
558 623
558 624
558 627
558 629
558 632
558 640
558 642
558 643
558 644
559 560
559 562
559 563
559 564
559 565
559 566
559 568
559 571
559 572
559 573
559 574
559 576
559 588
559 611
559 613
559 614
559 615
559 617
559 618
559 619
559 622
559 623
559 624
559 625
559 626
559 628
559 629
559 630
559 631
559 632
559 633
559 635
559 637
559 638
559 639
560 561
560 562
560 564
560 565
560 568
560 569
560 570
560 571
560 572
560 573
560 575
560 615
560 617
560 619
560 621
560 622
560 624
560 625
560 626
560 628
560 631
560 632
560 635
560 636
560 637
560 638
560 639
560 640
560 641
560 642
560 643
560 645
561 562
561 563
561 564
561 566
561 567
561 568
561 569
561 570
561 571
561 572
561 573
561 574
561 575
561 609
561 612
561 613
561 616
561 618
561 619
561 620
561 621
561 623
561 625
561 626
561 628
561 630
561 631
561 632
561 633
561 634
561 635
561 637
561 638
561 640
561 641
561 642
561 643
561 644
561 673
562 563
562 565
562 567
562 568
562 569
562 570
562 571
562 572
562 573
562 574
562 575
562 576
562 610
562 613
562 614
562 615
562 616
562 617
562 618
562 619
562 620
562 621
562 622
562 623
562 624
562 627
562 628
562 629
562 630
562 631
562 632
562 633
562 634
562 636
562 637
562 638
562 639
562 640
562 641
562 643
562 644
562 718
563 564
563 565
563 566
563 567
563 568
563 569
563 570
563 571
563 572
563 573
563 574
563 575
563 613
563 614
563 615
563 616
563 617
563 618
563 619
563 620
563 621
563 623
563 624
563 626
563 627
563 628
563 629
563 630
563 631
563 632
563 633
563 634
563 636
563 637
563 638
563 639
563 640
563 642
563 643
563 644
563 645
564 565
564 566
564 567
564 568
564 569
564 570
564 571
564 573
564 574
564 575
564 576
564 590
564 610
564 611
564 612
564 613
564 614
564 615
564 617
564 618
564 619
564 620
564 621
564 622
564 623
564 624
564 625
564 626
564 627
564 628
564 629
564 630
564 631
564 632
564 633
564 634
564 635
564 636
564 637
564 638
564 639
564 640
564 641
564 642
564 643
564 644
565 566
565 567
565 568
565 569
565 570
565 571
565 572
565 573
565 574
565 575
565 611
565 613
565 614
565 616
565 617
565 618
565 620
565 621
565 622
565 623
565 624
565 625
565 626
565 627
565 628
565 630
565 631
565 632
565 633
565 634
565 635
565 636
565 637
565 638
565 639
565 640
565 641
565 642
565 643
565 644
566 567
566 568
566 569
566 571
566 572
566 573
566 574
566 575
566 576
566 577
566 614
566 615
566 616
566 617
566 619
566 620
566 621
566 622
566 623
566 624
566 625
566 626
566 627
566 628
566 629
566 630
566 631
566 632
566 633
566 634
566 635
566 636
566 637
566 639
566 640
566 641
566 642
566 643
566 644
567 568
567 569
567 570
567 571
567 572
567 573
567 574
567 575
567 576
567 610
567 611
567 612
567 613
567 615
567 616
567 617
567 618
567 619
567 621
567 622
567 623
567 624
567 625
567 627
567 628
567 629
567 630
567 631
567 632
567 633
567 634
567 635
567 636
567 637
567 638
567 639
567 640
567 641
567 642
567 643
567 644
567 645
568 569
568 570
568 571
568 572
568 573
568 574
568 575
568 576
568 577
568 589
568 590
568 610
568 611
568 613
568 616
568 618
568 619
568 620
568 621
568 622
568 623
568 624
568 625
568 626
568 627
568 629
568 630
568 631
568 632
568 633
568 634
568 635
568 636
568 637
568 638
568 639
568 640
568 641
568 642
568 643
568 644
569 570
569 571
569 572
569 573
569 574
569 575
569 576
569 577
569 591
569 613
569 615
569 616
569 617
569 618
569 619
569 620
569 621
569 622
569 623
569 624
569 625
569 626
569 627
569 628
569 629
569 630
569 631
569 632
569 633
569 634
569 635
569 636
569 637
569 639
569 640
569 641
569 642
569 643
569 644
570 571
570 572
570 573
570 574
570 575
570 576
570 577
570 611
570 614
570 615
570 616
570 617
570 618
570 619
570 620
570 621
570 623
570 624
570 625
570 626
570 627
570 628
570 629
570 630
570 631
570 632
570 633
570 634
570 635
570 637
570 638
570 639
570 640
570 641
570 642
570 643
570 644
571 572
571 573
571 574
571 575
571 576
571 609
571 611
571 613
571 614
571 615
571 617
571 618
571 619
571 620
571 621
571 622
571 623
571 624
571 625
571 626
571 628
571 629
571 630
571 631
571 632
571 633
571 634
571 635
571 636
571 637
571 638
571 639
571 640
571 641
571 642
571 643
571 644
572 573
572 574
572 575
572 576
572 615
572 617
572 618
572 619
572 620
572 621
572 622
572 623
572 624
572 625
572 626
572 627
572 628
572 629
572 630
572 631
572 632
572 633
572 634
572 635
572 636
572 637
572 638
572 639
572 640
572 641
572 642
572 643
572 644
572 645
572 735
573 574
573 575
573 576
573 577
573 613
573 614
573 616
573 618
573 619
573 620
573 621
573 622
573 623
573 624
573 625
573 626
573 627
573 628
573 629
573 630
573 631
573 632
573 633
573 634
573 635
573 636
573 637
573 638
573 639
573 640
573 641
573 642
573 643
573 644
573 645
574 575
574 576
574 577
574 590
574 610
574 611
574 613
574 614
574 615
574 617
574 618
574 619
574 620
574 621
574 623
574 624
574 625
574 626
574 627
574 628
574 629
574 630
574 631
574 632
574 633
574 634
574 635
574 636
574 637
574 638
574 639
574 640
574 641
574 642
574 643
574 644
574 828
575 576
575 577
575 610
575 612
575 616
575 617
575 618
575 619
575 620
575 621
575 622
575 623
575 624
575 625
575 626
575 627
575 628
575 629
575 630
575 631
575 632
575 633
575 634
575 635
575 636
575 637
575 638
575 639
575 640
575 641
575 642
575 643
575 644
576 577
576 611
576 615
576 616
576 617
576 618
576 619
576 620
576 621
576 622
576 623
576 624
576 625
576 626
576 627
576 628
576 629
576 630
576 631
576 632
576 633
576 634
576 635
576 636
576 637
576 638
576 639
576 640
576 641
576 642
576 643
576 644
576 645
576 843
577 625
577 629
577 630
577 631
577 632
577 633
577 634
577 635
577 636
577 637
577 638
577 639
577 640
577 641
577 642
577 643
577 644
578 631
578 635
578 637
578 638
578 639
578 640
578 641
578 642
578 643
578 644
578 709
578 789
579 592
579 641
579 643
579 666
580 762
585 633
585 636
586 640
586 644
587 641
589 616
589 619
589 641
589 642
590 614
590 633
590 635
590 637
591 624
591 628
591 635
591 636
591 638
591 640
591 641
591 642
592 637
593 640
594 642
605 640
605 642
609 639
609 643
609 644
610 613
610 616
610 624
610 626
610 627
610 628
610 642
611 612
611 615
611 626
611 628
611 633
611 634
611 635
611 638
611 640
611 641
611 642
611 644
612 614
612 617
612 619
612 626
612 627
612 628
612 631
612 632
612 634
612 635
612 639
612 644
613 615
613 616
613 619
613 621
613 622
613 627
613 628
613 629
613 630
613 631
613 633
613 634
613 638
613 639
613 640
613 642
613 643
613 644
614 615
614 616
614 617
614 619
614 621
614 622
614 624
614 625
614 626
614 629
614 631
614 635
614 637
614 638
614 640
614 642
614 644
615 616
615 618
615 619
615 620
615 623
615 625
615 626
615 627
615 629
615 630
615 632
615 633
615 635
615 637
615 640
615 641
615 642
615 643
615 644
616 617
616 619
616 621
616 624
616 627
616 628
616 630
616 631
616 633
616 634
616 635
616 637
616 638
616 639
616 640
616 641
616 643
616 644
617 619
617 620
617 621
617 622
617 623
617 624
617 627
617 628
617 629
617 630
617 631
617 632
617 633
617 634
617 637
617 638
617 639
617 640
617 642
617 643
617 644
618 619
618 620
618 621
618 623
618 624
618 625
618 626
618 627
618 628
618 629
618 630
618 631
618 633
618 634
618 635
618 636
618 637
618 638
618 639
618 640
618 641
618 642
618 645
619 620
619 622
619 623
619 626
619 628
619 629
619 630
619 631
619 632
619 633
619 634
619 635
619 636
619 637
619 638
619 639
619 640
619 641
619 642
619 709
620 621
620 622
620 623
620 624
620 625
620 626
620 627
620 628
620 629
620 630
620 631
620 632
620 633
620 634
620 635
620 636
620 637
620 638
620 640
620 641
620 643
620 644
621 622
621 623
621 624
621 625
621 626
621 627
621 628
621 629
621 630
621 631
621 632
621 633
621 634
621 635
621 636
621 637
621 638
621 639
621 640
621 642
621 643
621 644
621 669
622 623
622 624
622 625
622 626
622 627
622 628
622 629
622 630
622 631
622 632
622 633
622 634
622 636
622 637
622 638
622 639
622 640
622 641
622 642
622 643
622 644
623 624
623 625
623 626
623 627
623 628
623 629
623 630
623 631
623 632
623 633
623 634
623 635
623 636
623 637
623 638
623 639
623 640
623 641
623 642
623 643
623 644
623 645
624 625
624 626
624 627
624 628
624 629
624 630
624 631
624 632
624 633
624 634
624 635
624 636
624 637
624 638
624 639
624 640
624 641
624 642
624 643
624 644
624 645
625 626
625 627
625 628
625 629
625 630
625 631
625 632
625 633
625 634
625 635
625 636
625 637
625 638
625 639
625 640
625 641
625 642
625 643
625 644
626 627
626 628
626 629
626 630
626 631
626 632
626 633
626 634
626 635
626 636
626 637
626 638
626 639
626 640
626 641
626 642
626 643
626 644
626 645
627 628
627 629
627 630
627 631
627 632
627 633
627 634
627 635
627 636
627 637
627 638
627 639
627 640
627 641
627 642
627 643
627 644
627 645
627 808
628 629
628 630
628 631
628 632
628 633
628 634
628 635
628 636
628 637
628 638
628 639
628 640
628 641
628 642
628 643
628 644
629 630
629 631
629 632
629 633
629 634
629 635
629 636
629 637
629 638
629 639
629 640
629 641
629 642
629 643
629 644
629 645
630 631
630 632
630 633
630 634
630 635
630 636
630 637
630 638
630 639
630 640
630 641
630 642
630 643
630 644
630 645
630 708
630 813
631 632
631 633
631 634
631 635
631 636
631 637
631 638
631 639
631 640
631 641
631 642
631 643
631 644
631 672
632 633
632 634
632 635
632 636
632 637
632 638
632 639
632 640
632 641
632 642
632 643
632 644
632 645
632 693
633 634
633 635
633 636
633 637
633 638
633 639
633 640
633 641
633 642
633 643
633 644
633 645
633 810
633 814
633 837
634 635
634 636
634 637
634 638
634 639
634 640
634 641
634 642
634 643
634 644
634 645
634 670
634 710
634 720
634 791
634 813
635 636
635 637
635 638
635 639
635 640
635 641
635 642
635 643
635 644
635 645
635 668
636 637
636 638
636 639
636 640
636 641
636 642
636 643
636 644
636 645
636 712
636 720
636 761
636 811
637 638
637 639
637 640
637 641
637 642
637 643
637 644
637 645
637 708
637 775
638 639
638 640
638 641
638 642
638 643
638 644
638 645
639 640
639 641
639 642
639 643
639 644
639 645
639 671
639 694
639 711
639 788
639 792
639 810
639 842
640 641
640 642
640 643
640 644
640 645
640 685
640 693
640 752
640 788
640 792
640 793
640 817
640 838
640 844
641 642
641 643
641 644
641 645
641 646
641 657
641 670
641 671
641 674
641 693
641 736
641 789
641 815
641 832
641 835
641 838
642 643
642 644
642 645
642 648
642 650
642 669
642 685
642 693
642 709
642 710
642 711
642 762
642 811
643 644
643 645
643 646
643 649
643 694
643 709
643 710
643 729
643 761
643 786
643 815
643 829
643 830
643 837
643 838
643 843
643 844
644 645
644 672
644 709
644 757
644 758
644 815
645 651
645 686
645 749
645 771
646 736
647 695
674 812
711 831
839 845
