2 457
3 459
4 24
4 419
4 560
5 487
10 433
11 238
12 220
12 454
12 713
12 717
12 805
12 834
13 16
13 17
13 29
13 215
13 216
13 217
13 237
13 427
13 432
13 435
13 437
13 441
13 443
13 448
13 452
13 458
13 461
13 477
13 482
13 529
13 532
13 534
13 544
13 572
13 799
13 803
13 806
13 808
13 809
14 19
14 22
14 23
14 25
14 27
14 28
14 40
14 205
14 212
14 213
14 214
14 216
14 219
14 220
14 223
14 234
14 238
14 239
14 241
14 415
14 417
14 418
14 421
14 424
14 427
14 431
14 436
14 440
14 441
14 442
14 443
14 445
14 446
14 449
14 452
14 453
14 455
14 459
14 477
14 482
14 532
14 538
14 539
14 541
14 544
14 712
14 715
14 799
14 806
14 807
14 813
14 833
14 834
14 837
14 852
15 16
15 19
15 26
15 27
15 29
15 31
15 40
15 204
15 208
15 209
15 210
15 211
15 212
15 215
15 219
15 221
15 235
15 240
15 242
15 417
15 420
15 421
15 423
15 431
15 433
15 434
15 435
15 437
15 442
15 443
15 446
15 450
15 453
15 454
15 455
15 457
15 460
15 461
15 480
15 481
15 483
15 533
15 535
15 536
15 542
15 543
15 719
15 800
15 803
15 805
15 807
15 808
15 809
15 813
15 814
15 835
15 836
15 850
15 856
16 19
16 21
16 22
16 23
16 25
16 26
16 35
16 37
16 38
16 40
16 205
16 209
16 211
16 215
16 217
16 218
16 219
16 220
16 236
16 238
16 241
16 242
16 327
16 414
16 419
16 420
16 424
16 426
16 428
16 429
16 430
16 432
16 433
16 434
16 438
16 439
16 441
16 443
16 444
16 447
16 448
16 449
16 450
16 451
16 452
16 453
16 456
16 457
16 460
16 478
16 479
16 480
16 481
16 532
16 533
16 536
16 538
16 540
16 541
16 542
16 544
16 572
16 716
16 717
16 718
16 719
16 800
16 801
16 802
16 806
16 808
16 809
16 811
16 813
16 836
16 837
16 850
16 853
16 856
17 18
17 20
17 22
17 25
17 26
17 28
17 30
17 31
17 38
17 40
17 41
17 204
17 206
17 207
17 208
17 209
17 210
17 211
17 213
17 214
17 217
17 219
17 220
17 221
17 222
17 223
17 234
17 237
17 238
17 239
17 240
17 243
17 416
17 417
17 419
17 420
17 421
17 422
17 424
17 425
17 426
17 427
17 428
17 429
17 431
17 432
17 433
17 435
17 436
17 437
17 438
17 439
17 440
17 443
17 444
17 445
17 446
17 449
17 451
17 452
17 455
17 456
17 458
17 459
17 460
17 461
17 482
17 530
17 531
17 534
17 535
17 537
17 541
17 542
17 713
17 715
17 718
17 802
17 803
17 805
17 806
17 807
17 809
17 810
17 811
17 812
17 814
17 835
17 836
17 838
17 852
17 853
18 19
18 20
18 24
18 25
18 26
18 27
18 29
18 36
18 37
18 38
18 40
18 206
18 207
18 209
18 210
18 214
18 215
18 218
18 219
18 220
18 221
18 222
18 235
18 236
18 237
18 238
18 239
18 240
18 241
18 242
18 243
18 419
18 420
18 421
18 424
18 425
18 426
18 427
18 429
18 431
18 432
18 435
18 437
18 441
18 443
18 444
18 445
18 446
18 448
18 449
18 450
18 451
18 455
18 456
18 458
18 459
18 460
18 461
18 478
18 481
18 482
18 483
18 532
18 533
18 534
18 537
18 538
18 539
18 540
18 543
18 544
18 572
18 712
18 714
18 715
18 716
18 717
18 718
18 719
18 802
18 804
18 805
18 808
18 810
18 811
18 812
18 814
18 835
18 837
18 838
18 853
18 854
18 855
18 856
18 857
19 20
19 21
19 22
19 23
19 25
19 27
19 28
19 29
19 30
19 37
19 40
19 207
19 209
19 210
19 211
19 212
19 214
19 215
19 216
19 217
19 218
19 219
19 220
19 222
19 235
19 236
19 238
19 239
19 240
19 241
19 242
19 421
19 422
19 425
19 426
19 427
19 428
19 429
19 430
19 431
19 432
19 433
19 434
19 435
19 437
19 438
19 439
19 441
19 442
19 443
19 444
19 445
19 446
19 449
19 450
19 451
19 452
19 453
19 454
19 457
19 459
19 460
19 477
19 479
19 534
19 536
19 537
19 538
19 541
19 542
19 717
19 718
19 719
19 798
19 800
19 801
19 803
19 804
19 806
19 807
19 809
19 810
19 811
19 812
19 813
19 814
19 835
19 836
19 837
19 841
19 851
19 852
19 854
19 855
19 856
20 22
20 24
20 25
20 26
20 27
20 28
20 29
20 30
20 37
20 38
20 41
20 98
20 205
20 209
20 210
20 211
20 212
20 213
20 214
20 215
20 216
20 217
20 218
20 219
20 220
20 221
20 222
20 223
20 234
20 236
20 238
20 239
20 240
20 241
20 242
20 243
20 326
20 371
20 416
20 418
20 419
20 420
20 421
20 422
20 423
20 424
20 425
20 426
20 427
20 428
20 429
20 430
20 431
20 432
20 433
20 434
20 435
20 436
20 437
20 438
20 439
20 441
20 442
20 443
20 444
20 445
20 446
20 447
20 448
20 449
20 450
20 451
20 452
20 453
20 454
20 455
20 456
20 457
20 458
20 459
20 460
20 461
20 478
20 479
20 480
20 484
20 533
20 534
20 537
20 538
20 540
20 541
20 542
20 543
20 712
20 713
20 714
20 715
20 716
20 717
20 718
20 720
20 799
20 802
20 803
20 804
20 805
20 806
20 807
20 808
20 809
20 810
20 811
20 812
20 813
20 815
20 836
20 838
20 850
20 853
20 854
20 856
21 22
21 23
21 24
21 25
21 27
21 28
21 29
21 30
21 31
21 39
21 40
21 41
21 42
21 182
21 205
21 207
21 209
21 210
21 211
21 212
21 213
21 214
21 215
21 216
21 217
21 218
21 219
21 221
21 222
21 223
21 232
21 235
21 236
21 239
21 241
21 243
21 244
21 328
21 416
21 418
21 419
21 420
21 421
21 423
21 424
21 425
21 426
21 428
21 430
21 431
21 432
21 433
21 434
21 435
21 436
21 437
21 439
21 440
21 441
21 442
21 443
21 444
21 445
21 446
21 447
21 448
21 449
21 450
21 451
21 452
21 453
21 454
21 455
21 456
21 457
21 458
21 459
21 460
21 461
21 479
21 481
21 482
21 532
21 533
21 535
21 536
21 538
21 539
21 541
21 542
21 543
21 544
21 589
21 714
21 715
21 717
21 718
21 719
21 721
21 798
21 801
21 803
21 804
21 805
21 806
21 807
21 808
21 809
21 810
21 811
21 812
21 813
21 838
21 851
21 853
21 854
21 855
21 856
22 23
22 24
22 25
22 26
22 27
22 28
22 29
22 30
22 31
22 36
22 40
22 207
22 208
22 209
22 210
22 211
22 212
22 215
22 216
22 217
22 218
22 219
22 220
22 221
22 222
22 223
22 232
22 238
22 239
22 240
22 241
22 242
22 243
22 326
22 328
22 417
22 418
22 419
22 420
22 421
22 422
22 424
22 425
22 426
22 427
22 428
22 429
22 430
22 431
22 432
22 433
22 434
22 435
22 436
22 437
22 438
22 439
22 440
22 441
22 442
22 443
22 444
22 445
22 446
22 447
22 448
22 449
22 450
22 451
22 452
22 454
22 455
22 456
22 457
22 458
22 459
22 460
22 480
22 481
22 483
22 532
22 534
22 535
22 536
22 537
22 538
22 539
22 540
22 542
22 543
22 712
22 717
22 718
22 719
22 736
22 801
22 802
22 804
22 805
22 806
22 807
22 808
22 809
22 810
22 811
22 812
22 813
22 814
22 836
22 852
22 853
22 854
22 855
22 856
22 858
23 24
23 25
23 26
23 28
23 29
23 30
23 37
23 38
23 40
23 99
23 100
23 205
23 213
23 214
23 215
23 216
23 217
23 218
23 219
23 220
23 221
23 222
23 223
23 232
23 235
23 236
23 237
23 238
23 239
23 240
23 241
23 242
23 414
23 420
23 422
23 423
23 424
23 425
23 426
23 427
23 428
23 429
23 430
23 431
23 432
23 433
23 435
23 436
23 437
23 438
23 439
23 440
23 441
23 442
23 443
23 444
23 445
23 446
23 447
23 448
23 449
23 450
23 451
23 452
23 453
23 454
23 455
23 456
23 457
23 458
23 459
23 460
23 461
23 482
23 483
23 530
23 531
23 534
23 535
23 536
23 537
23 538
23 539
23 540
23 541
23 542
23 543
23 544
23 571
23 698
23 711
23 713
23 714
23 718
23 719
23 802
23 804
23 805
23 806
23 807
23 808
23 809
23 810
23 811
23 812
23 813
23 814
23 836
23 837
23 838
23 852
23 853
23 854
23 857
24 25
24 26
24 27
24 28
24 29
24 30
24 31
24 32
24 38
24 40
24 41
24 76
24 99
24 204
24 206
24 207
24 208
24 209
24 210
24 211
24 212
24 214
24 215
24 216
24 217
24 218
24 219
24 220
24 221
24 222
24 233
24 234
24 236
24 237
24 239
24 240
24 242
24 416
24 419
24 421
24 422
24 423
24 424
24 425
24 426
24 427
24 428
24 429
24 430
24 431
24 432
24 433
24 434
24 435
24 436
24 437
24 438
24 439
24 440
24 441
24 442
24 443
24 444
24 445
24 446
24 447
24 448
24 449
24 450
24 451
24 452
24 453
24 454
24 455
24 456
24 457
24 458
24 459
24 460
24 461
24 480
24 481
24 482
24 484
24 531
24 534
24 535
24 536
24 537
24 538
24 539
24 540
24 541
24 542
24 543
24 711
24 713
24 714
24 715
24 718
24 800
24 803
24 804
24 805
24 806
24 807
24 808
24 809
24 810
24 811
24 813
24 814
24 835
24 837
24 838
24 850
24 853
24 854
24 856
24 857
25 26
25 27
25 28
25 30
25 31
25 40
25 41
25 207
25 208
25 209
25 210
25 211
25 212
25 213
25 214
25 215
25 216
25 217
25 218
25 219
25 220
25 221
25 222
25 223
25 236
25 238
25 239
25 240
25 327
25 417
25 418
25 419
25 420
25 421
25 422
25 423
25 424
25 425
25 426
25 427
25 428
25 429
25 430
25 431
25 432
25 433
25 434
25 435
25 436
25 437
25 438
25 439
25 440
25 441
25 442
25 443
25 444
25 445
25 446
25 447
25 448
25 449
25 450
25 451
25 452
25 453
25 454
25 455
25 456
25 457
25 458
25 459
25 460
25 461
25 480
25 481
25 482
25 484
25 529
25 532
25 534
25 535
25 536
25 538
25 539
25 540
25 541
25 542
25 543
25 574
25 698
25 711
25 715
25 717
25 718
25 801
25 803
25 805
25 806
25 807
25 808
25 810
25 811
25 812
25 813
25 814
25 835
25 836
25 838
25 840
25 841
25 851
25 854
25 855
25 856
25 860
26 27
26 28
26 29
26 30
26 31
26 37
26 39
26 40
26 41
26 42
26 131
26 207
26 209
26 210
26 211
26 212
26 213
26 214
26 215
26 216
26 217
26 218
26 219
26 220
26 221
26 222
26 234
26 236
26 237
26 238
26 240
26 242
26 243
26 416
26 417
26 418
26 419
26 421
26 422
26 423
26 424
26 425
26 426
26 427
26 428
26 429
26 430
26 431
26 432
26 433
26 434
26 435
26 437
26 438
26 439
26 440
26 441
26 442
26 443
26 444
26 445
26 446
26 447
26 448
26 449
26 450
26 451
26 452
26 453
26 454
26 455
26 456
26 457
26 458
26 459
26 460
26 461
26 462
26 478
26 480
26 481
26 482
26 532
26 534
26 535
26 536
26 537
26 538
26 539
26 540
26 541
26 542
26 543
26 544
26 712
26 714
26 715
26 716
26 718
26 800
26 801
26 803
26 804
26 805
26 806
26 807
26 808
26 809
26 811
26 812
26 813
26 814
26 833
26 835
26 837
26 838
26 849
26 852
26 854
26 855
26 856
26 857
26 885
27 28
27 29
27 30
27 31
27 167
27 207
27 210
27 211
27 212
27 213
27 214
27 215
27 216
27 217
27 218
27 219
27 220
27 221
27 222
27 223
27 224
27 231
27 235
27 236
27 238
27 241
27 242
27 243
27 416
27 420
27 421
27 422
27 423
27 425
27 426
27 427
27 428
27 429
27 430
27 431
27 432
27 433
27 434
27 435
27 436
27 437
27 438
27 439
27 440
27 442
27 443
27 444
27 445
27 446
27 447
27 448
27 449
27 450
27 451
27 452
27 453
27 454
27 455
27 456
27 457
27 458
27 459
27 460
27 461
27 477
27 482
27 483
27 536
27 537
27 538
27 539
27 540
27 541
27 542
27 543
27 573
27 574
27 713
27 714
27 716
27 717
27 799
27 802
27 803
27 805
27 806
27 807
27 808
27 809
27 810
27 811
27 812
27 813
27 814
27 836
27 837
27 839
27 850
27 852
27 855
27 856
28 29
28 30
28 31
28 39
28 40
28 42
28 160
28 204
28 206
28 208
28 210
28 211
28 212
28 213
28 214
28 215
28 216
28 217
28 218
28 219
28 220
28 221
28 222
28 223
28 237
28 238
28 239
28 240
28 241
28 242
28 340
28 376
28 415
28 417
28 418
28 419
28 420
28 421
28 422
28 423
28 424
28 425
28 427
28 428
28 429
28 430
28 431
28 432
28 433
28 434
28 435
28 436
28 437
28 438
28 439
28 440
28 441
28 442
28 443
28 444
28 445
28 446
28 447
28 448
28 449
28 450
28 451
28 452
28 453
28 454
28 455
28 456
28 457
28 458
28 459
28 460
28 461
28 480
28 481
28 482
28 530
28 534
28 536
28 537
28 538
28 539
28 540
28 541
28 542
28 543
28 544
28 545
28 665
28 711
28 715
28 716
28 717
28 719
28 720
28 798
28 802
28 803
28 804
28 805
28 807
28 808
28 809
28 810
28 811
28 812
28 813
28 815
28 836
28 837
28 851
28 852
28 853
28 854
28 856
29 30
29 31
29 36
29 37
29 40
29 41
29 42
29 99
29 205
29 208
29 209
29 210
29 212
29 213
29 214
29 215
29 216
29 217
29 218
29 219
29 220
29 221
29 222
29 223
29 224
29 232
29 236
29 239
29 240
29 241
29 242
29 243
29 244
29 417
29 418
29 420
29 421
29 422
29 424
29 425
29 426
29 427
29 428
29 429
29 430
29 431
29 432
29 433
29 434
29 435
29 436
29 437
29 438
29 439
29 440
29 441
29 442
29 443
29 444
29 445
29 446
29 447
29 448
29 449
29 450
29 451
29 452
29 453
29 454
29 455
29 456
29 457
29 458
29 459
29 460
29 461
29 462
29 478
29 481
29 483
29 529
29 532
29 535
29 536
29 537
29 538
29 539
29 540
29 541
29 542
29 543
29 544
29 711
29 712
29 713
29 714
29 715
29 716
29 718
29 802
29 803
29 804
29 805
29 807
29 808
29 809
29 810
29 811
29 812
29 813
29 835
29 836
29 838
29 839
29 850
29 851
29 853
29 854
29 855
29 856
29 857
30 31
30 32
30 37
30 40
30 41
30 160
30 206
30 207
30 208
30 209
30 211
30 213
30 215
30 216
30 217
30 218
30 219
30 220
30 221
30 222
30 223
30 231
30 235
30 236
30 238
30 240
30 241
30 242
30 243
30 327
30 330
30 416
30 417
30 420
30 422
30 423
30 424
30 425
30 426
30 427
30 428
30 429
30 430
30 431
30 432
30 433
30 434
30 435
30 436
30 437
30 438
30 439
30 440
30 441
30 442
30 443
30 444
30 445
30 446
30 447
30 448
30 449
30 450
30 451
30 452
30 453
30 454
30 455
30 456
30 457
30 458
30 459
30 460
30 462
30 476
30 480
30 481
30 482
30 483
30 531
30 535
30 536
30 537
30 538
30 539
30 540
30 541
30 542
30 543
30 715
30 718
30 719
30 720
30 799
30 800
30 801
30 802
30 804
30 805
30 806
30 808
30 809
30 810
30 811
30 812
30 813
30 814
30 834
30 836
30 838
30 850
30 855
31 36
31 38
31 39
31 40
31 210
31 212
31 214
31 216
31 218
31 220
31 221
31 222
31 238
31 239
31 242
31 243
31 326
31 419
31 421
31 426
31 427
31 428
31 429
31 430
31 431
31 432
31 433
31 434
31 435
31 436
31 439
31 440
31 441
31 442
31 443
31 444
31 445
31 446
31 447
31 448
31 449
31 450
31 451
31 452
31 453
31 454
31 455
31 456
31 457
31 458
31 459
31 460
31 461
31 482
31 483
31 530
31 534
31 540
31 542
31 543
31 544
31 718
31 802
31 810
31 811
31 812
31 835
31 837
31 839
31 852
31 855
31 856
32 214
32 238
32 241
32 420
32 432
32 433
32 448
32 449
32 450
32 451
32 452
32 453
32 454
32 455
32 456
32 457
32 458
32 459
32 461
32 540
32 546
32 809
33 453
33 454
33 456
33 457
33 458
33 459
33 460
33 462
34 436
34 448
34 457
34 458
34 544
34 722
34 798
35 36
35 40
35 217
35 379
35 416
35 418
35 426
35 427
35 433
35 440
35 451
35 455
35 458
35 459
35 483
35 529
35 538
35 716
35 720
35 749
35 809
35 811
35 851
35 854
36 37
36 40
36 41
36 206
36 211
36 212
36 217
36 243
36 244
36 327
36 424
36 426
36 432
36 445
36 449
36 452
36 454
36 456
36 458
36 461
36 480
36 483
36 529
36 540
36 541
36 542
36 803
36 809
36 810
36 834
36 850
36 853
36 858
37 39
37 205
37 212
37 216
37 219
37 237
37 239
37 240
37 259
37 326
37 419
37 420
37 421
37 426
37 429
37 435
37 436
37 437
37 440
37 441
37 443
37 447
37 451
37 454
37 455
37 456
37 459
37 460
37 480
37 532
37 533
37 538
37 539
37 542
37 712
37 718
37 719
37 799
37 805
37 806
37 807
37 811
37 812
37 854
38 40
38 41
38 207
38 208
38 211
38 213
38 214
38 217
38 218
38 222
38 234
38 235
38 236
38 237
38 241
38 418
38 423
38 426
38 427
38 430
38 431
38 432
38 433
38 434
38 435
38 436
38 438
38 442
38 443
38 444
38 447
38 448
38 452
38 454
38 458
38 459
38 461
38 479
38 481
38 482
38 483
38 532
38 534
38 535
38 539
38 540
38 712
38 715
38 716
38 717
38 718
38 798
38 799
38 801
38 803
38 804
38 805
38 807
38 810
38 812
38 813
38 834
38 836
38 838
38 850
38 853
38 854
38 855
38 856
39 40
39 203
39 205
39 208
39 210
39 212
39 213
39 214
39 215
39 217
39 222
39 235
39 236
39 237
39 239
39 240
39 241
39 417
39 419
39 424
39 425
39 426
39 427
39 428
39 429
39 430
39 436
39 437
39 438
39 439
39 442
39 443
39 444
39 447
39 449
39 450
39 451
39 452
39 455
39 457
39 459
39 460
39 476
39 480
39 481
39 482
39 532
39 535
39 536
39 537
39 538
39 539
39 540
39 541
39 715
39 716
39 717
39 718
39 798
39 804
39 806
39 810
39 811
39 812
39 817
39 837
39 853
39 855
39 856
40 99
40 204
40 207
40 209
40 211
40 212
40 214
40 215
40 216
40 218
40 219
40 220
40 221
40 234
40 235
40 237
40 239
40 240
40 242
40 327
40 328
40 417
40 418
40 419
40 421
40 422
40 423
40 424
40 425
40 426
40 427
40 428
40 429
40 430
40 431
40 432
40 433
40 434
40 436
40 437
40 438
40 439
40 441
40 443
40 445
40 446
40 447
40 448
40 449
40 454
40 455
40 457
40 458
40 460
40 461
40 483
40 533
40 534
40 535
40 536
40 537
40 539
40 541
40 543
40 546
40 712
40 713
40 715
40 716
40 718
40 800
40 801
40 802
40 803
40 804
40 805
40 807
40 808
40 809
40 811
40 812
40 833
40 837
40 851
40 852
40 853
40 855
40 856
40 881
41 174
41 209
41 210
41 214
41 215
41 218
41 221
41 223
41 233
41 236
41 237
41 240
41 418
41 424
41 428
41 429
41 431
41 432
41 433
41 439
41 441
41 445
41 449
41 451
41 453
41 454
41 455
41 457
41 458
41 459
41 460
41 479
41 480
41 481
41 482
41 531
41 533
41 534
41 537
41 538
41 539
41 542
41 543
41 571
41 711
41 718
41 719
41 800
41 801
41 808
41 810
41 834
41 835
41 836
41 837
41 839
41 853
41 854
41 857
42 214
42 215
42 219
42 222
42 414
42 429
42 431
42 432
42 437
42 441
42 444
42 447
42 451
42 452
42 453
42 454
42 455
42 456
42 457
42 535
42 538
42 541
42 543
42 800
42 802
42 810
42 813
42 836
42 853
42 856
43 218
43 221
43 430
43 431
43 436
43 441
43 445
43 446
43 454
43 455
43 457
43 460
43 484
43 573
43 854
44 200
44 224
44 423
44 432
44 453
44 454
44 455
44 456
45 455
45 457
45 459
45 571
46 180
63 459
72 452
75 215
75 481
75 535
75 806
76 212
76 220
76 437
76 458
76 538
77 100
77 219
77 437
77 441
77 455
77 459
77 812
77 837
78 238
78 241
78 455
78 456
78 458
78 459
78 461
79 225
79 458
79 459
79 812
80 368
80 486
81 459
84 461
86 454
87 457
87 461
88 791
89 458
93 448
93 454
93 531
93 543
94 429
94 430
94 453
94 457
94 458
94 810
94 812
95 445
95 451
95 456
95 458
95 459
95 460
95 856
96 448
96 454
96 455
96 456
96 459
97 390
97 428
97 458
97 460
98 236
98 246
98 439
98 449
98 459
98 801
98 809
99 240
99 303
99 426
99 459
99 539
99 806
99 807
99 838
100 428
100 450
100 455
100 457
100 461
100 713
100 805
100 810
101 218
101 453
101 454
101 458
101 459
101 460
102 434
102 458
102 462
103 372
104 454
107 459
108 452
121 207
121 451
122 213
122 458
123 450
132 435
132 455
133 454
140 221
140 457
141 200
145 457
146 458
152 223
152 803
153 222
153 438
153 457
153 802
154 432
154 459
154 460
155 458
155 461
156 458
156 461
157 330
158 440
159 455
161 459
166 215
166 451
166 837
167 432
167 446
167 458
167 459
168 457
168 884
171 457
172 443
172 454
172 456
173 453
173 456
173 459
173 460
174 458
175 228
178 541
179 450
179 459
179 542
179 718
180 427
180 429
180 432
180 459
180 717
181 446
181 454
181 456
181 459
182 460
182 818
186 454
187 459
187 460
188 451
188 456
189 456
189 460
190 458
191 723
192 460
199 455
201 817
202 717
202 879
203 204
203 222
203 242
203 325
203 417
203 424
203 458
203 534
203 806
203 811
203 855
204 207
204 213
204 219
204 234
204 415
204 420
204 423
204 424
204 432
204 442
204 448
204 454
204 455
204 457
204 459
204 530
204 533
204 537
204 538
204 542
204 715
204 717
204 804
204 832
204 856
205 206
205 207
205 209
205 214
205 216
205 217
205 222
205 236
205 237
205 238
205 240
205 416
205 418
205 419
205 420
205 424
205 425
205 427
205 438
205 444
205 445
205 449
205 479
205 480
205 482
205 530
205 533
205 534
205 535
205 536
205 540
205 543
205 544
205 712
205 805
205 807
205 808
205 810
205 849
205 855
206 207
206 208
206 214
206 219
206 222
206 237
206 238
206 240
206 242
206 243
206 325
206 416
206 420
206 421
206 423
206 427
206 430
206 431
206 435
206 436
206 437
206 438
206 439
206 442
206 443
206 447
206 453
206 455
206 456
206 457
206 482
206 530
206 533
206 534
206 535
206 537
206 538
206 539
206 712
206 713
206 715
206 716
206 717
206 718
206 801
206 805
206 810
206 812
206 813
206 835
206 851
206 852
206 853
206 854
206 857
207 209
207 212
207 213
207 217
207 234
207 237
207 240
207 241
207 420
207 422
207 423
207 424
207 426
207 428
207 430
207 432
207 435
207 436
207 437
207 438
207 440
207 445
207 447
207 451
207 453
207 460
207 479
207 480
207 482
207 530
207 536
207 537
207 538
207 539
207 542
207 543
207 544
207 712
207 713
207 715
207 716
207 717
207 718
207 800
207 802
207 804
207 806
207 808
207 809
207 811
207 813
207 837
207 850
207 853
207 855
208 211
208 212
208 214
208 215
208 217
208 218
208 219
208 220
208 233
208 234
208 236
208 237
208 242
208 417
208 418
208 419
208 420
208 422
208 423
208 424
208 425
208 427
208 428
208 430
208 431
208 432
208 434
208 437
208 438
208 442
208 445
208 446
208 447
208 450
208 451
208 452
208 453
208 460
208 461
208 480
208 481
208 482
208 531
208 533
208 534
208 536
208 537
208 539
208 540
208 541
208 542
208 543
208 711
208 714
208 715
208 799
208 800
208 801
208 803
208 804
208 805
208 806
208 807
208 808
208 809
208 814
208 832
208 837
208 838
208 851
208 853
208 854
208 855
209 210
209 211
209 212
209 213
209 214
209 215
209 216
209 217
209 219
209 221
209 234
209 235
209 238
209 239
209 243
209 418
209 419
209 420
209 421
209 423
209 424
209 425
209 427
209 428
209 430
209 431
209 432
209 433
209 434
209 435
209 436
209 438
209 439
209 440
209 441
209 442
209 443
209 444
209 446
209 447
209 448
209 449
209 452
209 453
209 454
209 455
209 457
209 458
209 460
209 461
209 477
209 478
209 481
209 483
209 529
209 532
209 534
209 535
209 536
209 538
209 539
209 540
209 542
209 544
209 714
209 717
209 718
209 800
209 802
209 803
209 804
209 805
209 807
209 808
209 809
209 810
209 811
209 812
209 814
209 837
209 839
209 851
209 855
209 857
210 211
210 212
210 213
210 215
210 217
210 218
210 219
210 220
210 221
210 222
210 235
210 238
210 239
210 240
210 241
210 242
210 243
210 244
210 326
210 417
210 422
210 423
210 425
210 427
210 428
210 430
210 433
210 434
210 435
210 438
210 439
210 440
210 441
210 442
210 443
210 444
210 445
210 447
210 450
210 451
210 453
210 455
210 456
210 457
210 458
210 460
210 461
210 479
210 481
210 482
210 483
210 532
210 533
210 534
210 535
210 536
210 537
210 538
210 539
210 541
210 542
210 543
210 544
210 700
210 711
210 714
210 715
210 716
210 718
210 720
210 721
210 802
210 805
210 806
210 807
210 808
210 809
210 810
210 813
210 834
210 835
210 838
210 852
210 853
210 855
210 856
210 857
211 212
211 213
211 214
211 215
211 216
211 218
211 219
211 220
211 222
211 236
211 239
211 241
211 327
211 418
211 419
211 420
211 421
211 422
211 423
211 424
211 425
211 426
211 428
211 429
211 431
211 432
211 433
211 434
211 437
211 438
211 439
211 440
211 441
211 442
211 443
211 444
211 445
211 446
211 447
211 448
211 449
211 451
211 452
211 453
211 454
211 456
211 457
211 458
211 459
211 460
211 481
211 531
211 532
211 533
211 535
211 536
211 537
211 539
211 540
211 541
211 542
211 543
211 588
211 714
211 716
211 717
211 719
211 800
211 801
211 802
211 805
211 807
211 808
211 809
211 810
211 811
211 812
211 813
211 837
211 851
211 852
211 853
211 854
211 856
212 214
212 215
212 216
212 219
212 220
212 222
212 234
212 235
212 236
212 239
212 240
212 242
212 329
212 415
212 418
212 420
212 422
212 423
212 424
212 425
212 427
212 428
212 429
212 430
212 431
212 432
212 433
212 434
212 435
212 436
212 438
212 439
212 440
212 441
212 442
212 443
212 444
212 445
212 446
212 447
212 448
212 449
212 451
212 452
212 453
212 454
212 455
212 456
212 457
212 458
212 459
212 460
212 461
212 479
212 480
212 481
212 482
212 531
212 534
212 535
212 536
212 537
212 539
212 540
212 541
212 542
212 543
212 544
212 572
212 711
212 717
212 718
212 719
212 798
212 799
212 803
212 804
212 806
212 807
212 809
212 810
212 811
212 812
212 813
212 814
212 834
212 837
212 851
212 852
212 853
212 854
212 855
213 215
213 216
213 217
213 218
213 219
213 220
213 221
213 222
213 223
213 237
213 240
213 241
213 242
213 243
213 327
213 420
213 422
213 423
213 424
213 425
213 426
213 427
213 428
213 429
213 432
213 433
213 434
213 435
213 436
213 437
213 438
213 439
213 440
213 441
213 442
213 444
213 445
213 446
213 447
213 448
213 449
213 450
213 451
213 452
213 453
213 454
213 455
213 456
213 457
213 458
213 460
213 461
213 480
213 536
213 537
213 538
213 539
213 540
213 541
213 543
213 545
213 716
213 718
213 719
213 799
213 801
213 802
213 803
213 804
213 805
213 806
213 807
213 808
213 809
213 810
213 811
213 812
213 813
213 814
213 834
213 835
213 837
213 854
213 855
213 856
213 857
213 882
214 215
214 216
214 218
214 219
214 220
214 221
214 222
214 223
214 232
214 233
214 238
214 239
214 240
214 241
214 242
214 243
214 244
214 418
214 419
214 420
214 421
214 422
214 423
214 424
214 425
214 426
214 427
214 428
214 429
214 431
214 432
214 433
214 435
214 436
214 437
214 438
214 439
214 440
214 441
214 442
214 443
214 444
214 445
214 446
214 447
214 448
214 449
214 450
214 451
214 453
214 454
214 455
214 456
214 457
214 460
214 480
214 481
214 482
214 483
214 531
214 532
214 535
214 536
214 537
214 538
214 539
214 541
214 542
214 543
214 711
214 713
214 717
214 718
214 799
214 801
214 802
214 803
214 804
214 805
214 806
214 807
214 808
214 809
214 810
214 811
214 812
214 813
214 814
214 834
214 837
214 839
214 852
214 853
214 854
214 855
214 856
215 216
215 217
215 218
215 219
215 220
215 221
215 222
215 223
215 233
215 237
215 238
215 240
215 241
215 242
215 243
215 417
215 419
215 420
215 421
215 423
215 424
215 425
215 426
215 427
215 428
215 429
215 430
215 431
215 432
215 433
215 434
215 435
215 436
215 437
215 438
215 439
215 440
215 441
215 442
215 443
215 444
215 445
215 446
215 447
215 448
215 449
215 450
215 451
215 452
215 453
215 454
215 455
215 456
215 457
215 458
215 459
215 460
215 461
215 478
215 480
215 484
215 530
215 532
215 533
215 534
215 535
215 536
215 537
215 538
215 539
215 540
215 541
215 542
215 716
215 717
215 718
215 720
215 801
215 802
215 803
215 804
215 805
215 806
215 807
215 808
215 809
215 810
215 811
215 812
215 813
215 836
215 837
215 851
215 853
215 854
215 856
215 858
216 217
216 218
216 219
216 220
216 221
216 222
216 237
216 238
216 239
216 240
216 241
216 242
216 243
216 327
216 418
216 420
216 421
216 422
216 423
216 424
216 425
216 426
216 427
216 428
216 429
216 431
216 432
216 433
216 434
216 435
216 436
216 438
216 439
216 440
216 441
216 442
216 443
216 444
216 445
216 446
216 447
216 448
216 449
216 450
216 451
216 452
216 453
216 454
216 455
216 456
216 457
216 458
216 459
216 460
216 482
216 533
216 534
216 536
216 537
216 538
216 539
216 540
216 541
216 542
216 543
216 544
216 571
216 589
216 712
216 713
216 717
216 718
216 801
216 803
216 806
216 807
216 808
216 809
216 810
216 811
216 812
216 813
216 814
216 836
216 838
216 850
216 853
216 854
216 855
216 856
217 218
217 219
217 220
217 221
217 222
217 223
217 234
217 236
217 239
217 240
217 241
217 242
217 244
217 325
217 342
217 415
217 417
217 418
217 420
217 421
217 422
217 425
217 426
217 427
217 428
217 429
217 430
217 431
217 432
217 433
217 434
217 435
217 436
217 437
217 438
217 439
217 440
217 441
217 442
217 443
217 444
217 445
217 446
217 447
217 448
217 449
217 450
217 451
217 452
217 453
217 454
217 455
217 456
217 457
217 458
217 459
217 460
217 461
217 477
217 479
217 480
217 481
217 487
217 531
217 533
217 534
217 535
217 537
217 538
217 539
217 540
217 541
217 542
217 543
217 544
217 588
217 713
217 714
217 716
217 717
217 719
217 802
217 803
217 804
217 805
217 807
217 808
217 809
217 810
217 811
217 812
217 813
217 814
217 835
217 838
217 839
217 854
217 855
217 856
217 857
218 219
218 220
218 221
218 222
218 232
218 235
218 236
218 238
218 240
218 241
218 242
218 243
218 245
218 328
218 415
218 418
218 419
218 421
218 422
218 423
218 425
218 426
218 427
218 428
218 429
218 430
218 431
218 432
218 433
218 434
218 435
218 436
218 437
218 438
218 439
218 440
218 441
218 442
218 443
218 444
218 445
218 446
218 447
218 448
218 449
218 450
218 451
218 452
218 453
218 454
218 455
218 456
218 457
218 458
218 459
218 460
218 461
218 479
218 482
218 484
218 531
218 532
218 535
218 536
218 537
218 538
218 539
218 540
218 541
218 542
218 543
218 554
218 573
218 590
218 699
218 715
218 716
218 717
218 799
218 805
218 806
218 807
218 808
218 809
218 810
218 811
218 812
218 813
218 814
218 836
218 838
218 850
218 853
218 855
218 856
218 858
219 220
219 221
219 222
219 223
219 224
219 232
219 233
219 234
219 235
219 238
219 239
219 240
219 241
219 415
219 419
219 423
219 425
219 426
219 427
219 428
219 429
219 430
219 431
219 432
219 433
219 434
219 435
219 436
219 437
219 438
219 439
219 440
219 441
219 442
219 443
219 444
219 445
219 446
219 447
219 448
219 449
219 450
219 451
219 452
219 453
219 454
219 455
219 456
219 457
219 458
219 459
219 460
219 461
219 462
219 478
219 480
219 482
219 533
219 534
219 536
219 537
219 538
219 539
219 540
219 541
219 542
219 543
219 544
219 572
219 713
219 717
219 720
219 805
219 806
219 807
219 808
219 809
219 810
219 811
219 812
219 813
219 814
219 834
219 836
219 837
219 838
219 851
219 854
219 855
219 882
220 221
220 222
220 223
220 237
220 238
220 240
220 241
220 242
220 325
220 328
220 415
220 416
220 417
220 420
220 421
220 424
220 425
220 426
220 427
220 428
220 429
220 430
220 431
220 432
220 433
220 434
220 435
220 436
220 437
220 438
220 439
220 440
220 441
220 442
220 443
220 444
220 445
220 446
220 447
220 448
220 449
220 450
220 451
220 452
220 453
220 454
220 455
220 456
220 457
220 458
220 459
220 460
220 461
220 479
220 480
220 483
220 533
220 534
220 535
220 536
220 538
220 539
220 540
220 542
220 543
220 544
220 545
220 588
220 590
220 714
220 715
220 717
220 718
220 719
220 722
220 801
220 802
220 806
220 807
220 808
220 809
220 810
220 811
220 812
220 813
220 814
220 853
220 854
220 857
220 892
221 222
221 223
221 234
221 236
221 239
221 240
221 242
221 328
221 329
221 419
221 421
221 422
221 423
221 424
221 425
221 426
221 427
221 428
221 429
221 430
221 431
221 432
221 433
221 434
221 435
221 437
221 438
221 439
221 440
221 441
221 442
221 443
221 444
221 445
221 446
221 447
221 448
221 449
221 450
221 451
221 452
221 453
221 454
221 455
221 456
221 457
221 458
221 459
221 460
221 461
221 467
221 480
221 482
221 532
221 535
221 536
221 537
221 538
221 539
221 540
221 541
221 542
221 543
221 544
221 589
221 699
221 712
221 714
221 716
221 717
221 718
221 721
221 739
221 800
221 801
221 803
221 804
221 805
221 806
221 807
221 808
221 809
221 810
221 811
221 812
221 813
221 814
221 816
221 834
221 837
221 853
221 855
221 856
221 857
222 223
222 233
222 234
222 237
222 238
222 239
222 240
222 241
222 242
222 244
222 326
222 417
222 418
222 419
222 420
222 421
222 422
222 423
222 424
222 425
222 426
222 427
222 428
222 429
222 430
222 431
222 432
222 433
222 434
222 435
222 436
222 437
222 438
222 439
222 440
222 441
222 442
222 443
222 444
222 445
222 446
222 447
222 448
222 449
222 450
222 451
222 452
222 453
222 454
222 455
222 456
222 457
222 458
222 459
222 460
222 461
222 480
222 481
222 483
222 532
222 533
222 534
222 535
222 536
222 537
222 538
222 539
222 540
222 541
222 542
222 543
222 545
222 699
222 700
222 718
222 719
222 803
222 804
222 805
222 806
222 807
222 808
222 809
222 812
222 813
222 814
222 834
222 835
222 836
222 838
222 853
222 854
222 856
222 857
223 236
223 239
223 243
223 419
223 421
223 422
223 425
223 426
223 427
223 429
223 430
223 431
223 432
223 433
223 434
223 435
223 436
223 438
223 440
223 441
223 442
223 443
223 444
223 445
223 446
223 447
223 448
223 449
223 450
223 451
223 452
223 453
223 454
223 455
223 456
223 457
223 458
223 459
223 460
223 482
223 535
223 538
223 541
223 542
223 544
223 714
223 716
223 718
223 799
223 800
223 802
223 806
223 809
223 810
223 811
223 812
223 813
223 814
223 834
223 851
223 858
224 244
224 432
224 434
224 445
224 446
224 449
224 452
224 453
224 454
224 455
224 457
224 458
224 459
224 460
224 541
224 593
224 813
225 438
225 444
225 452
225 456
225 459
225 460
225 721
226 453
226 458
226 459
226 790
227 463
227 575
231 439
231 452
231 455
231 534
231 711
231 718
231 800
232 233
232 416
232 420
232 426
232 442
232 450
232 453
232 458
232 460
232 461
232 477
232 479
232 480
232 482
232 529
232 530
232 533
232 536
232 808
232 809
232 835
233 239
233 243
233 418
233 427
233 429
233 432
233 433
233 437
233 445
233 447
233 449
233 454
233 455
233 456
233 457
233 458
233 479
233 532
233 535
233 538
233 542
233 717
233 719
233 799
233 802
233 804
233 813
233 850
234 236
234 239
234 242
234 243
234 326
234 419
234 420
234 422
234 423
234 424
234 426
234 427
234 440
234 441
234 450
234 451
234 453
234 455
234 456
234 457
234 459
234 461
234 476
234 479
234 480
234 481
234 531
234 533
234 535
234 536
234 588
234 799
234 800
234 801
234 805
234 808
234 810
234 812
234 834
234 835
234 836
234 851
234 852
234 854
234 857
235 237
235 240
235 242
235 420
235 421
235 422
235 424
235 426
235 430
235 432
235 434
235 436
235 443
235 444
235 445
235 447
235 448
235 449
235 450
235 453
235 456
235 457
235 459
235 461
235 480
235 481
235 530
235 533
235 538
235 540
235 541
235 542
235 543
235 714
235 715
235 716
235 719
235 720
235 803
235 804
235 805
235 809
235 810
235 811
235 813
235 836
235 837
235 838
235 852
235 854
235 855
235 857
236 237
236 240
236 241
236 417
236 419
236 424
236 426
236 432
236 434
236 435
236 436
236 439
236 440
236 443
236 444
236 447
236 449
236 456
236 458
236 478
236 479
236 480
236 482
236 529
236 532
236 533
236 534
236 535
236 536
236 537
236 539
236 688
236 711
236 714
236 717
236 800
236 805
236 807
236 808
236 810
236 813
236 834
236 836
236 838
236 849
236 852
236 853
236 854
236 855
236 856
237 238
237 239
237 240
237 241
237 326
237 418
237 421
237 422
237 425
237 427
237 428
237 430
237 431
237 432
237 433
237 436
237 439
237 441
237 444
237 445
237 446
237 447
237 451
237 452
237 453
237 454
237 455
237 456
237 458
237 459
237 460
237 461
237 476
237 479
237 482
237 483
237 533
237 534
237 535
237 536
237 538
237 539
237 540
237 572
237 715
237 716
237 717
237 718
237 799
237 802
237 803
237 804
237 806
237 807
237 808
237 810
237 811
237 812
237 813
237 836
237 838
237 853
238 239
238 240
238 242
238 243
238 415
238 416
238 417
238 418
238 419
238 420
238 421
238 422
238 423
238 424
238 425
238 426
238 427
238 428
238 430
238 431
238 432
238 433
238 434
238 435
238 438
238 439
238 440
238 441
238 442
238 443
238 444
238 445
238 446
238 447
238 448
238 449
238 451
238 452
238 454
238 456
238 459
238 460
238 461
238 476
238 480
238 481
238 482
238 533
238 534
238 535
238 536
238 538
238 539
238 541
238 542
238 543
238 713
238 714
238 717
238 801
238 802
238 803
238 805
238 806
238 807
238 808
238 809
238 811
238 812
238 814
238 834
238 836
238 838
238 854
238 855
239 240
239 241
239 242
239 243
239 423
239 424
239 425
239 426
239 427
239 429
239 431
239 432
239 434
239 435
239 436
239 437
239 438
239 440
239 442
239 443
239 444
239 448
239 449
239 450
239 453
239 454
239 455
239 456
239 457
239 458
239 459
239 460
239 461
239 481
239 531
239 533
239 534
239 536
239 538
239 539
239 540
239 541
239 543
239 712
239 717
239 718
239 719
239 726
239 799
239 801
239 804
239 805
239 806
239 809
239 810
239 812
239 835
239 837
239 840
239 853
239 854
239 855
240 241
240 242
240 243
240 417
240 420
240 421
240 422
240 423
240 425
240 426
240 429
240 430
240 432
240 433
240 434
240 435
240 436
240 437
240 439
240 440
240 441
240 442
240 443
240 445
240 446
240 448
240 450
240 451
240 452
240 453
240 454
240 455
240 456
240 457
240 458
240 459
240 461
240 478
240 479
240 481
240 483
240 529
240 531
240 533
240 535
240 536
240 537
240 538
240 539
240 541
240 542
240 543
240 544
240 716
240 717
240 802
240 804
240 806
240 807
240 809
240 811
240 812
240 813
240 837
240 852
240 853
240 854
240 855
240 857
241 242
241 327
241 418
241 419
241 420
241 421
241 422
241 423
241 424
241 425
241 426
241 427
241 428
241 429
241 430
241 431
241 433
241 434
241 435
241 436
241 437
241 438
241 439
241 440
241 441
241 442
241 443
241 444
241 445
241 446
241 447
241 448
241 449
241 451
241 452
241 453
241 454
241 455
241 456
241 457
241 458
241 459
241 460
241 461
241 477
241 478
241 480
241 481
241 482
241 535
241 536
241 537
241 538
241 539
241 540
241 541
241 542
241 543
241 544
241 589
241 713
241 716
241 718
241 800
241 801
241 804
241 805
241 806
241 807
241 808
241 809
241 810
241 811
241 812
241 813
241 834
241 835
241 836
241 837
241 838
241 851
241 854
241 855
241 856
242 328
242 418
242 419
242 420
242 421
242 422
242 423
242 424
242 425
242 427
242 428
242 429
242 430
242 431
242 432
242 433
242 434
242 435
242 437
242 438
242 439
242 442
242 443
242 444
242 446
242 447
242 448
242 449
242 450
242 452
242 453
242 455
242 457
242 458
242 459
242 460
242 461
242 476
242 481
242 531
242 532
242 534
242 535
242 537
242 538
242 539
242 540
242 541
242 542
242 543
242 544
242 545
242 713
242 714
242 715
242 717
242 718
242 800
242 802
242 806
242 807
242 808
242 809
242 810
242 811
242 813
242 834
242 836
242 838
242 850
242 853
242 854
242 855
242 856
243 325
243 328
243 417
243 418
243 420
243 422
243 426
243 427
243 428
243 429
243 431
243 432
243 433
243 434
243 435
243 436
243 438
243 440
243 442
243 445
243 446
243 447
243 448
243 449
243 451
243 452
243 453
243 454
243 455
243 456
243 457
243 458
243 459
243 460
243 476
243 478
243 479
243 481
243 482
243 535
243 539
243 542
243 543
243 590
243 715
243 717
243 718
243 798
243 800
243 801
243 806
243 809
243 810
243 811
243 812
243 813
243 836
243 852
243 855
243 857
244 419
244 423
244 425
244 432
244 434
244 445
244 447
244 448
244 450
244 453
244 455
244 457
244 458
244 460
244 461
244 715
244 803
244 806
244 811
244 821
245 453
245 455
245 456
245 457
245 458
245 459
245 460
245 461
245 884
246 457
246 459
246 460
247 462
250 457
251 457
251 458
252 541
253 452
254 455
255 458
264 547
269 459
276 459
277 456
278 666
279 460
302 458
305 460
323 456
325 437
325 452
325 714
325 801
325 807
325 808
325 814
325 838
326 327
326 378
326 419
326 422
326 427
326 438
326 450
326 460
326 478
326 479
326 483
326 534
326 540
326 715
326 719
326 808
326 833
326 836
326 837
326 852
326 853
326 856
327 415
327 417
327 421
327 432
327 437
327 442
327 447
327 448
327 455
327 534
327 537
327 717
327 718
327 803
327 804
327 807
327 809
327 812
327 832
327 837
328 418
328 430
328 443
328 449
328 450
328 451
328 452
328 454
328 457
328 458
328 538
328 539
328 543
328 800
328 856
329 429
329 434
329 447
329 451
329 453
329 455
329 456
329 458
329 459
329 461
330 454
330 455
330 458
330 459
330 718
331 426
331 447
331 458
331 459
331 460
331 576
332 461
332 860
332 865
338 457
339 424
339 458
339 461
340 449
340 458
340 577
340 840
341 452
341 460
344 458
349 444
349 457
350 432
355 859
356 704
358 432
359 457
369 443
370 452
371 452
371 458
371 460
375 533
378 449
378 460
383 459
384 457
391 462
394 435
395 454
395 459
396 458
401 459
413 454
414 432
414 712
414 801
414 837
415 416
415 424
415 429
415 443
415 451
415 458
415 460
415 531
415 534
415 540
415 543
415 571
415 712
415 717
415 718
415 806
415 807
415 810
415 834
415 853
416 417
416 418
416 420
416 422
416 423
416 428
416 437
416 441
416 448
416 450
416 452
416 456
416 477
416 478
416 483
416 531
416 532
416 533
416 534
416 537
416 542
416 543
416 589
416 712
416 713
416 718
416 800
416 801
416 802
416 803
416 807
416 808
416 809
416 814
416 836
416 837
416 851
416 852
416 853
417 424
417 426
417 428
417 429
417 433
417 435
417 436
417 437
417 438
417 440
417 445
417 447
417 449
417 452
417 453
417 454
417 456
417 458
417 459
417 460
417 461
417 483
417 533
417 534
417 536
417 539
417 716
417 718
417 803
417 806
417 808
417 835
417 838
417 852
417 854
417 855
417 856
418 421
418 423
418 424
418 425
418 426
418 427
418 431
418 438
418 439
418 440
418 444
418 446
418 449
418 453
418 455
418 456
418 459
418 478
418 481
418 483
418 532
418 535
418 538
418 539
418 541
418 542
418 543
418 711
418 713
418 714
418 715
418 716
418 717
418 802
418 804
418 806
418 810
418 811
418 835
418 849
418 850
418 851
418 856
419 420
419 423
419 424
419 426
419 428
419 429
419 430
419 431
419 437
419 439
419 441
419 443
419 446
419 448
419 449
419 451
419 454
419 456
419 458
419 459
419 460
419 461
419 477
419 480
419 481
419 482
419 532
419 535
419 536
419 537
419 538
419 539
419 540
419 541
419 543
419 716
419 717
419 800
419 801
419 802
419 804
419 805
419 807
419 809
419 811
419 813
419 834
419 836
419 837
419 838
419 853
419 855
419 857
420 421
420 423
420 424
420 425
420 426
420 427
420 431
420 432
420 433
420 435
420 436
420 437
420 438
420 439
420 440
420 441
420 442
420 444
420 445
420 446
420 449
420 451
420 452
420 454
420 455
420 456
420 457
420 459
420 460
420 461
420 477
420 478
420 479
420 480
420 531
420 532
420 534
420 535
420 538
420 539
420 540
420 542
420 543
420 544
420 593
420 714
420 718
420 802
420 804
420 807
420 808
420 809
420 811
420 812
420 813
420 834
420 835
420 836
420 852
420 855
420 858
421 422
421 423
421 424
421 425
421 426
421 427
421 428
421 429
421 430
421 432
421 434
421 435
421 436
421 437
421 438
421 439
421 440
421 441
421 442
421 443
421 444
421 445
421 446
421 447
421 448
421 449
421 450
421 451
421 454
421 455
421 456
421 457
421 458
421 459
421 478
421 479
421 481
421 482
421 532
421 535
421 537
421 539
421 540
421 541
421 542
421 543
421 572
421 714
421 715
421 716
421 717
421 719
421 799
421 803
421 805
421 806
421 807
421 808
421 809
421 810
421 811
421 837
421 838
421 853
421 854
421 855
421 856
422 423
422 424
422 425
422 428
422 429
422 430
422 431
422 432
422 433
422 434
422 435
422 436
422 438
422 439
422 440
422 441
422 442
422 443
422 444
422 445
422 446
422 447
422 448
422 449
422 450
422 451
422 452
422 453
422 455
422 456
422 457
422 458
422 461
422 477
422 481
422 531
422 532
422 533
422 535
422 537
422 538
422 539
422 540
422 541
422 543
422 544
422 714
422 715
422 716
422 717
422 719
422 803
422 805
422 806
422 807
422 808
422 809
422 810
422 811
422 812
422 839
422 855
423 424
423 425
423 427
423 428
423 429
423 430
423 431
423 432
423 433
423 434
423 438
423 440
423 442
423 443
423 444
423 445
423 446
423 447
423 448
423 449
423 451
423 452
423 453
423 454
423 455
423 456
423 457
423 458
423 459
423 460
423 461
423 480
423 483
423 532
423 534
423 535
423 536
423 537
423 538
423 539
423 540
423 541
423 542
423 543
423 588
423 713
423 714
423 718
423 719
423 800
423 801
423 803
423 805
423 806
423 807
423 808
423 809
423 810
423 811
423 812
423 813
423 814
423 833
423 835
423 836
423 837
423 853
424 425
424 426
424 427
424 428
424 429
424 430
424 431
424 433
424 434
424 436
424 437
424 438
424 439
424 440
424 441
424 442
424 443
424 444
424 445
424 446
424 447
424 448
424 449
424 450
424 451
424 452
424 453
424 454
424 455
424 456
424 457
424 458
424 459
424 460
424 461
424 477
424 479
424 480
424 481
424 482
424 531
424 532
424 535
424 536
424 538
424 539
424 540
424 541
424 542
424 543
424 711
424 715
424 716
424 717
424 718
424 800
424 801
424 803
424 804
424 805
424 806
424 807
424 808
424 810
424 811
424 812
424 813
424 814
424 833
424 835
424 836
424 839
424 852
424 853
424 856
424 857
425 426
425 427
425 428
425 429
425 430
425 431
425 432
425 433
425 434
425 435
425 436
425 437
425 438
425 439
425 440
425 441
425 442
425 443
425 444
425 445
425 446
425 448
425 449
425 450
425 451
425 452
425 454
425 455
425 456
425 457
425 458
425 459
425 460
425 461
425 476
425 477
425 478
425 479
425 480
425 482
425 483
425 485
425 531
425 532
425 533
425 534
425 536
425 537
425 538
425 539
425 540
425 541
425 542
425 543
425 545
425 572
425 716
425 717
425 803
425 805
425 806
425 807
425 808
425 809
425 811
425 812
425 813
425 814
425 836
425 837
425 838
425 840
425 849
425 854
425 855
425 856
425 880
426 427
426 428
426 429
426 430
426 431
426 432
426 433
426 434
426 435
426 436
426 437
426 438
426 439
426 440
426 441
426 442
426 443
426 444
426 445
426 446
426 447
426 448
426 449
426 450
426 451
426 452
426 453
426 454
426 455
426 456
426 457
426 458
426 459
426 460
426 461
426 478
426 482
426 483
426 484
426 529
426 532
426 533
426 535
426 538
426 539
426 540
426 541
426 542
426 543
426 544
426 573
426 715
426 716
426 717
426 718
426 799
426 801
426 802
426 805
426 806
426 807
426 808
426 809
426 810
426 812
426 813
426 814
426 851
426 852
426 854
426 855
426 856
426 882
427 428
427 429
427 430
427 431
427 432
427 433
427 434
427 435
427 436
427 437
427 438
427 439
427 440
427 441
427 442
427 443
427 444
427 445
427 446
427 447
427 448
427 449
427 450
427 451
427 452
427 453
427 454
427 455
427 456
427 457
427 458
427 459
427 460
427 461
427 480
427 482
427 484
427 532
427 534
427 535
427 536
427 537
427 540
427 541
427 542
427 543
427 699
427 713
427 716
427 718
427 719
427 801
427 802
427 804
427 806
427 807
427 808
427 809
427 810
427 811
427 812
427 813
427 814
427 836
427 837
427 839
427 840
427 856
427 857
428 429
428 430
428 431
428 432
428 433
428 434
428 435
428 437
428 438
428 439
428 440
428 441
428 442
428 443
428 444
428 445
428 446
428 447
428 449
428 450
428 451
428 452
428 453
428 454
428 455
428 456
428 457
428 458
428 459
428 460
428 461
428 479
428 480
428 481
428 482
428 531
428 532
428 534
428 535
428 536
428 537
428 538
428 539
428 540
428 541
428 542
428 543
428 544
428 589
428 713
428 716
428 719
428 720
428 802
428 803
428 806
428 807
428 808
428 809
428 811
428 812
428 813
428 814
428 833
428 852
428 854
428 855
428 858
429 430
429 431
429 432
429 433
429 434
429 435
429 436
429 437
429 439
429 440
429 441
429 443
429 444
429 445
429 446
429 447
429 448
429 449
429 450
429 451
429 452
429 453
429 454
429 455
429 456
429 457
429 458
429 459
429 460
429 461
429 474
429 478
429 480
429 481
429 482
429 483
429 531
429 535
429 536
429 537
429 539
429 540
429 541
429 542
429 543
429 544
429 717
429 718
429 719
429 801
429 802
429 804
429 805
429 806
429 807
429 808
429 809
429 810
429 811
429 813
429 814
429 815
429 835
429 838
429 851
429 854
429 856
429 857
430 431
430 432
430 433
430 434
430 435
430 436
430 437
430 438
430 439
430 440
430 441
430 442
430 443
430 444
430 445
430 446
430 447
430 448
430 449
430 450
430 451
430 452
430 453
430 454
430 455
430 456
430 457
430 458
430 459
430 460
430 461
430 476
430 477
430 478
430 481
430 482
430 532
430 534
430 536
430 538
430 539
430 540
430 541
430 542
430 543
430 544
430 557
430 715
430 716
430 717
430 718
430 720
430 800
430 801
430 802
430 804
430 805
430 806
430 807
430 808
430 809
430 810
430 811
430 812
430 813
430 836
430 838
430 840
430 851
430 854
430 857
431 432
431 433
431 434
431 435
431 436
431 437
431 438
431 439
431 440
431 441
431 442
431 443
431 444
431 445
431 446
431 447
431 448
431 449
431 450
431 451
431 452
431 453
431 454
431 455
431 456
431 457
431 458
431 459
431 460
431 461
431 477
431 479
431 480
431 482
431 483
431 534
431 535
431 536
431 537
431 538
431 539
431 540
431 541
431 542
431 543
431 544
431 589
431 590
431 714
431 715
431 716
431 717
431 719
431 721
431 801
431 802
431 803
431 806
431 807
431 808
431 809
431 810
431 811
431 812
431 813
431 814
431 836
431 837
431 839
431 853
431 855
431 856
432 433
432 434
432 435
432 436
432 437
432 438
432 439
432 440
432 441
432 442
432 443
432 444
432 445
432 446
432 447
432 448
432 449
432 450
432 451
432 452
432 453
432 454
432 455
432 456
432 457
432 458
432 459
432 460
432 461
432 477
432 479
432 481
432 482
432 483
432 529
432 531
432 532
432 535
432 538
432 539
432 540
432 541
432 542
432 543
432 594
432 685
432 711
432 716
432 718
432 721
432 800
432 803
432 805
432 806
432 807
432 808
432 809
432 810
432 811
432 812
432 813
432 833
432 837
432 840
432 851
432 855
432 856
433 434
433 435
433 436
433 437
433 439
433 440
433 441
433 442
433 443
433 444
433 445
433 446
433 447
433 448
433 449
433 450
433 451
433 452
433 453
433 454
433 455
433 456
433 457
433 458
433 459
433 460
433 461
433 462
433 468
433 481
433 482
433 531
433 533
433 534
433 535
433 537
433 538
433 539
433 540
433 541
433 542
433 543
433 544
433 546
433 715
433 716
433 717
433 719
433 800
433 801
433 803
433 804
433 807
433 808
433 809
433 810
433 811
433 812
433 813
433 814
433 835
433 836
433 837
433 851
433 852
433 854
433 856
433 857
433 858
433 882
434 435
434 436
434 437
434 438
434 439
434 440
434 441
434 442
434 443
434 444
434 445
434 446
434 447
434 448
434 449
434 450
434 451
434 452
434 453
434 454
434 455
434 456
434 457
434 458
434 459
434 460
434 461
434 462
434 481
434 482
434 483
434 535
434 536
434 537
434 538
434 539
434 540
434 541
434 542
434 543
434 544
434 545
434 715
434 717
434 718
434 719
434 803
434 805
434 806
434 808
434 809
434 810
434 811
434 812
434 813
434 836
434 837
434 838
434 853
434 854
434 855
434 857
434 858
435 436
435 437
435 438
435 439
435 440
435 441
435 442
435 443
435 444
435 445
435 446
435 447
435 448
435 449
435 450
435 451
435 452
435 453
435 454
435 455
435 456
435 457
435 458
435 459
435 460
435 461
435 480
435 481
435 482
435 534
435 535
435 536
435 537
435 538
435 539
435 540
435 541
435 542
435 543
435 708
435 713
435 716
435 718
435 799
435 800
435 801
435 805
435 806
435 807
435 808
435 809
435 810
435 811
435 812
435 813
435 814
435 815
435 816
435 833
435 834
435 837
435 838
435 856
435 857
436 437
436 438
436 439
436 440
436 441
436 442
436 443
436 444
436 445
436 446
436 447
436 448
436 449
436 450
436 451
436 452
436 453
436 454
436 455
436 456
436 457
436 458
436 459
436 460
436 461
436 477
436 478
436 479
436 483
436 530
436 534
436 535
436 536
436 537
436 538
436 540
436 541
436 542
436 701
436 715
436 716
436 717
436 718
436 805
436 806
436 807
436 808
436 809
436 810
436 811
436 812
436 813
436 814
436 833
436 838
436 852
436 854
436 859
437 438
437 439
437 440
437 441
437 442
437 443
437 444
437 445
437 446
437 447
437 448
437 449
437 450
437 451
437 452
437 453
437 454
437 455
437 456
437 457
437 458
437 459
437 460
437 461
437 478
437 481
437 482
437 483
437 530
437 534
437 535
437 536
437 538
437 539
437 541
437 542
437 543
437 547
437 700
437 713
437 715
437 716
437 718
437 719
437 801
437 802
437 805
437 806
437 807
437 808
437 809
437 810
437 811
437 812
437 813
437 814
437 836
437 851
437 852
437 853
437 855
437 856
437 858
438 439
438 440
438 442
438 443
438 444
438 445
438 446
438 447
438 448
438 449
438 450
438 452
438 453
438 454
438 455
438 456
438 457
438 458
438 459
438 460
438 461
438 463
438 482
438 484
438 531
438 532
438 534
438 535
438 536
438 537
438 538
438 539
438 540
438 542
438 543
438 544
438 545
438 608
438 715
438 716
438 717
438 719
438 720
438 800
438 804
438 805
438 806
438 807
438 808
438 809
438 810
438 811
438 812
438 813
438 814
438 818
438 836
438 843
438 850
438 852
438 854
438 856
439 440
439 441
439 442
439 443
439 444
439 445
439 446
439 447
439 448
439 449
439 450
439 451
439 452
439 453
439 454
439 455
439 456
439 457
439 458
439 459
439 461
439 468
439 478
439 481
439 482
439 532
439 533
439 535
439 536
439 537
439 539
439 540
439 541
439 542
439 543
439 713
439 714
439 716
439 717
439 718
439 803
439 804
439 805
439 806
439 807
439 808
439 809
439 810
439 811
439 812
439 813
439 814
439 832
439 835
439 837
439 838
439 853
439 855
439 856
439 857
440 441
440 442
440 443
440 444
440 445
440 446
440 447
440 448
440 449
440 450
440 451
440 452
440 453
440 454
440 455
440 456
440 457
440 458
440 459
440 460
440 461
440 468
440 478
440 481
440 482
440 483
440 529
440 531
440 533
440 534
440 535
440 536
440 537
440 538
440 539
440 540
440 541
440 542
440 543
440 544
440 713
440 715
440 716
440 717
440 802
440 805
440 806
440 807
440 808
440 809
440 810
440 811
440 812
440 813
440 814
440 836
440 837
440 849
440 851
440 852
440 853
440 854
440 855
440 856
440 857
441 442
441 443
441 444
441 445
441 446
441 447
441 448
441 449
441 450
441 451
441 452
441 453
441 454
441 455
441 456
441 457
441 458
441 459
441 460
441 461
441 477
441 478
441 479
441 482
441 483
441 529
441 534
441 535
441 536
441 539
441 540
441 541
441 542
441 543
441 544
441 711
441 712
441 715
441 716
441 717
441 718
441 799
441 802
441 803
441 805
441 808
441 809
441 810
441 811
441 812
441 813
441 814
441 832
441 837
441 849
441 850
441 857
442 443
442 444
442 445
442 446
442 447
442 448
442 449
442 450
442 451
442 452
442 453
442 454
442 455
442 456
442 457
442 458
442 459
442 460
442 461
442 476
442 478
442 479
442 484
442 530
442 534
442 535
442 536
442 537
442 538
442 539
442 540
442 541
442 542
442 543
442 545
442 714
442 715
442 716
442 717
442 718
442 799
442 800
442 803
442 805
442 806
442 807
442 808
442 809
442 810
442 811
442 812
442 813
442 835
442 854
442 855
442 856
442 858
443 444
443 445
443 446
443 447
443 448
443 449
443 450
443 451
443 452
443 453
443 454
443 455
443 456
443 457
443 458
443 459
443 460
443 461
443 480
443 481
443 482
443 483
443 532
443 533
443 535
443 536
443 538
443 539
443 540
443 541
443 542
443 543
443 544
443 712
443 713
443 714
443 717
443 721
443 802
443 803
443 804
443 805
443 806
443 807
443 808
443 809
443 810
443 811
443 812
443 813
443 814
443 834
443 835
443 837
443 838
443 850
443 852
443 856
444 445
444 446
444 447
444 448
444 449
444 450
444 451
444 452
444 453
444 454
444 455
444 456
444 457
444 458
444 459
444 460
444 461
444 478
444 480
444 482
444 531
444 532
444 533
444 536
444 537
444 538
444 539
444 540
444 541
444 542
444 543
444 544
444 573
444 590
444 713
444 717
444 719
444 800
444 802
444 805
444 806
444 807
444 808
444 809
444 810
444 811
444 812
444 813
444 815
444 834
444 836
444 838
444 854
444 855
444 856
445 446
445 447
445 448
445 449
445 450
445 451
445 452
445 453
445 454
445 455
445 456
445 457
445 458
445 459
445 460
445 461
445 477
445 480
445 481
445 483
445 532
445 535
445 536
445 538
445 539
445 540
445 541
445 542
445 704
445 713
445 714
445 716
445 717
445 718
445 719
445 802
445 803
445 804
445 805
445 806
445 807
445 808
445 809
445 811
445 812
445 813
445 815
445 816
445 834
445 836
445 837
445 838
445 851
445 853
445 854
445 855
445 856
446 447
446 448
446 449
446 450
446 451
446 452
446 453
446 454
446 455
446 456
446 457
446 458
446 459
446 460
446 461
446 479
446 480
446 481
446 482
446 484
446 531
446 532
446 535
446 536
446 537
446 538
446 539
446 540
446 541
446 542
446 543
446 715
446 717
446 719
446 798
446 802
446 803
446 805
446 808
446 809
446 810
446 811
446 812
446 813
446 814
446 833
446 836
446 837
446 851
446 852
446 853
446 855
446 857
447 448
447 449
447 450
447 451
447 452
447 453
447 454
447 455
447 456
447 457
447 458
447 459
447 460
447 461
447 478
447 479
447 481
447 482
447 483
447 484
447 530
447 531
447 535
447 536
447 537
447 538
447 539
447 540
447 541
447 542
447 543
447 544
447 665
447 713
447 715
447 716
447 717
447 718
447 720
447 801
447 802
447 803
447 804
447 805
447 806
447 807
447 808
447 809
447 810
447 811
447 812
447 813
447 814
447 815
447 835
447 836
447 837
447 852
447 853
447 855
447 856
448 449
448 450
448 451
448 452
448 453
448 454
448 455
448 456
448 457
448 458
448 459
448 460
448 461
448 462
448 477
448 480
448 481
448 482
448 485
448 534
448 535
448 537
448 538
448 539
448 540
448 541
448 542
448 543
448 545
448 573
448 590
448 686
448 700
448 713
448 714
448 715
448 717
448 801
448 802
448 804
448 806
448 807
448 808
448 809
448 810
448 811
448 812
448 813
448 814
448 834
448 835
448 836
448 837
448 839
448 850
448 854
448 855
448 856
448 857
449 450
449 451
449 452
449 453
449 454
449 455
449 456
449 457
449 458
449 459
449 460
449 461
449 478
449 480
449 481
449 482
449 484
449 485
449 525
449 533
449 535
449 536
449 537
449 538
449 539
449 540
449 541
449 542
449 543
449 544
449 573
449 714
449 717
449 718
449 719
449 720
449 800
449 801
449 802
449 803
449 804
449 805
449 806
449 807
449 808
449 809
449 810
449 811
449 813
449 814
449 815
449 833
449 835
449 837
449 838
449 839
449 841
449 849
449 850
449 852
449 853
449 855
449 857
449 882
450 451
450 452
450 453
450 454
450 455
450 456
450 457
450 458
450 459
450 460
450 461
450 462
450 478
450 479
450 482
450 483
450 484
450 531
450 532
450 534
450 535
450 536
450 537
450 538
450 539
450 540
450 541
450 542
450 543
450 544
450 589
450 700
450 712
450 715
450 716
450 717
450 719
450 720
450 789
450 800
450 803
450 804
450 806
450 807
450 808
450 809
450 810
450 811
450 812
450 813
450 814
450 836
450 838
450 839
450 840
450 852
450 854
450 856
450 857
450 858
450 859
450 877
450 881
451 452
451 453
451 454
451 455
451 456
451 457
451 458
451 459
451 460
451 461
451 463
451 476
451 481
451 482
451 483
451 484
451 534
451 536
451 537
451 538
451 539
451 540
451 541
451 542
451 543
451 544
451 699
451 700
451 714
451 716
451 717
451 718
451 719
451 720
451 764
451 801
451 805
451 806
451 807
451 809
451 810
451 811
451 812
451 814
451 815
451 837
451 838
451 839
451 851
451 852
451 853
451 854
451 855
451 856
451 857
451 883
452 453
452 454
452 455
452 456
452 457
452 458
452 459
452 460
452 461
452 477
452 482
452 483
452 531
452 533
452 534
452 536
452 537
452 538
452 539
452 540
452 541
452 542
452 543
452 545
452 590
452 659
452 706
452 713
452 716
452 718
452 719
452 721
452 727
452 801
452 802
452 803
452 805
452 806
452 807
452 808
452 809
452 811
452 812
452 813
452 814
452 835
452 837
452 838
452 839
452 840
452 851
452 853
452 855
453 454
453 455
453 456
453 457
453 458
453 459
453 460
453 461
453 462
453 480
453 482
453 484
453 485
453 488
453 495
453 531
453 534
453 535
453 536
453 537
453 538
453 539
453 540
453 541
453 542
453 543
453 544
453 545
453 546
453 572
453 574
453 589
453 590
453 657
453 699
453 701
453 711
453 712
453 715
453 716
453 717
453 719
453 720
453 723
453 804
453 805
453 806
453 807
453 808
453 809
453 810
453 811
453 812
453 813
453 814
453 815
453 816
453 832
453 834
453 835
453 836
453 837
453 838
453 839
453 840
453 852
453 854
453 855
453 857
453 858
453 884
454 455
454 456
454 457
454 458
454 459
454 460
454 461
454 462
454 476
454 478
454 479
454 480
454 483
454 484
454 485
454 530
454 531
454 532
454 533
454 534
454 535
454 537
454 538
454 539
454 540
454 541
454 542
454 543
454 544
454 545
454 546
454 591
454 641
454 665
454 705
454 706
454 714
454 715
454 718
454 719
454 720
454 721
454 722
454 727
454 799
454 801
454 804
454 806
454 807
454 808
454 809
454 810
454 811
454 812
454 813
454 814
454 815
454 833
454 835
454 836
454 837
454 840
454 852
454 854
454 855
454 856
454 857
454 858
454 859
454 882
454 883
455 456
455 457
455 458
455 459
455 460
455 461
455 462
455 469
455 478
455 479
455 480
455 483
455 484
455 485
455 486
455 532
455 534
455 535
455 536
455 538
455 539
455 540
455 541
455 542
455 543
455 544
455 545
455 575
455 591
455 633
455 701
455 703
455 707
455 711
455 714
455 716
455 718
455 719
455 720
455 740
455 765
455 799
455 802
455 803
455 804
455 805
455 806
455 807
455 808
455 809
455 810
455 811
455 812
455 813
455 814
455 815
455 816
455 817
455 836
455 837
455 838
455 839
455 853
455 855
455 856
455 857
455 859
455 877
455 884
456 457
456 458
456 459
456 460
456 461
456 462
456 470
456 475
456 477
456 478
456 479
456 516
456 532
456 533
456 534
456 535
456 536
456 537
456 539
456 540
456 541
456 542
456 543
456 545
456 558
456 572
456 573
456 587
456 589
456 590
456 591
456 632
456 642
456 687
456 694
456 700
456 701
456 707
456 714
456 715
456 716
456 717
456 718
456 720
456 721
456 800
456 801
456 802
456 803
456 804
456 805
456 807
456 809
456 810
456 811
456 812
456 813
456 814
456 815
456 816
456 836
456 838
456 839
456 841
456 853
456 854
456 857
456 883
457 458
457 459
457 460
457 461
457 462
457 469
457 476
457 481
457 482
457 485
457 534
457 535
457 536
457 537
457 538
457 539
457 540
457 541
457 542
457 543
457 544
457 545
457 546
457 571
457 589
457 591
457 609
457 620
457 659
457 660
457 663
457 699
457 702
457 716
457 717
457 718
457 720
457 721
457 724
457 740
457 776
457 798
457 800
457 802
457 803
457 805
457 806
457 807
457 808
457 809
457 810
457 811
457 812
457 813
457 814
457 815
457 816
457 834
457 836
457 838
457 840
457 841
457 842
457 852
457 854
457 855
457 857
457 859
457 860
457 877
457 884
458 459
458 460
458 461
458 462
458 463
458 481
458 483
458 484
458 485
458 486
458 531
458 532
458 534
458 535
458 536
458 537
458 538
458 539
458 540
458 541
458 542
458 543
458 544
458 545
458 558
458 573
458 574
458 586
458 588
458 590
458 592
458 609
458 643
458 658
458 687
458 700
458 702
458 713
458 714
458 717
458 718
458 719
458 721
458 753
458 759
458 760
458 777
458 787
458 797
458 802
458 803
458 804
458 806
458 807
458 808
458 809
458 810
458 811
458 812
458 813
458 814
458 815
458 816
458 817
458 836
458 837
458 839
458 840
458 841
458 851
458 856
458 857
458 859
458 860
458 864
458 882
458 883
458 898
459 460
459 461
459 462
459 479
459 480
459 481
459 482
459 483
459 484
459 485
459 486
459 526
459 533
459 534
459 535
459 536
459 537
459 538
459 539
459 540
459 541
459 542
459 543
459 544
459 546
459 555
459 570
459 574
459 575
459 609
459 656
459 669
459 700
459 702
459 712
459 714
459 715
459 716
459 717
459 718
459 720
459 721
459 722
459 724
459 737
459 801
459 804
459 805
459 807
459 808
459 809
459 810
459 811
459 812
459 813
459 814
459 815
459 817
459 818
459 838
459 841
459 843
459 849
459 851
459 853
459 854
459 855
459 856
459 858
459 859
459 875
459 876
460 461
460 462
460 465
460 478
460 485
460 530
460 531
460 533
460 536
460 537
460 538
460 539
460 540
460 541
460 542
460 543
460 544
460 545
460 546
460 574
460 575
460 590
460 592
460 662
460 701
460 712
460 716
460 717
460 720
460 727
460 728
460 741
460 804
460 805
460 806
460 807
460 808
460 809
460 810
460 811
460 812
460 813
460 814
460 815
460 816
460 822
460 832
460 837
460 839
460 850
460 852
460 853
460 854
460 856
460 857
460 858
460 859
460 860
460 878
461 462
461 480
461 481
461 532
461 535
461 537
461 538
461 539
461 540
461 541
461 542
461 543
461 544
461 545
461 557
461 574
461 594
461 699
461 700
461 701
461 703
461 706
461 715
461 722
461 803
461 804
461 805
461 806
461 808
461 810
461 811
461 812
461 813
461 814
461 815
461 835
461 836
461 844
461 852
461 855
461 856
461 858
462 542
462 547
462 610
462 702
462 861
463 725
463 813
463 860
464 633
464 885
471 819
475 855
476 541
476 700
476 715
476 834
476 855
477 482
477 530
477 534
477 543
477 714
477 717
477 801
477 802
477 804
477 807
477 833
477 835
478 481
478 483
478 533
478 542
478 800
478 802
478 804
478 805
478 836
478 837
478 850
478 851
479 483
479 529
479 533
479 534
479 537
479 539
479 543
479 713
479 714
479 718
479 799
479 801
479 804
479 806
479 809
479 813
479 835
479 849
479 851
480 481
480 529
480 530
480 533
480 534
480 536
480 537
480 539
480 542
480 543
480 713
480 715
480 716
480 717
480 718
480 800
480 801
480 802
480 805
480 806
480 807
480 808
480 809
480 811
480 813
480 814
480 836
480 837
480 838
480 849
480 851
480 852
480 854
480 856
480 857
481 482
481 530
481 532
481 533
481 534
481 535
481 536
481 539
481 541
481 542
481 543
481 544
481 714
481 716
481 717
481 799
481 800
481 801
481 803
481 807
481 808
481 809
481 810
481 811
481 812
481 814
481 834
481 836
481 851
481 852
481 853
481 854
481 856
481 857
482 532
482 533
482 534
482 536
482 538
482 539
482 541
482 543
482 711
482 714
482 715
482 716
482 718
482 719
482 800
482 801
482 802
482 805
482 807
482 809
482 810
482 835
482 836
482 837
482 838
482 841
482 851
482 853
482 855
482 856
483 533
483 535
483 536
483 539
483 540
483 543
483 710
483 715
483 716
483 718
483 802
483 803
483 807
483 810
483 811
483 812
483 813
483 834
483 837
483 853
483 855
484 533
484 806
484 807
484 812
484 813
485 812
485 836
487 768
517 717
519 819
528 711
529 532
529 539
529 714
529 853
529 854
530 535
530 714
530 800
530 802
530 807
530 812
530 833
530 834
530 836
530 850
530 852
530 856
531 534
531 535
531 536
531 540
531 541
531 543
531 718
531 719
531 801
531 806
531 808
531 810
531 812
531 835
531 836
531 850
531 852
531 853
531 855
531 856
532 536
532 538
532 539
532 541
532 587
532 710
532 714
532 715
532 717
532 718
532 799
532 803
532 805
532 806
532 807
532 812
532 833
532 836
532 837
532 838
532 851
532 855
532 856
533 534
533 536
533 539
533 540
533 541
533 542
533 587
533 713
533 714
533 716
533 717
533 719
533 799
533 800
533 802
533 803
533 804
533 805
533 806
533 807
533 811
533 813
533 814
533 834
533 837
533 856
534 536
534 537
534 538
534 539
534 541
534 543
534 544
534 545
534 713
534 714
534 715
534 716
534 719
534 800
534 801
534 802
534 805
534 806
534 807
534 808
534 810
534 812
534 813
534 816
534 836
534 837
534 849
534 854
534 855
535 536
535 537
535 538
535 540
535 543
535 712
535 713
535 716
535 718
535 798
535 801
535 802
535 803
535 804
535 805
535 806
535 807
535 808
535 811
535 812
535 814
535 835
535 836
535 837
535 851
535 852
536 537
536 538
536 539
536 540
536 541
536 542
536 543
536 712
536 715
536 718
536 802
536 805
536 806
536 807
536 808
536 809
536 811
536 812
536 813
536 834
536 835
536 852
536 853
536 854
536 856
537 538
537 539
537 540
537 541
537 542
537 543
537 544
537 701
537 714
537 715
537 716
537 717
537 801
537 803
537 804
537 806
537 808
537 809
537 810
537 811
537 812
537 813
537 815
537 832
537 836
537 837
537 851
537 854
537 856
537 857
537 858
537 883
538 539
538 540
538 541
538 542
538 543
538 713
538 715
538 716
538 717
538 804
538 805
538 806
538 807
538 808
538 809
538 810
538 811
538 812
538 813
538 833
538 837
538 838
538 850
538 853
538 855
538 856
539 540
539 541
539 542
539 543
539 573
539 588
539 699
539 712
539 713
539 715
539 717
539 803
539 804
539 805
539 806
539 808
539 809
539 810
539 811
539 812
539 813
539 835
539 837
539 838
539 851
539 853
539 854
539 855
539 856
539 857
540 541
540 542
540 543
540 544
540 713
540 717
540 718
540 719
540 720
540 802
540 803
540 804
540 805
540 806
540 807
540 808
540 809
540 810
540 811
540 812
540 813
540 814
540 835
540 836
540 838
540 854
540 855
540 856
540 858
541 542
541 543
541 544
541 573
541 711
541 717
541 718
541 801
541 802
541 803
541 804
541 805
541 806
541 807
541 808
541 809
541 810
541 812
541 813
541 836
541 853
541 855
541 856
541 857
541 858
542 543
542 544
542 716
542 717
542 718
542 719
542 788
542 801
542 804
542 805
542 806
542 807
542 808
542 809
542 810
542 811
542 812
542 834
542 835
542 837
542 849
542 853
542 854
542 856
543 718
543 803
543 804
543 805
543 806
543 807
543 808
543 809
543 810
543 811
543 812
543 813
543 814
543 834
543 839
543 852
543 853
543 854
543 856
544 711
544 719
544 800
544 801
544 803
544 809
544 810
544 811
544 812
544 833
544 853
544 854
544 855
545 813
545 816
545 891
552 708
554 707
559 883
570 808
571 855
572 808
572 812
572 852
572 878
573 809
576 766
578 595
582 584
588 809
591 850
592 761
608 834
663 813
686 807
695 862
699 851
701 811
710 849
711 714
711 836
711 852
711 857
712 801
712 802
712 812
712 814
712 833
712 834
712 853
712 856
713 715
713 716
713 717
713 718
713 802
713 804
713 806
713 812
713 836
713 838
713 851
713 855
714 715
714 718
714 802
714 804
714 805
714 810
714 811
714 812
714 813
714 814
714 815
714 833
714 834
714 835
714 852
714 855
714 857
715 716
715 717
715 718
715 719
715 800
715 801
715 805
715 810
715 811
715 813
715 835
715 837
715 851
715 854
715 855
715 856
716 718
716 799
716 800
716 805
716 806
716 809
716 810
716 811
716 812
716 813
716 833
716 836
716 851
716 852
716 853
716 856
716 857
717 718
717 802
717 803
717 804
717 805
717 806
717 807
717 808
717 809
717 810
717 812
717 813
717 814
717 832
717 835
717 852
717 854
717 855
717 856
718 800
718 802
718 803
718 804
718 805
718 806
718 807
718 808
718 809
718 813
718 814
718 838
718 855
719 802
719 805
719 809
719 812
719 813
719 855
720 805
720 809
722 823
722 842
726 861
760 806
798 800
798 802
798 809
798 810
798 834
798 836
799 805
799 808
799 810
799 833
799 838
799 850
799 857
800 801
800 804
800 808
800 813
800 814
800 832
800 853
801 802
801 803
801 808
801 809
801 810
801 811
801 814
801 834
801 835
801 836
801 851
801 853
801 854
802 803
802 805
802 810
802 811
802 812
802 833
802 836
802 853
802 854
802 855
803 805
803 806
803 807
803 809
803 810
803 813
803 834
803 835
803 837
803 838
803 854
803 856
803 857
804 805
804 807
804 808
804 809
804 811
804 812
804 813
804 837
804 838
804 852
804 853
804 854
804 856
805 806
805 807
805 808
805 809
805 810
805 811
805 812
805 813
805 836
805 837
805 852
805 854
805 857
806 808
806 809
806 810
806 811
806 812
806 814
806 834
806 853
806 855
806 856
807 808
807 809
807 810
807 811
807 812
807 813
807 835
807 837
807 838
807 853
807 856
808 809
808 810
808 811
808 812
808 813
808 836
808 838
808 854
808 856
809 810
809 811
809 812
809 813
809 814
809 834
809 835
809 852
809 853
809 854
809 855
809 857
810 812
810 814
810 833
810 836
810 838
810 839
810 850
810 852
810 853
810 855
810 856
811 812
811 813
811 815
811 836
811 837
811 838
811 839
811 853
811 854
811 855
811 881
812 813
812 814
812 835
812 836
812 837
812 852
812 853
812 854
812 855
812 857
813 814
813 837
813 850
813 851
813 852
813 854
813 855
813 856
814 834
814 855
815 853
815 882
833 839
833 849
833 850
833 853
833 857
834 837
834 838
834 853
834 856
834 857
835 852
835 854
835 856
836 851
836 852
836 853
836 854
836 856
836 857
837 839
837 852
837 853
837 856
838 851
838 854
838 855
839 855
840 856
850 853
851 854
851 857
852 853
852 854
852 855
853 854
853 855
854 856
854 857
855 858
856 857
