1 17
1 77
2 13
2 32
2 33
2 39
2 70
2 76
2 78
3 5
3 33
3 34
3 35
3 64
3 65
3 69
3 70
3 71
3 72
3 73
3 74
3 76
3 77
3 80
3 81
4 11
4 13
4 32
4 33
4 34
4 35
4 64
4 65
4 66
4 67
4 68
4 69
4 70
4 71
4 72
4 73
4 74
4 75
4 76
4 77
4 78
4 79
4 80
4 81
5 12
5 31
5 33
5 35
5 64
5 65
5 67
5 68
5 69
5 70
5 71
5 72
5 73
5 74
5 75
5 76
5 77
5 78
5 79
5 80
5 81
5 83
6 14
6 15
6 28
6 39
6 66
6 68
6 70
6 72
6 73
6 74
6 77
6 78
6 79
6 80
6 81
6 87
7 36
7 38
7 66
7 72
7 73
7 75
7 81
7 82
8 62
8 68
8 75
9 86
10 68
10 69
10 80
10 81
11 31
11 32
11 65
11 68
11 69
11 71
11 72
11 73
11 74
11 76
11 78
11 79
12 13
12 32
12 33
12 36
12 62
12 71
12 73
12 76
12 77
12 78
12 79
12 80
12 81
12 82
13 35
13 55
13 68
13 69
13 73
13 77
13 78
13 81
13 82
14 18
14 66
14 67
14 71
14 74
14 75
14 78
14 79
14 80
15 66
15 77
15 79
15 81
15 82
15 84
16 38
16 82
16 83
19 41
25 75
26 68
26 69
26 82
27 68
27 70
27 72
27 76
27 78
28 69
28 75
28 78
28 80
29 74
30 32
30 33
30 63
30 66
30 67
30 68
30 70
30 73
30 74
30 79
31 32
31 33
31 35
31 62
31 64
31 65
31 66
31 68
31 69
31 70
31 71
31 72
31 73
31 74
31 75
31 76
31 77
31 78
31 79
31 80
31 81
31 83
32 33
32 34
32 35
32 36
32 62
32 63
32 64
32 65
32 66
32 67
32 68
32 69
32 70
32 71
32 72
32 73
32 74
32 75
32 76
32 77
32 78
32 79
32 80
32 81
32 82
33 34
33 35
33 36
33 37
33 63
33 64
33 65
33 66
33 67
33 68
33 69
33 70
33 71
33 72
33 73
33 74
33 75
33 76
33 77
33 78
33 79
33 80
33 81
33 82
33 85
33 86
34 35
34 36
34 57
34 63
34 64
34 65
34 66
34 67
34 68
34 69
34 70
34 71
34 72
34 73
34 74
34 75
34 76
34 77
34 78
34 79
34 80
34 81
34 82
34 83
34 84
35 36
35 37
35 63
35 64
35 65
35 66
35 67
35 68
35 69
35 70
35 71
35 72
35 73
35 74
35 75
35 76
35 77
35 78
35 79
35 80
35 81
35 82
36 37
36 65
36 66
36 67
36 68
36 69
36 70
36 71
36 72
36 73
36 74
36 75
36 76
36 77
36 78
36 79
36 80
36 81
36 82
36 83
36 85
37 47
37 60
37 67
37 71
37 73
37 75
37 77
37 78
37 79
37 80
37 81
37 82
37 83
38 44
38 54
38 72
38 73
38 76
38 78
38 80
39 78
39 79
39 88
40 80
40 81
40 82
40 86
41 75
42 71
43 82
45 88
56 79
57 79
57 80
58 77
58 79
59 73
59 81
60 64
60 69
60 74
61 74
61 82
62 63
62 64
62 69
62 72
62 73
62 75
62 79
63 64
63 65
63 66
63 67
63 70
63 73
63 74
63 75
63 76
63 77
63 78
63 79
63 80
63 81
64 65
64 66
64 68
64 69
64 70
64 71
64 72
64 73
64 74
64 75
64 76
64 77
64 78
64 79
64 80
64 81
64 82
64 84
65 66
65 67
65 68
65 69
65 70
65 71
65 72
65 73
65 74
65 75
65 76
65 77
65 78
65 79
65 80
65 81
65 82
65 83
66 67
66 68
66 69
66 70
66 71
66 72
66 73
66 74
66 75
66 76
66 77
66 78
66 79
66 80
66 81
66 82
67 68
67 69
67 70
67 71
67 72
67 73
67 74
67 75
67 76
67 77
67 78
67 79
67 80
67 81
67 82
67 83
68 69
68 70
68 71
68 72
68 73
68 74
68 75
68 76
68 77
68 78
68 79
68 80
68 81
68 82
68 84
69 70
69 71
69 72
69 73
69 74
69 75
69 76
69 77
69 78
69 79
69 80
69 81
69 82
69 83
70 71
70 72
70 73
70 74
70 75
70 76
70 77
70 78
70 79
70 80
70 81
70 82
70 85
71 72
71 73
71 74
71 75
71 76
71 77
71 78
71 79
71 80
71 81
71 82
71 83
72 73
72 74
72 75
72 76
72 77
72 78
72 79
72 80
72 81
72 82
72 83
72 84
73 74
73 75
73 76
73 77
73 78
73 79
73 80
73 81
73 82
73 83
73 84
74 75
74 76
74 77
74 78
74 79
74 80
74 81
74 82
74 83
74 85
75 76
75 77
75 78
75 79
75 80
75 81
75 82
75 83
76 77
76 78
76 79
76 80
76 81
76 82
76 83
76 87
77 78
77 79
77 80
77 81
77 82
77 83
77 84
77 85
78 79
78 80
78 81
78 82
78 83
78 84
79 80
79 81
79 82
79 83
79 84
80 81
80 82
80 83
81 82
81 83
81 84
82 83
83 84
