2 43
5 44
6 47
7 37
7 49
8 48
8 50
9 38
9 45
9 49
9 50
10 46
10 48
10 50
11 48
11 52
12 24
17 50
18 51
19 29
19 43
19 48
20 41
20 48
20 50
21 48
21 65
22 43
22 47
22 49
23 39
23 47
23 49
24 46
24 47
24 50
24 58
25 35
25 38
25 42
25 47
25 48
25 49
25 50
26 36
26 47
26 48
26 49
26 51
26 58
27 38
27 48
27 51
28 41
28 49
30 31
30 41
30 42
30 45
30 50
30 59
31 32
31 34
31 36
31 37
31 40
31 41
31 43
31 44
31 46
31 49
31 57
31 58
31 59
31 61
31 62
31 64
31 65
32 33
32 34
32 35
32 36
32 37
32 38
32 39
32 40
32 41
32 42
32 43
32 44
32 45
32 46
32 47
32 48
32 49
32 50
32 56
32 57
32 58
32 59
32 60
32 61
32 64
33 34
33 35
33 36
33 37
33 38
33 39
33 40
33 41
33 42
33 43
33 44
33 45
33 46
33 47
33 48
33 49
33 50
33 51
33 55
33 56
33 57
33 58
33 59
33 60
33 61
33 62
33 64
33 68
34 35
34 36
34 37
34 38
34 39
34 40
34 41
34 42
34 43
34 44
34 45
34 46
34 47
34 48
34 49
34 50
34 51
34 55
34 56
34 57
34 58
34 59
34 60
34 61
34 62
34 63
34 64
34 65
35 36
35 37
35 38
35 39
35 40
35 41
35 42
35 43
35 44
35 45
35 46
35 47
35 48
35 49
35 50
35 51
35 56
35 57
35 58
35 59
35 60
35 61
35 62
35 65
35 69
36 37
36 38
36 39
36 40
36 41
36 42
36 43
36 44
36 45
36 46
36 47
36 48
36 49
36 50
36 51
36 52
36 56
36 57
36 58
36 59
36 60
36 61
36 62
37 38
37 39
37 40
37 41
37 42
37 43
37 44
37 45
37 46
37 47
37 48
37 49
37 50
37 51
37 54
37 55
37 56
37 57
37 58
37 59
37 60
37 61
37 63
37 65
37 68
38 39
38 40
38 41
38 42
38 43
38 44
38 45
38 46
38 47
38 48
38 49
38 50
38 51
38 52
38 54
38 57
38 58
38 59
38 60
38 61
38 62
38 63
38 70
38 71
38 72
39 40
39 41
39 42
39 43
39 44
39 45
39 46
39 47
39 48
39 49
39 50
39 51
39 54
39 56
39 58
39 59
39 60
39 61
39 64
39 70
40 41
40 42
40 43
40 44
40 45
40 46
40 47
40 48
40 49
40 50
40 51
40 52
40 56
40 58
40 59
40 60
40 61
40 62
40 63
40 64
40 68
40 69
40 70
40 71
41 42
41 43
41 44
41 45
41 46
41 47
41 48
41 49
41 50
41 51
41 52
41 56
41 57
41 58
41 59
41 60
41 61
41 62
41 64
41 66
41 67
41 68
42 43
42 44
42 45
42 46
42 47
42 48
42 49
42 50
42 51
42 52
42 55
42 56
42 57
42 58
42 59
42 60
42 61
42 62
42 63
42 64
42 65
42 66
43 44
43 45
43 46
43 47
43 48
43 49
43 50
43 51
43 52
43 54
43 55
43 56
43 57
43 58
43 59
43 60
43 61
43 62
43 63
43 64
43 65
43 68
43 69
43 70
44 45
44 46
44 47
44 48
44 49
44 50
44 51
44 56
44 57
44 58
44 59
44 60
44 61
44 62
44 64
44 66
44 69
44 85
45 46
45 47
45 48
45 49
45 50
45 51
45 52
45 55
45 56
45 57
45 58
45 59
45 60
45 61
45 62
45 63
45 64
45 65
45 68
45 69
45 70
45 71
45 72
46 47
46 48
46 49
46 50
46 51
46 52
46 54
46 55
46 56
46 57
46 58
46 59
46 60
46 61
46 62
46 65
46 66
46 69
46 70
46 84
46 85
47 48
47 49
47 50
47 51
47 52
47 55
47 56
47 57
47 58
47 59
47 60
47 61
47 62
47 63
47 64
47 65
47 66
47 69
47 70
47 72
47 85
48 49
48 50
48 51
48 52
48 55
48 56
48 57
48 58
48 59
48 60
48 61
48 62
48 63
48 64
48 65
48 66
48 67
48 69
48 70
48 71
48 84
49 50
49 51
49 52
49 55
49 56
49 57
49 58
49 59
49 60
49 61
49 62
49 63
49 64
49 65
49 66
49 67
49 69
49 70
49 71
49 78
49 86
50 51
50 52
50 53
50 55
50 56
50 57
50 58
50 59
50 60
50 61
50 62
50 63
50 64
50 65
50 66
50 67
50 68
50 69
50 71
50 72
50 73
50 77
50 86
51 52
51 53
51 56
51 57
51 58
51 59
51 60
51 61
51 62
51 64
51 66
51 67
51 70
51 71
51 73
52 60
52 61
52 62
52 63
52 64
52 66
53 62
53 63
53 67
53 73
54 74
54 87
55 56
55 57
55 60
56 57
56 58
56 61
56 62
56 64
57 58
57 59
57 60
57 61
57 62
57 63
57 64
57 65
58 59
58 60
58 61
58 66
58 68
59 60
59 61
59 62
59 63
59 68
59 69
60 61
60 62
60 63
60 64
60 65
60 68
60 70
61 62
61 63
61 69
62 65
63 68
64 68
