1 2
1 10
1 12
1 13
1 14
1 15
1 16
1 17
1 18
1 19
1 20
1 21
1 22
1 23
1 24
1 25
1 26
1 27
1 28
1 29
1 30
1 39
1 54
1 62
1 63
1 64
1 65
1 66
1 67
1 68
1 69
1 70
1 71
2 4
2 10
2 12
2 13
2 14
2 15
2 16
2 17
2 18
2 19
2 20
2 21
2 22
2 23
2 24
2 25
2 26
2 27
2 28
2 29
2 56
2 61
2 63
2 64
2 67
2 68
2 69
2 70
2 71
2 72
3 5
3 17
3 20
3 21
3 22
3 23
3 24
3 25
3 26
3 27
3 28
3 29
3 31
3 64
3 66
3 67
3 70
4 25
4 26
4 27
4 29
4 63
4 65
4 69
4 72
5 24
5 26
5 41
5 56
5 69
6 23
6 32
7 57
9 13
9 15
9 17
9 20
9 28
9 68
9 69
9 70
10 11
10 12
10 13
10 14
10 15
10 16
10 17
10 22
10 23
10 24
10 25
10 27
10 28
10 62
10 63
10 64
10 67
10 68
10 69
11 13
11 14
11 15
11 16
11 17
11 18
11 19
11 20
11 21
11 22
11 23
11 24
11 25
11 26
11 27
11 28
11 29
11 30
11 63
11 64
11 65
11 66
11 67
11 68
11 69
12 14
12 15
12 16
12 17
12 18
12 19
12 20
12 21
12 22
12 23
12 24
12 26
12 27
12 28
12 29
12 62
12 63
12 64
12 65
12 66
12 67
12 68
12 69
12 70
12 72
13 14
13 15
13 16
13 17
13 18
13 20
13 21
13 22
13 23
13 24
13 25
13 26
13 27
13 28
13 29
13 31
13 40
13 62
13 63
13 64
13 65
13 66
13 67
13 68
13 69
13 70
14 15
14 16
14 17
14 18
14 19
14 20
14 21
14 22
14 23
14 24
14 25
14 26
14 27
14 28
14 29
14 37
14 61
14 62
14 63
14 64
14 65
14 66
14 67
14 68
14 69
14 70
15 16
15 17
15 18
15 19
15 20
15 21
15 22
15 23
15 24
15 25
15 26
15 27
15 28
15 29
15 63
15 64
15 65
15 66
15 67
15 68
15 69
15 70
15 71
16 17
16 18
16 19
16 20
16 21
16 22
16 23
16 24
16 25
16 26
16 27
16 28
16 29
16 32
16 38
16 62
16 63
16 64
16 65
16 66
16 67
16 68
16 69
16 70
16 71
17 18
17 19
17 20
17 21
17 22
17 23
17 24
17 25
17 26
17 27
17 28
17 29
17 30
17 37
17 38
17 62
17 63
17 64
17 65
17 66
17 67
17 68
17 69
17 70
17 71
18 19
18 20
18 21
18 22
18 23
18 24
18 25
18 26
18 27
18 28
18 29
18 37
18 61
18 62
18 63
18 64
18 65
18 66
18 67
18 68
18 69
18 70
18 71
19 20
19 21
19 22
19 23
19 24
19 25
19 26
19 27
19 28
19 29
19 30
19 38
19 64
19 65
19 66
19 67
19 68
19 69
19 70
20 21
20 22
20 23
20 24
20 25
20 26
20 27
20 28
20 29
20 30
20 39
20 63
20 64
20 65
20 66
20 67
20 68
20 69
20 70
20 71
20 72
21 22
21 23
21 24
21 25
21 26
21 27
21 28
21 29
21 30
21 37
21 38
21 41
21 62
21 63
21 64
21 65
21 66
21 67
21 68
21 69
21 70
21 71
21 72
22 23
22 24
22 25
22 26
22 27
22 28
22 29
22 30
22 37
22 38
22 39
22 61
22 63
22 64
22 65
22 66
22 67
22 68
22 69
22 70
22 71
22 72
22 73
22 79
23 24
23 25
23 26
23 27
23 28
23 29
23 30
23 32
23 36
23 39
23 49
23 62
23 63
23 64
23 65
23 66
23 67
23 68
23 69
23 70
23 71
24 25
24 26
24 27
24 28
24 29
24 61
24 62
24 63
24 64
24 65
24 66
24 67
24 68
24 69
24 70
24 71
25 26
25 27
25 28
25 29
25 30
25 38
25 39
25 55
25 63
25 64
25 65
25 66
25 67
25 68
25 69
25 70
25 71
25 72
26 27
26 28
26 29
26 30
26 34
26 37
26 39
26 56
26 61
26 62
26 63
26 64
26 65
26 66
26 67
26 68
26 69
26 70
26 71
27 28
27 29
27 30
27 31
27 33
27 37
27 40
27 62
27 63
27 64
27 65
27 66
27 67
27 68
27 69
27 70
27 71
28 29
28 30
28 31
28 40
28 55
28 62
28 63
28 64
28 65
28 66
28 67
28 68
28 69
28 70
28 71
28 72
29 30
29 31
29 38
29 40
29 50
29 55
29 62
29 63
29 65
29 66
29 67
29 68
29 69
29 70
29 71
29 73
30 31
30 64
30 65
30 67
30 70
30 83
31 41
31 72
35 73
36 64
37 66
38 66
38 69
38 71
39 64
39 67
40 69
42 52
58 74
61 67
62 66
62 67
62 68
63 64
63 65
63 66
63 67
63 68
63 69
63 70
64 65
64 66
64 67
64 68
64 69
64 71
65 67
65 68
65 69
66 67
66 68
66 69
66 71
67 68
67 69
67 70
68 69
68 70
68 71
69 70
69 71
70 81
71 72
