3 24
7 18
9 16
10 13
10 18
10 19
10 21
10 23
10 35
10 50
10 53
10 54
10 56
10 58
10 60
11 12
11 13
11 14
11 15
11 16
11 17
11 18
11 20
11 21
11 24
11 27
11 29
11 34
11 35
11 38
11 39
11 40
11 49
11 52
11 53
11 54
11 55
11 56
11 57
11 59
11 60
11 61
11 83
12 14
12 16
12 17
12 18
12 19
12 20
12 21
12 23
12 26
12 27
12 29
12 30
12 31
12 34
12 35
12 37
12 38
12 39
12 40
12 49
12 50
12 51
12 53
12 55
12 56
12 58
12 59
12 60
12 61
12 63
13 14
13 15
13 16
13 17
13 18
13 19
13 20
13 21
13 22
13 23
13 24
13 28
13 29
13 30
13 31
13 32
13 35
13 36
13 37
13 38
13 39
13 40
13 41
13 47
13 48
13 49
13 50
13 51
13 52
13 53
13 54
13 55
13 56
13 57
13 58
13 59
13 60
13 61
14 15
14 16
14 17
14 18
14 19
14 20
14 21
14 22
14 27
14 29
14 30
14 31
14 33
14 34
14 35
14 36
14 37
14 38
14 39
14 40
14 41
14 48
14 49
14 50
14 51
14 52
14 53
14 54
14 55
14 56
14 57
14 58
14 59
14 60
14 61
14 62
14 63
15 16
15 17
15 18
15 19
15 20
15 21
15 22
15 23
15 24
15 26
15 27
15 28
15 29
15 30
15 31
15 36
15 37
15 38
15 39
15 40
15 41
15 48
15 49
15 50
15 51
15 52
15 53
15 54
15 55
15 56
15 57
15 58
15 59
15 60
15 61
15 62
15 63
16 17
16 18
16 19
16 20
16 21
16 22
16 23
16 24
16 25
16 26
16 27
16 29
16 30
16 31
16 32
16 35
16 36
16 37
16 38
16 39
16 40
16 41
16 50
16 51
16 52
16 53
16 54
16 55
16 56
16 57
16 58
16 59
16 60
16 61
17 18
17 19
17 20
17 21
17 22
17 23
17 24
17 26
17 28
17 29
17 30
17 31
17 32
17 35
17 36
17 37
17 38
17 39
17 40
17 41
17 42
17 49
17 50
17 51
17 52
17 53
17 54
17 55
17 56
17 57
17 58
17 59
17 60
17 61
17 62
17 80
18 19
18 20
18 21
18 22
18 23
18 24
18 27
18 28
18 29
18 30
18 31
18 32
18 33
18 35
18 36
18 37
18 38
18 39
18 40
18 41
18 42
18 49
18 50
18 51
18 52
18 53
18 54
18 55
18 56
18 57
18 58
18 59
18 60
18 61
18 62
18 63
18 64
19 20
19 21
19 22
19 23
19 24
19 25
19 26
19 27
19 28
19 29
19 30
19 31
19 32
19 34
19 36
19 37
19 38
19 39
19 40
19 41
19 42
19 43
19 49
19 50
19 51
19 52
19 53
19 54
19 55
19 56
19 57
19 58
19 59
19 60
19 61
19 62
19 63
19 64
19 80
19 81
19 82
20 21
20 22
20 23
20 24
20 26
20 27
20 28
20 29
20 30
20 31
20 32
20 33
20 35
20 36
20 37
20 38
20 39
20 40
20 41
20 42
20 43
20 44
20 48
20 50
20 51
20 52
20 53
20 54
20 55
20 56
20 57
20 58
20 59
20 60
20 61
20 62
20 63
20 68
20 80
20 81
21 22
21 23
21 24
21 25
21 26
21 28
21 29
21 30
21 31
21 32
21 33
21 34
21 35
21 36
21 37
21 38
21 39
21 40
21 41
21 42
21 43
21 50
21 51
21 52
21 53
21 54
21 55
21 56
21 57
21 58
21 59
21 60
21 61
21 62
21 63
21 65
21 72
21 79
21 80
22 23
22 24
22 25
22 27
22 29
22 30
22 31
22 32
22 33
22 34
22 36
22 37
22 38
22 39
22 40
22 41
22 42
22 43
22 47
22 48
22 50
22 51
22 52
22 53
22 54
22 55
22 56
22 57
22 58
22 59
22 60
22 61
22 62
22 63
22 64
22 80
22 81
23 24
23 25
23 27
23 28
23 29
23 30
23 31
23 32
23 33
23 34
23 35
23 36
23 37
23 38
23 39
23 40
23 41
23 42
23 43
23 48
23 49
23 50
23 51
23 52
23 53
23 54
23 55
23 56
23 57
23 58
23 59
23 60
23 61
23 62
23 63
23 64
23 79
23 81
24 26
24 31
24 34
24 37
24 40
24 41
24 42
24 52
24 53
24 54
24 55
24 60
24 61
24 62
24 63
24 65
24 81
25 40
25 43
25 51
25 55
25 57
25 58
25 59
25 61
25 64
25 65
25 79
25 86
26 27
26 28
26 30
26 37
26 45
26 50
26 51
26 52
26 57
26 58
26 70
27 28
27 33
27 35
27 47
27 51
27 53
27 56
27 57
27 59
27 60
27 61
27 62
28 29
28 34
28 35
28 36
28 38
28 39
28 49
28 50
28 51
28 52
28 53
28 54
28 56
28 58
28 59
28 60
28 61
28 62
29 30
29 34
29 35
29 36
29 37
29 38
29 39
29 40
29 49
29 50
29 52
29 53
29 54
29 55
29 56
29 57
29 58
29 60
29 63
30 31
30 32
30 36
30 37
30 38
30 39
30 42
30 49
30 51
30 52
30 53
30 55
30 56
30 57
30 58
30 59
30 60
31 32
31 37
31 38
31 40
31 41
31 51
31 52
31 53
31 54
31 55
31 56
31 58
31 59
32 36
32 37
32 38
32 39
32 40
32 49
32 50
32 51
32 53
32 55
32 57
32 58
32 59
33 39
33 40
33 43
33 44
33 54
33 56
33 57
33 60
33 62
33 82
34 40
34 47
34 57
34 59
35 38
35 39
35 41
35 47
35 49
35 50
35 52
35 53
35 54
35 55
35 56
35 57
35 60
35 61
36 37
36 38
36 39
36 40
36 41
36 48
36 49
36 50
36 51
36 52
36 53
36 54
36 55
36 56
36 57
36 59
36 60
36 79
37 38
37 40
37 49
37 51
37 52
37 53
37 54
37 55
37 56
37 57
37 59
37 60
37 61
37 62
38 39
38 40
38 50
38 51
38 52
38 53
38 54
38 55
38 56
38 57
38 58
38 59
38 60
38 61
38 62
38 63
39 40
39 41
39 42
39 49
39 50
39 51
39 52
39 53
39 54
39 55
39 56
39 57
39 58
39 59
39 60
39 61
39 79
40 41
40 48
40 49
40 50
40 51
40 52
40 53
40 54
40 55
40 56
40 57
40 58
40 59
40 60
40 62
41 43
41 51
41 52
41 53
41 54
41 56
41 59
41 60
41 62
42 43
42 52
42 55
42 56
42 59
42 64
43 53
44 57
44 60
48 49
48 50
48 52
48 54
48 57
48 58
48 59
48 60
48 61
48 62
49 50
49 51
49 53
49 54
49 55
49 56
49 57
49 58
49 60
49 61
50 51
50 52
50 53
50 54
50 55
50 56
50 57
50 58
50 59
50 60
50 61
50 62
51 52
51 53
51 54
51 55
51 56
51 57
51 58
51 59
51 60
51 61
51 62
52 53
52 54
52 55
52 56
52 57
52 58
52 59
52 60
52 61
52 62
52 63
52 85
53 54
53 55
53 56
53 57
53 58
53 59
53 61
53 62
53 63
53 79
54 55
54 56
54 57
54 58
54 59
54 60
54 61
54 63
54 64
55 56
55 57
55 58
55 59
55 60
55 61
55 62
56 57
56 58
56 59
56 60
56 61
56 63
56 79
57 58
57 59
57 60
57 61
57 62
58 59
58 60
58 61
58 62
58 81
59 60
59 61
59 62
60 61
60 62
61 63
61 80
62 63
64 82
65 66
