5 643
10 262
10 274
10 633
10 905
11 202
11 269
11 271
11 566
11 634
11 638
11 911
12 252
12 271
12 272
12 273
12 656
12 657
13 89
13 269
13 657
14 858
15 564
29 554
31 271
31 947
32 269
32 652
33 61
33 271
33 276
33 565
33 569
33 631
34 69
34 270
34 272
35 408
35 767
36 208
36 219
36 564
37 259
37 265
37 568
37 622
37 650
38 263
38 264
38 266
38 269
38 565
38 567
38 915
39 267
39 268
39 273
39 669
40 425
40 626
40 918
41 70
41 259
45 210
46 506
50 51
50 54
50 247
50 269
50 656
50 903
51 207
51 211
51 250
51 251
51 252
51 253
51 255
51 267
51 269
51 274
51 390
51 394
51 542
51 546
51 553
51 554
51 568
51 569
51 623
51 631
51 638
51 641
51 644
51 645
51 656
51 901
51 908
51 912
51 914
52 57
52 59
52 60
52 62
52 65
52 202
52 208
52 210
52 242
52 248
52 250
52 251
52 252
52 258
52 260
52 261
52 263
52 264
52 265
52 272
52 274
52 383
52 393
52 549
52 550
52 555
52 556
52 558
52 622
52 625
52 632
52 637
52 646
52 647
52 651
52 655
52 657
52 658
52 903
52 904
52 913
52 914
53 56
53 59
53 60
53 201
53 202
53 203
53 206
53 208
53 210
53 211
53 212
53 242
53 246
53 248
53 252
53 253
53 256
53 257
53 266
53 268
53 269
53 270
53 271
53 274
53 386
53 388
53 390
53 392
53 393
53 394
53 395
53 545
53 547
53 550
53 551
53 552
53 554
53 556
53 560
53 562
53 563
53 570
53 619
53 620
53 621
53 624
53 625
53 626
53 629
53 631
53 632
53 633
53 635
53 636
53 638
53 640
53 643
53 644
53 646
53 648
53 649
53 650
53 651
53 654
53 655
53 828
53 900
53 908
53 909
53 913
53 914
53 915
54 64
54 205
54 206
54 207
54 209
54 210
54 211
54 243
54 245
54 246
54 248
54 250
54 251
54 252
54 255
54 257
54 259
54 260
54 261
54 262
54 264
54 266
54 268
54 269
54 270
54 272
54 322
54 386
54 387
54 389
54 392
54 395
54 542
54 544
54 548
54 549
54 550
54 552
54 555
54 558
54 560
54 561
54 565
54 566
54 567
54 568
54 570
54 618
54 620
54 625
54 630
54 631
54 634
54 636
54 637
54 639
54 640
54 642
54 643
54 644
54 649
54 651
54 652
54 654
54 656
54 658
54 901
54 902
54 904
54 906
54 908
54 910
54 913
54 914
54 915
55 58
55 59
55 62
55 63
55 64
55 204
55 208
55 209
55 210
55 211
55 212
55 213
55 242
55 243
55 246
55 248
55 249
55 251
55 255
55 256
55 258
55 259
55 260
55 267
55 268
55 269
55 270
55 271
55 272
55 274
55 383
55 384
55 390
55 391
55 392
55 393
55 543
55 547
55 548
55 552
55 555
55 558
55 560
55 561
55 562
55 563
55 564
55 619
55 621
55 623
55 625
55 626
55 628
55 630
55 633
55 635
55 636
55 637
55 639
55 640
55 642
55 643
55 645
55 646
55 647
55 650
55 651
55 653
55 654
55 824
55 826
55 901
55 902
55 904
55 905
55 907
55 908
55 909
55 910
55 911
55 915
55 917
56 57
56 58
56 60
56 62
56 64
56 203
56 204
56 205
56 211
56 242
56 245
56 246
56 247
56 248
56 250
56 251
56 252
56 255
56 256
56 258
56 259
56 260
56 261
56 262
56 263
56 264
56 265
56 266
56 267
56 269
56 271
56 274
56 384
56 385
56 389
56 390
56 394
56 395
56 543
56 545
56 547
56 550
56 554
56 555
56 556
56 557
56 558
56 559
56 560
56 562
56 563
56 564
56 565
56 566
56 567
56 568
56 623
56 624
56 625
56 627
56 628
56 631
56 632
56 633
56 634
56 635
56 636
56 638
56 639
56 640
56 641
56 642
56 644
56 646
56 647
56 648
56 650
56 652
56 653
56 656
56 807
56 899
56 902
56 903
56 905
56 908
56 909
56 911
56 913
56 917
57 60
57 62
57 63
57 64
57 65
57 111
57 202
57 203
57 208
57 209
57 210
57 211
57 212
57 246
57 248
57 249
57 250
57 251
57 252
57 254
57 255
57 256
57 257
57 258
57 259
57 260
57 264
57 265
57 267
57 268
57 270
57 271
57 272
57 273
57 274
57 384
57 385
57 389
57 390
57 391
57 392
57 393
57 394
57 544
57 548
57 549
57 550
57 552
57 553
57 556
57 558
57 559
57 560
57 561
57 563
57 564
57 565
57 566
57 567
57 569
57 570
57 618
57 620
57 621
57 623
57 624
57 626
57 627
57 628
57 629
57 630
57 632
57 635
57 636
57 637
57 638
57 639
57 640
57 641
57 642
57 644
57 646
57 648
57 649
57 651
57 653
57 654
57 655
57 656
57 657
57 658
57 659
57 824
57 825
57 904
57 909
57 911
57 912
57 913
58 60
58 61
58 62
58 63
58 64
58 204
58 207
58 209
58 210
58 212
58 245
58 246
58 247
58 249
58 250
58 251
58 252
58 254
58 255
58 256
58 257
58 259
58 260
58 261
58 262
58 263
58 264
58 265
58 266
58 267
58 268
58 269
58 270
58 271
58 272
58 273
58 274
58 384
58 388
58 391
58 392
58 393
58 396
58 544
58 545
58 546
58 548
58 551
58 552
58 554
58 555
58 556
58 557
58 559
58 560
58 561
58 562
58 563
58 564
58 566
58 567
58 569
58 570
58 620
58 621
58 622
58 624
58 625
58 628
58 630
58 633
58 634
58 637
58 638
58 640
58 641
58 642
58 644
58 645
58 646
58 647
58 648
58 649
58 651
58 652
58 653
58 654
58 655
58 656
58 658
58 902
58 905
58 906
58 907
58 908
58 909
58 910
58 911
58 912
58 913
58 914
58 916
59 61
59 63
59 64
59 204
59 208
59 209
59 210
59 212
59 246
59 247
59 248
59 249
59 250
59 251
59 252
59 253
59 255
59 256
59 257
59 258
59 259
59 261
59 262
59 264
59 266
59 267
59 268
59 269
59 270
59 271
59 272
59 274
59 384
59 386
59 387
59 389
59 391
59 393
59 395
59 542
59 547
59 548
59 549
59 550
59 551
59 552
59 555
59 556
59 557
59 559
59 561
59 562
59 564
59 565
59 566
59 567
59 568
59 569
59 570
59 618
59 619
59 621
59 623
59 624
59 625
59 626
59 628
59 629
59 630
59 632
59 633
59 634
59 635
59 636
59 637
59 638
59 639
59 640
59 641
59 642
59 643
59 644
59 645
59 647
59 648
59 649
59 651
59 652
59 654
59 655
59 657
59 658
59 659
59 825
59 904
59 909
59 910
59 911
59 912
59 913
59 914
59 915
60 61
60 62
60 63
60 64
60 65
60 205
60 206
60 207
60 208
60 209
60 211
60 212
60 213
60 244
60 245
60 246
60 247
60 248
60 249
60 250
60 251
60 252
60 253
60 254
60 255
60 256
60 257
60 258
60 260
60 261
60 262
60 264
60 265
60 266
60 267
60 268
60 269
60 270
60 271
60 272
60 273
60 274
60 386
60 388
60 390
60 391
60 392
60 393
60 394
60 396
60 542
60 544
60 546
60 548
60 549
60 550
60 551
60 552
60 553
60 554
60 555
60 556
60 558
60 559
60 561
60 562
60 564
60 565
60 566
60 568
60 569
60 570
60 623
60 624
60 625
60 626
60 627
60 629
60 630
60 631
60 632
60 633
60 634
60 635
60 636
60 637
60 638
60 639
60 640
60 641
60 642
60 644
60 645
60 646
60 647
60 648
60 649
60 650
60 651
60 652
60 653
60 654
60 655
60 656
60 657
60 658
60 901
60 904
60 906
60 908
60 909
60 910
60 911
60 912
60 913
60 914
60 915
61 62
61 63
61 64
61 65
61 205
61 207
61 208
61 209
61 210
61 211
61 212
61 244
61 245
61 248
61 249
61 250
61 251
61 253
61 254
61 255
61 256
61 257
61 258
61 259
61 260
61 261
61 262
61 263
61 264
61 265
61 266
61 267
61 268
61 269
61 270
61 271
61 272
61 273
61 274
61 275
61 388
61 389
61 390
61 391
61 392
61 393
61 394
61 395
61 547
61 548
61 550
61 551
61 552
61 553
61 554
61 555
61 556
61 557
61 558
61 559
61 560
61 561
61 562
61 563
61 564
61 565
61 567
61 568
61 569
61 570
61 617
61 620
61 621
61 622
61 623
61 625
61 626
61 627
61 628
61 629
61 630
61 631
61 632
61 633
61 634
61 638
61 639
61 641
61 642
61 643
61 644
61 645
61 646
61 647
61 649
61 650
61 651
61 652
61 653
61 654
61 655
61 656
61 657
61 903
61 904
61 905
61 907
61 908
61 909
61 910
61 911
61 912
61 913
61 914
61 915
62 63
62 64
62 203
62 205
62 206
62 207
62 208
62 209
62 210
62 211
62 242
62 244
62 247
62 248
62 249
62 250
62 251
62 252
62 253
62 254
62 255
62 256
62 257
62 258
62 259
62 260
62 261
62 262
62 263
62 264
62 266
62 267
62 268
62 271
62 272
62 273
62 274
62 386
62 388
62 390
62 393
62 543
62 545
62 546
62 547
62 549
62 550
62 551
62 552
62 553
62 554
62 555
62 556
62 557
62 558
62 559
62 560
62 561
62 562
62 563
62 564
62 565
62 566
62 568
62 569
62 599
62 612
62 617
62 621
62 624
62 625
62 626
62 627
62 628
62 629
62 630
62 631
62 632
62 634
62 635
62 637
62 638
62 639
62 641
62 642
62 643
62 644
62 645
62 646
62 647
62 648
62 649
62 650
62 651
62 652
62 653
62 654
62 655
62 656
62 657
62 658
62 660
62 827
62 903
62 904
62 906
62 907
62 908
62 909
62 910
62 911
62 912
62 913
62 914
62 915
62 919
63 64
63 65
63 205
63 206
63 207
63 208
63 210
63 212
63 213
63 243
63 246
63 249
63 250
63 251
63 252
63 253
63 254
63 255
63 256
63 257
63 258
63 259
63 260
63 261
63 262
63 263
63 264
63 265
63 266
63 267
63 268
63 269
63 270
63 271
63 272
63 273
63 274
63 279
63 388
63 389
63 390
63 393
63 394
63 395
63 542
63 543
63 545
63 546
63 547
63 548
63 549
63 550
63 551
63 552
63 553
63 555
63 556
63 557
63 558
63 559
63 560
63 561
63 562
63 563
63 564
63 565
63 567
63 568
63 569
63 570
63 618
63 620
63 624
63 625
63 626
63 627
63 628
63 629
63 630
63 631
63 632
63 633
63 634
63 636
63 637
63 638
63 639
63 640
63 641
63 642
63 643
63 645
63 646
63 647
63 648
63 649
63 650
63 651
63 652
63 653
63 654
63 655
63 656
63 657
63 658
63 759
63 826
63 901
63 905
63 907
63 909
63 910
63 911
63 912
63 913
63 914
63 918
64 65
64 203
64 204
64 205
64 206
64 208
64 209
64 210
64 211
64 212
64 213
64 242
64 243
64 244
64 246
64 248
64 250
64 251
64 252
64 253
64 254
64 255
64 256
64 257
64 258
64 259
64 260
64 261
64 262
64 263
64 264
64 265
64 266
64 267
64 268
64 269
64 270
64 271
64 272
64 273
64 274
64 385
64 388
64 389
64 390
64 392
64 393
64 394
64 395
64 396
64 543
64 545
64 548
64 549
64 551
64 552
64 553
64 554
64 555
64 556
64 557
64 558
64 559
64 560
64 561
64 562
64 563
64 564
64 565
64 566
64 567
64 568
64 569
64 574
64 619
64 620
64 621
64 622
64 623
64 624
64 626
64 627
64 628
64 629
64 630
64 632
64 633
64 634
64 635
64 637
64 638
64 639
64 640
64 641
64 642
64 643
64 644
64 645
64 646
64 647
64 648
64 649
64 650
64 651
64 652
64 653
64 654
64 655
64 656
64 657
64 658
64 824
64 900
64 903
64 905
64 906
64 907
64 908
64 909
64 910
64 911
64 912
64 913
64 914
64 915
65 202
65 208
65 210
65 211
65 212
65 213
65 244
65 247
65 250
65 251
65 252
65 253
65 255
65 256
65 257
65 258
65 259
65 260
65 261
65 262
65 263
65 264
65 265
65 266
65 267
65 268
65 270
65 271
65 272
65 273
65 274
65 386
65 387
65 388
65 391
65 392
65 393
65 394
65 395
65 542
65 543
65 545
65 549
65 550
65 551
65 553
65 554
65 555
65 556
65 557
65 558
65 559
65 560
65 562
65 565
65 566
65 567
65 568
65 569
65 570
65 621
65 624
65 625
65 627
65 628
65 629
65 630
65 631
65 633
65 634
65 635
65 636
65 637
65 638
65 640
65 641
65 643
65 644
65 647
65 649
65 650
65 652
65 654
65 656
65 657
65 823
65 827
65 870
65 904
65 905
65 906
65 908
65 909
65 913
65 914
66 205
66 211
66 254
66 258
66 259
66 260
66 262
66 263
66 264
66 265
66 267
66 268
66 269
66 272
66 273
66 386
66 547
66 556
66 565
66 566
66 631
66 632
66 644
66 651
66 653
66 654
66 657
66 826
67 245
67 260
67 266
67 267
67 268
67 269
67 273
67 274
67 556
67 638
67 652
67 723
67 822
68 212
68 213
68 270
68 271
68 272
68 313
68 634
68 906
69 205
69 380
69 545
69 564
70 275
70 352
74 272
76 273
80 261
80 268
81 266
82 272
82 565
83 217
83 267
87 263
87 274
88 269
88 271
88 272
89 873
90 275
95 271
99 271
100 272
103 271
104 570
105 272
106 273
110 911
112 272
121 271
121 278
122 730
126 261
131 562
131 639
131 903
132 266
132 272
132 547
132 657
133 271
133 275
134 184
137 270
144 400
145 271
151 826
158 655
159 507
171 573
174 274
191 660
194 548
198 662
200 555
201 209
201 210
201 246
201 254
201 259
201 266
201 267
201 271
201 387
201 548
201 560
201 562
201 616
201 619
201 623
201 626
201 628
201 640
201 646
201 655
202 210
202 243
202 251
202 257
202 258
202 263
202 265
202 266
202 274
202 390
202 392
202 395
202 541
202 543
202 544
202 549
202 550
202 551
202 552
202 554
202 557
202 564
202 567
202 568
202 569
202 624
202 626
202 633
202 634
202 635
202 637
202 641
202 650
202 652
202 906
202 907
202 909
202 910
202 914
203 207
203 212
203 213
203 242
203 243
203 249
203 251
203 253
203 255
203 258
203 259
203 262
203 263
203 266
203 269
203 272
203 274
203 384
203 385
203 388
203 389
203 390
203 393
203 395
203 543
203 544
203 545
203 549
203 552
203 556
203 557
203 558
203 563
203 569
203 617
203 622
203 624
203 631
203 634
203 635
203 637
203 638
203 641
203 645
203 646
203 647
203 649
203 650
203 651
203 654
203 658
203 900
203 901
203 902
203 903
203 909
203 910
203 912
203 913
203 916
204 207
204 211
204 212
204 243
204 244
204 247
204 250
204 251
204 253
204 255
204 259
204 260
204 261
204 263
204 266
204 270
204 273
204 388
204 391
204 392
204 395
204 396
204 543
204 544
204 547
204 551
204 555
204 558
204 561
204 564
204 567
204 568
204 569
204 618
204 619
204 623
204 626
204 628
204 629
204 635
204 636
204 637
204 639
204 644
204 646
204 650
204 654
204 655
204 657
204 658
204 825
204 901
204 905
204 906
204 910
204 913
204 914
205 207
205 208
205 213
205 242
205 243
205 244
205 245
205 246
205 247
205 248
205 249
205 252
205 258
205 261
205 264
205 266
205 267
205 270
205 271
205 272
205 274
205 383
205 388
205 389
205 391
205 394
205 521
205 542
205 543
205 546
205 547
205 551
205 552
205 559
205 560
205 561
205 562
205 565
205 566
205 567
205 568
205 622
205 624
205 625
205 628
205 629
205 630
205 631
205 632
205 634
205 635
205 637
205 638
205 639
205 641
205 643
205 644
205 645
205 648
205 649
205 650
205 651
205 652
205 653
205 658
205 824
205 903
205 904
205 905
205 906
205 909
205 911
205 915
206 208
206 209
206 210
206 213
206 241
206 245
206 246
206 248
206 249
206 251
206 254
206 257
206 258
206 262
206 263
206 264
206 266
206 268
206 269
206 270
206 271
206 272
206 273
206 385
206 386
206 387
206 389
206 392
206 393
206 394
206 546
206 547
206 549
206 550
206 553
206 554
206 555
206 556
206 557
206 558
206 559
206 560
206 563
206 564
206 567
206 569
206 574
206 619
206 620
206 621
206 625
206 628
206 632
206 633
206 635
206 637
206 638
206 641
206 643
206 645
206 647
206 648
206 651
206 653
206 654
206 655
206 656
206 903
206 905
206 907
206 910
206 912
206 913
206 915
207 209
207 212
207 242
207 243
207 244
207 245
207 246
207 247
207 248
207 252
207 253
207 254
207 256
207 258
207 259
207 260
207 262
207 263
207 264
207 267
207 268
207 269
207 271
207 272
207 273
207 390
207 391
207 393
207 395
207 542
207 545
207 546
207 547
207 549
207 550
207 555
207 556
207 557
207 558
207 559
207 561
207 562
207 564
207 565
207 567
207 570
207 620
207 621
207 622
207 623
207 624
207 625
207 626
207 627
207 628
207 629
207 630
207 631
207 632
207 633
207 634
207 635
207 636
207 637
207 638
207 640
207 641
207 643
207 645
207 646
207 647
207 648
207 651
207 652
207 654
207 655
207 807
207 825
207 900
207 904
207 905
207 906
207 907
207 908
207 909
207 911
208 209
208 210
208 211
208 212
208 243
208 244
208 245
208 246
208 248
208 249
208 250
208 252
208 253
208 254
208 255
208 256
208 257
208 258
208 259
208 260
208 261
208 264
208 265
208 266
208 267
208 268
208 270
208 271
208 272
208 273
208 274
208 385
208 386
208 387
208 388
208 389
208 390
208 392
208 393
208 394
208 395
208 544
208 547
208 549
208 550
208 552
208 553
208 556
208 557
208 558
208 560
208 561
208 563
208 564
208 566
208 567
208 568
208 570
208 619
208 620
208 621
208 622
208 623
208 626
208 627
208 629
208 631
208 633
208 634
208 636
208 637
208 639
208 641
208 644
208 645
208 646
208 648
208 650
208 651
208 652
208 654
208 656
208 657
208 789
208 825
208 826
208 901
208 903
208 904
208 905
208 909
208 911
208 912
208 915
208 916
209 210
209 211
209 212
209 241
209 242
209 243
209 246
209 248
209 251
209 255
209 256
209 257
209 259
209 260
209 261
209 262
209 263
209 264
209 265
209 266
209 269
209 270
209 271
209 272
209 273
209 385
209 387
209 388
209 390
209 391
209 392
209 393
209 394
209 395
209 545
209 546
209 547
209 548
209 549
209 550
209 551
209 553
209 556
209 557
209 559
209 560
209 562
209 563
209 565
209 566
209 567
209 568
209 569
209 570
209 618
209 623
209 624
209 626
209 628
209 630
209 631
209 632
209 633
209 637
209 638
209 641
209 642
209 643
209 644
209 645
209 646
209 648
209 649
209 651
209 652
209 653
209 654
209 655
209 658
209 687
209 824
209 901
209 906
209 908
209 910
209 912
209 913
209 915
210 211
210 212
210 213
210 241
210 242
210 245
210 246
210 247
210 248
210 249
210 250
210 251
210 252
210 253
210 254
210 256
210 257
210 258
210 259
210 260
210 261
210 264
210 265
210 266
210 268
210 270
210 272
210 273
210 274
210 384
210 389
210 390
210 391
210 392
210 393
210 394
210 412
210 541
210 545
210 547
210 548
210 549
210 552
210 553
210 554
210 555
210 556
210 557
210 558
210 559
210 560
210 561
210 562
210 564
210 567
210 569
210 570
210 621
210 623
210 626
210 627
210 630
210 632
210 633
210 635
210 636
210 637
210 638
210 639
210 640
210 641
210 642
210 643
210 644
210 645
210 646
210 649
210 650
210 652
210 653
210 654
210 656
210 657
210 658
210 824
210 906
210 907
210 908
210 909
210 910
210 911
210 912
210 913
210 914
210 915
210 916
211 242
211 247
211 248
211 250
211 251
211 252
211 253
211 254
211 257
211 258
211 259
211 260
211 262
211 263
211 264
211 265
211 266
211 267
211 268
211 269
211 270
211 271
211 272
211 274
211 385
211 387
211 389
211 390
211 391
211 392
211 393
211 395
211 544
211 545
211 547
211 549
211 550
211 551
211 552
211 554
211 555
211 556
211 557
211 558
211 559
211 560
211 561
211 562
211 563
211 564
211 565
211 566
211 567
211 568
211 569
211 570
211 617
211 618
211 623
211 624
211 625
211 626
211 627
211 628
211 629
211 630
211 631
211 632
211 633
211 635
211 637
211 638
211 639
211 641
211 642
211 643
211 644
211 645
211 646
211 647
211 648
211 650
211 651
211 652
211 653
211 654
211 655
211 656
211 657
211 899
211 903
211 905
211 906
211 907
211 908
211 909
211 910
211 911
211 912
211 913
211 914
211 915
211 926
212 213
212 214
212 241
212 243
212 245
212 246
212 248
212 249
212 250
212 251
212 252
212 254
212 255
212 256
212 257
212 259
212 260
212 261
212 262
212 263
212 264
212 265
212 266
212 267
212 269
212 271
212 272
212 273
212 274
212 384
212 386
212 387
212 389
212 392
212 393
212 394
212 395
212 547
212 548
212 549
212 550
212 551
212 552
212 553
212 554
212 555
212 556
212 557
212 559
212 560
212 561
212 562
212 563
212 564
212 565
212 566
212 567
212 568
212 569
212 570
212 622
212 623
212 624
212 625
212 628
212 629
212 630
212 631
212 632
212 633
212 634
212 635
212 636
212 638
212 639
212 640
212 645
212 647
212 648
212 649
212 650
212 651
212 652
212 653
212 654
212 655
212 657
212 658
212 825
212 851
212 901
212 906
212 907
212 908
212 910
212 911
212 912
212 913
212 914
212 915
213 241
213 246
213 249
213 250
213 252
213 254
213 256
213 257
213 258
213 259
213 260
213 261
213 264
213 268
213 269
213 271
213 272
213 273
213 274
213 275
213 280
213 388
213 391
213 393
213 541
213 544
213 549
213 550
213 552
213 553
213 554
213 555
213 556
213 557
213 559
213 564
213 565
213 566
213 568
213 570
213 620
213 627
213 630
213 632
213 634
213 637
213 639
213 641
213 644
213 645
213 646
213 647
213 650
213 652
213 656
213 816
213 901
213 908
213 910
213 911
214 262
214 265
214 266
214 268
214 271
214 273
214 280
214 550
214 553
214 559
214 560
214 562
214 564
214 565
214 569
214 626
214 636
214 643
214 648
214 656
214 912
215 259
215 265
215 267
215 268
215 269
215 270
215 272
215 273
215 547
215 647
216 271
216 272
216 557
216 638
216 812
216 870
217 573
217 657
218 704
220 778
240 251
240 254
240 258
240 266
240 393
240 541
240 544
240 549
240 555
240 639
240 647
240 908
240 909
240 915
241 247
241 250
241 252
241 253
241 255
241 259
241 266
241 268
241 269
241 271
241 274
241 541
241 556
241 558
241 559
241 560
241 562
241 564
241 567
241 570
241 616
241 618
241 619
241 621
241 625
241 632
241 636
241 646
241 651
241 654
241 655
241 823
241 902
241 908
241 911
241 915
242 243
242 245
242 246
242 248
242 251
242 254
242 256
242 265
242 267
242 386
242 388
242 390
242 391
242 393
242 395
242 545
242 550
242 552
242 555
242 556
242 557
242 560
242 561
242 562
242 566
242 567
242 568
242 618
242 621
242 622
242 623
242 624
242 627
242 628
242 629
242 630
242 632
242 635
242 636
242 647
242 649
242 650
242 651
242 655
242 657
242 905
242 912
242 914
242 915
243 245
243 246
243 247
243 248
243 249
243 250
243 252
243 255
243 256
243 257
243 258
243 260
243 261
243 263
243 265
243 266
243 267
243 271
243 272
243 390
243 392
243 393
243 394
243 395
243 545
243 547
243 549
243 553
243 554
243 555
243 556
243 561
243 562
243 565
243 567
243 568
243 569
243 620
243 622
243 623
243 626
243 630
243 634
243 638
243 639
243 642
243 644
243 646
243 647
243 649
243 650
243 652
243 657
243 824
243 901
243 902
243 903
243 907
243 909
243 910
243 913
243 914
243 915
244 245
244 248
244 249
244 253
244 254
244 256
244 257
244 262
244 263
244 264
244 265
244 267
244 269
244 386
244 388
244 390
244 391
244 392
244 394
244 395
244 396
244 546
244 547
244 549
244 551
244 553
244 554
244 555
244 556
244 557
244 558
244 560
244 561
244 562
244 563
244 564
244 565
244 568
244 570
244 621
244 623
244 624
244 627
244 628
244 629
244 630
244 631
244 632
244 635
244 636
244 638
244 643
244 646
244 647
244 648
244 649
244 650
244 652
244 653
244 655
244 657
244 905
244 909
244 911
244 912
244 913
244 914
244 915
245 247
245 249
245 250
245 251
245 252
245 254
245 255
245 257
245 258
245 259
245 261
245 263
245 266
245 267
245 268
245 269
245 271
245 272
245 273
245 279
245 383
245 384
245 386
245 388
245 392
245 395
245 547
245 550
245 551
245 552
245 554
245 555
245 556
245 559
245 562
245 563
245 564
245 565
245 566
245 567
245 568
245 570
245 623
245 624
245 625
245 626
245 627
245 628
245 629
245 630
245 631
245 632
245 633
245 635
245 636
245 637
245 641
245 643
245 646
245 647
245 648
245 649
245 650
245 651
245 652
245 655
245 656
245 901
245 905
245 906
245 907
245 909
245 910
245 911
245 913
245 915
245 916
246 248
246 249
246 250
246 251
246 253
246 254
246 255
246 258
246 259
246 262
246 263
246 265
246 266
246 268
246 270
246 271
246 272
246 273
246 274
246 385
246 388
246 390
246 391
246 392
246 393
246 543
246 545
246 546
246 547
246 548
246 549
246 550
246 552
246 554
246 555
246 556
246 558
246 559
246 560
246 565
246 566
246 570
246 571
246 620
246 622
246 623
246 626
246 627
246 629
246 631
246 632
246 633
246 634
246 638
246 639
246 640
246 642
246 643
246 644
246 645
246 647
246 648
246 651
246 652
246 653
246 654
246 824
246 825
246 902
246 903
246 905
246 907
246 908
246 909
246 910
246 911
246 913
246 914
246 916
247 249
247 251
247 253
247 254
247 256
247 258
247 260
247 261
247 262
247 263
247 264
247 265
247 266
247 267
247 268
247 269
247 270
247 271
247 272
247 274
247 387
247 388
247 389
247 390
247 391
247 394
247 542
247 544
247 546
247 548
247 550
247 551
247 552
247 553
247 555
247 557
247 558
247 559
247 560
247 561
247 563
247 564
247 565
247 566
247 567
247 568
247 569
247 621
247 623
247 625
247 626
247 628
247 629
247 630
247 631
247 632
247 633
247 634
247 635
247 636
247 638
247 639
247 640
247 641
247 643
247 644
247 645
247 646
247 647
247 648
247 649
247 650
247 651
247 652
247 653
247 654
247 655
247 656
247 657
247 826
247 869
247 902
247 905
247 906
247 907
247 908
247 909
247 911
247 912
247 913
247 915
247 916
247 918
248 249
248 250
248 251
248 252
248 253
248 254
248 256
248 257
248 258
248 259
248 260
248 261
248 262
248 265
248 266
248 267
248 268
248 269
248 271
248 272
248 273
248 274
248 279
248 385
248 389
248 390
248 391
248 392
248 393
248 395
248 396
248 542
248 549
248 551
248 552
248 553
248 554
248 555
248 557
248 558
248 559
248 560
248 561
248 562
248 563
248 564
248 565
248 566
248 567
248 568
248 569
248 570
248 620
248 621
248 622
248 623
248 626
248 627
248 628
248 632
248 634
248 636
248 637
248 638
248 639
248 640
248 645
248 646
248 647
248 648
248 649
248 650
248 651
248 652
248 654
248 655
248 656
248 657
248 658
248 824
248 903
248 904
248 907
248 908
248 910
248 911
248 912
248 913
248 914
248 918
249 251
249 252
249 253
249 255
249 256
249 257
249 259
249 260
249 262
249 263
249 264
249 266
249 267
249 268
249 269
249 270
249 271
249 272
249 273
249 274
249 385
249 387
249 388
249 390
249 392
249 393
249 394
249 395
249 397
249 545
249 546
249 547
249 548
249 551
249 552
249 553
249 554
249 555
249 556
249 557
249 558
249 559
249 560
249 561
249 562
249 563
249 564
249 565
249 566
249 567
249 568
249 569
249 570
249 620
249 623
249 624
249 625
249 626
249 627
249 628
249 629
249 630
249 631
249 632
249 634
249 635
249 638
249 639
249 640
249 642
249 643
249 644
249 645
249 646
249 647
249 648
249 649
249 650
249 651
249 652
249 653
249 654
249 656
249 657
249 900
249 904
249 906
249 907
249 908
249 910
249 911
249 912
249 914
249 915
250 251
250 252
250 253
250 254
250 255
250 256
250 257
250 258
250 259
250 260
250 261
250 263
250 264
250 265
250 266
250 267
250 268
250 269
250 270
250 272
250 273
250 274
250 384
250 386
250 388
250 389
250 391
250 392
250 393
250 394
250 395
250 543
250 545
250 547
250 549
250 550
250 551
250 552
250 553
250 554
250 555
250 556
250 557
250 558
250 559
250 561
250 562
250 563
250 564
250 565
250 566
250 567
250 568
250 569
250 620
250 622
250 623
250 624
250 625
250 626
250 627
250 630
250 631
250 632
250 633
250 634
250 637
250 638
250 639
250 640
250 641
250 642
250 643
250 644
250 645
250 647
250 649
250 650
250 651
250 652
250 653
250 654
250 656
250 657
250 808
250 900
250 902
250 904
250 905
250 907
250 908
250 909
250 911
250 912
250 913
250 914
250 915
251 252
251 253
251 254
251 255
251 256
251 257
251 258
251 259
251 261
251 262
251 264
251 265
251 266
251 267
251 268
251 269
251 270
251 271
251 272
251 273
251 274
251 275
251 317
251 387
251 389
251 391
251 392
251 393
251 395
251 396
251 546
251 548
251 550
251 552
251 553
251 554
251 555
251 556
251 557
251 558
251 559
251 560
251 561
251 563
251 564
251 565
251 566
251 567
251 568
251 569
251 570
251 596
251 619
251 620
251 621
251 622
251 623
251 624
251 625
251 626
251 627
251 628
251 629
251 630
251 631
251 632
251 634
251 635
251 638
251 639
251 640
251 641
251 642
251 643
251 644
251 645
251 646
251 647
251 648
251 649
251 650
251 651
251 652
251 653
251 654
251 655
251 656
251 657
251 658
251 825
251 826
251 904
251 905
251 906
251 910
251 911
251 912
251 914
251 915
251 917
252 253
252 254
252 255
252 256
252 257
252 258
252 259
252 261
252 262
252 264
252 265
252 266
252 267
252 268
252 269
252 270
252 271
252 272
252 273
252 274
252 275
252 279
252 386
252 388
252 389
252 391
252 392
252 394
252 542
252 544
252 545
252 548
252 551
252 553
252 554
252 555
252 556
252 557
252 558
252 559
252 560
252 561
252 562
252 563
252 564
252 565
252 566
252 567
252 568
252 569
252 587
252 618
252 622
252 623
252 624
252 625
252 626
252 627
252 628
252 629
252 630
252 631
252 632
252 633
252 634
252 635
252 636
252 639
252 640
252 641
252 642
252 643
252 644
252 645
252 646
252 647
252 648
252 649
252 650
252 651
252 652
252 653
252 654
252 655
252 656
252 657
252 658
252 826
252 850
252 904
252 905
252 906
252 907
252 908
252 909
252 910
252 911
252 912
252 913
252 914
252 915
253 254
253 255
253 256
253 257
253 258
253 259
253 260
253 261
253 263
253 264
253 265
253 266
253 267
253 268
253 269
253 270
253 271
253 272
253 273
253 274
253 280
253 385
253 387
253 390
253 392
253 393
253 394
253 395
253 544
253 545
253 546
253 549
253 551
253 552
253 553
253 554
253 555
253 556
253 557
253 558
253 559
253 560
253 561
253 562
253 563
253 564
253 565
253 566
253 567
253 568
253 569
253 570
253 597
253 618
253 620
253 622
253 623
253 624
253 626
253 627
253 628
253 629
253 630
253 631
253 632
253 634
253 638
253 639
253 640
253 642
253 643
253 644
253 645
253 646
253 647
253 648
253 649
253 650
253 651
253 652
253 653
253 654
253 655
253 656
253 657
253 658
253 825
253 870
253 901
253 903
253 904
253 905
253 906
253 907
253 908
253 910
253 911
253 912
253 913
253 915
254 255
254 256
254 257
254 258
254 259
254 260
254 261
254 262
254 263
254 264
254 265
254 266
254 267
254 268
254 269
254 270
254 271
254 272
254 273
254 274
254 386
254 389
254 390
254 391
254 393
254 394
254 395
254 541
254 543
254 545
254 546
254 548
254 549
254 551
254 552
254 553
254 554
254 555
254 556
254 557
254 558
254 559
254 560
254 561
254 562
254 563
254 564
254 565
254 566
254 567
254 568
254 569
254 570
254 622
254 623
254 626
254 628
254 629
254 630
254 631
254 632
254 633
254 634
254 635
254 636
254 637
254 638
254 639
254 641
254 642
254 643
254 644
254 645
254 646
254 647
254 648
254 649
254 650
254 651
254 652
254 653
254 654
254 655
254 656
254 657
254 658
254 869
254 870
254 904
254 905
254 906
254 907
254 908
254 909
254 910
254 911
254 912
254 913
254 914
254 915
255 256
255 257
255 258
255 259
255 260
255 261
255 262
255 263
255 264
255 265
255 266
255 267
255 268
255 269
255 270
255 271
255 272
255 273
255 274
255 275
255 384
255 386
255 389
255 390
255 392
255 393
255 394
255 395
255 541
255 544
255 545
255 549
255 550
255 551
255 552
255 553
255 554
255 555
255 556
255 557
255 558
255 559
255 560
255 561
255 562
255 563
255 564
255 565
255 566
255 567
255 568
255 569
255 570
255 619
255 621
255 623
255 625
255 627
255 628
255 629
255 630
255 631
255 632
255 633
255 634
255 635
255 636
255 638
255 640
255 641
255 642
255 643
255 644
255 645
255 646
255 647
255 648
255 649
255 650
255 651
255 652
255 653
255 654
255 655
255 656
255 657
255 658
255 824
255 904
255 907
255 908
255 909
255 910
255 911
255 912
255 913
255 914
255 915
256 257
256 258
256 259
256 260
256 261
256 262
256 263
256 264
256 265
256 266
256 267
256 268
256 269
256 270
256 271
256 272
256 273
256 274
256 389
256 390
256 391
256 392
256 393
256 394
256 395
256 396
256 543
256 547
256 548
256 550
256 551
256 552
256 553
256 554
256 556
256 557
256 558
256 559
256 560
256 561
256 562
256 563
256 564
256 565
256 566
256 567
256 568
256 569
256 570
256 620
256 621
256 622
256 623
256 624
256 625
256 626
256 627
256 628
256 629
256 630
256 631
256 632
256 633
256 634
256 635
256 638
256 639
256 640
256 641
256 642
256 643
256 644
256 645
256 646
256 647
256 648
256 649
256 650
256 651
256 652
256 653
256 654
256 655
256 656
256 657
256 658
256 906
256 907
256 910
256 911
256 912
256 913
256 914
256 919
257 258
257 259
257 260
257 261
257 262
257 263
257 264
257 265
257 266
257 267
257 268
257 269
257 270
257 271
257 272
257 273
257 274
257 385
257 387
257 388
257 390
257 391
257 392
257 393
257 394
257 397
257 542
257 543
257 544
257 545
257 547
257 548
257 550
257 551
257 552
257 553
257 554
257 555
257 556
257 557
257 558
257 559
257 560
257 561
257 562
257 563
257 564
257 565
257 566
257 567
257 568
257 569
257 570
257 619
257 621
257 622
257 623
257 624
257 625
257 626
257 627
257 628
257 629
257 630
257 631
257 632
257 633
257 634
257 635
257 636
257 637
257 638
257 639
257 640
257 641
257 642
257 644
257 645
257 646
257 647
257 648
257 649
257 650
257 651
257 652
257 653
257 654
257 655
257 656
257 657
257 658
257 809
257 825
257 902
257 903
257 904
257 906
257 908
257 909
257 910
257 911
257 912
257 913
257 914
257 915
257 916
258 259
258 260
258 261
258 262
258 263
258 264
258 265
258 266
258 267
258 268
258 269
258 270
258 271
258 272
258 273
258 274
258 387
258 388
258 389
258 390
258 391
258 392
258 393
258 394
258 395
258 396
258 542
258 545
258 546
258 547
258 548
258 549
258 550
258 551
258 552
258 553
258 554
258 555
258 556
258 557
258 558
258 559
258 560
258 561
258 562
258 563
258 564
258 565
258 566
258 567
258 568
258 569
258 570
258 571
258 619
258 621
258 622
258 623
258 624
258 625
258 626
258 627
258 628
258 629
258 630
258 631
258 632
258 633
258 634
258 635
258 636
258 637
258 638
258 639
258 640
258 641
258 642
258 643
258 644
258 645
258 646
258 647
258 648
258 649
258 650
258 651
258 652
258 653
258 654
258 655
258 656
258 657
258 658
258 826
258 834
258 869
258 905
258 907
258 908
258 909
258 910
258 911
258 912
258 913
258 914
258 915
259 260
259 261
259 262
259 263
259 264
259 265
259 266
259 267
259 268
259 269
259 270
259 271
259 272
259 273
259 274
259 383
259 384
259 385
259 389
259 390
259 391
259 392
259 393
259 394
259 541
259 543
259 544
259 546
259 547
259 548
259 550
259 551
259 552
259 554
259 555
259 556
259 557
259 558
259 559
259 560
259 561
259 562
259 563
259 564
259 565
259 566
259 567
259 568
259 569
259 619
259 620
259 624
259 625
259 626
259 627
259 628
259 629
259 630
259 631
259 632
259 633
259 634
259 635
259 636
259 637
259 638
259 640
259 641
259 642
259 643
259 644
259 645
259 646
259 647
259 648
259 649
259 650
259 651
259 652
259 653
259 654
259 655
259 656
259 657
259 658
259 824
259 902
259 904
259 905
259 908
259 909
259 910
259 911
259 912
259 913
259 914
259 915
259 916
259 917
260 261
260 262
260 263
260 264
260 265
260 266
260 267
260 268
260 269
260 270
260 271
260 272
260 273
260 274
260 386
260 391
260 392
260 393
260 394
260 395
260 396
260 397
260 546
260 548
260 549
260 550
260 552
260 553
260 554
260 555
260 556
260 557
260 558
260 559
260 560
260 561
260 562
260 563
260 564
260 565
260 566
260 567
260 568
260 569
260 570
260 572
260 619
260 622
260 623
260 624
260 625
260 626
260 627
260 628
260 629
260 630
260 631
260 632
260 633
260 634
260 636
260 637
260 638
260 639
260 640
260 641
260 642
260 643
260 644
260 645
260 646
260 647
260 648
260 649
260 650
260 651
260 652
260 653
260 654
260 655
260 656
260 657
260 869
260 870
260 903
260 904
260 905
260 907
260 908
260 909
260 910
260 911
260 912
260 913
260 914
260 917
261 262
261 263
261 264
261 265
261 266
261 267
261 268
261 269
261 270
261 271
261 272
261 273
261 274
261 275
261 386
261 388
261 389
261 391
261 392
261 394
261 396
261 544
261 547
261 548
261 549
261 550
261 551
261 553
261 554
261 555
261 556
261 557
261 558
261 559
261 560
261 561
261 562
261 563
261 564
261 565
261 566
261 567
261 568
261 569
261 570
261 588
261 617
261 618
261 619
261 622
261 623
261 624
261 625
261 626
261 627
261 628
261 629
261 630
261 631
261 632
261 633
261 634
261 635
261 637
261 638
261 639
261 640
261 641
261 642
261 643
261 644
261 645
261 646
261 647
261 648
261 649
261 650
261 651
261 652
261 653
261 654
261 655
261 656
261 657
261 658
261 824
261 872
261 903
261 904
261 906
261 907
261 908
261 909
261 910
261 911
261 912
261 913
261 914
261 916
262 263
262 264
262 265
262 266
262 267
262 268
262 269
262 270
262 271
262 272
262 273
262 274
262 275
262 276
262 281
262 386
262 387
262 389
262 390
262 391
262 393
262 394
262 395
262 397
262 507
262 542
262 546
262 547
262 550
262 551
262 552
262 553
262 554
262 555
262 556
262 557
262 558
262 559
262 560
262 561
262 562
262 563
262 564
262 565
262 566
262 567
262 568
262 569
262 570
262 571
262 620
262 621
262 623
262 624
262 625
262 626
262 627
262 628
262 629
262 630
262 631
262 632
262 633
262 634
262 635
262 640
262 641
262 642
262 643
262 645
262 646
262 647
262 648
262 649
262 650
262 651
262 652
262 653
262 654
262 655
262 656
262 657
262 658
262 824
262 825
262 827
262 855
262 873
262 902
262 903
262 906
262 908
262 909
262 910
262 912
262 913
262 914
262 915
262 916
262 925
263 264
263 265
263 266
263 267
263 268
263 269
263 270
263 271
263 272
263 273
263 274
263 386
263 387
263 388
263 389
263 392
263 393
263 394
263 395
263 541
263 547
263 548
263 550
263 551
263 552
263 554
263 555
263 556
263 557
263 558
263 559
263 560
263 561
263 562
263 563
263 564
263 565
263 566
263 567
263 568
263 569
263 570
263 618
263 619
263 620
263 622
263 623
263 624
263 625
263 626
263 628
263 629
263 630
263 631
263 632
263 633
263 634
263 635
263 636
263 637
263 639
263 641
263 642
263 643
263 644
263 645
263 646
263 647
263 648
263 649
263 650
263 651
263 652
263 653
263 654
263 655
263 656
263 657
263 658
263 659
263 722
263 902
263 904
263 905
263 906
263 907
263 909
263 910
263 911
263 912
263 913
263 914
263 916
263 920
264 265
264 266
264 267
264 268
264 269
264 270
264 271
264 272
264 273
264 274
264 275
264 279
264 280
264 333
264 386
264 387
264 388
264 389
264 391
264 392
264 393
264 395
264 396
264 458
264 544
264 545
264 548
264 550
264 552
264 553
264 554
264 556
264 557
264 558
264 559
264 560
264 561
264 562
264 563
264 564
264 565
264 566
264 567
264 568
264 569
264 570
264 571
264 621
264 622
264 623
264 624
264 625
264 626
264 627
264 628
264 629
264 630
264 631
264 632
264 633
264 634
264 639
264 640
264 641
264 642
264 643
264 644
264 645
264 646
264 647
264 648
264 649
264 650
264 651
264 652
264 653
264 654
264 655
264 656
264 657
264 658
264 659
264 750
264 791
264 827
264 868
264 902
264 903
264 907
264 908
264 909
264 910
264 911
264 913
264 914
264 915
264 916
265 266
265 267
265 268
265 269
265 270
265 271
265 272
265 273
265 274
265 275
265 278
265 319
265 320
265 384
265 386
265 388
265 389
265 390
265 391
265 392
265 393
265 394
265 395
265 543
265 546
265 547
265 548
265 549
265 551
265 552
265 553
265 554
265 555
265 556
265 557
265 558
265 559
265 560
265 561
265 562
265 563
265 564
265 565
265 566
265 567
265 568
265 569
265 570
265 571
265 572
265 619
265 621
265 622
265 623
265 625
265 626
265 627
265 628
265 629
265 630
265 631
265 632
265 633
265 634
265 635
265 636
265 637
265 639
265 640
265 641
265 642
265 643
265 644
265 645
265 646
265 647
265 648
265 649
265 650
265 651
265 652
265 653
265 654
265 655
265 656
265 657
265 658
265 661
265 808
265 809
265 814
265 824
265 871
265 872
265 901
265 902
265 904
265 907
265 908
265 909
265 910
265 911
265 912
265 913
265 914
265 915
265 916
265 917
265 918
265 920
266 267
266 268
266 269
266 270
266 271
266 272
266 273
266 274
266 275
266 277
266 385
266 386
266 389
266 390
266 391
266 392
266 393
266 394
266 395
266 396
266 519
266 543
266 544
266 548
266 549
266 550
266 551
266 552
266 554
266 555
266 556
266 557
266 559
266 560
266 561
266 562
266 563
266 564
266 565
266 566
266 567
266 568
266 569
266 570
266 588
266 613
266 614
266 617
266 621
266 624
266 625
266 626
266 627
266 628
266 629
266 630
266 631
266 632
266 633
266 634
266 635
266 636
266 637
266 638
266 639
266 640
266 641
266 642
266 643
266 644
266 645
266 646
266 647
266 648
266 649
266 650
266 651
266 652
266 653
266 654
266 655
266 656
266 657
266 658
266 662
266 692
266 694
266 852
266 862
266 873
266 884
266 902
266 903
266 905
266 908
266 910
266 911
266 912
266 913
266 914
266 915
266 916
266 917
266 918
267 268
267 269
267 270
267 271
267 272
267 273
267 274
267 275
267 280
267 387
267 388
267 390
267 392
267 393
267 394
267 395
267 397
267 398
267 466
267 543
267 544
267 545
267 547
267 548
267 549
267 550
267 551
267 552
267 553
267 554
267 555
267 556
267 557
267 558
267 559
267 560
267 561
267 562
267 563
267 564
267 565
267 566
267 567
267 568
267 569
267 570
267 571
267 572
267 605
267 618
267 620
267 621
267 622
267 623
267 624
267 625
267 626
267 627
267 628
267 629
267 630
267 631
267 632
267 633
267 634
267 635
267 636
267 637
267 638
267 639
267 640
267 641
267 642
267 644
267 645
267 646
267 647
267 648
267 649
267 650
267 651
267 652
267 653
267 654
267 655
267 656
267 657
267 658
267 659
267 660
267 808
267 810
267 826
267 828
267 901
267 904
267 905
267 906
267 907
267 908
267 909
267 910
267 912
267 913
267 914
267 915
267 916
268 269
268 270
268 271
268 272
268 273
268 274
268 275
268 379
268 384
268 390
268 392
268 393
268 394
268 395
268 397
268 490
268 546
268 547
268 548
268 550
268 551
268 553
268 554
268 555
268 556
268 557
268 559
268 560
268 561
268 562
268 563
268 564
268 565
268 566
268 567
268 568
268 569
268 570
268 571
268 575
268 618
268 621
268 622
268 623
268 624
268 625
268 626
268 627
268 628
268 629
268 630
268 631
268 632
268 633
268 634
268 635
268 639
268 640
268 641
268 642
268 643
268 644
268 645
268 646
268 647
268 648
268 649
268 650
268 651
268 652
268 653
268 654
268 655
268 656
268 657
268 658
268 659
268 766
268 809
268 824
268 825
268 827
268 851
268 902
268 907
268 910
268 911
268 912
268 913
268 914
268 916
268 918
269 270
269 271
269 272
269 273
269 274
269 275
269 282
269 303
269 385
269 388
269 389
269 391
269 393
269 395
269 396
269 397
269 398
269 426
269 465
269 505
269 543
269 545
269 546
269 547
269 549
269 551
269 552
269 553
269 554
269 555
269 556
269 557
269 558
269 559
269 560
269 561
269 562
269 563
269 564
269 565
269 566
269 567
269 568
269 569
269 570
269 571
269 572
269 598
269 618
269 624
269 625
269 626
269 627
269 628
269 629
269 630
269 631
269 632
269 633
269 634
269 635
269 636
269 637
269 638
269 640
269 641
269 642
269 643
269 644
269 645
269 646
269 647
269 648
269 649
269 650
269 651
269 652
269 653
269 654
269 655
269 656
269 657
269 658
269 659
269 702
269 746
269 798
269 799
269 824
269 826
269 828
269 853
269 867
269 901
269 905
269 906
269 907
269 908
269 909
269 910
269 911
269 913
269 914
269 915
269 917
269 918
270 271
270 272
270 273
270 274
270 275
270 276
270 279
270 320
270 353
270 356
270 364
270 387
270 389
270 391
270 392
270 393
270 394
270 395
270 396
270 397
270 399
270 464
270 466
270 470
270 520
270 543
270 544
270 545
270 547
270 548
270 550
270 551
270 552
270 553
270 554
270 555
270 556
270 557
270 558
270 559
270 560
270 561
270 562
270 563
270 564
270 565
270 566
270 567
270 568
270 569
270 570
270 571
270 572
270 576
270 593
270 597
270 618
270 621
270 622
270 623
270 624
270 625
270 627
270 628
270 629
270 630
270 631
270 632
270 633
270 634
270 635
270 636
270 637
270 638
270 639
270 640
270 641
270 642
270 643
270 644
270 645
270 646
270 647
270 648
270 649
270 650
270 651
270 652
270 653
270 654
270 655
270 656
270 657
270 658
270 659
270 702
270 766
270 799
270 809
270 814
270 823
270 824
270 828
270 852
270 871
270 876
270 900
270 902
270 903
270 905
270 906
270 907
270 908
270 909
270 910
270 911
270 912
270 913
270 914
270 915
270 916
270 917
270 919
271 272
271 273
271 274
271 275
271 276
271 280
271 281
271 307
271 318
271 386
271 387
271 389
271 390
271 392
271 393
271 395
271 396
271 398
271 459
271 536
271 541
271 542
271 544
271 545
271 546
271 548
271 549
271 550
271 551
271 552
271 553
271 554
271 555
271 556
271 557
271 558
271 559
271 560
271 561
271 562
271 563
271 564
271 565
271 566
271 567
271 568
271 569
271 570
271 571
271 589
271 590
271 591
271 619
271 621
271 622
271 623
271 624
271 625
271 626
271 627
271 628
271 629
271 630
271 631
271 632
271 633
271 634
271 635
271 636
271 637
271 639
271 640
271 641
271 642
271 643
271 644
271 645
271 646
271 647
271 648
271 649
271 650
271 651
271 652
271 653
271 654
271 655
271 656
271 657
271 658
271 659
271 660
271 701
271 722
271 767
271 776
271 810
271 814
271 823
271 824
271 825
271 827
271 863
271 868
271 870
271 871
271 872
271 904
271 905
271 906
271 908
271 909
271 910
271 911
271 912
271 913
271 915
271 916
271 917
271 918
271 921
271 943
272 273
272 274
272 275
272 280
272 281
272 329
272 354
272 384
272 386
272 388
272 389
272 390
272 392
272 393
272 394
272 395
272 396
272 397
272 399
272 465
272 535
272 536
272 542
272 544
272 545
272 549
272 550
272 551
272 552
272 553
272 555
272 556
272 557
272 558
272 559
272 560
272 561
272 562
272 563
272 564
272 565
272 566
272 567
272 568
272 569
272 570
272 571
272 575
272 576
272 598
272 599
272 603
272 615
272 618
272 619
272 621
272 624
272 625
272 626
272 627
272 628
272 629
272 630
272 631
272 632
272 633
272 634
272 635
272 636
272 637
272 638
272 639
272 640
272 641
272 642
272 643
272 644
272 645
272 646
272 647
272 648
272 649
272 650
272 651
272 652
272 653
272 654
272 655
272 656
272 657
272 658
272 659
272 669
272 701
272 782
272 824
272 828
272 853
272 869
272 871
272 872
272 885
272 903
272 905
272 906
272 907
272 908
272 909
272 910
272 911
272 912
272 913
272 914
272 915
272 916
272 917
272 919
272 926
273 274
273 275
273 276
273 281
273 318
273 319
273 387
273 388
273 390
273 391
273 392
273 393
273 394
273 395
273 397
273 412
273 422
273 447
273 489
273 506
273 542
273 543
273 544
273 546
273 547
273 548
273 549
273 550
273 551
273 552
273 553
273 554
273 555
273 556
273 557
273 558
273 559
273 560
273 561
273 562
273 563
273 564
273 565
273 566
273 567
273 568
273 569
273 570
273 571
273 587
273 588
273 613
273 614
273 621
273 622
273 623
273 624
273 625
273 626
273 627
273 628
273 629
273 630
273 631
273 632
273 633
273 634
273 635
273 636
273 638
273 639
273 640
273 642
273 643
273 644
273 645
273 646
273 647
273 648
273 649
273 650
273 651
273 652
273 653
273 654
273 655
273 656
273 657
273 658
273 659
273 660
273 661
273 758
273 768
273 787
273 792
273 793
273 807
273 824
273 859
273 868
273 896
273 899
273 906
273 907
273 908
273 909
273 910
273 911
273 912
273 913
273 914
273 915
273 916
273 917
273 918
273 919
273 927
273 928
274 275
274 311
274 321
274 384
274 387
274 388
274 389
274 391
274 392
274 393
274 394
274 395
274 397
274 398
274 490
274 505
274 543
274 545
274 548
274 550
274 551
274 552
274 553
274 554
274 555
274 556
274 557
274 558
274 559
274 560
274 561
274 562
274 563
274 564
274 565
274 566
274 567
274 568
274 569
274 570
274 572
274 576
274 597
274 615
274 618
274 619
274 621
274 622
274 623
274 625
274 626
274 627
274 628
274 629
274 630
274 631
274 632
274 633
274 634
274 635
274 636
274 639
274 640
274 641
274 642
274 643
274 644
274 645
274 646
274 647
274 648
274 649
274 650
274 651
274 652
274 653
274 654
274 655
274 656
274 657
274 658
274 808
274 811
274 852
274 870
274 871
274 873
274 903
274 905
274 906
274 907
274 908
274 909
274 910
274 911
274 912
274 913
274 914
274 915
275 384
275 395
275 399
275 550
275 563
275 565
275 566
275 567
275 568
275 633
275 635
275 636
275 639
275 651
275 652
275 658
275 742
275 793
275 810
275 899
275 905
275 906
275 909
275 913
275 920
276 282
276 523
276 569
276 653
276 799
276 854
277 567
277 661
277 663
277 911
278 281
278 394
278 565
278 569
279 280
279 631
279 633
279 825
279 912
280 550
280 633
280 913
281 506
283 841
312 857
314 708
317 562
317 648
317 808
318 656
319 629
320 471
322 413
328 646
334 639
353 628
354 623
354 655
355 392
355 569
355 653
355 827
356 702
357 572
358 637
359 823
364 922
382 905
383 387
383 394
383 544
383 567
383 569
383 620
383 624
383 638
383 901
383 902
383 908
383 912
384 394
384 395
384 543
384 544
384 545
384 546
384 547
384 550
384 558
384 570
384 617
384 622
384 624
384 633
384 636
384 637
384 639
384 645
384 648
384 652
384 654
384 902
384 904
384 917
385 387
385 388
385 389
385 391
385 394
385 544
385 547
385 549
385 554
385 555
385 565
385 568
385 619
385 624
385 626
385 627
385 628
385 631
385 633
385 635
385 638
385 646
385 647
385 648
385 653
385 654
385 655
385 657
385 766
385 905
385 906
386 388
386 389
386 390
386 391
386 544
386 545
386 546
386 549
386 550
386 553
386 554
386 556
386 557
386 559
386 562
386 565
386 566
386 567
386 618
386 619
386 621
386 622
386 623
386 624
386 632
386 637
386 639
386 655
386 656
386 823
386 825
386 903
386 907
386 908
386 911
386 912
387 388
387 390
387 544
387 546
387 547
387 548
387 549
387 551
387 552
387 554
387 555
387 557
387 558
387 559
387 565
387 566
387 568
387 569
387 570
387 620
387 621
387 622
387 624
387 627
387 628
387 631
387 632
387 636
387 639
387 640
387 641
387 645
387 646
387 647
387 648
387 649
387 651
387 654
387 657
387 658
387 824
387 904
387 906
387 907
387 908
387 911
387 912
387 914
388 389
388 392
388 393
388 394
388 543
388 546
388 547
388 552
388 553
388 557
388 558
388 560
388 561
388 562
388 566
388 567
388 569
388 617
388 620
388 621
388 623
388 627
388 628
388 631
388 632
388 634
388 636
388 640
388 642
388 643
388 644
388 645
388 646
388 647
388 649
388 650
388 651
388 653
388 654
388 656
388 825
388 904
388 906
388 907
388 908
388 911
388 912
388 913
388 915
388 916
389 390
389 393
389 394
389 395
389 542
389 543
389 545
389 546
389 547
389 548
389 549
389 550
389 551
389 553
389 556
389 557
389 558
389 560
389 561
389 562
389 563
389 565
389 566
389 567
389 568
389 570
389 618
389 620
389 622
389 626
389 627
389 629
389 632
389 633
389 634
389 637
389 639
389 643
389 644
389 645
389 646
389 648
389 650
389 651
389 652
389 653
389 654
389 655
389 656
389 900
389 904
389 905
389 907
389 908
389 909
389 911
389 912
389 914
389 915
390 391
390 392
390 393
390 394
390 395
390 544
390 545
390 546
390 549
390 553
390 554
390 555
390 556
390 557
390 558
390 560
390 561
390 562
390 563
390 564
390 565
390 566
390 567
390 568
390 569
390 570
390 620
390 622
390 623
390 624
390 627
390 630
390 631
390 632
390 633
390 634
390 635
390 637
390 638
390 639
390 641
390 643
390 644
390 645
390 646
390 647
390 648
390 649
390 650
390 652
390 653
390 655
390 656
390 657
390 658
390 823
390 825
390 901
390 903
390 906
390 907
390 908
390 909
390 910
390 912
390 913
390 914
390 915
390 916
391 392
391 395
391 396
391 542
391 543
391 544
391 545
391 547
391 548
391 549
391 550
391 551
391 553
391 554
391 555
391 556
391 557
391 559
391 561
391 562
391 564
391 566
391 568
391 570
391 621
391 623
391 624
391 626
391 627
391 628
391 629
391 630
391 631
391 632
391 633
391 634
391 638
391 640
391 641
391 643
391 644
391 645
391 646
391 647
391 649
391 650
391 652
391 653
391 655
391 656
391 657
391 658
391 659
391 806
391 807
391 902
391 904
391 905
391 906
391 907
391 908
391 909
391 911
391 912
391 913
391 914
391 916
392 394
392 543
392 545
392 547
392 548
392 549
392 550
392 551
392 552
392 553
392 555
392 558
392 559
392 560
392 561
392 562
392 564
392 565
392 566
392 567
392 568
392 569
392 619
392 620
392 621
392 623
392 624
392 625
392 627
392 628
392 629
392 631
392 632
392 634
392 636
392 637
392 638
392 639
392 641
392 642
392 643
392 644
392 645
392 646
392 648
392 649
392 650
392 651
392 652
392 653
392 654
392 655
392 657
392 658
392 870
392 905
392 907
392 908
392 909
392 910
392 911
392 915
392 916
393 394
393 395
393 543
393 544
393 545
393 546
393 547
393 548
393 549
393 551
393 552
393 553
393 554
393 555
393 556
393 557
393 558
393 559
393 560
393 561
393 562
393 563
393 564
393 565
393 567
393 568
393 569
393 570
393 619
393 621
393 622
393 623
393 625
393 626
393 627
393 628
393 629
393 630
393 631
393 632
393 635
393 637
393 639
393 640
393 641
393 642
393 643
393 644
393 645
393 646
393 647
393 648
393 649
393 650
393 651
393 654
393 655
393 656
393 657
393 658
393 900
393 901
393 903
393 904
393 905
393 906
393 907
393 908
393 909
393 910
393 912
393 913
393 914
393 918
394 395
394 543
394 544
394 546
394 547
394 549
394 550
394 551
394 552
394 553
394 554
394 555
394 556
394 558
394 559
394 560
394 561
394 562
394 563
394 564
394 565
394 566
394 567
394 568
394 570
394 575
394 616
394 618
394 621
394 622
394 625
394 627
394 628
394 629
394 630
394 631
394 632
394 633
394 634
394 635
394 636
394 637
394 639
394 641
394 642
394 643
394 645
394 646
394 647
394 649
394 650
394 651
394 652
394 653
394 654
394 655
394 656
394 657
394 808
394 902
394 906
394 907
394 908
394 910
394 911
394 912
394 913
394 914
394 915
395 424
395 543
395 546
395 547
395 549
395 550
395 551
395 552
395 553
395 557
395 558
395 559
395 561
395 562
395 563
395 564
395 565
395 567
395 568
395 569
395 570
395 618
395 619
395 623
395 626
395 627
395 630
395 631
395 632
395 633
395 634
395 635
395 636
395 637
395 640
395 641
395 642
395 644
395 645
395 647
395 648
395 649
395 651
395 652
395 653
395 654
395 655
395 656
395 657
395 658
395 822
395 902
395 905
395 906
395 908
395 909
395 911
395 912
396 549
396 554
396 557
396 559
396 560
396 561
396 564
396 565
396 566
396 568
396 570
396 625
396 626
396 628
396 629
396 630
396 645
396 646
396 648
396 652
396 904
396 913
397 559
397 567
397 630
397 641
398 564
398 567
398 570
398 655
399 656
399 920
400 571
425 565
445 568
456 736
466 649
467 801
471 925
472 508
473 900
480 572
489 652
491 902
506 645
506 908
507 571
524 817
525 642
526 660
540 633
541 555
541 561
541 566
541 618
541 629
541 648
541 655
541 656
542 544
542 545
542 553
542 563
542 564
542 569
542 570
542 618
542 620
542 627
542 641
542 648
542 654
542 656
542 657
542 658
542 906
542 908
542 910
543 550
543 554
543 555
543 559
543 561
543 565
543 566
543 568
543 569
543 625
543 627
543 642
543 644
543 646
543 649
543 650
543 903
543 913
543 917
544 546
544 551
544 552
544 553
544 555
544 558
544 562
544 563
544 564
544 620
544 627
544 628
544 635
544 636
544 639
544 642
544 643
544 645
544 646
544 647
544 649
544 650
544 653
544 654
544 905
544 907
544 910
544 913
544 914
544 916
545 546
545 547
545 548
545 549
545 550
545 551
545 553
545 555
545 559
545 560
545 562
545 567
545 568
545 569
545 570
545 617
545 620
545 622
545 623
545 625
545 626
545 627
545 628
545 632
545 633
545 636
545 645
545 647
545 648
545 649
545 650
545 651
545 652
545 654
545 657
545 824
545 905
545 908
545 911
545 912
545 914
545 916
546 548
546 551
546 552
546 554
546 555
546 556
546 559
546 560
546 564
546 565
546 566
546 567
546 568
546 569
546 570
546 621
546 622
546 623
546 625
546 626
546 627
546 628
546 629
546 632
546 634
546 636
546 637
546 638
546 639
546 641
546 642
546 643
546 645
546 647
546 649
546 651
546 652
546 653
546 654
546 655
546 657
546 903
546 904
546 905
546 909
546 910
546 913
546 914
546 915
547 550
547 551
547 552
547 553
547 554
547 559
547 560
547 561
547 562
547 563
547 565
547 566
547 567
547 569
547 618
547 619
547 620
547 622
547 624
547 625
547 627
547 628
547 634
547 635
547 637
547 642
547 643
547 646
547 647
547 648
547 653
547 654
547 656
547 826
547 903
547 904
547 913
547 914
547 915
548 550
548 552
548 553
548 554
548 555
548 557
548 558
548 559
548 560
548 563
548 564
548 565
548 566
548 567
548 568
548 570
548 618
548 621
548 623
548 624
548 626
548 627
548 628
548 629
548 631
548 633
548 634
548 635
548 636
548 637
548 638
548 639
548 640
548 641
548 642
548 643
548 644
548 645
548 646
548 647
548 649
548 650
548 651
548 652
548 654
548 655
548 656
548 657
548 658
548 824
548 825
548 903
548 906
548 907
548 910
548 911
548 912
548 913
549 551
549 554
549 555
549 556
549 558
549 559
549 561
549 562
549 563
549 566
549 567
549 568
549 569
549 620
549 621
549 622
549 626
549 628
549 629
549 631
549 632
549 633
549 634
549 635
549 637
549 639
549 640
549 641
549 642
549 643
549 644
549 645
549 646
549 647
549 648
549 649
549 650
549 651
549 652
549 653
549 654
549 655
549 656
549 900
549 903
549 905
549 907
549 908
549 910
549 911
549 912
549 913
549 914
549 915
550 552
550 553
550 554
550 555
550 556
550 557
550 558
550 561
550 562
550 563
550 564
550 565
550 567
550 568
550 569
550 570
550 618
550 619
550 620
550 621
550 622
550 623
550 624
550 625
550 628
550 629
550 630
550 632
550 633
550 634
550 637
550 638
550 639
550 640
550 642
550 643
550 644
550 645
550 646
550 647
550 648
550 649
550 650
550 652
550 653
550 654
550 655
550 656
550 657
550 659
550 807
550 824
550 868
550 901
550 902
550 905
550 908
550 909
550 910
550 911
550 912
550 913
550 914
550 915
550 917
551 552
551 553
551 554
551 555
551 556
551 557
551 559
551 560
551 561
551 563
551 564
551 565
551 566
551 567
551 568
551 569
551 570
551 622
551 623
551 624
551 625
551 626
551 627
551 628
551 629
551 630
551 631
551 632
551 633
551 635
551 638
551 639
551 640
551 642
551 644
551 645
551 646
551 647
551 648
551 649
551 650
551 654
551 656
551 657
551 853
551 902
551 903
551 904
551 906
551 908
551 909
551 912
551 913
551 914
551 916
552 553
552 554
552 555
552 557
552 558
552 559
552 560
552 561
552 562
552 563
552 564
552 565
552 566
552 567
552 568
552 571
552 618
552 620
552 621
552 622
552 623
552 624
552 625
552 626
552 629
552 630
552 632
552 634
552 636
552 637
552 639
552 640
552 641
552 642
552 645
552 646
552 647
552 648
552 650
552 651
552 652
552 653
552 655
552 656
552 658
552 703
552 824
552 827
552 904
552 906
552 907
552 909
552 910
552 911
552 912
552 913
552 914
553 554
553 555
553 557
553 558
553 559
553 561
553 562
553 563
553 564
553 565
553 566
553 567
553 568
553 569
553 570
553 618
553 620
553 621
553 623
553 625
553 626
553 627
553 628
553 629
553 630
553 631
553 633
553 634
553 637
553 638
553 639
553 640
553 641
553 642
553 644
553 645
553 646
553 647
553 650
553 652
553 653
553 654
553 655
553 656
553 657
553 658
553 822
553 901
553 903
553 904
553 907
553 908
553 909
553 910
553 911
553 912
553 913
553 914
554 555
554 556
554 557
554 558
554 559
554 561
554 562
554 563
554 564
554 565
554 566
554 567
554 568
554 569
554 570
554 571
554 618
554 619
554 620
554 621
554 623
554 624
554 625
554 626
554 627
554 628
554 629
554 630
554 631
554 632
554 633
554 634
554 635
554 637
554 638
554 639
554 640
554 641
554 642
554 643
554 644
554 645
554 646
554 647
554 648
554 649
554 651
554 652
554 653
554 654
554 655
554 656
554 657
554 658
554 902
554 903
554 906
554 907
554 908
554 909
554 910
554 911
554 912
554 913
554 914
554 915
554 917
554 918
555 556
555 557
555 558
555 559
555 560
555 561
555 562
555 564
555 565
555 566
555 567
555 568
555 569
555 570
555 619
555 623
555 624
555 625
555 626
555 627
555 628
555 629
555 630
555 631
555 632
555 633
555 634
555 635
555 636
555 637
555 638
555 639
555 640
555 641
555 642
555 643
555 644
555 645
555 646
555 647
555 648
555 649
555 650
555 651
555 652
555 653
555 654
555 655
555 656
555 657
555 658
555 900
555 903
555 906
555 907
555 909
555 910
555 911
555 912
555 913
555 914
555 915
556 557
556 558
556 559
556 560
556 561
556 562
556 563
556 564
556 565
556 566
556 567
556 568
556 570
556 618
556 620
556 621
556 622
556 623
556 624
556 625
556 626
556 627
556 628
556 629
556 630
556 632
556 633
556 634
556 635
556 638
556 640
556 641
556 642
556 643
556 644
556 645
556 646
556 647
556 648
556 649
556 650
556 651
556 652
556 653
556 655
556 656
556 657
556 658
556 825
556 901
556 902
556 907
556 909
556 910
556 911
556 912
556 913
557 558
557 559
557 560
557 561
557 562
557 563
557 564
557 565
557 566
557 567
557 568
557 569
557 570
557 571
557 620
557 622
557 624
557 625
557 626
557 627
557 628
557 629
557 630
557 631
557 632
557 633
557 634
557 636
557 637
557 639
557 640
557 641
557 643
557 644
557 645
557 646
557 647
557 648
557 649
557 650
557 651
557 652
557 653
557 654
557 655
557 656
557 657
557 658
557 792
557 809
557 824
557 825
557 901
557 903
557 905
557 906
557 908
557 909
557 910
557 911
557 912
557 913
557 914
557 915
557 918
558 559
558 560
558 561
558 562
558 563
558 564
558 565
558 566
558 567
558 568
558 569
558 570
558 619
558 621
558 622
558 623
558 625
558 626
558 627
558 628
558 629
558 630
558 631
558 632
558 633
558 635
558 637
558 638
558 640
558 641
558 642
558 643
558 644
558 645
558 646
558 647
558 648
558 649
558 650
558 651
558 652
558 653
558 654
558 655
558 656
558 657
558 658
558 824
558 825
558 827
558 902
558 904
558 905
558 906
558 907
558 908
558 909
558 910
558 911
558 912
558 913
558 914
559 560
559 561
559 562
559 563
559 564
559 565
559 566
559 567
559 568
559 569
559 570
559 619
559 622
559 623
559 624
559 625
559 626
559 627
559 628
559 630
559 631
559 632
559 633
559 634
559 635
559 637
559 638
559 639
559 641
559 642
559 643
559 644
559 645
559 646
559 647
559 648
559 649
559 650
559 651
559 652
559 653
559 654
559 655
559 656
559 657
559 658
559 765
559 901
559 905
559 906
559 907
559 909
559 910
559 911
559 912
559 913
559 914
559 915
560 561
560 562
560 563
560 564
560 565
560 566
560 567
560 568
560 569
560 570
560 571
560 618
560 619
560 621
560 623
560 624
560 626
560 627
560 628
560 629
560 630
560 631
560 632
560 633
560 634
560 638
560 639
560 640
560 641
560 642
560 643
560 644
560 645
560 646
560 647
560 648
560 649
560 650
560 651
560 652
560 653
560 654
560 655
560 656
560 657
560 658
560 730
560 902
560 905
560 906
560 908
560 909
560 910
560 911
560 912
560 913
560 914
560 915
560 916
560 918
561 562
561 563
561 564
561 565
561 566
561 567
561 568
561 569
561 570
561 616
561 617
561 618
561 621
561 624
561 625
561 626
561 627
561 628
561 629
561 630
561 631
561 632
561 633
561 634
561 636
561 638
561 639
561 640
561 641
561 642
561 643
561 644
561 645
561 646
561 647
561 648
561 649
561 650
561 651
561 652
561 653
561 654
561 655
561 656
561 657
561 658
561 806
561 851
561 901
561 902
561 904
561 905
561 906
561 907
561 908
561 910
561 911
561 912
561 913
561 914
561 915
562 563
562 564
562 565
562 566
562 567
562 568
562 569
562 570
562 618
562 620
562 621
562 622
562 623
562 624
562 625
562 626
562 627
562 628
562 629
562 630
562 631
562 632
562 633
562 634
562 635
562 636
562 637
562 638
562 639
562 640
562 641
562 642
562 643
562 644
562 645
562 646
562 647
562 648
562 649
562 650
562 651
562 652
562 653
562 654
562 655
562 656
562 657
562 658
562 659
562 766
562 807
562 808
562 851
562 868
562 872
562 902
562 904
562 905
562 906
562 908
562 909
562 910
562 912
562 913
562 914
562 915
562 916
563 564
563 565
563 566
563 567
563 568
563 569
563 570
563 620
563 621
563 623
563 625
563 626
563 627
563 628
563 629
563 630
563 631
563 632
563 633
563 634
563 636
563 637
563 639
563 640
563 641
563 642
563 643
563 644
563 645
563 646
563 647
563 648
563 649
563 650
563 651
563 652
563 653
563 654
563 655
563 656
563 657
563 658
563 807
563 826
563 871
563 904
563 905
563 906
563 909
563 910
563 911
563 912
563 913
563 914
563 915
563 918
564 565
564 566
564 567
564 568
564 569
564 570
564 571
564 617
564 618
564 619
564 621
564 622
564 623
564 624
564 625
564 626
564 627
564 628
564 629
564 630
564 631
564 632
564 633
564 634
564 635
564 638
564 642
564 643
564 644
564 645
564 646
564 647
564 648
564 649
564 650
564 651
564 652
564 653
564 654
564 655
564 656
564 657
564 658
564 659
564 808
564 823
564 825
564 870
564 904
564 905
564 906
564 908
564 909
564 910
564 911
564 912
564 913
564 914
564 915
565 566
565 567
565 568
565 569
565 570
565 571
565 598
565 618
565 620
565 621
565 622
565 623
565 625
565 626
565 627
565 629
565 630
565 631
565 632
565 633
565 634
565 635
565 636
565 637
565 638
565 639
565 640
565 641
565 642
565 643
565 644
565 645
565 647
565 648
565 649
565 650
565 651
565 652
565 653
565 654
565 655
565 656
565 657
565 658
565 659
565 823
565 826
565 900
565 902
565 904
565 905
565 906
565 907
565 908
565 909
565 910
565 911
565 912
565 913
565 914
565 915
565 917
565 918
565 920
566 567
566 568
566 569
566 570
566 617
566 619
566 620
566 621
566 622
566 623
566 624
566 626
566 627
566 629
566 630
566 631
566 632
566 633
566 634
566 635
566 636
566 638
566 639
566 640
566 641
566 642
566 643
566 644
566 645
566 646
566 647
566 648
566 649
566 650
566 651
566 652
566 653
566 654
566 655
566 656
566 657
566 658
566 825
566 901
566 906
566 907
566 909
566 910
566 911
566 912
566 913
566 914
566 915
566 916
566 917
566 919
567 568
567 569
567 570
567 617
567 621
567 622
567 625
567 626
567 627
567 628
567 629
567 630
567 631
567 632
567 633
567 634
567 635
567 636
567 638
567 639
567 640
567 641
567 642
567 643
567 644
567 645
567 646
567 647
567 648
567 649
567 650
567 651
567 652
567 653
567 654
567 655
567 656
567 657
567 658
567 807
567 827
567 852
567 902
567 903
567 904
567 906
567 908
567 910
567 912
567 913
567 914
567 915
568 569
568 570
568 600
568 618
568 621
568 622
568 623
568 625
568 626
568 627
568 628
568 629
568 630
568 631
568 632
568 633
568 634
568 635
568 636
568 637
568 638
568 639
568 640
568 641
568 642
568 643
568 644
568 645
568 646
568 647
568 648
568 649
568 650
568 651
568 652
568 653
568 654
568 655
568 656
568 657
568 658
568 900
568 903
568 904
568 905
568 906
568 907
568 909
568 911
568 913
568 914
568 917
568 919
569 570
569 571
569 618
569 619
569 621
569 622
569 623
569 624
569 625
569 626
569 627
569 628
569 629
569 630
569 631
569 632
569 633
569 635
569 637
569 638
569 639
569 640
569 641
569 642
569 643
569 644
569 645
569 646
569 647
569 648
569 649
569 650
569 651
569 652
569 653
569 654
569 655
569 656
569 657
569 658
569 809
569 826
569 827
569 904
569 905
569 906
569 907
569 908
569 910
569 911
569 912
569 913
569 914
570 605
570 618
570 622
570 623
570 624
570 626
570 627
570 628
570 629
570 630
570 631
570 632
570 633
570 634
570 635
570 636
570 637
570 638
570 640
570 641
570 642
570 643
570 644
570 645
570 646
570 647
570 648
570 649
570 650
570 651
570 652
570 653
570 654
570 655
570 656
570 657
570 658
570 660
570 813
570 905
570 907
570 908
570 909
570 910
570 911
570 913
570 927
571 623
571 628
571 629
571 638
571 640
571 652
571 653
571 656
571 657
571 914
572 769
572 829
573 768
574 643
575 917
577 800
578 917
585 645
598 635
598 655
608 921
616 642
616 724
616 902
617 623
617 624
617 633
617 636
617 639
617 647
617 653
617 654
617 655
617 904
617 908
617 911
618 620
618 623
618 625
618 626
618 627
618 630
618 632
618 638
618 643
618 648
618 650
618 653
618 654
618 656
618 824
618 825
618 903
618 908
618 909
619 621
619 622
619 628
619 630
619 632
619 635
619 637
619 639
619 644
619 650
619 651
619 656
619 658
619 823
619 903
619 904
619 905
619 908
619 909
619 911
619 912
619 914
620 621
620 622
620 625
620 627
620 628
620 633
620 635
620 637
620 638
620 639
620 642
620 645
620 646
620 647
620 650
620 654
620 658
620 825
620 900
620 903
620 904
620 905
620 906
620 907
620 908
620 912
621 622
621 624
621 625
621 626
621 627
621 629
621 630
621 631
621 634
621 635
621 636
621 637
621 639
621 640
621 642
621 645
621 647
621 650
621 651
621 653
621 655
621 656
621 657
621 658
621 902
621 904
621 905
621 906
621 907
621 910
621 911
621 913
621 914
621 917
622 623
622 624
622 625
622 626
622 627
622 629
622 631
622 632
622 633
622 634
622 636
622 638
622 640
622 641
622 646
622 647
622 648
622 651
622 652
622 653
622 656
622 657
622 825
622 903
622 904
622 905
622 907
622 908
622 910
622 911
622 912
622 914
623 624
623 625
623 627
623 628
623 629
623 630
623 631
623 634
623 635
623 636
623 637
623 638
623 639
623 642
623 643
623 644
623 645
623 646
623 647
623 648
623 649
623 650
623 651
623 652
623 653
623 655
623 656
623 657
623 824
623 904
623 905
623 906
623 907
623 908
623 909
623 910
623 911
623 912
623 913
623 915
623 917
624 625
624 626
624 627
624 628
624 629
624 630
624 632
624 633
624 634
624 635
624 637
624 638
624 640
624 641
624 642
624 643
624 644
624 645
624 646
624 648
624 649
624 652
624 653
624 654
624 655
624 656
624 657
624 658
624 902
624 905
624 906
624 907
624 909
624 911
624 912
624 913
624 914
624 918
625 626
625 628
625 629
625 630
625 631
625 633
625 634
625 635
625 637
625 638
625 639
625 640
625 641
625 642
625 643
625 644
625 645
625 646
625 648
625 649
625 650
625 651
625 652
625 653
625 654
625 655
625 656
625 657
625 823
625 865
625 906
625 907
625 908
625 909
625 910
625 911
625 912
625 913
625 914
625 916
626 627
626 628
626 629
626 630
626 631
626 632
626 633
626 634
626 635
626 637
626 638
626 640
626 641
626 642
626 644
626 646
626 647
626 648
626 649
626 650
626 651
626 652
626 653
626 654
626 655
626 656
626 657
626 658
626 660
626 822
626 901
626 903
626 904
626 906
626 907
626 908
626 909
626 910
626 911
626 912
626 913
626 914
626 934
627 628
627 629
627 630
627 631
627 632
627 633
627 635
627 636
627 637
627 638
627 639
627 640
627 641
627 642
627 643
627 644
627 645
627 646
627 647
627 648
627 649
627 650
627 651
627 652
627 653
627 654
627 655
627 656
627 657
627 658
627 807
627 905
627 906
627 907
627 908
627 909
627 910
627 911
627 912
627 913
627 914
627 915
627 917
628 629
628 630
628 631
628 632
628 633
628 634
628 635
628 637
628 638
628 639
628 640
628 641
628 642
628 643
628 644
628 645
628 646
628 647
628 648
628 649
628 650
628 651
628 652
628 653
628 654
628 655
628 656
628 657
628 658
628 903
628 906
628 908
628 910
628 911
628 912
628 913
628 914
629 630
629 631
629 632
629 633
629 635
629 639
629 641
629 642
629 643
629 644
629 645
629 646
629 647
629 648
629 650
629 651
629 652
629 653
629 654
629 655
629 656
629 657
629 658
629 904
629 905
629 908
629 909
629 910
629 911
629 912
629 913
629 914
630 631
630 632
630 633
630 634
630 635
630 636
630 638
630 639
630 640
630 641
630 642
630 643
630 644
630 646
630 647
630 648
630 649
630 650
630 651
630 652
630 653
630 654
630 655
630 656
630 657
630 658
630 824
630 825
630 903
630 905
630 906
630 909
630 910
630 912
630 913
630 914
630 915
631 632
631 633
631 634
631 635
631 636
631 638
631 641
631 642
631 643
631 644
631 645
631 646
631 647
631 648
631 649
631 650
631 651
631 652
631 653
631 654
631 655
631 656
631 657
631 658
631 870
631 871
631 902
631 905
631 907
631 909
631 910
631 911
631 912
631 913
631 914
631 915
632 633
632 635
632 637
632 638
632 639
632 641
632 642
632 643
632 644
632 645
632 646
632 647
632 648
632 649
632 650
632 651
632 652
632 653
632 654
632 655
632 656
632 657
632 658
632 904
632 905
632 906
632 907
632 908
632 910
632 911
632 912
632 913
632 914
632 915
633 634
633 638
633 639
633 640
633 641
633 642
633 643
633 644
633 645
633 646
633 647
633 648
633 649
633 650
633 651
633 652
633 653
633 654
633 655
633 656
633 657
633 658
633 659
633 825
633 901
633 909
633 910
633 911
633 912
633 913
633 914
633 915
633 918
634 635
634 637
634 638
634 639
634 640
634 641
634 642
634 643
634 644
634 645
634 646
634 647
634 649
634 650
634 651
634 652
634 653
634 654
634 655
634 656
634 657
634 808
634 827
634 869
634 905
634 906
634 907
634 908
634 909
634 910
634 911
634 913
634 914
634 915
634 916
635 637
635 639
635 640
635 641
635 642
635 643
635 644
635 646
635 647
635 648
635 650
635 651
635 652
635 653
635 656
635 657
635 658
635 659
635 853
635 901
635 903
635 906
635 907
635 908
635 911
635 912
635 914
635 916
636 637
636 638
636 642
636 644
636 645
636 647
636 649
636 650
636 651
636 652
636 653
636 654
636 655
636 656
636 659
636 902
636 903
636 907
636 908
636 909
636 910
636 911
636 912
636 913
636 914
636 915
636 921
637 638
637 639
637 641
637 642
637 643
637 645
637 646
637 648
637 649
637 650
637 652
637 653
637 654
637 655
637 656
637 657
637 794
637 810
637 903
637 905
637 906
637 908
637 910
637 911
637 912
637 913
638 639
638 640
638 642
638 643
638 645
638 646
638 649
638 650
638 651
638 653
638 654
638 655
638 823
638 906
638 907
638 908
638 912
638 913
638 914
638 915
638 916
639 640
639 641
639 642
639 643
639 644
639 645
639 646
639 647
639 649
639 651
639 652
639 653
639 654
639 655
639 656
639 902
639 904
639 906
639 907
639 909
639 910
639 911
639 913
639 914
639 916
640 641
640 642
640 643
640 644
640 645
640 646
640 647
640 648
640 650
640 651
640 653
640 654
640 655
640 656
640 823
640 825
640 902
640 903
640 905
640 906
640 907
640 908
640 909
640 910
640 911
640 912
640 913
640 914
640 915
641 642
641 643
641 645
641 646
641 647
641 648
641 649
641 650
641 651
641 652
641 653
641 654
641 656
641 657
641 824
641 901
641 904
641 906
641 907
641 908
641 909
641 910
641 911
641 912
641 913
641 915
642 643
642 644
642 645
642 646
642 647
642 648
642 649
642 650
642 651
642 653
642 654
642 655
642 656
642 657
642 658
642 825
642 826
642 900
642 903
642 904
642 906
642 907
642 908
642 909
642 911
642 912
642 913
642 914
642 915
643 644
643 645
643 646
643 647
643 648
643 649
643 650
643 652
643 653
643 654
643 655
643 656
643 657
643 658
643 823
643 851
643 902
643 904
643 905
643 906
643 908
643 909
643 910
643 911
643 912
643 913
643 914
643 915
644 645
644 646
644 647
644 648
644 649
644 650
644 651
644 652
644 653
644 654
644 655
644 656
644 657
644 659
644 825
644 901
644 902
644 905
644 907
644 908
644 909
644 911
644 912
644 913
644 915
644 916
645 646
645 647
645 648
645 649
645 650
645 651
645 652
645 653
645 654
645 655
645 656
645 657
645 658
645 825
645 826
645 902
645 903
645 905
645 906
645 908
645 909
645 910
645 911
645 912
645 913
645 914
645 915
645 916
646 647
646 648
646 649
646 650
646 651
646 652
646 653
646 654
646 655
646 656
646 657
646 658
646 826
646 871
646 904
646 905
646 906
646 907
646 909
646 910
646 911
646 912
646 913
646 915
646 917
646 919
647 648
647 649
647 650
647 651
647 652
647 653
647 654
647 655
647 656
647 657
647 658
647 813
647 824
647 825
647 901
647 902
647 904
647 905
647 906
647 910
647 911
647 912
647 913
647 914
647 915
648 649
648 650
648 651
648 652
648 653
648 654
648 655
648 656
648 657
648 658
648 823
648 825
648 826
648 827
648 905
648 906
648 907
648 908
648 909
648 910
648 912
648 913
648 914
648 915
648 916
649 650
649 651
649 652
649 653
649 654
649 655
649 656
649 657
649 659
649 728
649 823
649 824
649 826
649 902
649 905
649 906
649 907
649 908
649 909
649 910
649 911
649 912
649 913
649 914
649 915
649 918
650 651
650 652
650 653
650 654
650 655
650 656
650 657
650 658
650 825
650 904
650 905
650 907
650 908
650 909
650 911
650 912
650 913
650 914
650 915
651 652
651 653
651 654
651 655
651 656
651 657
651 824
651 904
651 905
651 906
651 907
651 909
651 910
651 911
651 912
651 913
651 914
651 915
651 916
651 919
652 653
652 654
652 655
652 656
652 657
652 658
652 765
652 899
652 906
652 907
652 908
652 909
652 910
652 911
652 912
652 913
652 914
652 925
653 654
653 655
653 656
653 657
653 658
653 826
653 903
653 905
653 906
653 907
653 908
653 909
653 910
653 911
653 912
653 913
653 914
653 916
654 655
654 656
654 657
654 658
654 736
654 813
654 825
654 826
654 902
654 903
654 906
654 907
654 909
654 910
654 912
654 914
654 915
654 916
655 656
655 657
655 658
655 659
655 824
655 869
655 905
655 906
655 907
655 908
655 909
655 910
655 911
655 912
655 913
655 914
655 915
656 657
656 658
656 670
656 823
656 824
656 825
656 826
656 870
656 900
656 901
656 902
656 904
656 905
656 906
656 908
656 909
656 910
656 911
656 912
656 914
657 658
657 808
657 815
657 825
657 900
657 905
657 906
657 907
657 908
657 910
657 911
657 912
657 913
657 914
657 915
658 909
658 910
658 911
658 912
658 913
658 914
658 915
658 916
658 919
658 920
659 737
659 873
659 910
660 685
660 830
661 919
663 915
685 912
686 821
700 913
707 828
719 889
723 874
809 886
822 906
823 904
824 900
824 915
825 903
825 907
825 915
826 908
829 863
851 875
856 871
872 926
874 918
901 903
901 905
901 907
901 910
901 911
901 913
902 909
902 911
902 913
902 917
903 904
903 906
903 908
903 910
903 914
903 915
904 906
904 910
904 913
904 915
905 906
905 907
905 908
905 909
905 910
905 911
905 914
906 907
906 908
906 910
906 911
906 912
906 914
907 908
907 910
907 911
907 912
907 913
907 914
907 915
907 927
908 909
908 910
908 911
908 912
908 913
908 914
908 915
909 910
909 911
909 912
909 913
909 914
910 912
910 914
911 912
911 913
911 914
911 915
912 913
912 914
912 915
913 914
913 915
914 915
914 919
915 916
916 948
