1 11
1 36
1 48
1 140
1 148
1 150
1 151
1 153
1 162
1 322
1 333
1 353
1 851
2 7
2 10
2 11
2 12
2 34
2 35
2 37
2 51
2 136
2 141
2 146
2 150
2 151
2 154
2 155
2 156
2 164
2 212
2 216
2 217
2 218
2 219
2 224
2 227
2 232
2 290
2 293
2 301
2 329
2 331
2 335
2 336
2 338
2 339
2 344
2 346
2 348
2 350
2 739
2 744
2 853
3 9
3 10
3 27
3 30
3 31
3 40
3 44
3 45
3 46
3 47
3 50
3 76
3 79
3 138
3 140
3 148
3 149
3 150
3 155
3 158
3 164
3 165
3 215
3 217
3 218
3 219
3 220
3 227
3 233
3 284
3 287
3 288
3 292
3 300
3 301
3 303
3 304
3 305
3 306
3 324
3 327
3 330
3 332
3 333
3 335
3 346
3 350
3 351
3 741
3 743
3 745
3 747
3 748
3 852
3 855
4 6
4 7
4 10
4 11
4 12
4 33
4 39
4 41
4 42
4 43
4 49
4 50
4 78
4 138
4 144
4 146
4 152
4 156
4 159
4 160
4 163
4 165
4 166
4 215
4 220
4 222
4 223
4 225
4 227
4 228
4 284
4 285
4 286
4 288
4 290
4 297
4 300
4 301
4 303
4 306
4 308
4 320
4 322
4 327
4 328
4 333
4 339
4 341
4 343
4 347
4 349
4 353
4 561
4 740
4 742
4 745
4 746
4 747
5 7
5 10
5 11
5 13
5 30
5 33
5 34
5 37
5 38
5 39
5 40
5 43
5 44
5 47
5 49
5 50
5 51
5 78
5 139
5 143
5 145
5 146
5 148
5 149
5 150
5 151
5 152
5 153
5 154
5 155
5 157
5 158
5 161
5 163
5 164
5 165
5 214
5 215
5 216
5 220
5 221
5 223
5 225
5 227
5 229
5 230
5 232
5 283
5 287
5 288
5 290
5 291
5 295
5 296
5 297
5 298
5 299
5 301
5 303
5 304
5 306
5 324
5 326
5 327
5 331
5 332
5 333
5 335
5 336
5 338
5 340
5 341
5 342
5 343
5 344
5 346
5 347
5 348
5 351
5 739
5 741
5 745
5 746
5 747
5 852
5 853
5 855
5 856
6 8
6 9
6 11
6 12
6 29
6 31
6 32
6 36
6 40
6 46
6 47
6 48
6 49
6 50
6 51
6 77
6 137
6 141
6 143
6 144
6 146
6 148
6 149
6 151
6 153
6 155
6 156
6 157
6 158
6 159
6 160
6 161
6 162
6 163
6 164
6 165
6 217
6 221
6 222
6 223
6 224
6 225
6 226
6 227
6 230
6 232
6 233
6 285
6 287
6 289
6 291
6 294
6 298
6 299
6 300
6 302
6 303
6 304
6 305
6 323
6 328
6 329
6 331
6 332
6 334
6 335
6 336
6 337
6 341
6 342
6 343
6 344
6 345
6 348
6 349
6 350
6 351
6 353
6 744
6 745
6 746
6 747
6 855
7 9
7 10
7 11
7 12
7 13
7 26
7 33
7 34
7 35
7 36
7 38
7 40
7 41
7 42
7 44
7 46
7 47
7 48
7 49
7 50
7 51
7 77
7 78
7 79
7 138
7 141
7 144
7 145
7 146
7 148
7 149
7 150
7 151
7 153
7 154
7 157
7 158
7 160
7 163
7 164
7 165
7 217
7 219
7 220
7 221
7 222
7 223
7 224
7 228
7 230
7 232
7 233
7 286
7 287
7 288
7 289
7 291
7 292
7 293
7 294
7 295
7 297
7 298
7 299
7 301
7 303
7 321
7 322
7 323
7 326
7 327
7 328
7 330
7 331
7 333
7 334
7 335
7 337
7 338
7 339
7 340
7 343
7 344
7 345
7 346
7 348
7 349
7 457
7 737
7 739
7 741
7 744
7 745
7 746
7 747
7 748
7 854
7 856
8 9
8 12
8 27
8 31
8 33
8 35
8 37
8 41
8 43
8 44
8 45
8 47
8 48
8 50
8 79
8 138
8 139
8 141
8 142
8 144
8 145
8 146
8 147
8 149
8 150
8 151
8 154
8 156
8 157
8 159
8 160
8 161
8 163
8 164
8 165
8 166
8 217
8 218
8 221
8 222
8 223
8 224
8 225
8 226
8 229
8 230
8 232
8 288
8 289
8 290
8 292
8 293
8 294
8 295
8 296
8 297
8 299
8 300
8 301
8 302
8 304
8 305
8 319
8 322
8 323
8 324
8 325
8 327
8 330
8 332
8 333
8 334
8 335
8 336
8 337
8 338
8 339
8 340
8 341
8 342
8 343
8 344
8 345
8 347
8 348
8 349
8 350
8 351
8 352
8 353
8 739
8 740
8 742
8 744
8 746
8 747
8 855
9 10
9 11
9 13
9 30
9 34
9 35
9 36
9 37
9 39
9 42
9 43
9 44
9 45
9 46
9 47
9 49
9 50
9 78
9 140
9 141
9 142
9 143
9 144
9 145
9 146
9 148
9 149
9 151
9 152
9 153
9 154
9 155
9 156
9 158
9 159
9 160
9 161
9 163
9 164
9 213
9 217
9 219
9 221
9 224
9 225
9 226
9 227
9 228
9 229
9 230
9 231
9 232
9 233
9 283
9 285
9 286
9 287
9 288
9 290
9 292
9 294
9 295
9 296
9 297
9 298
9 299
9 300
9 301
9 302
9 303
9 304
9 305
9 321
9 323
9 324
9 325
9 326
9 327
9 329
9 330
9 332
9 333
9 334
9 335
9 336
9 337
9 338
9 340
9 342
9 343
9 344
9 345
9 346
9 347
9 348
9 350
9 351
9 352
9 353
9 355
9 558
9 742
9 743
9 745
9 747
9 748
9 853
10 11
10 12
10 13
10 31
10 33
10 34
10 36
10 38
10 39
10 40
10 41
10 42
10 43
10 44
10 47
10 48
10 49
10 50
10 51
10 77
10 79
10 138
10 139
10 140
10 141
10 142
10 143
10 144
10 145
10 147
10 148
10 149
10 150
10 151
10 152
10 153
10 154
10 155
10 156
10 157
10 158
10 159
10 160
10 161
10 162
10 163
10 164
10 214
10 215
10 218
10 219
10 220
10 221
10 223
10 224
10 225
10 227
10 228
10 230
10 231
10 232
10 233
10 283
10 285
10 286
10 287
10 289
10 290
10 291
10 292
10 294
10 295
10 296
10 297
10 298
10 299
10 300
10 301
10 302
10 303
10 304
10 305
10 321
10 322
10 324
10 325
10 326
10 327
10 328
10 329
10 331
10 332
10 333
10 334
10 335
10 336
10 337
10 338
10 339
10 340
10 341
10 342
10 343
10 344
10 345
10 346
10 347
10 348
10 350
10 351
10 352
10 353
10 738
10 740
10 743
10 744
10 746
11 12
11 14
11 36
11 37
11 38
11 39
11 40
11 41
11 42
11 43
11 44
11 45
11 46
11 48
11 49
11 50
11 51
11 78
11 136
11 140
11 141
11 142
11 143
11 144
11 145
11 146
11 147
11 149
11 150
11 151
11 152
11 153
11 155
11 156
11 157
11 158
11 159
11 161
11 162
11 163
11 164
11 165
11 215
11 216
11 219
11 220
11 221
11 222
11 223
11 224
11 225
11 226
11 227
11 228
11 229
11 230
11 231
11 232
11 233
11 284
11 285
11 286
11 287
11 288
11 290
11 291
11 292
11 293
11 295
11 297
11 298
11 299
11 300
11 301
11 302
11 303
11 304
11 305
11 306
11 307
11 323
11 324
11 325
11 327
11 328
11 329
11 331
11 332
11 333
11 334
11 336
11 338
11 339
11 342
11 343
11 344
11 345
11 347
11 348
11 349
11 350
11 351
11 352
11 353
11 739
11 740
11 742
11 743
11 744
11 745
11 747
11 753
11 854
11 856
12 13
12 30
12 31
12 33
12 37
12 40
12 44
12 45
12 47
12 49
12 50
12 51
12 56
12 77
12 80
12 120
12 138
12 140
12 141
12 142
12 143
12 145
12 146
12 147
12 151
12 152
12 153
12 154
12 155
12 156
12 157
12 158
12 159
12 160
12 162
12 164
12 165
12 213
12 215
12 218
12 220
12 221
12 222
12 223
12 224
12 225
12 226
12 227
12 228
12 229
12 230
12 231
12 282
12 286
12 287
12 288
12 289
12 290
12 291
12 292
12 293
12 294
12 295
12 296
12 297
12 298
12 299
12 300
12 302
12 303
12 304
12 305
12 306
12 322
12 324
12 326
12 327
12 328
12 330
12 331
12 332
12 334
12 335
12 336
12 337
12 339
12 340
12 341
12 342
12 343
12 344
12 345
12 346
12 347
12 349
12 350
12 351
12 352
12 462
12 738
12 741
12 742
12 743
12 744
12 745
12 746
12 747
12 851
12 854
12 855
13 34
13 38
13 39
13 41
13 45
13 46
13 47
13 48
13 49
13 50
13 51
13 141
13 142
13 143
13 145
13 146
13 148
13 149
13 150
13 153
13 154
13 155
13 156
13 158
13 161
13 162
13 163
13 164
13 219
13 220
13 222
13 223
13 224
13 225
13 227
13 228
13 230
13 231
13 232
13 233
13 289
13 290
13 292
13 293
13 295
13 296
13 299
13 300
13 301
13 302
13 321
13 325
13 326
13 327
13 329
13 330
13 331
13 332
13 333
13 334
13 336
13 339
13 340
13 341
13 342
13 344
13 345
13 346
13 347
13 349
13 350
13 351
13 352
13 353
13 556
13 739
13 743
13 744
13 747
13 853
14 43
14 44
14 50
14 142
14 152
14 153
14 162
14 163
14 215
14 218
14 225
14 228
14 295
14 300
14 306
14 326
14 331
14 332
14 333
14 340
14 344
14 346
14 350
14 351
14 352
14 353
15 46
15 47
15 156
15 337
15 341
15 345
15 347
15 349
15 351
15 559
15 766
16 162
16 301
16 345
16 351
16 355
17 84
17 349
17 931
18 308
21 351
22 350
24 349
25 223
25 233
25 320
26 35
26 36
26 40
26 41
26 144
26 153
26 157
26 164
26 165
26 233
26 291
26 292
26 320
26 326
26 341
26 345
26 347
26 740
26 744
27 39
27 46
27 48
27 49
27 140
27 147
27 154
27 156
27 161
27 222
27 225
27 230
27 232
27 286
27 287
27 291
27 293
27 294
27 297
27 302
27 304
27 326
27 334
27 336
27 342
27 353
27 745
27 852
28 139
28 150
28 151
28 152
28 155
28 229
28 233
28 293
28 298
28 305
28 325
28 332
28 334
28 336
28 342
28 344
28 348
28 349
28 353
28 738
28 739
28 743
28 744
29 37
29 41
29 42
29 77
29 141
29 146
29 148
29 158
29 160
29 164
29 215
29 219
29 284
29 298
29 299
29 323
29 338
29 343
29 345
29 346
29 348
29 349
29 350
29 351
29 352
30 35
30 39
30 40
30 41
30 43
30 44
30 162
30 214
30 215
30 216
30 219
30 225
30 229
30 284
30 285
30 289
30 294
30 295
30 297
30 300
30 303
30 305
30 322
30 334
30 337
30 343
30 344
30 348
30 349
30 350
30 351
30 742
30 746
30 747
30 855
31 35
31 37
31 45
31 46
31 47
31 136
31 137
31 141
31 149
31 150
31 152
31 154
31 155
31 156
31 157
31 160
31 219
31 221
31 222
31 224
31 227
31 228
31 229
31 233
31 292
31 301
31 302
31 326
31 327
31 329
31 332
31 334
31 338
31 339
31 341
31 347
31 349
31 350
31 351
31 353
31 740
31 741
31 743
31 744
31 746
31 854
32 34
32 35
32 36
32 41
32 42
32 46
32 47
32 49
32 51
32 76
32 143
32 144
32 147
32 148
32 150
32 151
32 153
32 156
32 157
32 159
32 160
32 161
32 162
32 165
32 195
32 214
32 215
32 218
32 219
32 221
32 222
32 224
32 225
32 229
32 230
32 233
32 286
32 292
32 294
32 295
32 296
32 298
32 301
32 322
32 327
32 333
32 334
32 335
32 336
32 340
32 341
32 344
32 345
32 346
32 347
32 349
32 350
32 351
32 743
33 40
33 43
33 45
33 46
33 47
33 78
33 140
33 141
33 143
33 144
33 145
33 147
33 148
33 149
33 150
33 152
33 157
33 158
33 159
33 161
33 163
33 165
33 215
33 216
33 220
33 222
33 224
33 226
33 227
33 232
33 233
33 284
33 286
33 287
33 288
33 290
33 292
33 293
33 294
33 296
33 297
33 300
33 302
33 303
33 305
33 320
33 322
33 324
33 326
33 327
33 329
33 332
33 333
33 334
33 336
33 340
33 342
33 343
33 344
33 349
33 352
33 742
33 748
33 855
33 903
34 35
34 37
34 38
34 39
34 40
34 41
34 42
34 43
34 44
34 46
34 47
34 48
34 49
34 50
34 52
34 78
34 140
34 142
34 144
34 146
34 147
34 148
34 149
34 150
34 152
34 153
34 154
34 155
34 156
34 157
34 159
34 160
34 161
34 164
34 212
34 214
34 216
34 217
34 219
34 221
34 222
34 223
34 224
34 227
34 228
34 229
34 231
34 232
34 283
34 285
34 286
34 289
34 290
34 291
34 292
34 293
34 294
34 297
34 298
34 302
34 303
34 304
34 322
34 323
34 325
34 326
34 328
34 329
34 330
34 331
34 334
34 335
34 337
34 340
34 341
34 342
34 344
34 345
34 346
34 347
34 351
34 352
34 353
34 354
34 738
34 740
34 742
34 743
34 745
34 746
34 747
34 851
34 855
35 37
35 40
35 41
35 42
35 43
35 48
35 49
35 50
35 80
35 140
35 142
35 144
35 148
35 149
35 150
35 153
35 155
35 156
35 159
35 160
35 161
35 162
35 163
35 164
35 214
35 216
35 219
35 223
35 224
35 225
35 227
35 228
35 229
35 282
35 285
35 286
35 287
35 289
35 291
35 292
35 293
35 296
35 297
35 298
35 299
35 300
35 301
35 303
35 305
35 306
35 321
35 323
35 324
35 325
35 326
35 328
35 329
35 332
35 335
35 337
35 339
35 340
35 341
35 342
35 344
35 345
35 346
35 347
35 348
35 349
35 350
35 351
35 738
35 741
35 742
35 743
35 746
35 747
35 853
36 38
36 39
36 40
36 41
36 42
36 45
36 46
36 47
36 48
36 49
36 50
36 76
36 78
36 79
36 138
36 144
36 145
36 146
36 148
36 149
36 150
36 151
36 152
36 153
36 154
36 155
36 156
36 157
36 158
36 159
36 160
36 161
36 162
36 163
36 165
36 217
36 218
36 221
36 222
36 223
36 224
36 225
36 226
36 227
36 228
36 230
36 231
36 232
36 233
36 282
36 284
36 287
36 288
36 290
36 291
36 292
36 293
36 294
36 295
36 297
36 299
36 301
36 302
36 303
36 304
36 305
36 306
36 320
36 322
36 324
36 325
36 326
36 327
36 331
36 333
36 335
36 336
36 337
36 338
36 339
36 340
36 341
36 342
36 343
36 344
36 345
36 346
36 347
36 348
36 350
36 353
36 741
36 742
36 743
36 745
36 747
36 748
36 853
36 854
36 855
37 38
37 39
37 40
37 41
37 42
37 44
37 45
37 46
37 47
37 48
37 49
37 50
37 51
37 77
37 136
37 138
37 139
37 141
37 143
37 144
37 146
37 147
37 148
37 149
37 151
37 152
37 153
37 154
37 155
37 157
37 159
37 160
37 161
37 162
37 163
37 165
37 213
37 214
37 217
37 218
37 220
37 221
37 223
37 224
37 225
37 226
37 227
37 228
37 229
37 230
37 231
37 232
37 233
37 281
37 282
37 286
37 287
37 289
37 290
37 292
37 293
37 295
37 296
37 298
37 299
37 300
37 301
37 305
37 306
37 307
37 320
37 321
37 322
37 324
37 325
37 326
37 327
37 329
37 332
37 333
37 335
37 336
37 337
37 339
37 340
37 341
37 342
37 343
37 344
37 345
37 346
37 347
37 348
37 349
37 350
37 351
37 352
37 353
37 739
37 742
37 743
37 745
37 746
37 747
37 748
37 853
38 39
38 40
38 41
38 42
38 43
38 44
38 45
38 46
38 47
38 48
38 49
38 50
38 51
38 78
38 138
38 140
38 142
38 143
38 144
38 146
38 147
38 149
38 150
38 151
38 153
38 154
38 156
38 157
38 158
38 159
38 160
38 161
38 162
38 164
38 213
38 215
38 218
38 219
38 220
38 223
38 225
38 226
38 227
38 228
38 229
38 230
38 231
38 232
38 233
38 284
38 286
38 289
38 290
38 291
38 292
38 293
38 294
38 295
38 296
38 297
38 298
38 299
38 300
38 301
38 302
38 304
38 305
38 306
38 307
38 321
38 326
38 327
38 328
38 330
38 331
38 332
38 333
38 334
38 335
38 336
38 337
38 338
38 339
38 340
38 341
38 342
38 343
38 344
38 345
38 348
38 349
38 350
38 351
38 352
38 353
38 741
38 742
38 743
38 744
38 747
38 851
39 40
39 41
39 42
39 43
39 44
39 45
39 46
39 47
39 48
39 49
39 50
39 51
39 77
39 78
39 80
39 136
39 139
39 141
39 142
39 143
39 145
39 148
39 149
39 150
39 152
39 153
39 154
39 155
39 156
39 158
39 160
39 161
39 162
39 163
39 164
39 165
39 166
39 213
39 214
39 215
39 216
39 217
39 218
39 220
39 221
39 222
39 223
39 224
39 225
39 226
39 227
39 229
39 230
39 231
39 232
39 233
39 287
39 289
39 290
39 291
39 292
39 294
39 295
39 296
39 297
39 299
39 300
39 301
39 302
39 303
39 304
39 305
39 306
39 309
39 323
39 324
39 325
39 326
39 327
39 328
39 329
39 330
39 331
39 332
39 333
39 334
39 335
39 336
39 337
39 338
39 339
39 340
39 341
39 342
39 343
39 344
39 345
39 346
39 347
39 348
39 349
39 350
39 351
39 352
39 353
39 737
39 740
39 744
39 745
39 746
39 747
39 748
39 749
39 854
40 41
40 43
40 44
40 45
40 46
40 47
40 49
40 50
40 51
40 138
40 139
40 141
40 143
40 145
40 146
40 147
40 148
40 149
40 150
40 151
40 152
40 153
40 155
40 156
40 157
40 158
40 159
40 160
40 162
40 163
40 164
40 165
40 215
40 217
40 219
40 221
40 222
40 223
40 224
40 225
40 226
40 227
40 228
40 229
40 230
40 231
40 232
40 233
40 285
40 286
40 287
40 288
40 289
40 290
40 291
40 292
40 293
40 294
40 295
40 296
40 297
40 298
40 299
40 300
40 301
40 302
40 303
40 304
40 305
40 306
40 324
40 325
40 327
40 328
40 329
40 330
40 331
40 332
40 333
40 334
40 335
40 336
40 337
40 338
40 340
40 341
40 343
40 344
40 345
40 346
40 347
40 348
40 349
40 350
40 351
40 352
40 353
40 431
40 740
40 741
40 744
40 746
40 747
41 42
41 44
41 45
41 46
41 47
41 48
41 49
41 50
41 51
41 138
41 139
41 140
41 141
41 143
41 144
41 145
41 146
41 147
41 148
41 149
41 151
41 152
41 153
41 154
41 155
41 156
41 157
41 158
41 159
41 160
41 161
41 162
41 164
41 213
41 215
41 221
41 222
41 223
41 224
41 225
41 226
41 227
41 228
41 230
41 232
41 233
41 284
41 285
41 286
41 287
41 288
41 290
41 291
41 292
41 293
41 294
41 295
41 296
41 298
41 300
41 301
41 302
41 303
41 304
41 305
41 321
41 322
41 324
41 326
41 327
41 328
41 329
41 330
41 331
41 332
41 333
41 334
41 335
41 336
41 337
41 338
41 339
41 340
41 341
41 343
41 345
41 346
41 347
41 348
41 349
41 350
41 351
41 352
41 353
41 743
41 744
41 746
41 747
41 852
41 853
41 855
42 43
42 44
42 45
42 46
42 47
42 48
42 49
42 50
42 51
42 79
42 140
42 141
42 143
42 144
42 145
42 146
42 147
42 148
42 149
42 150
42 151
42 152
42 153
42 154
42 155
42 156
42 157
42 158
42 159
42 160
42 161
42 162
42 163
42 164
42 165
42 216
42 217
42 219
42 220
42 221
42 222
42 223
42 224
42 225
42 226
42 227
42 228
42 229
42 230
42 231
42 232
42 235
42 284
42 285
42 286
42 287
42 289
42 291
42 292
42 293
42 294
42 295
42 296
42 297
42 298
42 299
42 300
42 301
42 302
42 303
42 304
42 305
42 306
42 322
42 323
42 324
42 325
42 326
42 327
42 328
42 329
42 330
42 331
42 332
42 334
42 335
42 336
42 337
42 338
42 339
42 340
42 341
42 342
42 343
42 344
42 345
42 346
42 347
42 349
42 350
42 351
42 352
42 353
42 463
42 740
42 741
42 742
42 745
42 746
42 747
42 748
42 854
43 44
43 45
43 46
43 47
43 48
43 49
43 50
43 51
43 77
43 81
43 137
43 138
43 139
43 142
43 144
43 145
43 147
43 148
43 149
43 150
43 152
43 153
43 154
43 155
43 156
43 157
43 158
43 159
43 160
43 161
43 162
43 163
43 164
43 165
43 214
43 215
43 216
43 218
43 220
43 221
43 222
43 223
43 224
43 225
43 226
43 227
43 228
43 229
43 230
43 231
43 232
43 233
43 284
43 286
43 288
43 289
43 290
43 293
43 294
43 295
43 296
43 297
43 298
43 299
43 300
43 301
43 302
43 303
43 304
43 305
43 306
43 319
43 322
43 323
43 324
43 326
43 327
43 328
43 329
43 330
43 331
43 332
43 333
43 334
43 335
43 336
43 337
43 338
43 339
43 340
43 341
43 342
43 343
43 344
43 345
43 346
43 347
43 348
43 349
43 350
43 351
43 352
43 353
43 354
43 739
43 740
43 741
43 742
43 745
43 746
43 747
43 748
43 845
44 45
44 46
44 47
44 48
44 49
44 50
44 51
44 137
44 141
44 142
44 145
44 146
44 147
44 148
44 149
44 150
44 151
44 152
44 153
44 154
44 155
44 156
44 157
44 158
44 159
44 160
44 161
44 162
44 163
44 164
44 165
44 213
44 215
44 218
44 219
44 220
44 221
44 222
44 223
44 224
44 225
44 226
44 227
44 228
44 229
44 230
44 231
44 232
44 233
44 234
44 284
44 287
44 288
44 289
44 291
44 292
44 293
44 294
44 295
44 296
44 298
44 299
44 300
44 301
44 302
44 303
44 304
44 305
44 306
44 307
44 322
44 323
44 324
44 325
44 327
44 328
44 329
44 330
44 331
44 332
44 333
44 334
44 335
44 336
44 337
44 338
44 339
44 340
44 341
44 342
44 343
44 344
44 345
44 346
44 347
44 348
44 349
44 350
44 351
44 352
44 353
44 741
44 743
44 744
44 745
44 746
44 747
44 852
44 854
44 855
45 46
45 47
45 48
45 49
45 50
45 51
45 78
45 79
45 81
45 136
45 138
45 140
45 143
45 144
45 145
45 146
45 147
45 149
45 151
45 152
45 153
45 154
45 155
45 156
45 157
45 158
45 159
45 160
45 161
45 162
45 163
45 164
45 165
45 215
45 217
45 218
45 219
45 221
45 222
45 223
45 225
45 226
45 227
45 228
45 229
45 230
45 231
45 232
45 233
45 234
45 284
45 287
45 288
45 289
45 290
45 291
45 292
45 293
45 294
45 295
45 296
45 297
45 298
45 299
45 300
45 301
45 302
45 303
45 304
45 305
45 306
45 323
45 324
45 325
45 326
45 327
45 328
45 329
45 330
45 331
45 332
45 333
45 334
45 335
45 336
45 337
45 338
45 339
45 340
45 341
45 342
45 343
45 344
45 345
45 346
45 347
45 348
45 349
45 350
45 351
45 352
45 353
45 713
45 738
45 741
45 742
45 743
45 745
45 746
45 747
45 748
46 47
46 48
46 49
46 50
46 51
46 52
46 79
46 80
46 142
46 143
46 144
46 145
46 146
46 147
46 148
46 149
46 150
46 151
46 152
46 153
46 154
46 155
46 156
46 157
46 158
46 159
46 160
46 161
46 162
46 163
46 164
46 165
46 214
46 217
46 219
46 220
46 222
46 223
46 224
46 225
46 226
46 227
46 228
46 229
46 230
46 231
46 232
46 233
46 283
46 284
46 286
46 287
46 289
46 290
46 292
46 293
46 294
46 295
46 296
46 297
46 298
46 299
46 300
46 301
46 302
46 303
46 304
46 305
46 306
46 307
46 324
46 325
46 326
46 327
46 328
46 329
46 330
46 331
46 332
46 333
46 334
46 335
46 336
46 337
46 338
46 339
46 340
46 341
46 342
46 343
46 344
46 345
46 346
46 347
46 348
46 349
46 350
46 351
46 352
46 353
46 740
46 743
46 745
46 746
46 747
46 748
46 852
46 855
46 891
47 48
47 49
47 50
47 77
47 80
47 138
47 139
47 140
47 141
47 142
47 143
47 144
47 145
47 147
47 148
47 149
47 150
47 151
47 152
47 153
47 154
47 155
47 156
47 157
47 158
47 159
47 160
47 161
47 162
47 163
47 164
47 165
47 215
47 216
47 217
47 219
47 220
47 221
47 222
47 223
47 224
47 227
47 228
47 229
47 230
47 231
47 232
47 233
47 285
47 288
47 289
47 290
47 291
47 292
47 293
47 294
47 295
47 296
47 297
47 298
47 299
47 300
47 301
47 302
47 303
47 304
47 305
47 306
47 307
47 323
47 324
47 325
47 326
47 327
47 328
47 329
47 330
47 331
47 332
47 333
47 334
47 335
47 336
47 337
47 338
47 339
47 340
47 341
47 342
47 343
47 344
47 345
47 346
47 347
47 348
47 349
47 350
47 351
47 352
47 353
47 354
47 454
47 558
47 739
47 742
47 745
47 747
47 748
47 750
47 854
48 49
48 50
48 51
48 76
48 80
48 82
48 139
48 141
48 142
48 143
48 146
48 147
48 148
48 149
48 150
48 151
48 152
48 153
48 154
48 155
48 156
48 157
48 158
48 159
48 160
48 161
48 162
48 163
48 164
48 165
48 214
48 215
48 218
48 219
48 220
48 221
48 222
48 223
48 224
48 225
48 226
48 227
48 228
48 229
48 230
48 231
48 232
48 233
48 234
48 285
48 287
48 288
48 289
48 290
48 292
48 293
48 294
48 295
48 296
48 297
48 298
48 299
48 300
48 301
48 302
48 303
48 304
48 305
48 306
48 307
48 324
48 325
48 326
48 327
48 330
48 331
48 332
48 333
48 334
48 335
48 336
48 337
48 338
48 339
48 340
48 341
48 342
48 343
48 344
48 345
48 346
48 347
48 348
48 349
48 350
48 351
48 352
48 353
48 354
48 739
48 744
48 746
48 747
48 749
48 853
48 891
49 50
49 51
49 79
49 81
49 136
49 137
49 139
49 141
49 144
49 145
49 146
49 147
49 148
49 149
49 150
49 151
49 152
49 153
49 154
49 155
49 156
49 157
49 158
49 159
49 160
49 161
49 162
49 163
49 164
49 165
49 167
49 217
49 218
49 219
49 220
49 221
49 222
49 223
49 224
49 225
49 226
49 228
49 229
49 230
49 231
49 232
49 233
49 234
49 235
49 282
49 284
49 285
49 287
49 289
49 291
49 292
49 293
49 294
49 295
49 296
49 297
49 298
49 299
49 300
49 301
49 302
49 303
49 304
49 305
49 306
49 308
49 320
49 323
49 325
49 326
49 327
49 328
49 329
49 330
49 331
49 332
49 333
49 334
49 335
49 336
49 337
49 338
49 339
49 340
49 341
49 342
49 343
49 344
49 345
49 346
49 347
49 348
49 349
49 350
49 351
49 352
49 353
49 354
49 737
49 740
49 742
49 743
49 745
49 746
49 747
49 855
49 856
50 51
50 77
50 78
50 79
50 80
50 82
50 137
50 138
50 139
50 142
50 143
50 144
50 145
50 146
50 147
50 148
50 149
50 150
50 151
50 152
50 153
50 154
50 155
50 156
50 157
50 158
50 159
50 160
50 161
50 162
50 163
50 164
50 165
50 166
50 213
50 215
50 218
50 219
50 221
50 222
50 223
50 224
50 225
50 226
50 227
50 228
50 229
50 230
50 231
50 232
50 233
50 235
50 282
50 283
50 285
50 286
50 287
50 288
50 289
50 290
50 292
50 293
50 294
50 295
50 296
50 297
50 298
50 299
50 300
50 301
50 302
50 303
50 304
50 305
50 306
50 323
50 324
50 326
50 327
50 328
50 329
50 330
50 331
50 332
50 333
50 334
50 335
50 336
50 337
50 338
50 339
50 340
50 341
50 342
50 343
50 344
50 345
50 346
50 347
50 348
50 349
50 350
50 351
50 352
50 353
50 354
50 356
50 740
50 743
50 744
50 745
50 747
50 748
50 852
50 853
50 854
51 77
51 78
51 144
51 145
51 146
51 147
51 148
51 149
51 150
51 152
51 153
51 154
51 155
51 156
51 157
51 158
51 159
51 160
51 161
51 162
51 163
51 164
51 165
51 216
51 217
51 218
51 220
51 221
51 222
51 223
51 225
51 226
51 227
51 228
51 229
51 230
51 231
51 232
51 233
51 284
51 286
51 287
51 288
51 289
51 290
51 291
51 292
51 294
51 295
51 296
51 297
51 298
51 299
51 300
51 301
51 302
51 303
51 304
51 305
51 306
51 307
51 322
51 323
51 324
51 326
51 327
51 328
51 330
51 331
51 332
51 333
51 334
51 335
51 337
51 338
51 339
51 340
51 341
51 342
51 343
51 344
51 345
51 346
51 347
51 348
51 349
51 350
51 351
51 352
51 353
51 500
51 739
51 742
51 743
51 745
51 746
51 747
52 53
52 80
52 149
52 152
52 156
52 158
52 162
52 163
52 164
52 216
52 222
52 225
52 229
52 293
52 300
52 301
52 305
52 331
52 335
52 339
52 341
52 344
52 345
52 346
52 347
52 348
52 349
52 350
52 351
52 352
52 742
52 746
53 121
53 160
53 165
53 348
53 349
53 352
53 424
54 84
54 97
54 348
54 450
55 180
55 354
57 346
58 349
61 351
62 464
75 153
76 148
76 155
76 290
76 291
76 294
76 296
76 302
76 306
76 337
76 342
76 616
76 740
76 855
77 147
77 148
77 150
77 161
77 211
77 217
77 218
77 221
77 229
77 233
77 286
77 297
77 299
77 303
77 326
77 331
77 332
77 333
77 340
77 346
77 347
77 348
77 465
77 737
77 747
78 139
78 143
78 151
78 155
78 157
78 158
78 160
78 165
78 216
78 217
78 219
78 222
78 223
78 229
78 231
78 233
78 286
78 291
78 293
78 294
78 297
78 299
78 300
78 301
78 304
78 305
78 320
78 322
78 325
78 328
78 342
78 347
78 738
78 739
78 740
78 742
78 748
78 852
78 853
78 854
79 139
79 140
79 151
79 154
79 158
79 161
79 165
79 213
79 214
79 216
79 226
79 230
79 232
79 284
79 285
79 291
79 293
79 294
79 299
79 300
79 301
79 304
79 320
79 325
79 328
79 330
79 333
79 338
79 339
79 340
79 344
79 345
79 742
79 744
79 745
79 747
79 748
79 855
80 139
80 144
80 156
80 157
80 159
80 162
80 213
80 218
80 233
80 290
80 292
80 293
80 300
80 324
80 335
80 336
80 340
80 341
80 344
80 745
80 852
81 143
81 147
81 151
81 155
81 160
81 161
81 164
81 299
81 301
81 327
81 341
81 346
81 351
81 352
81 353
82 162
82 326
82 329
82 342
82 343
82 347
82 350
82 352
83 236
83 346
83 349
83 350
102 351
107 340
108 334
109 808
110 229
111 350
111 352
112 350
112 358
117 353
119 227
119 624
120 162
120 347
120 348
121 143
122 346
133 351
135 154
135 216
135 287
135 305
135 331
135 332
135 345
135 346
136 138
136 139
136 141
136 149
136 152
136 154
136 215
136 218
136 225
136 230
136 233
136 287
136 306
136 321
136 322
136 325
136 326
136 336
136 342
136 344
136 345
136 739
137 147
137 149
137 151
137 152
137 154
137 165
137 218
137 221
137 224
137 227
137 233
137 284
137 286
137 288
137 291
137 292
137 296
137 297
137 300
137 301
137 305
137 306
137 319
137 327
137 328
137 334
137 337
137 339
137 340
137 343
137 738
137 742
137 743
137 745
137 747
137 748
137 853
137 854
138 139
138 141
138 143
138 144
138 145
138 146
138 149
138 150
138 152
138 154
138 155
138 156
138 160
138 161
138 163
138 164
138 213
138 216
138 217
138 218
138 219
138 226
138 227
138 229
138 230
138 232
138 287
138 290
138 291
138 292
138 294
138 295
138 296
138 297
138 299
138 300
138 301
138 302
138 303
138 305
138 319
138 320
138 322
138 324
138 325
138 328
138 334
138 335
138 336
138 337
138 339
138 340
138 345
138 351
138 353
138 742
138 743
138 744
138 745
138 853
138 854
139 141
139 143
139 144
139 145
139 146
139 152
139 153
139 158
139 160
139 163
139 212
139 213
139 217
139 218
139 219
139 220
139 221
139 223
139 224
139 225
139 227
139 230
139 231
139 232
139 233
139 285
139 289
139 293
139 296
139 300
139 301
139 302
139 303
139 305
139 306
139 320
139 323
139 325
139 326
139 327
139 329
139 331
139 332
139 333
139 335
139 336
139 337
139 339
139 340
139 341
139 343
139 346
139 348
139 349
139 351
139 737
139 746
139 747
139 748
140 142
140 143
140 144
140 145
140 150
140 151
140 153
140 154
140 156
140 157
140 158
140 160
140 161
140 162
140 166
140 216
140 220
140 221
140 222
140 223
140 224
140 226
140 229
140 230
140 232
140 233
140 284
140 288
140 289
140 291
140 293
140 294
140 295
140 298
140 299
140 300
140 302
140 303
140 304
140 305
140 321
140 322
140 324
140 325
140 326
140 330
140 332
140 333
140 335
140 336
140 337
140 338
140 342
140 343
140 345
140 346
140 347
140 348
140 349
140 742
140 746
140 747
140 856
141 142
141 143
141 144
141 145
141 146
141 149
141 150
141 151
141 155
141 159
141 160
141 161
141 162
141 163
141 164
141 214
141 217
141 218
141 221
141 223
141 224
141 225
141 226
141 228
141 230
141 231
141 232
141 233
141 285
141 286
141 287
141 288
141 291
141 292
141 294
141 295
141 296
141 298
141 299
141 300
141 301
141 302
141 303
141 304
141 305
141 307
141 321
141 322
141 325
141 326
141 328
141 329
141 332
141 333
141 334
141 335
141 337
141 339
141 340
141 341
141 343
141 344
141 345
141 346
141 347
141 350
141 351
141 352
141 353
141 738
141 743
141 744
141 853
141 854
141 855
142 143
142 144
142 145
142 148
142 149
142 151
142 153
142 154
142 157
142 159
142 162
142 164
142 216
142 219
142 220
142 221
142 222
142 223
142 224
142 225
142 226
142 227
142 228
142 229
142 230
142 232
142 285
142 286
142 288
142 289
142 291
142 292
142 293
142 294
142 295
142 296
142 297
142 299
142 300
142 302
142 303
142 304
142 305
142 322
142 323
142 324
142 325
142 326
142 329
142 330
142 331
142 333
142 334
142 335
142 338
142 339
142 340
142 342
142 343
142 344
142 346
142 347
142 349
142 350
142 353
142 741
142 742
142 743
142 746
142 747
142 854
142 855
143 144
143 145
143 146
143 147
143 148
143 150
143 153
143 154
143 155
143 156
143 158
143 159
143 160
143 161
143 162
143 163
143 164
143 165
143 212
143 213
143 215
143 217
143 219
143 220
143 221
143 222
143 223
143 225
143 228
143 229
143 230
143 231
143 232
143 233
143 287
143 288
143 289
143 290
143 291
143 293
143 294
143 297
143 298
143 299
143 300
143 302
143 303
143 305
143 306
143 322
143 323
143 324
143 326
143 327
143 328
143 330
143 331
143 332
143 333
143 334
143 335
143 336
143 337
143 338
143 341
143 343
143 344
143 346
143 347
143 348
143 350
143 351
143 352
143 353
143 738
143 741
143 742
143 744
143 745
143 746
143 854
144 145
144 146
144 147
144 148
144 149
144 150
144 154
144 155
144 157
144 158
144 159
144 160
144 161
144 162
144 163
144 215
144 216
144 217
144 218
144 219
144 220
144 221
144 222
144 223
144 224
144 225
144 226
144 227
144 228
144 229
144 230
144 232
144 233
144 285
144 288
144 289
144 290
144 291
144 292
144 293
144 294
144 295
144 296
144 297
144 298
144 299
144 300
144 301
144 302
144 303
144 304
144 305
144 306
144 319
144 324
144 326
144 328
144 329
144 330
144 332
144 333
144 334
144 335
144 336
144 337
144 338
144 339
144 340
144 341
144 342
144 343
144 346
144 347
144 348
144 349
144 350
144 351
144 352
144 353
144 369
144 740
144 743
144 744
144 745
144 747
145 146
145 147
145 148
145 149
145 150
145 151
145 153
145 155
145 156
145 159
145 160
145 161
145 162
145 163
145 164
145 165
145 213
145 214
145 217
145 218
145 219
145 222
145 223
145 224
145 225
145 226
145 227
145 228
145 229
145 230
145 231
145 232
145 233
145 234
145 283
145 285
145 286
145 287
145 288
145 290
145 291
145 292
145 294
145 295
145 296
145 297
145 298
145 299
145 300
145 301
145 302
145 303
145 321
145 323
145 325
145 326
145 327
145 328
145 330
145 332
145 334
145 335
145 336
145 337
145 338
145 339
145 340
145 341
145 342
145 343
145 344
145 345
145 346
145 347
145 348
145 349
145 350
145 352
145 353
145 396
145 743
145 745
145 747
145 748
145 852
145 855
146 147
146 148
146 149
146 150
146 151
146 152
146 153
146 154
146 155
146 156
146 157
146 158
146 159
146 160
146 161
146 162
146 163
146 164
146 214
146 215
146 216
146 218
146 219
146 220
146 221
146 222
146 223
146 225
146 226
146 228
146 229
146 230
146 231
146 232
146 233
146 283
146 286
146 288
146 290
146 292
146 293
146 295
146 296
146 297
146 298
146 299
146 301
146 302
146 303
146 304
146 305
146 306
146 307
146 322
146 324
146 326
146 327
146 328
146 329
146 330
146 331
146 332
146 333
146 334
146 335
146 336
146 337
146 338
146 339
146 340
146 341
146 342
146 343
146 344
146 345
146 346
146 347
146 348
146 349
146 350
146 351
146 352
146 353
146 740
146 741
146 743
146 744
146 745
146 746
146 747
146 808
146 852
146 854
146 855
147 148
147 149
147 150
147 151
147 152
147 153
147 154
147 155
147 156
147 157
147 158
147 159
147 160
147 162
147 164
147 165
147 217
147 219
147 221
147 222
147 223
147 224
147 225
147 226
147 227
147 230
147 231
147 233
147 285
147 287
147 288
147 289
147 290
147 291
147 292
147 294
147 295
147 296
147 297
147 298
147 300
147 301
147 302
147 303
147 304
147 305
147 306
147 322
147 324
147 326
147 327
147 328
147 329
147 330
147 331
147 332
147 333
147 334
147 336
147 337
147 338
147 339
147 340
147 342
147 343
147 344
147 345
147 346
147 347
147 348
147 349
147 350
147 351
147 353
147 396
147 433
147 741
147 742
147 744
147 745
147 746
147 747
147 851
147 854
147 855
148 149
148 150
148 151
148 152
148 153
148 154
148 155
148 156
148 157
148 158
148 159
148 160
148 161
148 162
148 163
148 164
148 165
148 218
148 219
148 221
148 223
148 224
148 225
148 226
148 227
148 228
148 229
148 230
148 231
148 232
148 233
148 283
148 287
148 290
148 292
148 293
148 294
148 295
148 296
148 297
148 298
148 301
148 302
148 303
148 305
148 306
148 321
148 322
148 323
148 325
148 326
148 327
148 328
148 329
148 330
148 331
148 333
148 334
148 335
148 336
148 337
148 338
148 339
148 340
148 341
148 342
148 343
148 344
148 346
148 347
148 348
148 349
148 350
148 351
148 352
148 353
148 354
148 740
148 743
148 744
148 746
148 747
148 748
148 855
149 150
149 151
149 152
149 153
149 154
149 155
149 156
149 157
149 158
149 159
149 160
149 161
149 162
149 163
149 164
149 165
149 212
149 216
149 218
149 219
149 220
149 221
149 223
149 224
149 225
149 226
149 227
149 228
149 229
149 230
149 231
149 232
149 233
149 243
149 281
149 283
149 284
149 288
149 289
149 290
149 291
149 292
149 294
149 295
149 296
149 297
149 299
149 300
149 301
149 302
149 303
149 304
149 305
149 306
149 307
149 322
149 323
149 325
149 327
149 328
149 329
149 330
149 332
149 333
149 334
149 335
149 336
149 337
149 338
149 339
149 340
149 341
149 342
149 343
149 344
149 345
149 347
149 348
149 349
149 350
149 351
149 352
149 353
149 738
149 742
149 743
149 745
149 746
149 747
149 748
149 853
150 151
150 152
150 153
150 154
150 155
150 156
150 157
150 158
150 159
150 160
150 161
150 162
150 164
150 165
150 166
150 214
150 216
150 217
150 219
150 220
150 221
150 223
150 225
150 226
150 227
150 228
150 229
150 230
150 231
150 232
150 233
150 283
150 284
150 285
150 286
150 287
150 289
150 290
150 291
150 292
150 293
150 294
150 295
150 296
150 297
150 298
150 299
150 300
150 301
150 302
150 303
150 304
150 305
150 306
150 320
150 322
150 324
150 325
150 326
150 327
150 328
150 329
150 330
150 331
150 332
150 333
150 334
150 335
150 336
150 337
150 338
150 339
150 340
150 341
150 342
150 343
150 344
150 345
150 346
150 347
150 348
150 349
150 350
150 351
150 352
150 353
150 741
150 743
150 745
150 746
150 747
150 851
150 855
150 856
151 152
151 153
151 154
151 155
151 156
151 157
151 158
151 159
151 160
151 161
151 162
151 163
151 164
151 165
151 216
151 217
151 219
151 221
151 222
151 223
151 225
151 226
151 227
151 228
151 229
151 230
151 231
151 232
151 233
151 285
151 286
151 287
151 290
151 292
151 293
151 294
151 295
151 297
151 298
151 299
151 300
151 301
151 302
151 303
151 304
151 305
151 306
151 307
151 323
151 325
151 326
151 327
151 328
151 329
151 330
151 331
151 332
151 333
151 334
151 335
151 336
151 337
151 338
151 339
151 340
151 341
151 342
151 343
151 344
151 345
151 346
151 347
151 348
151 349
151 350
151 351
151 352
151 353
151 737
151 744
151 746
151 747
151 748
152 153
152 154
152 155
152 156
152 157
152 158
152 159
152 160
152 161
152 162
152 163
152 164
152 165
152 178
152 215
152 217
152 218
152 219
152 220
152 221
152 222
152 223
152 224
152 225
152 226
152 227
152 228
152 229
152 230
152 231
152 232
152 284
152 285
152 287
152 288
152 289
152 291
152 292
152 294
152 295
152 296
152 297
152 298
152 299
152 300
152 301
152 302
152 303
152 304
152 305
152 306
152 307
152 322
152 324
152 325
152 327
152 328
152 329
152 330
152 331
152 332
152 333
152 334
152 335
152 336
152 337
152 338
152 339
152 340
152 341
152 342
152 343
152 344
152 345
152 346
152 347
152 348
152 349
152 350
152 351
152 352
152 353
152 482
152 740
152 741
152 744
152 745
152 746
152 747
152 854
152 856
153 154
153 155
153 156
153 157
153 158
153 159
153 160
153 161
153 162
153 163
153 164
153 165
153 212
153 216
153 219
153 220
153 221
153 222
153 223
153 225
153 226
153 227
153 228
153 229
153 230
153 231
153 232
153 233
153 284
153 285
153 288
153 289
153 290
153 291
153 292
153 293
153 294
153 295
153 296
153 297
153 298
153 299
153 300
153 301
153 302
153 303
153 304
153 305
153 306
153 320
153 321
153 322
153 325
153 326
153 327
153 329
153 330
153 331
153 332
153 333
153 334
153 335
153 336
153 337
153 338
153 339
153 340
153 341
153 342
153 343
153 344
153 345
153 346
153 347
153 348
153 349
153 350
153 351
153 352
153 353
153 462
153 678
153 741
153 742
153 743
153 744
153 745
153 746
153 748
153 854
154 155
154 156
154 157
154 158
154 159
154 160
154 161
154 162
154 163
154 164
154 213
154 215
154 216
154 217
154 218
154 221
154 224
154 225
154 226
154 228
154 229
154 230
154 231
154 232
154 233
154 234
154 282
154 287
154 288
154 289
154 290
154 293
154 294
154 295
154 296
154 297
154 298
154 299
154 300
154 301
154 302
154 303
154 304
154 305
154 306
154 308
154 322
154 324
154 325
154 328
154 329
154 330
154 331
154 332
154 333
154 334
154 335
154 336
154 337
154 338
154 339
154 340
154 341
154 342
154 343
154 344
154 345
154 346
154 347
154 348
154 349
154 350
154 351
154 352
154 353
154 739
154 741
154 744
154 745
154 746
154 747
154 851
154 852
155 156
155 157
155 158
155 159
155 160
155 161
155 162
155 163
155 164
155 165
155 167
155 214
155 215
155 217
155 218
155 220
155 221
155 222
155 223
155 224
155 225
155 226
155 227
155 228
155 229
155 230
155 231
155 232
155 233
155 283
155 286
155 287
155 288
155 289
155 290
155 291
155 292
155 293
155 294
155 295
155 296
155 298
155 299
155 300
155 301
155 302
155 303
155 304
155 305
155 306
155 319
155 320
155 321
155 322
155 324
155 325
155 326
155 327
155 328
155 329
155 330
155 331
155 332
155 333
155 334
155 335
155 336
155 337
155 338
155 339
155 340
155 341
155 342
155 343
155 344
155 345
155 346
155 347
155 348
155 349
155 350
155 351
155 352
155 353
155 740
155 741
155 743
155 745
155 746
155 748
155 777
155 853
155 854
155 855
155 856
156 157
156 158
156 159
156 160
156 161
156 162
156 163
156 164
156 165
156 216
156 222
156 223
156 226
156 227
156 228
156 229
156 230
156 231
156 232
156 233
156 283
156 285
156 286
156 287
156 288
156 289
156 291
156 293
156 295
156 296
156 297
156 298
156 299
156 300
156 301
156 302
156 303
156 304
156 305
156 306
156 321
156 322
156 324
156 325
156 326
156 327
156 328
156 329
156 331
156 332
156 333
156 334
156 335
156 336
156 337
156 338
156 339
156 340
156 341
156 342
156 343
156 344
156 345
156 346
156 347
156 348
156 349
156 350
156 351
156 352
156 353
156 462
156 557
156 741
156 742
156 744
156 746
156 747
156 748
156 854
156 894
157 158
157 159
157 160
157 161
157 162
157 163
157 164
157 165
157 214
157 216
157 217
157 219
157 221
157 222
157 223
157 224
157 225
157 226
157 227
157 228
157 229
157 230
157 231
157 232
157 233
157 285
157 286
157 287
157 288
157 289
157 290
157 291
157 292
157 294
157 295
157 296
157 297
157 298
157 299
157 300
157 301
157 302
157 303
157 304
157 305
157 306
157 307
157 322
157 323
157 324
157 325
157 326
157 327
157 328
157 329
157 330
157 331
157 332
157 333
157 334
157 335
157 336
157 337
157 338
157 339
157 340
157 341
157 342
157 343
157 344
157 345
157 346
157 347
157 348
157 349
157 350
157 351
157 352
157 353
157 382
157 742
157 743
157 744
157 745
157 746
157 810
157 854
158 159
158 160
158 161
158 162
158 163
158 164
158 165
158 214
158 215
158 217
158 219
158 220
158 221
158 222
158 223
158 224
158 225
158 226
158 227
158 228
158 229
158 230
158 231
158 232
158 233
158 280
158 284
158 289
158 290
158 291
158 292
158 293
158 294
158 295
158 296
158 297
158 298
158 299
158 300
158 301
158 302
158 303
158 304
158 305
158 306
158 307
158 309
158 321
158 324
158 325
158 328
158 329
158 330
158 331
158 332
158 333
158 334
158 335
158 336
158 337
158 338
158 339
158 340
158 341
158 342
158 343
158 344
158 345
158 346
158 347
158 348
158 349
158 350
158 351
158 352
158 353
158 738
158 740
158 741
158 743
158 748
158 845
158 852
158 853
158 855
159 160
159 161
159 162
159 163
159 164
159 165
159 166
159 199
159 214
159 218
159 219
159 220
159 221
159 222
159 223
159 224
159 225
159 226
159 227
159 228
159 229
159 230
159 231
159 232
159 233
159 286
159 287
159 288
159 290
159 291
159 292
159 293
159 294
159 295
159 296
159 297
159 298
159 299
159 300
159 301
159 302
159 303
159 304
159 305
159 306
159 307
159 320
159 322
159 324
159 326
159 327
159 329
159 330
159 331
159 332
159 333
159 334
159 335
159 336
159 337
159 338
159 339
159 340
159 341
159 342
159 343
159 344
159 345
159 346
159 347
159 348
159 349
159 350
159 351
159 352
159 353
159 482
159 628
159 682
159 738
159 740
159 741
159 744
159 745
159 746
159 748
159 749
160 161
160 162
160 163
160 164
160 165
160 214
160 220
160 221
160 222
160 223
160 224
160 225
160 226
160 228
160 229
160 230
160 231
160 232
160 233
160 234
160 283
160 287
160 288
160 289
160 290
160 291
160 292
160 293
160 294
160 295
160 296
160 297
160 298
160 299
160 300
160 301
160 302
160 303
160 304
160 305
160 306
160 307
160 323
160 324
160 326
160 327
160 328
160 329
160 331
160 332
160 333
160 334
160 335
160 336
160 337
160 338
160 339
160 340
160 341
160 342
160 343
160 344
160 345
160 346
160 347
160 348
160 349
160 350
160 351
160 352
160 353
160 354
160 407
160 737
160 741
160 742
160 743
160 745
160 746
160 747
160 748
160 855
160 885
161 162
161 163
161 164
161 165
161 212
161 214
161 216
161 217
161 218
161 219
161 220
161 221
161 222
161 223
161 224
161 225
161 226
161 228
161 229
161 230
161 231
161 232
161 233
161 289
161 290
161 292
161 293
161 294
161 295
161 296
161 297
161 298
161 299
161 300
161 301
161 302
161 303
161 304
161 305
161 306
161 307
161 319
161 321
161 322
161 323
161 324
161 325
161 326
161 327
161 329
161 330
161 331
161 332
161 333
161 334
161 335
161 336
161 337
161 338
161 339
161 340
161 341
161 342
161 343
161 344
161 345
161 346
161 347
161 348
161 349
161 350
161 351
161 352
161 353
161 582
161 657
161 740
161 742
161 743
161 744
161 745
161 746
161 747
161 852
161 855
161 857
161 896
162 163
162 164
162 165
162 215
162 216
162 217
162 219
162 220
162 221
162 222
162 223
162 224
162 225
162 226
162 227
162 228
162 229
162 230
162 231
162 232
162 233
162 234
162 282
162 283
162 284
162 286
162 287
162 288
162 290
162 291
162 292
162 293
162 294
162 295
162 296
162 297
162 298
162 299
162 300
162 301
162 302
162 303
162 304
162 305
162 306
162 307
162 321
162 322
162 324
162 326
162 327
162 328
162 329
162 330
162 331
162 332
162 333
162 334
162 335
162 336
162 337
162 338
162 339
162 340
162 341
162 342
162 343
162 344
162 345
162 346
162 347
162 348
162 349
162 350
162 351
162 352
162 353
162 556
162 742
162 743
162 744
162 746
162 747
162 748
162 855
163 164
163 165
163 166
163 168
163 215
163 219
163 220
163 221
163 222
163 223
163 224
163 225
163 226
163 227
163 228
163 229
163 230
163 231
163 232
163 233
163 234
163 284
163 285
163 288
163 290
163 291
163 292
163 293
163 294
163 295
163 296
163 297
163 298
163 299
163 300
163 301
163 302
163 303
163 304
163 305
163 306
163 307
163 309
163 319
163 322
163 324
163 325
163 326
163 327
163 328
163 329
163 330
163 331
163 332
163 333
163 334
163 335
163 336
163 337
163 338
163 339
163 340
163 341
163 342
163 343
163 344
163 345
163 346
163 347
163 348
163 349
163 350
163 351
163 352
163 353
163 354
163 368
163 391
163 552
163 740
163 742
163 744
163 745
163 746
163 747
163 748
163 854
163 930
164 165
164 166
164 214
164 215
164 216
164 218
164 220
164 221
164 222
164 223
164 224
164 225
164 226
164 227
164 228
164 229
164 230
164 231
164 232
164 233
164 282
164 285
164 286
164 289
164 291
164 292
164 294
164 295
164 296
164 297
164 298
164 299
164 300
164 301
164 302
164 303
164 304
164 305
164 306
164 307
164 308
164 323
164 325
164 326
164 327
164 328
164 329
164 330
164 331
164 332
164 333
164 334
164 335
164 336
164 337
164 338
164 339
164 340
164 341
164 342
164 343
164 344
164 345
164 346
164 347
164 348
164 349
164 350
164 351
164 352
164 353
164 354
164 462
164 739
164 742
164 743
164 744
164 745
164 746
164 747
164 748
164 853
164 855
165 216
165 219
165 220
165 221
165 222
165 224
165 225
165 226
165 227
165 228
165 229
165 230
165 231
165 232
165 233
165 283
165 284
165 285
165 286
165 288
165 289
165 290
165 291
165 292
165 294
165 296
165 297
165 298
165 299
165 300
165 301
165 302
165 303
165 304
165 305
165 306
165 321
165 322
165 325
165 326
165 327
165 328
165 329
165 330
165 331
165 332
165 333
165 334
165 335
165 336
165 337
165 338
165 339
165 340
165 341
165 342
165 343
165 344
165 345
165 346
165 347
165 348
165 349
165 350
165 351
165 352
165 353
165 362
165 380
165 396
165 507
165 742
165 744
165 745
165 746
165 747
165 748
165 856
165 935
166 167
166 227
166 230
166 286
166 294
166 298
166 300
166 304
166 305
166 321
166 323
166 332
166 335
166 338
166 339
166 340
166 342
166 343
166 345
166 346
166 347
166 348
166 349
166 350
166 351
166 352
166 353
166 685
166 698
166 747
166 842
167 168
167 194
167 343
167 344
167 349
167 351
167 352
167 428
167 780
168 269
168 751
169 370
171 352
177 347
178 231
179 348
179 349
179 350
182 352
182 788
183 348
184 356
187 230
196 767
197 352
205 348
206 353
211 213
211 230
211 295
211 302
211 742
212 214
212 216
212 285
212 293
212 296
212 298
212 303
212 336
212 338
212 340
212 346
212 349
212 350
212 740
212 742
212 744
212 851
212 855
213 216
213 217
213 220
213 222
213 226
213 230
213 232
213 233
213 283
213 284
213 289
213 294
213 299
213 303
213 323
213 336
213 341
213 344
213 346
213 347
213 351
213 352
213 745
214 215
214 217
214 218
214 223
214 224
214 226
214 231
214 233
214 284
214 285
214 286
214 294
214 296
214 298
214 301
214 302
214 320
214 323
214 324
214 326
214 328
214 334
214 335
214 337
214 342
214 344
214 345
214 349
214 350
214 353
214 746
214 747
214 852
214 855
215 216
215 219
215 225
215 226
215 227
215 229
215 282
215 289
215 295
215 298
215 299
215 305
215 306
215 322
215 324
215 335
215 340
215 351
215 353
215 738
215 743
215 745
215 750
215 851
215 854
215 855
216 217
216 218
216 220
216 223
216 226
216 229
216 230
216 232
216 233
216 285
216 286
216 287
216 289
216 291
216 294
216 295
216 296
216 297
216 299
216 304
216 322
216 323
216 324
216 325
216 326
216 327
216 328
216 331
216 332
216 333
216 334
216 336
216 337
216 338
216 339
216 341
216 342
216 344
216 346
216 347
216 348
216 350
216 740
216 742
216 744
216 745
216 747
216 748
216 749
216 852
217 218
217 219
217 220
217 221
217 222
217 224
217 225
217 226
217 227
217 229
217 230
217 231
217 232
217 233
217 289
217 290
217 292
217 294
217 295
217 296
217 297
217 298
217 301
217 302
217 304
217 307
217 320
217 325
217 326
217 327
217 328
217 329
217 330
217 332
217 336
217 338
217 339
217 340
217 342
217 344
217 345
217 346
217 348
217 349
217 350
217 351
217 352
217 354
217 443
217 741
217 742
217 743
217 744
217 745
217 746
217 854
218 219
218 220
218 221
218 222
218 223
218 224
218 225
218 226
218 227
218 228
218 230
218 231
218 232
218 284
218 286
218 287
218 288
218 291
218 292
218 293
218 294
218 295
218 297
218 299
218 300
218 301
218 302
218 303
218 324
218 326
218 327
218 330
218 331
218 332
218 334
218 335
218 336
218 337
218 339
218 342
218 343
218 344
218 346
218 347
218 348
218 349
218 350
218 351
218 352
218 353
218 737
218 738
218 741
218 742
218 744
218 746
218 747
218 852
218 853
218 855
219 220
219 221
219 223
219 225
219 226
219 227
219 229
219 230
219 232
219 233
219 234
219 287
219 288
219 289
219 290
219 291
219 292
219 293
219 294
219 295
219 296
219 298
219 300
219 301
219 302
219 303
219 304
219 305
219 320
219 323
219 324
219 325
219 326
219 327
219 329
219 330
219 331
219 332
219 335
219 337
219 338
219 339
219 340
219 341
219 343
219 344
219 345
219 346
219 347
219 350
219 351
219 353
219 742
219 743
219 744
219 745
219 746
219 747
219 748
219 852
219 854
219 856
220 221
220 222
220 223
220 224
220 225
220 226
220 227
220 228
220 229
220 230
220 231
220 233
220 234
220 286
220 287
220 290
220 291
220 292
220 293
220 295
220 296
220 297
220 298
220 300
220 302
220 303
220 304
220 305
220 306
220 322
220 323
220 325
220 326
220 327
220 328
220 329
220 330
220 331
220 332
220 333
220 334
220 335
220 336
220 337
220 338
220 340
220 341
220 342
220 343
220 344
220 345
220 346
220 347
220 348
220 349
220 350
220 352
220 353
220 738
220 739
220 740
220 742
220 744
220 745
220 746
220 747
220 853
221 222
221 223
221 224
221 225
221 226
221 228
221 229
221 231
221 232
221 233
221 286
221 289
221 291
221 292
221 293
221 294
221 295
221 297
221 298
221 299
221 300
221 301
221 303
221 304
221 305
221 306
221 319
221 321
221 324
221 325
221 326
221 327
221 328
221 329
221 330
221 331
221 332
221 333
221 334
221 335
221 336
221 337
221 338
221 340
221 341
221 342
221 344
221 345
221 346
221 347
221 348
221 349
221 350
221 351
221 352
221 353
221 737
221 740
221 743
221 744
221 745
221 854
222 224
222 225
222 226
222 227
222 228
222 229
222 230
222 231
222 232
222 233
222 284
222 285
222 286
222 289
222 290
222 291
222 292
222 293
222 294
222 295
222 296
222 297
222 299
222 300
222 301
222 302
222 303
222 304
222 305
222 306
222 307
222 319
222 320
222 323
222 324
222 325
222 326
222 327
222 328
222 329
222 330
222 331
222 332
222 333
222 334
222 335
222 336
222 338
222 339
222 340
222 342
222 343
222 344
222 345
222 346
222 347
222 348
222 349
222 350
222 351
222 352
222 353
222 730
222 740
222 742
222 743
222 744
222 745
222 746
222 747
222 748
222 750
222 851
222 854
223 224
223 226
223 227
223 229
223 230
223 231
223 232
223 233
223 284
223 285
223 290
223 291
223 292
223 293
223 294
223 295
223 296
223 297
223 298
223 299
223 300
223 302
223 303
223 305
223 306
223 321
223 322
223 323
223 324
223 326
223 327
223 329
223 330
223 331
223 332
223 333
223 335
223 337
223 338
223 339
223 340
223 341
223 342
223 343
223 344
223 345
223 346
223 347
223 348
223 349
223 350
223 351
223 352
223 560
223 742
223 744
223 745
223 746
223 747
223 851
224 226
224 227
224 228
224 229
224 230
224 231
224 232
224 233
224 284
224 289
224 290
224 291
224 294
224 295
224 296
224 298
224 299
224 300
224 301
224 302
224 303
224 304
224 305
224 322
224 323
224 326
224 328
224 329
224 330
224 331
224 332
224 333
224 334
224 335
224 336
224 337
224 338
224 340
224 341
224 343
224 344
224 345
224 346
224 347
224 348
224 349
224 350
224 351
224 352
224 353
224 356
224 738
224 740
224 742
224 744
224 746
224 747
224 856
225 226
225 227
225 228
225 229
225 230
225 231
225 232
225 233
225 287
225 289
225 290
225 291
225 292
225 293
225 294
225 295
225 296
225 297
225 298
225 299
225 300
225 301
225 302
225 303
225 304
225 305
225 306
225 320
225 321
225 324
225 325
225 326
225 327
225 329
225 330
225 331
225 332
225 333
225 334
225 335
225 336
225 337
225 338
225 339
225 340
225 341
225 342
225 343
225 344
225 345
225 346
225 347
225 348
225 349
225 350
225 351
225 352
225 353
225 740
225 741
225 743
225 744
225 745
225 746
225 747
225 821
225 851
226 227
226 228
226 229
226 230
226 231
226 232
226 233
226 242
226 283
226 284
226 285
226 286
226 287
226 289
226 290
226 291
226 292
226 293
226 294
226 295
226 296
226 297
226 298
226 299
226 300
226 301
226 302
226 303
226 304
226 305
226 306
226 321
226 323
226 325
226 326
226 327
226 328
226 329
226 330
226 331
226 332
226 333
226 334
226 335
226 336
226 337
226 338
226 339
226 340
226 341
226 342
226 343
226 344
226 345
226 346
226 347
226 348
226 349
226 350
226 351
226 352
226 353
226 463
226 738
226 739
226 740
226 742
226 744
226 746
226 747
226 748
226 852
226 853
227 228
227 229
227 230
227 231
227 232
227 233
227 234
227 283
227 284
227 285
227 289
227 290
227 291
227 292
227 293
227 294
227 295
227 296
227 297
227 298
227 299
227 300
227 301
227 302
227 303
227 304
227 305
227 306
227 320
227 323
227 324
227 325
227 326
227 327
227 328
227 329
227 330
227 332
227 333
227 334
227 335
227 336
227 337
227 338
227 339
227 340
227 341
227 342
227 343
227 344
227 345
227 346
227 347
227 348
227 349
227 350
227 351
227 352
227 353
227 354
227 462
227 739
227 741
227 742
227 744
227 746
227 747
227 753
228 229
228 230
228 231
228 232
228 233
228 234
228 287
228 289
228 290
228 291
228 292
228 293
228 294
228 295
228 296
228 297
228 298
228 299
228 300
228 301
228 302
228 303
228 304
228 305
228 306
228 307
228 321
228 323
228 325
228 326
228 327
228 328
228 329
228 330
228 331
228 332
228 333
228 334
228 335
228 336
228 337
228 338
228 339
228 340
228 341
228 342
228 343
228 344
228 345
228 346
228 347
228 348
228 350
228 351
228 352
228 353
228 379
228 738
228 741
228 742
228 743
228 744
228 745
228 747
228 748
228 754
228 855
229 230
229 231
229 232
229 233
229 234
229 284
229 285
229 286
229 288
229 289
229 291
229 292
229 293
229 294
229 295
229 296
229 297
229 298
229 299
229 300
229 301
229 302
229 303
229 304
229 305
229 306
229 307
229 323
229 324
229 325
229 326
229 327
229 328
229 329
229 331
229 332
229 333
229 334
229 335
229 336
229 338
229 339
229 340
229 341
229 342
229 343
229 344
229 345
229 346
229 347
229 348
229 349
229 350
229 351
229 352
229 353
229 355
229 740
229 742
229 743
229 744
229 745
229 748
229 852
229 853
229 854
229 855
230 231
230 232
230 233
230 282
230 283
230 286
230 290
230 291
230 292
230 293
230 294
230 295
230 296
230 297
230 298
230 299
230 300
230 301
230 302
230 303
230 304
230 305
230 306
230 320
230 321
230 324
230 325
230 326
230 327
230 328
230 329
230 330
230 331
230 332
230 333
230 334
230 335
230 336
230 337
230 338
230 339
230 340
230 341
230 342
230 343
230 344
230 345
230 346
230 347
230 348
230 349
230 350
230 351
230 352
230 353
230 555
230 741
230 745
230 746
230 747
230 749
230 853
231 232
231 284
231 285
231 287
231 288
231 289
231 290
231 291
231 292
231 294
231 295
231 296
231 297
231 298
231 299
231 300
231 301
231 302
231 303
231 304
231 305
231 306
231 308
231 320
231 325
231 326
231 327
231 328
231 329
231 330
231 331
231 332
231 333
231 334
231 335
231 336
231 337
231 338
231 339
231 340
231 341
231 342
231 343
231 344
231 345
231 346
231 347
231 348
231 349
231 350
231 351
231 352
231 353
231 739
231 740
231 741
231 742
231 744
231 745
231 746
231 747
231 748
232 233
232 234
232 286
232 287
232 288
232 290
232 291
232 292
232 293
232 294
232 295
232 296
232 297
232 298
232 299
232 300
232 301
232 302
232 303
232 304
232 305
232 306
232 321
232 323
232 324
232 325
232 326
232 327
232 328
232 330
232 331
232 332
232 333
232 334
232 335
232 336
232 337
232 338
232 339
232 340
232 341
232 342
232 343
232 344
232 345
232 346
232 347
232 348
232 349
232 350
232 351
232 352
232 353
232 741
232 742
232 743
232 744
232 745
232 746
232 747
232 855
232 894
233 282
233 288
233 289
233 290
233 291
233 292
233 293
233 294
233 295
233 296
233 297
233 298
233 299
233 300
233 301
233 302
233 303
233 304
233 305
233 306
233 321
233 323
233 326
233 327
233 328
233 329
233 330
233 331
233 332
233 333
233 334
233 335
233 336
233 337
233 338
233 339
233 340
233 341
233 342
233 343
233 344
233 345
233 346
233 347
233 348
233 349
233 350
233 351
233 352
233 353
233 454
233 738
233 742
233 746
233 747
233 748
233 852
233 853
233 854
233 856
234 294
234 299
234 300
234 303
234 306
234 332
234 334
234 338
234 342
234 344
234 345
234 347
234 348
234 349
234 350
234 351
234 352
234 353
234 354
234 856
234 897
235 303
235 333
235 344
235 345
235 347
235 349
235 350
235 351
235 352
235 719
236 244
236 336
236 344
236 351
236 354
236 809
237 637
242 349
243 311
243 349
244 344
245 267
252 345
256 846
257 310
268 304
270 348
273 341
274 349
274 456
275 913
279 345
280 350
281 323
281 334
281 345
281 352
281 353
281 568
281 855
282 285
282 289
282 292
282 325
282 336
282 344
282 346
282 347
282 349
282 353
282 853
283 286
283 292
283 301
283 303
283 306
283 319
283 323
283 327
283 329
283 331
283 334
283 336
283 340
283 342
283 349
283 350
283 351
283 352
283 744
283 745
283 746
283 854
284 286
284 292
284 294
284 297
284 300
284 303
284 322
284 328
284 335
284 337
284 343
284 346
284 349
284 740
284 742
284 746
284 747
284 748
284 853
284 902
285 286
285 287
285 291
285 294
285 295
285 301
285 302
285 305
285 323
285 324
285 325
285 326
285 327
285 330
285 333
285 335
285 341
285 342
285 351
285 352
285 740
285 851
285 854
285 855
286 288
286 292
286 295
286 296
286 300
286 301
286 303
286 304
286 306
286 323
286 324
286 328
286 329
286 331
286 332
286 334
286 335
286 337
286 339
286 341
286 342
286 343
286 347
286 348
286 349
286 354
286 738
286 740
286 742
286 744
286 745
286 746
286 850
286 854
286 855
287 288
287 289
287 291
287 292
287 293
287 294
287 297
287 300
287 302
287 304
287 305
287 319
287 321
287 322
287 327
287 331
287 332
287 333
287 335
287 337
287 339
287 340
287 341
287 342
287 343
287 345
287 347
287 348
287 350
287 351
287 353
287 739
287 740
287 741
287 742
287 743
287 744
287 747
287 854
288 291
288 294
288 297
288 300
288 302
288 303
288 304
288 305
288 306
288 321
288 322
288 323
288 324
288 325
288 326
288 328
288 329
288 331
288 333
288 334
288 335
288 336
288 337
288 338
288 340
288 341
288 342
288 343
288 345
288 346
288 348
288 349
288 350
288 352
288 353
288 743
288 744
288 745
288 746
289 292
289 294
289 296
289 297
289 299
289 303
289 304
289 305
289 322
289 325
289 327
289 328
289 329
289 330
289 331
289 332
289 334
289 335
289 336
289 337
289 338
289 342
289 343
289 344
289 345
289 346
289 348
289 349
289 350
289 351
289 353
289 354
289 741
289 742
289 744
289 746
289 748
289 852
289 856
290 291
290 292
290 293
290 294
290 296
290 297
290 301
290 302
290 305
290 306
290 307
290 321
290 323
290 324
290 325
290 326
290 327
290 328
290 330
290 331
290 332
290 333
290 334
290 338
290 339
290 340
290 341
290 342
290 343
290 344
290 345
290 347
290 348
290 349
290 350
290 352
290 353
290 739
290 741
290 742
290 743
290 744
290 745
290 746
290 747
290 850
290 854
290 855
291 293
291 294
291 295
291 297
291 298
291 299
291 300
291 301
291 303
291 304
291 305
291 306
291 323
291 324
291 325
291 326
291 328
291 330
291 332
291 333
291 334
291 335
291 336
291 337
291 338
291 339
291 340
291 341
291 342
291 343
291 345
291 346
291 347
291 348
291 350
291 351
291 352
291 353
291 453
291 741
291 744
291 745
291 746
291 747
291 748
291 770
292 293
292 294
292 295
292 296
292 297
292 298
292 299
292 300
292 301
292 302
292 303
292 304
292 305
292 306
292 320
292 323
292 324
292 325
292 326
292 327
292 328
292 329
292 330
292 331
292 332
292 333
292 334
292 335
292 336
292 337
292 338
292 339
292 340
292 341
292 342
292 343
292 345
292 346
292 347
292 348
292 349
292 350
292 351
292 353
292 453
292 658
292 739
292 743
292 744
292 745
292 746
292 747
292 749
292 750
292 851
292 852
292 853
292 855
293 294
293 295
293 297
293 298
293 300
293 301
293 302
293 303
293 305
293 306
293 319
293 322
293 325
293 327
293 328
293 329
293 330
293 331
293 332
293 333
293 334
293 335
293 336
293 337
293 338
293 339
293 340
293 342
293 343
293 344
293 345
293 346
293 347
293 349
293 350
293 351
293 352
293 353
293 463
293 739
293 743
293 746
293 853
294 295
294 296
294 297
294 298
294 299
294 300
294 301
294 302
294 303
294 304
294 306
294 307
294 321
294 323
294 324
294 325
294 326
294 327
294 329
294 330
294 331
294 332
294 333
294 334
294 335
294 336
294 337
294 338
294 339
294 340
294 342
294 343
294 344
294 345
294 346
294 349
294 350
294 352
294 353
294 738
294 740
294 741
294 742
294 745
294 746
294 748
294 854
294 857
295 296
295 297
295 298
295 299
295 301
295 302
295 303
295 304
295 305
295 306
295 322
295 323
295 324
295 325
295 326
295 327
295 328
295 329
295 330
295 331
295 332
295 333
295 334
295 335
295 336
295 337
295 338
295 339
295 340
295 341
295 342
295 343
295 344
295 345
295 346
295 347
295 348
295 349
295 350
295 351
295 352
295 353
295 739
295 743
295 745
295 746
295 747
295 777
295 851
295 852
295 855
296 297
296 298
296 299
296 300
296 301
296 302
296 304
296 305
296 306
296 307
296 319
296 320
296 324
296 326
296 327
296 328
296 329
296 330
296 331
296 332
296 333
296 334
296 335
296 336
296 337
296 338
296 339
296 340
296 341
296 342
296 343
296 344
296 345
296 346
296 347
296 348
296 349
296 350
296 351
296 352
296 353
296 354
296 739
296 740
296 741
296 743
296 744
296 745
296 746
296 748
296 749
296 850
296 851
296 853
296 854
297 298
297 299
297 300
297 301
297 302
297 303
297 304
297 305
297 306
297 313
297 321
297 324
297 325
297 326
297 327
297 328
297 329
297 330
297 331
297 332
297 333
297 334
297 335
297 336
297 338
297 339
297 340
297 341
297 342
297 343
297 344
297 345
297 346
297 347
297 348
297 349
297 350
297 351
297 352
297 353
297 739
297 740
297 743
297 744
297 745
297 746
297 747
297 748
297 854
297 856
298 299
298 300
298 301
298 302
298 303
298 304
298 305
298 306
298 324
298 326
298 327
298 328
298 329
298 330
298 331
298 332
298 333
298 334
298 335
298 336
298 337
298 338
298 339
298 340
298 341
298 342
298 343
298 344
298 345
298 346
298 347
298 348
298 349
298 350
298 351
298 352
298 353
298 464
298 680
298 738
298 739
298 740
298 743
298 744
298 745
298 746
298 747
298 854
299 300
299 301
299 302
299 303
299 304
299 305
299 306
299 322
299 323
299 324
299 325
299 326
299 327
299 328
299 329
299 330
299 331
299 332
299 333
299 334
299 335
299 336
299 337
299 338
299 339
299 340
299 341
299 342
299 343
299 344
299 345
299 346
299 347
299 348
299 349
299 350
299 351
299 352
299 353
299 741
299 743
299 744
299 745
299 747
299 748
299 853
299 854
299 855
299 857
300 301
300 302
300 303
300 304
300 305
300 306
300 307
300 324
300 326
300 327
300 328
300 329
300 330
300 331
300 332
300 333
300 334
300 335
300 336
300 337
300 338
300 339
300 340
300 341
300 342
300 343
300 344
300 345
300 346
300 347
300 348
300 349
300 350
300 351
300 352
300 353
300 742
300 743
300 744
300 745
300 746
300 747
300 748
300 778
300 854
301 302
301 303
301 304
301 305
301 306
301 320
301 321
301 326
301 327
301 328
301 329
301 330
301 331
301 332
301 333
301 334
301 335
301 336
301 337
301 338
301 339
301 340
301 341
301 342
301 343
301 344
301 345
301 346
301 347
301 348
301 349
301 350
301 351
301 352
301 353
301 738
301 741
301 743
301 744
301 745
301 746
301 747
301 852
301 854
301 856
302 303
302 304
302 305
302 306
302 307
302 310
302 320
302 325
302 326
302 327
302 328
302 329
302 330
302 331
302 332
302 333
302 334
302 335
302 336
302 337
302 338
302 339
302 340
302 341
302 342
302 343
302 344
302 345
302 346
302 347
302 348
302 349
302 350
302 351
302 352
302 353
302 740
302 741
302 742
302 743
302 745
302 746
302 747
302 748
302 749
302 854
303 304
303 305
303 306
303 307
303 321
303 323
303 326
303 327
303 328
303 329
303 330
303 331
303 332
303 333
303 334
303 335
303 336
303 337
303 338
303 339
303 340
303 341
303 342
303 343
303 344
303 345
303 346
303 347
303 348
303 349
303 350
303 351
303 352
303 353
303 741
303 743
303 744
303 746
303 747
303 854
303 856
303 857
303 904
304 305
304 306
304 307
304 308
304 309
304 320
304 321
304 322
304 324
304 328
304 329
304 330
304 331
304 332
304 333
304 334
304 335
304 336
304 337
304 338
304 339
304 340
304 341
304 342
304 343
304 344
304 345
304 346
304 347
304 348
304 349
304 350
304 351
304 352
304 353
304 464
304 552
304 739
304 740
304 743
304 745
304 746
304 747
304 748
304 853
304 910
305 306
305 307
305 319
305 321
305 322
305 323
305 326
305 327
305 328
305 329
305 330
305 331
305 332
305 333
305 334
305 335
305 336
305 337
305 338
305 339
305 340
305 341
305 342
305 343
305 344
305 345
305 346
305 347
305 348
305 349
305 350
305 351
305 352
305 353
305 354
305 548
305 741
305 742
305 743
305 744
305 745
305 746
305 747
306 307
306 322
306 323
306 324
306 325
306 327
306 328
306 329
306 330
306 331
306 332
306 333
306 334
306 335
306 336
306 337
306 338
306 339
306 340
306 341
306 342
306 343
306 344
306 345
306 346
306 347
306 348
306 349
306 350
306 351
306 352
306 353
306 739
306 744
306 745
306 746
306 747
306 749
306 855
306 858
307 329
307 330
307 332
307 334
307 335
307 336
307 339
307 341
307 342
307 343
307 344
307 345
307 346
307 347
307 348
307 349
307 350
307 351
307 352
307 353
307 432
307 743
307 744
307 853
308 345
308 346
308 347
308 348
308 349
308 350
308 351
308 352
308 353
309 348
309 350
309 351
309 628
310 433
310 654
313 351
314 344
314 349
315 681
318 741
319 322
319 335
319 339
319 350
320 332
320 337
320 338
320 340
320 341
320 347
320 349
320 351
320 744
320 745
320 746
321 323
321 324
321 326
321 327
321 329
321 330
321 332
321 336
321 337
321 339
321 340
321 341
321 347
321 348
321 349
321 350
321 351
321 739
321 743
321 853
321 855
322 331
322 332
322 335
322 338
322 341
322 347
322 348
322 350
322 352
322 742
322 743
322 745
322 746
322 747
322 854
323 327
323 329
323 330
323 331
323 333
323 334
323 336
323 338
323 339
323 343
323 344
323 347
323 348
323 349
323 350
323 351
323 352
323 353
323 741
323 742
323 743
323 745
323 746
323 747
323 851
324 325
324 327
324 328
324 333
324 335
324 336
324 337
324 338
324 339
324 340
324 341
324 342
324 344
324 345
324 347
324 350
324 352
324 353
324 693
324 738
324 742
324 743
324 744
324 745
324 746
324 748
324 749
324 852
324 855
325 326
325 328
325 329
325 331
325 332
325 333
325 334
325 336
325 337
325 338
325 339
325 340
325 341
325 343
325 344
325 345
325 347
325 348
325 349
325 350
325 351
325 352
325 740
325 741
325 744
325 746
325 852
325 853
325 854
326 327
326 328
326 333
326 334
326 337
326 338
326 340
326 341
326 342
326 343
326 344
326 346
326 348
326 350
326 351
326 352
326 353
326 738
326 743
326 744
326 745
326 747
326 748
326 853
327 328
327 329
327 331
327 332
327 333
327 336
327 337
327 339
327 340
327 341
327 342
327 346
327 347
327 348
327 349
327 350
327 352
327 434
327 742
327 743
327 745
327 747
327 748
327 854
327 855
328 329
328 331
328 332
328 333
328 335
328 336
328 337
328 338
328 339
328 340
328 342
328 343
328 344
328 345
328 346
328 347
328 348
328 349
328 350
328 352
328 739
328 741
328 742
328 744
328 745
328 746
328 747
328 748
328 853
328 854
328 855
329 330
329 331
329 332
329 333
329 334
329 336
329 337
329 338
329 339
329 340
329 341
329 342
329 343
329 344
329 345
329 346
329 347
329 348
329 349
329 350
329 352
329 353
329 739
329 742
329 743
329 744
329 747
329 851
329 854
330 331
330 332
330 334
330 335
330 336
330 337
330 338
330 340
330 341
330 342
330 343
330 344
330 346
330 347
330 348
330 349
330 350
330 351
330 352
330 353
330 739
330 740
330 741
330 743
330 744
330 746
330 747
330 748
330 854
330 855
330 856
330 901
331 332
331 333
331 334
331 335
331 336
331 337
331 338
331 339
331 340
331 341
331 342
331 343
331 344
331 345
331 346
331 347
331 348
331 349
331 350
331 351
331 352
331 353
331 742
331 743
331 744
331 745
331 746
331 747
331 856
332 333
332 334
332 335
332 336
332 337
332 339
332 340
332 341
332 342
332 343
332 344
332 345
332 346
332 347
332 348
332 349
332 350
332 351
332 352
332 353
332 737
332 739
332 740
332 742
332 745
332 746
332 747
332 750
332 852
332 853
332 855
333 334
333 335
333 336
333 337
333 338
333 339
333 340
333 341
333 342
333 343
333 344
333 345
333 346
333 347
333 348
333 349
333 350
333 351
333 352
333 353
333 744
333 745
333 746
333 855
334 335
334 336
334 337
334 338
334 339
334 340
334 341
334 342
334 343
334 344
334 345
334 346
334 347
334 348
334 349
334 350
334 351
334 352
334 353
334 739
334 742
334 745
334 746
334 747
334 748
334 749
334 851
334 852
335 336
335 337
335 338
335 339
335 340
335 341
335 342
335 343
335 344
335 345
335 346
335 347
335 348
335 349
335 350
335 351
335 352
335 353
335 423
335 739
335 740
335 741
335 742
335 743
335 744
335 746
335 747
335 748
335 854
335 855
335 856
336 337
336 338
336 339
336 340
336 341
336 342
336 343
336 344
336 345
336 346
336 347
336 348
336 349
336 350
336 351
336 352
336 353
336 354
336 739
336 740
336 744
336 746
336 747
336 748
336 751
336 854
336 855
337 338
337 339
337 340
337 341
337 342
337 343
337 344
337 345
337 346
337 347
337 348
337 349
337 350
337 351
337 352
337 353
337 557
337 559
337 678
337 739
337 740
337 742
337 744
337 745
337 746
337 747
337 749
337 852
337 854
338 339
338 340
338 341
338 342
338 343
338 344
338 345
338 346
338 347
338 348
338 349
338 350
338 351
338 352
338 353
338 741
338 742
338 745
338 747
338 748
338 855
338 858
339 340
339 341
339 342
339 343
339 344
339 345
339 346
339 347
339 348
339 349
339 350
339 351
339 352
339 353
339 354
339 396
339 462
339 740
339 743
339 744
339 745
339 747
339 748
339 749
339 773
339 852
339 857
339 858
339 873
340 341
340 342
340 343
340 344
340 345
340 346
340 347
340 348
340 349
340 350
340 351
340 352
340 353
340 354
340 395
340 452
340 614
340 741
340 742
340 743
340 745
340 748
340 851
340 855
340 857
341 342
341 343
341 344
341 345
341 346
341 347
341 348
341 349
341 350
341 351
341 352
341 353
341 355
341 521
341 742
341 743
341 744
341 746
341 747
341 856
342 343
342 344
342 345
342 346
342 347
342 348
342 349
342 350
342 351
342 352
342 353
342 432
342 444
342 557
342 741
342 742
342 746
342 747
342 855
342 856
342 857
342 889
343 344
343 345
343 346
343 347
343 348
343 349
343 350
343 351
343 352
343 353
343 531
343 553
343 626
343 627
343 740
343 742
343 743
343 744
343 745
343 746
343 747
343 748
343 749
343 750
343 856
343 857
344 345
344 346
344 347
344 348
344 349
344 350
344 351
344 352
344 353
344 354
344 380
344 527
344 662
344 682
344 691
344 740
344 742
344 743
344 744
344 745
344 746
344 747
344 748
344 751
344 778
344 821
344 853
344 855
344 857
344 929
345 346
345 347
345 348
345 349
345 350
345 351
345 352
345 353
345 354
345 464
345 552
345 738
345 741
345 743
345 744
345 745
345 746
345 747
345 748
345 749
345 750
345 807
345 853
345 857
345 858
345 891
345 892
345 905
345 928
346 347
346 348
346 349
346 350
346 351
346 352
346 353
346 354
346 453
346 463
346 595
346 635
346 680
346 742
346 743
346 744
346 746
346 747
346 750
346 760
346 779
346 852
346 853
346 854
346 857
346 858
346 929
346 930
347 348
347 349
347 350
347 351
347 352
347 353
347 354
347 357
347 380
347 396
347 449
347 464
347 484
347 550
347 554
347 557
347 558
347 636
347 742
347 743
347 745
347 746
347 747
347 749
347 750
347 853
347 854
347 856
347 945
348 349
348 350
348 351
348 352
348 353
348 354
348 355
348 397
348 426
348 478
348 484
348 552
348 558
348 625
348 628
348 657
348 678
348 679
348 713
348 739
348 742
348 743
348 744
348 745
348 746
348 747
348 750
348 757
348 818
348 834
348 846
348 853
348 854
348 855
348 858
348 859
348 892
349 350
349 351
349 352
349 353
349 354
349 355
349 358
349 361
349 396
349 397
349 432
349 433
349 445
349 454
349 464
349 553
349 615
349 626
349 627
349 694
349 740
349 742
349 743
349 744
349 745
349 746
349 747
349 748
349 749
349 750
349 751
349 759
349 797
349 822
349 851
349 855
349 890
349 895
349 901
350 351
350 352
350 353
350 354
350 355
350 364
350 371
350 372
350 375
350 382
350 396
350 397
350 425
350 433
350 453
350 463
350 482
350 531
350 553
350 558
350 559
350 587
350 625
350 658
350 677
350 679
350 735
350 738
350 740
350 742
350 743
350 744
350 745
350 746
350 747
350 749
350 750
350 751
350 756
350 842
350 845
350 852
350 853
350 855
350 856
350 857
350 858
350 859
350 874
350 885
350 893
350 894
350 937
351 352
351 353
351 354
351 355
351 357
351 369
351 395
351 427
351 449
351 454
351 462
351 465
351 479
351 485
351 555
351 557
351 615
351 660
351 666
351 679
351 680
351 681
351 734
351 738
351 739
351 741
351 743
351 744
351 745
351 748
351 749
351 751
351 752
351 761
351 809
351 833
351 846
351 854
351 855
351 858
351 885
351 886
351 912
351 930
352 353
352 354
352 355
352 411
352 463
352 464
352 532
352 551
352 553
352 559
352 586
352 614
352 659
352 680
352 701
352 742
352 743
352 744
352 745
352 746
352 747
352 748
352 749
352 752
352 753
352 810
352 822
352 854
352 857
352 859
352 860
352 905
353 354
353 397
353 681
353 705
353 738
353 740
353 743
353 745
353 747
353 748
353 749
353 811
353 845
353 892
353 896
354 400
354 441
354 855
355 408
355 508
356 874
357 723
373 457
381 895
398 762
405 858
434 461
436 716
455 627
458 847
481 704
482 897
483 614
483 860
507 894
531 843
549 601
554 695
560 861
635 744
643 731
683 837
686 859
694 761
694 915
714 807
737 747
738 744
738 745
738 852
738 854
739 741
739 746
739 747
739 853
740 741
740 747
740 852
740 853
741 742
741 743
741 744
741 745
741 746
741 853
741 855
742 743
742 744
742 745
742 746
742 747
742 854
743 744
743 745
743 746
743 747
743 748
743 855
744 745
744 747
744 853
744 856
745 746
745 747
745 853
745 854
745 856
747 854
747 856
748 852
748 855
823 850
835 898
851 852
851 853
851 855
