5 448
8 445
9 688
11 448
14 442
15 95
25 349
26 67
34 682
35 444
35 448
36 131
38 446
39 450
46 442
46 448
47 257
47 446
48 177
52 274
53 82
53 96
53 189
53 271
53 338
53 439
53 469
53 647
54 55
54 59
54 60
54 61
54 83
54 85
54 92
54 104
54 192
54 193
54 196
54 269
54 271
54 273
54 279
54 283
54 324
54 418
54 419
54 423
54 425
54 428
54 432
54 434
54 437
54 467
54 476
54 649
54 666
54 668
54 672
54 680
54 681
55 58
55 63
55 64
55 65
55 66
55 73
55 75
55 81
55 87
55 91
55 92
55 93
55 99
55 104
55 105
55 106
55 192
55 193
55 196
55 267
55 269
55 274
55 275
55 278
55 281
55 285
55 322
55 325
55 326
55 332
55 333
55 335
55 336
55 419
55 421
55 426
55 428
55 433
55 434
55 440
55 441
55 445
55 446
55 448
55 449
55 465
55 472
55 475
55 476
55 477
55 647
55 667
55 676
55 679
55 681
55 682
55 684
56 57
56 58
56 59
56 62
56 65
56 75
56 76
56 77
56 78
56 80
56 81
56 83
56 84
56 88
56 91
56 96
56 98
56 99
56 101
56 103
56 104
56 105
56 186
56 190
56 192
56 194
56 196
56 198
56 267
56 269
56 271
56 276
56 278
56 279
56 280
56 282
56 322
56 326
56 327
56 329
56 332
56 335
56 336
56 417
56 420
56 422
56 423
56 426
56 427
56 428
56 430
56 431
56 432
56 433
56 436
56 437
56 438
56 439
56 444
56 445
56 447
56 467
56 469
56 471
56 477
56 478
56 668
56 670
56 671
56 672
56 673
56 674
56 677
56 678
56 681
56 683
57 59
57 60
57 61
57 66
57 72
57 74
57 75
57 76
57 79
57 80
57 82
57 83
57 84
57 85
57 88
57 89
57 90
57 92
57 94
57 95
57 97
57 98
57 102
57 103
57 106
57 107
57 189
57 191
57 192
57 196
57 197
57 198
57 199
57 239
57 268
57 269
57 270
57 271
57 273
57 274
57 275
57 278
57 280
57 281
57 282
57 320
57 321
57 325
57 326
57 327
57 328
57 329
57 330
57 332
57 333
57 335
57 338
57 417
57 420
57 422
57 426
57 427
57 428
57 429
57 430
57 431
57 432
57 433
57 435
57 437
57 438
57 441
57 443
57 444
57 445
57 446
57 448
57 469
57 470
57 471
57 472
57 473
57 476
57 478
57 479
57 668
57 670
57 673
57 675
57 677
57 682
58 59
58 60
58 61
58 62
58 63
58 74
58 76
58 80
58 82
58 83
58 86
58 88
58 89
58 91
58 92
58 94
58 97
58 98
58 99
58 100
58 102
58 103
58 104
58 106
58 108
58 109
58 188
58 191
58 192
58 196
58 197
58 198
58 268
58 269
58 270
58 272
58 273
58 274
58 275
58 277
58 279
58 280
58 282
58 325
58 327
58 328
58 329
58 330
58 331
58 334
58 335
58 336
58 337
58 338
58 416
58 417
58 418
58 420
58 422
58 423
58 424
58 425
58 428
58 429
58 431
58 432
58 433
58 437
58 439
58 440
58 441
58 442
58 443
58 445
58 446
58 447
58 449
58 467
58 468
58 470
58 471
58 472
58 475
58 476
58 477
58 479
58 481
58 646
58 647
58 667
58 668
58 669
58 671
58 672
58 673
58 674
58 675
58 676
58 679
58 680
58 682
58 683
59 61
59 62
59 63
59 66
59 73
59 78
59 80
59 83
59 84
59 85
59 86
59 87
59 90
59 95
59 96
59 100
59 101
59 102
59 103
59 105
59 106
59 108
59 192
59 193
59 196
59 197
59 198
59 268
59 272
59 273
59 274
59 275
59 277
59 278
59 279
59 280
59 281
59 282
59 325
59 327
59 329
59 330
59 334
59 335
59 337
59 338
59 339
59 414
59 416
59 419
59 420
59 421
59 422
59 423
59 424
59 425
59 426
59 429
59 431
59 432
59 436
59 438
59 439
59 440
59 441
59 442
59 443
59 444
59 447
59 448
59 449
59 465
59 467
59 468
59 471
59 474
59 475
59 478
59 667
59 669
59 671
59 673
59 674
59 676
59 677
59 679
59 681
59 682
59 683
60 62
60 63
60 66
60 78
60 79
60 80
60 81
60 82
60 83
60 84
60 86
60 88
60 89
60 90
60 96
60 98
60 100
60 101
60 102
60 103
60 104
60 105
60 106
60 107
60 191
60 193
60 194
60 195
60 196
60 198
60 237
60 272
60 274
60 275
60 276
60 278
60 279
60 280
60 282
60 283
60 321
60 324
60 326
60 327
60 328
60 329
60 330
60 331
60 332
60 333
60 334
60 335
60 336
60 337
60 338
60 419
60 421
60 422
60 423
60 424
60 425
60 427
60 428
60 429
60 432
60 433
60 434
60 436
60 437
60 438
60 439
60 440
60 441
60 442
60 443
60 444
60 445
60 446
60 447
60 448
60 449
60 465
60 467
60 470
60 471
60 472
60 474
60 475
60 477
60 478
60 479
60 647
60 667
60 670
60 671
60 673
60 674
60 675
60 677
60 678
60 679
60 680
60 681
60 683
60 860
61 63
61 64
61 65
61 73
61 74
61 76
61 78
61 81
61 83
61 85
61 87
61 88
61 90
61 91
61 96
61 100
61 101
61 102
61 103
61 104
61 105
61 106
61 107
61 108
61 187
61 188
61 191
61 192
61 193
61 194
61 195
61 197
61 199
61 266
61 269
61 270
61 272
61 273
61 274
61 275
61 277
61 278
61 279
61 280
61 281
61 282
61 321
61 324
61 325
61 326
61 327
61 328
61 329
61 330
61 331
61 332
61 335
61 336
61 338
61 339
61 417
61 418
61 420
61 421
61 422
61 424
61 425
61 426
61 427
61 428
61 429
61 430
61 431
61 433
61 437
61 438
61 439
61 440
61 442
61 443
61 444
61 445
61 446
61 447
61 448
61 449
61 450
61 469
61 470
61 471
61 472
61 474
61 475
61 477
61 478
61 479
61 645
61 672
61 674
61 675
61 677
61 678
61 679
61 681
61 682
61 736
61 780
62 63
62 64
62 65
62 75
62 79
62 80
62 81
62 82
62 83
62 84
62 85
62 86
62 87
62 88
62 89
62 90
62 92
62 96
62 98
62 101
62 102
62 104
62 105
62 106
62 107
62 109
62 187
62 189
62 191
62 195
62 196
62 197
62 199
62 267
62 269
62 270
62 271
62 272
62 273
62 275
62 276
62 277
62 278
62 279
62 281
62 282
62 283
62 324
62 326
62 327
62 328
62 329
62 330
62 331
62 332
62 333
62 334
62 335
62 337
62 338
62 339
62 415
62 417
62 418
62 421
62 422
62 424
62 425
62 426
62 427
62 428
62 429
62 430
62 431
62 432
62 435
62 436
62 437
62 438
62 439
62 440
62 441
62 442
62 443
62 444
62 445
62 447
62 449
62 450
62 469
62 470
62 471
62 472
62 473
62 475
62 476
62 478
62 479
62 670
62 671
62 672
62 673
62 674
62 675
62 676
62 677
62 678
62 679
62 680
62 681
62 682
62 683
62 684
63 64
63 65
63 66
63 73
63 78
63 79
63 80
63 81
63 82
63 83
63 85
63 86
63 88
63 89
63 90
63 91
63 95
63 96
63 97
63 99
63 100
63 103
63 104
63 105
63 106
63 107
63 109
63 187
63 193
63 194
63 195
63 196
63 197
63 198
63 199
63 237
63 265
63 266
63 269
63 271
63 273
63 274
63 275
63 276
63 277
63 278
63 279
63 280
63 281
63 282
63 283
63 284
63 322
63 323
63 324
63 325
63 326
63 327
63 328
63 329
63 330
63 332
63 333
63 334
63 335
63 336
63 339
63 417
63 418
63 420
63 421
63 422
63 423
63 424
63 426
63 427
63 428
63 429
63 430
63 431
63 432
63 433
63 434
63 435
63 437
63 438
63 439
63 440
63 441
63 442
63 443
63 444
63 446
63 447
63 448
63 449
63 467
63 469
63 470
63 471
63 472
63 473
63 474
63 475
63 476
63 477
63 478
63 479
63 668
63 670
63 674
63 675
63 677
63 678
63 679
63 680
63 681
63 682
63 904
64 65
64 75
64 81
64 82
64 83
64 84
64 85
64 86
64 87
64 88
64 89
64 90
64 91
64 101
64 102
64 103
64 104
64 105
64 107
64 108
64 190
64 191
64 192
64 194
64 196
64 197
64 198
64 239
64 268
64 270
64 271
64 272
64 273
64 274
64 275
64 276
64 278
64 279
64 280
64 281
64 282
64 320
64 322
64 326
64 327
64 328
64 330
64 331
64 333
64 334
64 335
64 336
64 337
64 338
64 415
64 416
64 417
64 418
64 421
64 423
64 424
64 425
64 426
64 427
64 428
64 429
64 430
64 431
64 432
64 433
64 434
64 435
64 436
64 437
64 438
64 439
64 440
64 442
64 443
64 444
64 445
64 447
64 448
64 449
64 450
64 466
64 469
64 470
64 471
64 472
64 473
64 474
64 475
64 476
64 477
64 478
64 479
64 667
64 669
64 670
64 671
64 672
64 673
64 674
64 676
64 677
64 678
64 679
64 680
64 681
64 682
64 683
64 686
65 66
65 72
65 73
65 74
65 77
65 80
65 81
65 82
65 84
65 85
65 86
65 88
65 89
65 90
65 93
65 94
65 96
65 99
65 100
65 101
65 102
65 103
65 104
65 105
65 106
65 107
65 190
65 193
65 195
65 196
65 197
65 198
65 270
65 271
65 272
65 273
65 274
65 275
65 277
65 278
65 279
65 281
65 282
65 321
65 322
65 323
65 324
65 325
65 326
65 327
65 328
65 329
65 330
65 331
65 332
65 333
65 334
65 335
65 336
65 337
65 338
65 418
65 419
65 421
65 422
65 423
65 424
65 425
65 426
65 427
65 428
65 429
65 430
65 431
65 432
65 433
65 434
65 435
65 436
65 437
65 438
65 439
65 440
65 441
65 442
65 443
65 444
65 445
65 446
65 447
65 448
65 449
65 459
65 466
65 467
65 468
65 469
65 470
65 472
65 473
65 474
65 475
65 476
65 477
65 478
65 479
65 646
65 668
65 670
65 671
65 672
65 673
65 674
65 675
65 677
65 678
65 680
65 681
65 682
65 683
66 76
66 86
66 87
66 88
66 89
66 90
66 98
66 101
66 103
66 109
66 187
66 197
66 200
66 268
66 275
66 277
66 278
66 279
66 280
66 281
66 282
66 323
66 325
66 327
66 328
66 329
66 332
66 334
66 336
66 418
66 421
66 427
66 429
66 431
66 432
66 433
66 435
66 437
66 438
66 440
66 441
66 442
66 443
66 444
66 445
66 446
66 447
66 448
66 449
66 465
66 466
66 468
66 474
66 475
66 477
66 646
66 671
66 677
66 679
66 681
66 779
67 88
67 89
67 91
67 102
67 335
67 438
67 440
67 441
67 442
67 443
67 444
67 445
67 446
67 447
67 448
67 449
67 471
67 477
67 677
67 679
68 91
68 129
68 430
68 437
68 444
68 445
68 446
68 447
68 448
68 681
69 341
69 446
69 448
69 449
70 106
70 140
70 281
70 447
71 264
71 443
72 74
72 188
72 283
72 427
72 444
72 476
72 676
72 874
73 88
73 89
73 98
73 103
73 105
73 191
73 193
73 196
73 270
73 280
73 320
73 326
73 327
73 328
73 424
73 425
73 434
73 440
73 446
73 471
73 472
73 668
73 670
73 681
74 75
74 81
74 84
74 85
74 86
74 87
74 94
74 96
74 98
74 99
74 100
74 189
74 190
74 193
74 194
74 195
74 198
74 270
74 272
74 273
74 277
74 320
74 322
74 324
74 325
74 326
74 329
74 334
74 337
74 338
74 339
74 413
74 417
74 418
74 424
74 433
74 436
74 439
74 440
74 467
74 473
74 474
74 645
74 648
74 668
74 671
74 680
74 681
74 683
75 78
75 83
75 86
75 88
75 90
75 95
75 100
75 102
75 104
75 105
75 110
75 188
75 193
75 197
75 268
75 272
75 273
75 275
75 276
75 279
75 280
75 282
75 320
75 325
75 326
75 327
75 331
75 332
75 333
75 336
75 337
75 415
75 417
75 418
75 421
75 422
75 423
75 426
75 431
75 432
75 436
75 441
75 442
75 443
75 445
75 446
75 447
75 449
75 468
75 470
75 471
75 473
75 475
75 476
75 647
75 668
75 669
75 672
75 673
75 675
75 676
75 677
75 682
76 77
76 78
76 80
76 81
76 83
76 84
76 85
76 86
76 88
76 105
76 106
76 165
76 188
76 189
76 190
76 191
76 194
76 196
76 266
76 268
76 272
76 273
76 280
76 281
76 324
76 326
76 329
76 330
76 332
76 335
76 336
76 416
76 418
76 420
76 421
76 427
76 430
76 431
76 433
76 434
76 435
76 436
76 437
76 439
76 440
76 441
76 442
76 443
76 447
76 448
76 468
76 469
76 471
76 473
76 474
76 476
76 477
76 672
76 674
76 675
76 676
76 683
77 79
77 82
77 83
77 86
77 87
77 88
77 89
77 90
77 91
77 93
77 95
77 97
77 98
77 99
77 100
77 101
77 102
77 104
77 106
77 107
77 190
77 191
77 192
77 193
77 194
77 198
77 238
77 269
77 271
77 274
77 275
77 276
77 277
77 278
77 279
77 281
77 282
77 321
77 326
77 327
77 328
77 331
77 332
77 337
77 416
77 417
77 418
77 422
77 423
77 425
77 426
77 429
77 430
77 433
77 434
77 435
77 437
77 438
77 441
77 444
77 447
77 448
77 449
77 466
77 468
77 469
77 470
77 472
77 473
77 474
77 475
77 477
77 478
77 480
77 668
77 670
77 672
77 673
77 675
77 677
77 679
77 681
77 682
77 683
78 79
78 80
78 81
78 82
78 84
78 85
78 86
78 87
78 89
78 90
78 93
78 96
78 97
78 98
78 99
78 101
78 102
78 103
78 104
78 105
78 106
78 191
78 193
78 196
78 197
78 198
78 238
78 268
78 269
78 274
78 275
78 276
78 277
78 278
78 280
78 281
78 283
78 322
78 323
78 327
78 329
78 330
78 331
78 335
78 336
78 337
78 338
78 414
78 417
78 418
78 421
78 422
78 423
78 424
78 425
78 428
78 429
78 430
78 431
78 432
78 433
78 435
78 437
78 438
78 439
78 440
78 442
78 443
78 444
78 445
78 449
78 470
78 471
78 472
78 473
78 474
78 475
78 476
78 477
78 478
78 645
78 669
78 674
78 677
78 680
78 682
78 848
78 904
79 80
79 82
79 83
79 84
79 86
79 87
79 88
79 89
79 90
79 91
79 94
79 95
79 97
79 98
79 101
79 102
79 103
79 104
79 105
79 106
79 192
79 193
79 194
79 195
79 196
79 266
79 269
79 270
79 271
79 272
79 273
79 274
79 275
79 277
79 278
79 280
79 281
79 282
79 323
79 325
79 327
79 328
79 331
79 332
79 333
79 335
79 336
79 337
79 415
79 418
79 419
79 422
79 423
79 424
79 425
79 427
79 428
79 429
79 433
79 434
79 435
79 436
79 437
79 438
79 440
79 441
79 442
79 443
79 444
79 445
79 446
79 447
79 448
79 449
79 460
79 467
79 470
79 471
79 472
79 473
79 474
79 476
79 477
79 478
79 479
79 646
79 668
79 669
79 670
79 671
79 673
79 674
79 675
79 676
79 677
79 678
79 679
79 681
79 682
79 683
80 81
80 82
80 84
80 85
80 87
80 88
80 89
80 90
80 91
80 96
80 98
80 100
80 101
80 103
80 105
80 107
80 192
80 193
80 194
80 196
80 197
80 198
80 269
80 270
80 271
80 272
80 273
80 274
80 275
80 278
80 279
80 280
80 282
80 283
80 324
80 325
80 326
80 328
80 329
80 330
80 331
80 332
80 333
80 334
80 335
80 336
80 337
80 338
80 339
80 419
80 420
80 421
80 422
80 423
80 424
80 425
80 426
80 427
80 429
80 430
80 431
80 432
80 433
80 434
80 436
80 437
80 439
80 440
80 441
80 442
80 443
80 444
80 445
80 446
80 447
80 448
80 466
80 468
80 469
80 470
80 472
80 473
80 475
80 479
80 646
80 648
80 667
80 670
80 671
80 672
80 673
80 674
80 675
80 676
80 677
80 678
80 679
80 680
80 681
80 682
80 683
80 839
81 82
81 84
81 85
81 86
81 87
81 88
81 89
81 90
81 91
81 94
81 96
81 97
81 99
81 101
81 103
81 104
81 105
81 106
81 107
81 191
81 192
81 193
81 194
81 196
81 197
81 198
81 269
81 270
81 271
81 272
81 273
81 274
81 275
81 276
81 277
81 278
81 280
81 281
81 324
81 325
81 326
81 327
81 328
81 329
81 330
81 331
81 332
81 334
81 335
81 336
81 337
81 338
81 339
81 418
81 419
81 420
81 421
81 422
81 423
81 424
81 425
81 426
81 427
81 429
81 432
81 433
81 435
81 436
81 437
81 438
81 439
81 440
81 441
81 442
81 444
81 445
81 447
81 448
81 449
81 450
81 468
81 469
81 470
81 472
81 473
81 474
81 475
81 476
81 477
81 478
81 479
81 480
81 646
81 647
81 667
81 668
81 670
81 671
81 672
81 673
81 674
81 675
81 676
81 677
81 679
81 680
81 681
81 682
81 869
82 83
82 85
82 86
82 87
82 88
82 89
82 90
82 91
82 93
82 95
82 98
82 99
82 101
82 102
82 103
82 104
82 105
82 106
82 107
82 108
82 188
82 191
82 192
82 193
82 194
82 195
82 196
82 197
82 198
82 199
82 266
82 268
82 269
82 271
82 272
82 274
82 275
82 276
82 277
82 279
82 280
82 281
82 282
82 283
82 322
82 324
82 326
82 328
82 329
82 330
82 331
82 332
82 333
82 334
82 335
82 336
82 337
82 338
82 339
82 416
82 418
82 419
82 421
82 422
82 423
82 424
82 425
82 426
82 427
82 428
82 429
82 430
82 431
82 432
82 433
82 434
82 435
82 436
82 437
82 438
82 439
82 440
82 441
82 442
82 443
82 445
82 446
82 447
82 450
82 471
82 473
82 474
82 475
82 477
82 479
82 480
82 669
82 670
82 671
82 672
82 673
82 674
82 677
82 678
82 679
82 680
82 681
82 682
82 683
82 780
83 84
83 85
83 87
83 88
83 89
83 90
83 91
83 95
83 99
83 100
83 101
83 102
83 103
83 104
83 105
83 107
83 108
83 187
83 193
83 194
83 195
83 196
83 197
83 198
83 269
83 270
83 271
83 272
83 273
83 274
83 275
83 276
83 277
83 278
83 279
83 280
83 281
83 282
83 284
83 285
83 320
83 327
83 328
83 329
83 330
83 331
83 332
83 333
83 334
83 335
83 336
83 337
83 338
83 421
83 422
83 423
83 424
83 425
83 426
83 427
83 429
83 430
83 431
83 432
83 433
83 434
83 435
83 436
83 437
83 438
83 439
83 440
83 441
83 442
83 443
83 444
83 445
83 446
83 447
83 448
83 449
83 468
83 471
83 472
83 473
83 474
83 475
83 476
83 477
83 478
83 479
83 670
83 671
83 672
83 673
83 674
83 675
83 676
83 677
83 678
83 680
83 681
83 682
83 683
84 85
84 86
84 87
84 88
84 89
84 90
84 91
84 92
84 93
84 94
84 95
84 96
84 97
84 102
84 103
84 104
84 105
84 106
84 182
84 189
84 190
84 194
84 196
84 197
84 198
84 200
84 266
84 268
84 270
84 273
84 274
84 275
84 276
84 277
84 278
84 279
84 280
84 281
84 282
84 283
84 285
84 288
84 326
84 328
84 329
84 330
84 331
84 333
84 335
84 336
84 337
84 338
84 414
84 415
84 416
84 417
84 419
84 420
84 421
84 422
84 423
84 424
84 425
84 426
84 427
84 428
84 429
84 430
84 431
84 432
84 433
84 434
84 435
84 436
84 437
84 438
84 439
84 440
84 442
84 443
84 444
84 445
84 446
84 447
84 448
84 449
84 467
84 469
84 470
84 471
84 472
84 474
84 475
84 476
84 477
84 479
84 645
84 669
84 672
84 673
84 674
84 675
84 676
84 677
84 678
84 680
84 681
84 682
84 683
85 86
85 87
85 88
85 89
85 90
85 94
85 95
85 99
85 100
85 101
85 102
85 103
85 104
85 105
85 106
85 107
85 108
85 189
85 190
85 192
85 193
85 195
85 197
85 198
85 199
85 266
85 267
85 270
85 272
85 274
85 275
85 276
85 277
85 278
85 279
85 280
85 281
85 282
85 321
85 323
85 324
85 327
85 328
85 329
85 330
85 331
85 332
85 333
85 334
85 335
85 336
85 337
85 338
85 339
85 416
85 418
85 419
85 420
85 421
85 422
85 426
85 427
85 428
85 429
85 430
85 431
85 432
85 433
85 434
85 435
85 436
85 437
85 438
85 439
85 440
85 441
85 442
85 443
85 444
85 445
85 446
85 447
85 448
85 449
85 450
85 459
85 466
85 467
85 470
85 471
85 472
85 473
85 474
85 475
85 476
85 477
85 478
85 479
85 645
85 667
85 670
85 671
85 673
85 674
85 675
85 676
85 677
85 678
85 679
85 680
85 681
85 682
85 683
85 900
86 87
86 88
86 89
86 90
86 91
86 93
86 94
86 97
86 98
86 99
86 100
86 101
86 102
86 103
86 104
86 105
86 106
86 107
86 108
86 188
86 189
86 190
86 191
86 195
86 196
86 197
86 198
86 267
86 269
86 271
86 272
86 273
86 274
86 275
86 276
86 277
86 278
86 279
86 280
86 281
86 282
86 283
86 284
86 322
86 323
86 324
86 326
86 329
86 330
86 331
86 332
86 333
86 334
86 335
86 336
86 337
86 338
86 339
86 340
86 418
86 420
86 421
86 422
86 423
86 424
86 425
86 426
86 427
86 428
86 429
86 430
86 431
86 432
86 433
86 434
86 435
86 436
86 437
86 438
86 439
86 440
86 441
86 442
86 443
86 444
86 445
86 446
86 447
86 448
86 449
86 450
86 468
86 472
86 473
86 475
86 476
86 477
86 478
86 479
86 669
86 670
86 672
86 673
86 674
86 675
86 676
86 677
86 678
86 679
86 680
86 681
86 682
86 780
87 88
87 89
87 90
87 91
87 94
87 96
87 97
87 98
87 99
87 100
87 101
87 102
87 103
87 104
87 105
87 106
87 107
87 108
87 166
87 191
87 193
87 195
87 196
87 197
87 198
87 199
87 200
87 237
87 239
87 267
87 268
87 270
87 271
87 272
87 273
87 274
87 275
87 276
87 277
87 278
87 279
87 280
87 281
87 282
87 285
87 326
87 327
87 329
87 330
87 331
87 332
87 333
87 334
87 335
87 336
87 337
87 338
87 416
87 417
87 418
87 419
87 420
87 421
87 422
87 423
87 424
87 425
87 426
87 427
87 428
87 429
87 430
87 431
87 432
87 433
87 434
87 435
87 436
87 437
87 438
87 439
87 440
87 441
87 442
87 443
87 444
87 445
87 446
87 447
87 448
87 449
87 461
87 468
87 469
87 470
87 471
87 472
87 473
87 474
87 475
87 476
87 477
87 478
87 479
87 480
87 648
87 666
87 670
87 671
87 672
87 674
87 675
87 677
87 678
87 679
87 680
87 681
87 682
87 683
88 89
88 90
88 91
88 95
88 97
88 98
88 100
88 101
88 103
88 104
88 105
88 106
88 107
88 108
88 192
88 194
88 195
88 196
88 197
88 198
88 199
88 267
88 268
88 270
88 272
88 273
88 274
88 275
88 276
88 277
88 278
88 279
88 280
88 281
88 283
88 286
88 299
88 324
88 327
88 328
88 329
88 331
88 332
88 334
88 335
88 336
88 337
88 338
88 340
88 364
88 420
88 421
88 422
88 423
88 424
88 425
88 426
88 427
88 428
88 429
88 430
88 431
88 432
88 433
88 434
88 435
88 436
88 437
88 438
88 439
88 440
88 441
88 442
88 443
88 444
88 445
88 446
88 447
88 448
88 449
88 450
88 460
88 467
88 468
88 472
88 473
88 475
88 476
88 477
88 478
88 479
88 480
88 668
88 670
88 671
88 673
88 674
88 675
88 676
88 677
88 678
88 679
88 680
88 681
88 682
88 683
88 684
89 90
89 91
89 92
89 93
89 96
89 98
89 100
89 101
89 102
89 103
89 104
89 105
89 106
89 107
89 108
89 110
89 111
89 137
89 190
89 194
89 196
89 197
89 198
89 199
89 267
89 268
89 269
89 272
89 273
89 275
89 276
89 277
89 278
89 279
89 280
89 281
89 282
89 283
89 321
89 323
89 325
89 326
89 328
89 329
89 330
89 331
89 333
89 334
89 335
89 336
89 337
89 338
89 415
89 416
89 417
89 419
89 420
89 423
89 425
89 426
89 427
89 428
89 429
89 430
89 431
89 432
89 433
89 434
89 435
89 436
89 437
89 438
89 439
89 440
89 441
89 442
89 443
89 444
89 445
89 446
89 447
89 448
89 449
89 450
89 465
89 466
89 470
89 473
89 474
89 475
89 476
89 477
89 478
89 479
89 480
89 649
89 668
89 669
89 670
89 673
89 674
89 675
89 676
89 677
89 678
89 679
89 681
89 682
89 683
89 684
89 779
89 780
90 91
90 92
90 99
90 100
90 101
90 102
90 103
90 105
90 106
90 107
90 108
90 109
90 189
90 190
90 191
90 194
90 195
90 196
90 197
90 198
90 199
90 239
90 268
90 269
90 270
90 271
90 272
90 273
90 274
90 275
90 276
90 277
90 278
90 279
90 280
90 281
90 282
90 283
90 284
90 322
90 327
90 330
90 332
90 333
90 334
90 335
90 336
90 337
90 338
90 411
90 416
90 417
90 419
90 420
90 421
90 422
90 423
90 425
90 426
90 427
90 428
90 429
90 430
90 431
90 432
90 433
90 434
90 435
90 436
90 437
90 438
90 439
90 440
90 441
90 442
90 443
90 444
90 445
90 446
90 447
90 448
90 449
90 450
90 460
90 469
90 470
90 471
90 472
90 473
90 474
90 475
90 476
90 477
90 478
90 480
90 669
90 671
90 673
90 674
90 675
90 676
90 677
90 678
90 679
90 680
90 681
90 682
90 683
90 684
90 780
91 92
91 100
91 103
91 104
91 105
91 106
91 107
91 108
91 192
91 193
91 194
91 195
91 197
91 198
91 199
91 265
91 269
91 273
91 274
91 275
91 278
91 279
91 280
91 281
91 282
91 284
91 323
91 324
91 325
91 327
91 328
91 331
91 332
91 333
91 334
91 335
91 336
91 337
91 338
91 418
91 419
91 422
91 425
91 426
91 427
91 428
91 431
91 433
91 435
91 436
91 437
91 438
91 439
91 440
91 441
91 442
91 443
91 444
91 445
91 446
91 447
91 448
91 449
91 450
91 466
91 467
91 468
91 471
91 473
91 474
91 475
91 476
91 478
91 479
91 670
91 671
91 674
91 680
91 681
91 682
91 683
92 103
92 188
92 195
92 273
92 274
92 322
92 330
92 331
92 336
92 422
92 426
92 427
92 437
92 439
92 440
92 441
92 442
92 443
92 444
92 445
92 447
92 448
92 449
92 450
92 469
92 470
92 479
92 601
92 667
92 673
92 676
92 677
92 684
92 744
93 100
93 190
93 191
93 199
93 268
93 276
93 277
93 281
93 323
93 330
93 332
93 334
93 421
93 423
93 430
93 432
93 437
93 438
93 443
93 447
93 448
93 449
93 465
93 472
93 473
93 476
93 645
93 650
93 666
93 667
93 672
93 676
93 680
93 683
93 811
94 99
94 100
94 107
94 191
94 192
94 196
94 266
94 269
94 272
94 273
94 275
94 280
94 281
94 325
94 326
94 327
94 329
94 332
94 334
94 339
94 416
94 421
94 426
94 427
94 429
94 430
94 432
94 434
94 437
94 441
94 443
94 447
94 448
94 449
94 467
94 468
94 472
94 476
94 480
94 671
94 677
94 678
94 708
95 104
95 106
95 108
95 190
95 194
95 272
95 275
95 277
95 327
95 328
95 334
95 417
95 420
95 421
95 424
95 425
95 426
95 429
95 431
95 434
95 436
95 439
95 441
95 442
95 446
95 448
95 449
95 467
95 469
95 470
95 473
95 474
95 475
95 477
95 668
95 669
95 670
95 672
95 682
96 97
96 99
96 100
96 101
96 102
96 103
96 105
96 106
96 108
96 192
96 193
96 194
96 196
96 197
96 199
96 270
96 273
96 275
96 276
96 278
96 279
96 280
96 283
96 284
96 321
96 325
96 326
96 327
96 329
96 331
96 332
96 333
96 334
96 335
96 336
96 337
96 339
96 420
96 423
96 426
96 429
96 430
96 431
96 432
96 433
96 436
96 437
96 438
96 439
96 440
96 441
96 444
96 446
96 467
96 469
96 470
96 471
96 472
96 476
96 647
96 668
96 669
96 670
96 675
96 676
96 680
96 681
96 682
96 683
97 99
97 100
97 101
97 103
97 105
97 188
97 190
97 191
97 195
97 198
97 268
97 269
97 271
97 273
97 275
97 276
97 277
97 278
97 279
97 280
97 281
97 282
97 283
97 320
97 322
97 324
97 325
97 326
97 327
97 330
97 331
97 333
97 335
97 336
97 337
97 416
97 418
97 421
97 423
97 424
97 425
97 427
97 429
97 431
97 433
97 436
97 437
97 440
97 441
97 442
97 444
97 445
97 446
97 447
97 449
97 458
97 467
97 470
97 472
97 473
97 474
97 475
97 476
97 477
97 478
97 670
97 673
97 678
98 101
98 102
98 107
98 189
98 190
98 191
98 192
98 194
98 195
98 196
98 199
98 272
98 273
98 274
98 275
98 277
98 279
98 281
98 282
98 323
98 324
98 326
98 327
98 330
98 331
98 332
98 334
98 336
98 337
98 338
98 415
98 418
98 419
98 420
98 421
98 423
98 424
98 426
98 428
98 431
98 435
98 436
98 438
98 439
98 441
98 442
98 443
98 444
98 445
98 447
98 448
98 468
98 469
98 471
98 472
98 473
98 474
98 475
98 477
98 479
98 647
98 668
98 669
98 670
98 671
98 672
98 673
98 675
98 678
98 680
98 682
98 683
99 100
99 101
99 102
99 103
99 104
99 105
99 106
99 107
99 189
99 190
99 191
99 193
99 194
99 195
99 196
99 197
99 198
99 199
99 268
99 269
99 272
99 273
99 275
99 276
99 277
99 278
99 280
99 283
99 284
99 324
99 327
99 328
99 329
99 332
99 334
99 335
99 336
99 339
99 416
99 417
99 418
99 419
99 421
99 423
99 424
99 425
99 426
99 427
99 430
99 433
99 434
99 435
99 436
99 440
99 441
99 442
99 443
99 444
99 445
99 447
99 449
99 459
99 467
99 469
99 470
99 474
99 475
99 476
99 477
99 479
99 480
99 670
99 671
99 672
99 673
99 674
99 675
99 677
99 678
99 679
99 680
99 681
99 683
100 101
100 102
100 105
100 106
100 107
100 108
100 191
100 192
100 194
100 195
100 197
100 198
100 199
100 201
100 267
100 268
100 269
100 271
100 272
100 273
100 274
100 275
100 276
100 277
100 278
100 280
100 324
100 325
100 326
100 327
100 329
100 330
100 331
100 333
100 334
100 336
100 337
100 338
100 420
100 422
100 423
100 424
100 425
100 426
100 427
100 429
100 430
100 431
100 432
100 433
100 434
100 435
100 436
100 437
100 440
100 441
100 442
100 443
100 444
100 445
100 446
100 447
100 448
100 449
100 466
100 468
100 469
100 473
100 474
100 476
100 477
100 479
100 608
100 645
100 666
100 670
100 671
100 672
100 673
100 674
100 675
100 676
100 677
100 678
100 679
100 681
100 682
100 683
101 102
101 103
101 104
101 105
101 108
101 189
101 190
101 192
101 193
101 197
101 198
101 267
101 268
101 269
101 270
101 271
101 272
101 273
101 274
101 275
101 276
101 277
101 278
101 280
101 281
101 282
101 325
101 326
101 327
101 329
101 330
101 331
101 332
101 333
101 334
101 335
101 337
101 338
101 418
101 419
101 421
101 422
101 423
101 424
101 425
101 426
101 428
101 429
101 430
101 431
101 432
101 433
101 436
101 437
101 438
101 439
101 440
101 441
101 442
101 443
101 444
101 445
101 446
101 448
101 449
101 467
101 468
101 469
101 470
101 471
101 472
101 473
101 475
101 476
101 477
101 478
101 645
101 646
101 670
101 671
101 673
101 674
101 675
101 676
101 677
101 678
101 679
101 680
101 682
101 791
102 103
102 104
102 105
102 107
102 190
102 191
102 196
102 197
102 198
102 199
102 267
102 268
102 273
102 274
102 275
102 276
102 277
102 278
102 279
102 280
102 281
102 322
102 325
102 326
102 327
102 328
102 329
102 330
102 331
102 332
102 333
102 334
102 335
102 336
102 337
102 338
102 418
102 420
102 421
102 422
102 423
102 424
102 425
102 426
102 427
102 428
102 429
102 430
102 431
102 433
102 435
102 437
102 438
102 440
102 441
102 442
102 443
102 444
102 445
102 446
102 447
102 449
102 450
102 459
102 466
102 467
102 468
102 469
102 470
102 471
102 472
102 473
102 474
102 475
102 477
102 478
102 479
102 668
102 672
102 673
102 674
102 675
102 676
102 677
102 679
102 680
102 682
103 104
103 105
103 106
103 107
103 108
103 190
103 192
103 194
103 196
103 197
103 198
103 268
103 272
103 273
103 275
103 276
103 277
103 278
103 279
103 280
103 281
103 282
103 284
103 324
103 325
103 327
103 328
103 329
103 330
103 331
103 332
103 333
103 334
103 335
103 336
103 337
103 338
103 414
103 418
103 419
103 420
103 422
103 423
103 424
103 425
103 426
103 427
103 428
103 429
103 430
103 431
103 432
103 434
103 435
103 436
103 437
103 438
103 439
103 440
103 441
103 442
103 443
103 444
103 445
103 447
103 448
103 449
103 461
103 468
103 470
103 472
103 473
103 475
103 477
103 478
103 479
103 647
103 668
103 671
103 672
103 673
103 674
103 676
103 677
103 678
103 679
103 680
103 681
103 682
103 684
104 105
104 106
104 107
104 187
104 189
104 191
104 193
104 194
104 195
104 196
104 198
104 199
104 239
104 267
104 269
104 270
104 271
104 273
104 274
104 275
104 276
104 277
104 278
104 279
104 281
104 282
104 323
104 325
104 326
104 327
104 329
104 330
104 331
104 332
104 333
104 334
104 335
104 336
104 337
104 338
104 421
104 422
104 423
104 424
104 425
104 426
104 427
104 428
104 429
104 430
104 431
104 432
104 433
104 435
104 436
104 437
104 438
104 439
104 440
104 441
104 442
104 443
104 445
104 446
104 447
104 448
104 449
104 450
104 451
104 468
104 469
104 471
104 473
104 474
104 475
104 476
104 477
104 478
104 479
104 481
104 647
104 666
104 669
104 670
104 671
104 672
104 673
104 674
104 675
104 676
104 678
104 679
104 680
104 681
104 682
104 683
104 807
105 107
105 109
105 191
105 193
105 194
105 195
105 196
105 197
105 198
105 199
105 237
105 267
105 268
105 269
105 271
105 272
105 273
105 274
105 275
105 276
105 277
105 278
105 279
105 280
105 281
105 282
105 301
105 325
105 327
105 328
105 329
105 330
105 331
105 332
105 333
105 334
105 335
105 336
105 337
105 415
105 417
105 419
105 423
105 424
105 425
105 426
105 427
105 428
105 429
105 430
105 431
105 432
105 433
105 434
105 435
105 436
105 437
105 438
105 439
105 440
105 441
105 442
105 443
105 444
105 445
105 446
105 447
105 448
105 449
105 450
105 466
105 468
105 469
105 471
105 472
105 473
105 474
105 475
105 476
105 477
105 478
105 479
105 482
105 582
105 647
105 670
105 671
105 674
105 675
105 676
105 677
105 678
105 679
105 680
105 681
105 682
105 683
106 107
106 108
106 165
106 188
106 191
106 192
106 195
106 196
106 197
106 198
106 199
106 270
106 272
106 273
106 276
106 277
106 278
106 279
106 281
106 282
106 321
106 324
106 327
106 328
106 329
106 331
106 332
106 333
106 334
106 335
106 336
106 337
106 338
106 416
106 418
106 419
106 421
106 422
106 423
106 424
106 425
106 426
106 427
106 428
106 429
106 430
106 431
106 432
106 433
106 434
106 435
106 436
106 437
106 438
106 439
106 440
106 441
106 442
106 443
106 444
106 445
106 446
106 447
106 448
106 449
106 450
106 468
106 469
106 470
106 471
106 474
106 476
106 477
106 478
106 479
106 646
106 666
106 670
106 672
106 673
106 675
106 676
106 677
106 678
106 679
106 680
106 681
106 682
106 683
106 684
107 193
107 195
107 196
107 197
107 198
107 199
107 268
107 270
107 271
107 272
107 273
107 274
107 275
107 276
107 277
107 278
107 279
107 281
107 282
107 320
107 322
107 324
107 325
107 326
107 327
107 328
107 329
107 330
107 331
107 333
107 334
107 335
107 336
107 337
107 338
107 416
107 417
107 419
107 420
107 421
107 422
107 424
107 427
107 429
107 430
107 431
107 432
107 434
107 435
107 437
107 438
107 439
107 440
107 442
107 443
107 444
107 445
107 446
107 447
107 448
107 449
107 450
107 459
107 468
107 469
107 471
107 472
107 473
107 478
107 479
107 480
107 648
107 668
107 671
107 672
107 673
107 674
107 675
107 676
107 677
107 678
107 679
107 681
107 682
107 683
108 188
108 190
108 192
108 195
108 196
108 199
108 274
108 275
108 276
108 277
108 279
108 280
108 282
108 321
108 324
108 325
108 328
108 329
108 334
108 335
108 336
108 337
108 419
108 423
108 425
108 426
108 429
108 435
108 436
108 437
108 440
108 441
108 442
108 443
108 444
108 445
108 446
108 447
108 448
108 449
108 465
108 473
108 474
108 477
108 479
108 564
108 582
108 667
108 671
108 675
108 676
108 678
108 679
108 681
108 682
108 683
109 195
109 269
109 271
109 274
109 280
109 282
109 336
109 337
109 338
109 420
109 425
109 427
109 437
109 439
109 440
109 441
109 442
109 443
109 444
109 445
109 446
109 447
109 448
110 263
110 273
110 439
110 442
110 443
110 444
110 446
110 447
110 448
110 449
110 677
110 682
111 444
111 447
111 448
111 449
111 452
112 285
112 447
112 448
113 320
119 449
119 481
121 443
138 442
139 446
139 447
141 167
143 447
148 426
148 445
149 446
165 329
165 425
165 442
166 336
166 441
166 442
166 443
166 448
167 241
167 445
167 446
168 483
174 448
179 448
181 445
182 448
183 442
183 809
184 341
185 810
186 438
187 198
187 270
187 273
187 275
187 326
187 331
187 334
187 336
187 435
187 439
187 443
187 447
187 465
187 468
187 470
187 673
187 682
188 191
188 195
188 199
188 237
188 266
188 269
188 270
188 274
188 275
188 277
188 279
188 281
188 283
188 321
188 322
188 323
188 326
188 328
188 329
188 337
188 338
188 430
188 431
188 448
188 449
188 450
188 467
188 472
188 667
188 668
188 672
188 676
188 681
189 190
189 196
189 268
189 269
189 270
189 273
189 274
189 276
189 277
189 278
189 279
189 283
189 284
189 320
189 324
189 326
189 333
189 334
189 335
189 336
189 414
189 419
189 422
189 431
189 432
189 433
189 437
189 439
189 440
189 441
189 444
189 447
189 448
189 449
189 468
189 469
189 472
189 477
189 666
189 674
189 677
189 679
189 682
189 683
190 191
190 192
190 197
190 198
190 199
190 266
190 268
190 272
190 273
190 276
190 277
190 279
190 280
190 281
190 323
190 324
190 328
190 330
190 331
190 334
190 335
190 337
190 416
190 417
190 423
190 424
190 425
190 429
190 430
190 432
190 433
190 435
190 438
190 442
190 443
190 445
190 446
190 447
190 466
190 468
190 470
190 474
190 476
190 478
190 554
190 646
190 672
190 675
190 676
190 677
190 680
190 681
191 192
191 193
191 195
191 198
191 269
191 271
191 272
191 273
191 278
191 281
191 282
191 283
191 323
191 324
191 325
191 328
191 329
191 330
191 331
191 338
191 417
191 418
191 419
191 420
191 421
191 422
191 423
191 424
191 425
191 427
191 430
191 431
191 432
191 434
191 435
191 438
191 439
191 443
191 444
191 445
191 446
191 447
191 448
191 450
191 459
191 468
191 470
191 471
191 472
191 474
191 475
191 478
191 479
191 668
191 669
191 672
191 674
191 675
191 677
191 679
191 681
191 682
192 196
192 199
192 269
192 270
192 272
192 275
192 278
192 279
192 289
192 324
192 326
192 328
192 330
192 332
192 333
192 336
192 414
192 415
192 417
192 418
192 419
192 421
192 422
192 424
192 425
192 426
192 427
192 428
192 431
192 432
192 433
192 434
192 435
192 436
192 438
192 439
192 441
192 442
192 443
192 444
192 446
192 448
192 449
192 450
192 471
192 472
192 473
192 474
192 475
192 478
192 479
192 668
192 671
192 673
192 674
192 675
192 679
192 682
193 194
193 195
193 196
193 198
193 266
193 270
193 272
193 273
193 276
193 279
193 280
193 281
193 282
193 323
193 326
193 327
193 328
193 329
193 331
193 332
193 334
193 335
193 336
193 337
193 338
193 339
193 416
193 418
193 420
193 421
193 423
193 427
193 428
193 429
193 431
193 432
193 433
193 434
193 435
193 436
193 437
193 438
193 439
193 440
193 442
193 444
193 445
193 446
193 447
193 448
193 449
193 468
193 469
193 470
193 471
193 473
193 474
193 475
193 476
193 479
193 646
193 669
193 670
193 671
193 672
193 676
193 677
193 678
193 682
193 683
194 196
194 197
194 267
194 269
194 270
194 273
194 274
194 275
194 276
194 277
194 278
194 279
194 280
194 285
194 321
194 322
194 325
194 329
194 331
194 332
194 333
194 334
194 335
194 337
194 338
194 416
194 417
194 418
194 419
194 422
194 423
194 424
194 425
194 426
194 428
194 429
194 431
194 432
194 434
194 435
194 436
194 437
194 438
194 439
194 440
194 442
194 443
194 444
194 445
194 446
194 447
194 448
194 466
194 467
194 470
194 471
194 473
194 474
194 475
194 476
194 477
194 478
194 479
194 646
194 668
194 672
194 673
194 674
194 675
194 676
194 678
194 679
194 681
194 682
194 683
194 755
194 780
195 198
195 199
195 269
195 271
195 274
195 275
195 276
195 277
195 278
195 279
195 280
195 281
195 282
195 284
195 327
195 329
195 330
195 333
195 336
195 337
195 338
195 418
195 419
195 420
195 421
195 423
195 424
195 425
195 427
195 428
195 429
195 430
195 431
195 432
195 434
195 435
195 436
195 437
195 438
195 439
195 440
195 441
195 442
195 444
195 445
195 446
195 447
195 448
195 449
195 450
195 467
195 468
195 469
195 471
195 472
195 474
195 476
195 477
195 478
195 646
195 666
195 668
195 671
195 674
195 677
195 678
195 679
195 680
195 681
195 682
195 683
195 858
196 197
196 198
196 199
196 203
196 267
196 269
196 271
196 273
196 274
196 276
196 278
196 279
196 281
196 322
196 325
196 327
196 329
196 331
196 332
196 333
196 334
196 335
196 337
196 338
196 415
196 416
196 419
196 420
196 421
196 422
196 423
196 424
196 426
196 427
196 428
196 429
196 430
196 432
196 433
196 434
196 435
196 438
196 439
196 440
196 441
196 442
196 443
196 444
196 445
196 446
196 448
196 449
196 466
196 467
196 468
196 470
196 472
196 473
196 474
196 475
196 476
196 477
196 478
196 647
196 666
196 669
196 670
196 671
196 672
196 673
196 675
196 676
196 677
196 678
196 679
196 680
196 681
196 682
196 683
197 198
197 199
197 267
197 268
197 269
197 270
197 271
197 272
197 273
197 274
197 275
197 276
197 277
197 279
197 280
197 281
197 282
197 320
197 323
197 327
197 328
197 330
197 331
197 332
197 333
197 334
197 335
197 336
197 337
197 381
197 416
197 419
197 420
197 421
197 422
197 424
197 425
197 426
197 427
197 428
197 429
197 432
197 433
197 434
197 435
197 438
197 439
197 440
197 441
197 442
197 443
197 446
197 447
197 448
197 469
197 470
197 471
197 472
197 473
197 474
197 475
197 476
197 477
197 478
197 479
197 480
197 669
197 670
197 671
197 672
197 674
197 675
197 676
197 677
197 678
197 679
197 680
197 681
197 682
197 683
197 700
198 199
198 233
198 270
198 271
198 272
198 273
198 274
198 275
198 276
198 277
198 278
198 279
198 280
198 282
198 320
198 322
198 323
198 324
198 325
198 326
198 328
198 329
198 331
198 333
198 334
198 335
198 336
198 337
198 338
198 420
198 421
198 422
198 423
198 424
198 425
198 426
198 427
198 428
198 429
198 430
198 431
198 432
198 433
198 434
198 435
198 436
198 437
198 438
198 439
198 441
198 442
198 443
198 444
198 445
198 446
198 447
198 449
198 450
198 470
198 471
198 473
198 475
198 476
198 477
198 478
198 479
198 646
198 668
198 669
198 670
198 672
198 674
198 675
198 676
198 677
198 678
198 679
198 680
198 681
198 682
198 683
198 936
199 236
199 268
199 270
199 271
199 272
199 273
199 275
199 278
199 279
199 280
199 281
199 282
199 321
199 325
199 326
199 327
199 329
199 333
199 334
199 335
199 336
199 337
199 338
199 339
199 421
199 422
199 423
199 425
199 426
199 427
199 429
199 430
199 431
199 432
199 433
199 434
199 435
199 436
199 437
199 438
199 439
199 440
199 441
199 442
199 443
199 445
199 446
199 448
199 449
199 468
199 472
199 473
199 474
199 475
199 476
199 478
199 646
199 667
199 669
199 670
199 672
199 674
199 679
199 680
199 681
199 683
199 809
199 858
200 270
200 276
200 283
200 335
200 338
200 427
200 428
200 433
200 435
200 437
200 438
200 439
200 441
200 442
200 443
200 444
200 446
200 447
200 448
200 449
200 450
200 668
200 675
200 679
201 440
201 442
201 443
201 444
201 445
201 446
201 447
201 448
201 449
201 583
202 242
202 447
202 448
202 718
221 447
222 446
223 434
225 446
227 263
227 335
233 445
237 275
237 424
237 426
237 437
237 440
238 277
238 325
238 337
238 423
238 425
238 428
238 438
238 443
238 448
238 469
238 679
238 683
239 340
239 438
239 446
239 447
239 448
239 449
240 424
240 434
240 443
240 444
240 446
240 447
240 448
240 449
241 440
241 444
241 445
241 449
241 687
242 447
242 586
243 447
249 448
260 445
261 436
261 687
262 280
262 440
262 447
263 680
265 467
265 469
265 646
266 269
266 275
266 419
266 467
266 469
266 475
266 671
266 677
266 678
266 680
266 681
267 271
267 273
267 274
267 277
267 280
267 282
267 320
267 324
267 336
267 337
267 418
267 420
267 427
267 428
267 429
267 431
267 442
267 445
267 447
267 473
267 475
267 476
267 477
267 668
267 676
267 680
267 681
268 269
268 270
268 272
268 277
268 279
268 281
268 322
268 323
268 324
268 327
268 329
268 331
268 334
268 336
268 417
268 419
268 420
268 421
268 422
268 423
268 425
268 427
268 428
268 429
268 436
268 441
268 443
268 446
268 447
268 448
268 449
268 466
268 467
268 473
268 475
268 476
268 477
268 667
268 672
268 673
268 677
268 678
268 683
269 270
269 271
269 272
269 279
269 280
269 281
269 284
269 321
269 322
269 323
269 324
269 325
269 327
269 329
269 333
269 334
269 336
269 337
269 414
269 417
269 419
269 420
269 421
269 422
269 423
269 424
269 425
269 427
269 429
269 430
269 431
269 433
269 434
269 436
269 438
269 439
269 444
269 445
269 448
269 449
269 467
269 468
269 470
269 471
269 473
269 474
269 476
269 477
269 479
269 646
269 666
269 667
269 668
269 671
269 674
269 676
269 677
269 678
269 679
269 680
269 681
269 682
270 271
270 272
270 275
270 278
270 279
270 280
270 281
270 322
270 324
270 325
270 326
270 327
270 329
270 330
270 332
270 334
270 335
270 336
270 416
270 417
270 418
270 420
270 422
270 424
270 425
270 426
270 427
270 430
270 433
270 434
270 435
270 436
270 437
270 439
270 440
270 442
270 445
270 446
270 449
270 468
270 469
270 470
270 472
270 475
270 476
270 477
270 478
270 479
270 646
270 666
270 667
270 669
270 671
270 673
270 676
270 677
270 678
270 683
271 272
271 275
271 276
271 277
271 278
271 279
271 280
271 281
271 320
271 322
271 324
271 328
271 329
271 330
271 331
271 332
271 333
271 334
271 335
271 336
271 337
271 338
271 339
271 415
271 420
271 422
271 423
271 424
271 426
271 427
271 428
271 429
271 430
271 432
271 434
271 436
271 437
271 439
271 440
271 441
271 442
271 443
271 444
271 445
271 446
271 448
271 449
271 450
271 466
271 469
271 472
271 473
271 474
271 475
271 478
271 479
271 558
271 648
271 668
271 669
271 670
271 672
271 673
271 674
271 675
271 677
271 678
271 679
271 681
271 682
272 273
272 274
272 275
272 278
272 280
272 321
272 323
272 326
272 327
272 328
272 330
272 331
272 333
272 334
272 335
272 336
272 337
272 338
272 416
272 418
272 419
272 420
272 421
272 422
272 424
272 425
272 426
272 427
272 428
272 430
272 431
272 433
272 436
272 437
272 438
272 440
272 441
272 442
272 443
272 444
272 445
272 448
272 449
272 450
272 465
272 468
272 469
272 470
272 471
272 472
272 473
272 474
272 475
272 476
272 477
272 479
272 646
272 647
272 667
272 671
272 672
272 674
272 675
272 676
272 677
272 678
272 679
272 681
273 274
273 275
273 277
273 278
273 279
273 280
273 281
273 282
273 287
273 321
273 324
273 325
273 326
273 328
273 329
273 330
273 331
273 332
273 333
273 334
273 335
273 336
273 337
273 415
273 416
273 418
273 420
273 421
273 422
273 423
273 425
273 427
273 428
273 429
273 430
273 432
273 433
273 434
273 435
273 436
273 439
273 441
273 442
273 443
273 444
273 445
273 446
273 447
273 448
273 449
273 467
273 472
273 473
273 474
273 475
273 476
273 477
273 478
273 479
273 667
273 671
273 672
273 674
273 675
273 676
273 677
273 678
273 679
273 680
273 682
273 683
273 684
274 275
274 276
274 277
274 278
274 280
274 281
274 284
274 325
274 327
274 328
274 329
274 330
274 331
274 332
274 333
274 336
274 337
274 338
274 419
274 420
274 421
274 422
274 423
274 424
274 426
274 427
274 428
274 430
274 431
274 432
274 433
274 434
274 435
274 436
274 437
274 438
274 439
274 440
274 441
274 442
274 443
274 446
274 447
274 448
274 449
274 470
274 471
274 474
274 476
274 478
274 479
274 647
274 669
274 670
274 673
274 674
274 675
274 676
274 677
274 678
274 680
274 681
274 682
274 683
275 276
275 277
275 278
275 279
275 280
275 281
275 282
275 283
275 323
275 324
275 325
275 326
275 328
275 329
275 330
275 331
275 332
275 333
275 334
275 335
275 336
275 337
275 338
275 417
275 419
275 420
275 421
275 422
275 423
275 424
275 425
275 426
275 427
275 428
275 429
275 432
275 433
275 434
275 435
275 436
275 437
275 438
275 439
275 440
275 441
275 442
275 443
275 444
275 445
275 446
275 447
275 448
275 449
275 461
275 464
275 470
275 472
275 473
275 474
275 475
275 476
275 477
275 478
275 479
275 646
275 647
275 667
275 669
275 671
275 672
275 673
275 674
275 675
275 676
275 677
275 678
275 679
275 680
275 681
275 683
276 277
276 278
276 279
276 281
276 324
276 326
276 329
276 330
276 331
276 332
276 333
276 334
276 335
276 337
276 338
276 339
276 418
276 419
276 420
276 421
276 423
276 424
276 425
276 426
276 427
276 428
276 430
276 432
276 433
276 434
276 435
276 436
276 437
276 438
276 440
276 441
276 442
276 443
276 444
276 445
276 446
276 447
276 448
276 449
276 450
276 471
276 472
276 473
276 474
276 475
276 476
276 477
276 478
276 479
276 645
276 647
276 667
276 672
276 673
276 674
276 675
276 676
276 677
276 678
276 679
276 680
276 682
276 683
277 278
277 279
277 280
277 281
277 282
277 284
277 325
277 326
277 327
277 328
277 329
277 330
277 332
277 333
277 334
277 335
277 336
277 337
277 338
277 417
277 420
277 421
277 422
277 423
277 424
277 425
277 426
277 427
277 428
277 430
277 431
277 432
277 433
277 434
277 435
277 436
277 437
277 438
277 439
277 440
277 441
277 442
277 443
277 444
277 445
277 446
277 447
277 448
277 449
277 459
277 469
277 470
277 471
277 472
277 473
277 474
277 475
277 476
277 477
277 478
277 479
277 480
277 558
277 648
277 668
277 670
277 672
277 673
277 674
277 675
277 676
277 677
277 678
277 679
277 680
277 681
277 682
277 683
277 723
277 780
278 279
278 280
278 281
278 320
278 324
278 328
278 329
278 330
278 331
278 332
278 333
278 334
278 335
278 336
278 337
278 422
278 424
278 425
278 426
278 427
278 429
278 430
278 431
278 432
278 433
278 434
278 435
278 436
278 437
278 438
278 439
278 440
278 441
278 442
278 443
278 444
278 445
278 446
278 447
278 448
278 449
278 467
278 468
278 469
278 470
278 471
278 472
278 473
278 475
278 476
278 477
278 478
278 479
278 560
278 669
278 670
278 672
278 673
278 674
278 675
278 676
278 677
278 679
278 680
278 681
278 682
278 683
278 779
278 782
279 280
279 281
279 282
279 319
279 324
279 325
279 326
279 327
279 330
279 331
279 332
279 333
279 334
279 335
279 336
279 337
279 338
279 417
279 418
279 419
279 420
279 421
279 422
279 423
279 424
279 425
279 426
279 427
279 428
279 429
279 430
279 431
279 432
279 433
279 434
279 435
279 436
279 437
279 438
279 439
279 440
279 441
279 442
279 443
279 444
279 445
279 446
279 447
279 448
279 449
279 450
279 462
279 469
279 470
279 471
279 472
279 473
279 474
279 475
279 476
279 477
279 478
279 667
279 669
279 671
279 672
279 673
279 674
279 675
279 676
279 677
279 678
279 680
279 681
279 682
280 281
280 282
280 322
280 328
280 331
280 332
280 333
280 334
280 335
280 336
280 337
280 338
280 340
280 415
280 418
280 420
280 421
280 422
280 423
280 424
280 425
280 426
280 427
280 428
280 429
280 430
280 431
280 433
280 434
280 435
280 436
280 437
280 438
280 439
280 440
280 441
280 442
280 443
280 444
280 445
280 446
280 447
280 448
280 449
280 461
280 469
280 474
280 475
280 477
280 478
280 479
280 480
280 647
280 648
280 668
280 671
280 672
280 673
280 674
280 675
280 676
280 678
280 679
280 680
280 681
280 682
280 685
280 859
281 285
281 322
281 324
281 327
281 328
281 329
281 330
281 331
281 332
281 333
281 334
281 335
281 336
281 337
281 338
281 339
281 418
281 419
281 421
281 422
281 423
281 424
281 425
281 426
281 427
281 428
281 429
281 430
281 431
281 432
281 433
281 434
281 435
281 436
281 437
281 438
281 439
281 440
281 441
281 442
281 443
281 444
281 445
281 446
281 447
281 448
281 449
281 450
281 467
281 468
281 469
281 470
281 471
281 473
281 474
281 475
281 476
281 477
281 478
281 479
281 667
281 669
281 671
281 672
281 673
281 674
281 675
281 676
281 677
281 678
281 679
281 680
281 681
281 682
281 684
282 283
282 286
282 322
282 323
282 324
282 325
282 327
282 330
282 331
282 332
282 334
282 335
282 336
282 337
282 338
282 418
282 421
282 422
282 423
282 426
282 428
282 429
282 430
282 431
282 432
282 433
282 434
282 435
282 436
282 437
282 438
282 439
282 440
282 441
282 442
282 443
282 444
282 445
282 446
282 447
282 448
282 449
282 466
282 467
282 468
282 470
282 471
282 472
282 474
282 475
282 476
282 477
282 478
282 480
282 670
282 672
282 673
282 675
282 676
282 677
282 678
282 679
282 681
282 682
282 683
282 685
282 778
283 324
283 325
283 327
283 328
283 333
283 337
283 415
283 416
283 417
283 418
283 425
283 428
283 429
283 431
283 435
283 436
283 438
283 439
283 440
283 441
283 442
283 443
283 444
283 445
283 446
283 447
283 448
283 449
283 451
283 464
283 466
283 472
283 477
283 479
283 480
283 644
283 669
283 674
283 677
283 679
283 681
283 682
284 324
284 329
284 333
284 334
284 336
284 423
284 424
284 426
284 442
284 443
284 444
284 445
284 446
284 447
284 448
284 449
284 477
285 341
285 430
285 436
285 443
285 444
285 447
285 652
285 784
286 336
286 437
286 447
286 482
286 677
286 694
287 338
287 429
287 433
287 436
287 444
287 447
288 441
288 444
288 445
288 447
288 448
288 684
289 430
289 441
289 447
289 448
290 466
290 477
290 827
291 778
300 323
301 433
301 439
302 443
302 444
302 449
303 445
303 447
304 445
309 446
311 446
319 322
319 434
319 469
319 473
320 328
320 332
320 334
320 418
320 436
320 447
320 472
320 478
320 675
321 324
321 328
321 330
321 334
321 340
321 420
321 421
321 430
321 433
321 438
321 447
321 448
321 466
321 468
321 475
321 646
321 669
321 678
321 683
322 324
322 326
322 335
322 417
322 422
322 425
322 433
322 437
322 438
322 441
322 442
322 447
322 451
322 469
322 471
322 477
322 645
322 668
322 670
322 673
322 679
322 681
322 682
323 324
323 326
323 328
323 333
323 335
323 336
323 337
323 338
323 417
323 418
323 419
323 420
323 422
323 424
323 429
323 430
323 431
323 436
323 439
323 441
323 442
323 444
323 446
323 448
323 468
323 469
323 470
323 476
323 477
323 478
323 479
323 667
323 669
323 670
323 671
323 677
323 678
324 325
324 327
324 330
324 331
324 332
324 335
324 336
324 338
324 418
324 421
324 422
324 423
324 425
324 426
324 428
324 429
324 430
324 431
324 432
324 433
324 434
324 436
324 437
324 439
324 441
324 442
324 443
324 444
324 447
324 449
324 451
324 471
324 472
324 473
324 476
324 477
324 478
324 479
324 646
324 666
324 670
324 677
324 679
324 680
324 681
324 682
324 683
325 326
325 327
325 330
325 334
325 335
325 336
325 337
325 338
325 415
325 416
325 419
325 424
325 425
325 426
325 427
325 429
325 430
325 431
325 432
325 433
325 435
325 436
325 437
325 440
325 441
325 442
325 443
325 444
325 445
325 448
325 449
325 460
325 468
325 469
325 471
325 476
325 478
325 666
325 671
325 672
325 673
325 674
325 677
325 680
325 681
325 682
325 684
326 327
326 331
326 332
326 333
326 336
326 337
326 338
326 417
326 418
326 420
326 422
326 423
326 425
326 427
326 429
326 430
326 431
326 432
326 433
326 435
326 436
326 437
326 438
326 439
326 442
326 444
326 448
326 449
326 469
326 470
326 471
326 472
326 473
326 474
326 475
326 477
326 478
326 479
326 481
326 647
326 669
326 672
326 673
326 674
326 676
326 678
326 679
326 680
326 681
327 329
327 330
327 331
327 332
327 333
327 334
327 335
327 336
327 415
327 416
327 417
327 419
327 420
327 421
327 422
327 423
327 425
327 426
327 427
327 428
327 430
327 431
327 432
327 434
327 435
327 436
327 438
327 440
327 441
327 445
327 446
327 447
327 448
327 467
327 469
327 472
327 473
327 474
327 475
327 476
327 477
327 478
327 479
327 559
327 666
327 668
327 670
327 671
327 672
327 673
327 674
327 675
327 676
327 678
327 680
327 682
327 683
327 779
328 329
328 330
328 331
328 332
328 333
328 334
328 335
328 336
328 337
328 338
328 381
328 418
328 419
328 421
328 422
328 423
328 424
328 425
328 427
328 428
328 429
328 430
328 431
328 432
328 433
328 435
328 436
328 437
328 438
328 442
328 443
328 445
328 446
328 447
328 448
328 465
328 467
328 469
328 470
328 471
328 472
328 473
328 475
328 476
328 477
328 479
328 480
328 667
328 668
328 669
328 670
328 671
328 674
328 675
328 676
328 677
328 678
328 680
328 681
328 682
328 683
329 330
329 331
329 332
329 333
329 334
329 336
329 337
329 417
329 418
329 420
329 422
329 424
329 425
329 427
329 429
329 430
329 431
329 432
329 433
329 434
329 435
329 436
329 437
329 438
329 439
329 440
329 441
329 442
329 443
329 444
329 445
329 447
329 448
329 449
329 468
329 470
329 471
329 473
329 474
329 475
329 476
329 477
329 478
329 646
329 669
329 670
329 672
329 674
329 675
329 676
329 677
329 678
329 679
329 681
329 682
330 331
330 332
330 333
330 334
330 335
330 336
330 337
330 338
330 417
330 419
330 420
330 421
330 422
330 423
330 424
330 425
330 426
330 427
330 428
330 429
330 430
330 431
330 433
330 434
330 436
330 437
330 438
330 440
330 441
330 442
330 443
330 444
330 445
330 447
330 448
330 449
330 450
330 467
330 468
330 470
330 471
330 472
330 473
330 474
330 475
330 476
330 477
330 478
330 667
330 670
330 671
330 673
330 674
330 675
330 677
330 678
330 679
330 680
330 682
330 683
330 779
331 332
331 333
331 334
331 335
331 336
331 337
331 338
331 415
331 418
331 419
331 421
331 422
331 423
331 424
331 425
331 426
331 427
331 428
331 429
331 430
331 431
331 432
331 433
331 434
331 435
331 436
331 437
331 438
331 439
331 440
331 441
331 442
331 443
331 444
331 445
331 446
331 447
331 448
331 449
331 466
331 467
331 468
331 470
331 471
331 472
331 473
331 474
331 475
331 476
331 477
331 478
331 479
331 480
331 646
331 668
331 669
331 671
331 672
331 675
331 676
331 677
331 678
331 679
331 680
331 681
331 682
331 683
331 779
332 333
332 334
332 335
332 336
332 337
332 338
332 415
332 417
332 418
332 419
332 420
332 421
332 422
332 423
332 424
332 425
332 426
332 427
332 428
332 429
332 430
332 431
332 432
332 433
332 435
332 436
332 437
332 438
332 439
332 440
332 441
332 442
332 443
332 444
332 445
332 446
332 447
332 448
332 449
332 468
332 470
332 471
332 473
332 474
332 475
332 476
332 477
332 478
332 479
332 480
332 668
332 669
332 670
332 671
332 672
332 674
332 675
332 676
332 678
332 680
332 681
332 682
332 683
333 334
333 335
333 336
333 337
333 338
333 339
333 417
333 418
333 419
333 421
333 423
333 425
333 426
333 427
333 428
333 429
333 430
333 431
333 432
333 433
333 434
333 435
333 436
333 437
333 438
333 439
333 440
333 441
333 442
333 443
333 444
333 445
333 446
333 447
333 448
333 449
333 450
333 467
333 469
333 470
333 471
333 472
333 473
333 474
333 475
333 476
333 477
333 478
333 479
333 645
333 669
333 672
333 673
333 674
333 675
333 676
333 677
333 678
333 679
333 680
333 681
333 682
333 683
333 684
333 780
333 808
334 335
334 336
334 337
334 338
334 414
334 417
334 419
334 420
334 422
334 425
334 426
334 427
334 428
334 429
334 430
334 431
334 432
334 433
334 434
334 435
334 436
334 437
334 438
334 439
334 440
334 441
334 442
334 443
334 444
334 445
334 446
334 447
334 448
334 449
334 450
334 460
334 465
334 467
334 468
334 470
334 471
334 474
334 475
334 476
334 477
334 478
334 645
334 665
334 669
334 671
334 672
334 673
334 674
334 675
334 676
334 677
334 678
334 679
334 680
334 681
334 682
334 683
334 684
335 336
335 337
335 414
335 415
335 419
335 420
335 421
335 422
335 423
335 424
335 425
335 426
335 428
335 429
335 430
335 431
335 432
335 433
335 434
335 435
335 436
335 437
335 438
335 439
335 440
335 441
335 442
335 443
335 444
335 445
335 446
335 447
335 448
335 449
335 450
335 460
335 469
335 470
335 472
335 473
335 474
335 475
335 476
335 477
335 478
335 479
335 483
335 648
335 671
335 672
335 674
335 675
335 678
335 679
335 680
335 681
335 682
335 683
336 337
336 339
336 416
336 418
336 419
336 420
336 421
336 422
336 423
336 424
336 425
336 426
336 427
336 428
336 429
336 430
336 431
336 432
336 433
336 434
336 435
336 436
336 437
336 438
336 439
336 440
336 441
336 442
336 443
336 444
336 445
336 446
336 447
336 448
336 449
336 470
336 471
336 472
336 473
336 474
336 475
336 476
336 477
336 479
336 480
336 560
336 617
336 647
336 668
336 670
336 671
336 672
336 673
336 674
336 675
336 676
336 677
336 678
336 679
336 680
336 681
336 682
336 684
336 780
337 338
337 339
337 417
337 418
337 419
337 420
337 422
337 423
337 424
337 425
337 426
337 427
337 428
337 429
337 430
337 431
337 432
337 433
337 434
337 435
337 436
337 437
337 438
337 439
337 440
337 441
337 442
337 443
337 444
337 445
337 446
337 447
337 448
337 449
337 450
337 467
337 470
337 472
337 473
337 474
337 475
337 476
337 477
337 478
337 479
337 669
337 671
337 672
337 673
337 674
337 675
337 676
337 677
337 678
337 679
337 680
337 681
337 682
337 683
337 701
337 860
338 417
338 420
338 421
338 422
338 423
338 424
338 425
338 427
338 429
338 430
338 431
338 432
338 433
338 435
338 436
338 437
338 438
338 439
338 440
338 441
338 442
338 443
338 444
338 445
338 446
338 447
338 448
338 449
338 450
338 464
338 468
338 470
338 472
338 473
338 474
338 475
338 476
338 477
338 478
338 479
338 649
338 666
338 668
338 669
338 670
338 671
338 674
338 675
338 676
338 677
338 678
338 679
338 680
338 681
338 682
338 683
338 685
338 778
339 424
339 425
339 426
339 429
339 431
339 433
339 434
339 436
339 437
339 439
339 440
339 441
339 443
339 444
339 445
339 446
339 447
339 448
339 449
339 450
339 472
339 473
339 474
339 475
339 479
339 650
339 669
339 670
339 674
339 676
339 677
339 680
339 684
340 424
340 435
340 436
340 440
340 444
340 445
340 446
340 447
340 448
340 449
340 473
340 764
341 439
341 446
341 447
341 478
342 439
342 643
342 842
343 506
345 444
346 448
348 444
349 448
350 651
352 431
352 441
353 442
353 445
353 446
354 448
355 451
357 447
364 436
365 449
370 441
371 443
371 681
373 448
377 475
380 441
380 445
381 418
381 439
381 444
381 446
382 444
382 445
382 448
382 449
382 462
383 441
383 445
383 449
383 479
384 444
384 664
384 899
385 441
397 423
399 447
400 440
400 441
400 445
401 448
401 449
402 497
402 563
403 496
406 453
413 470
414 422
414 423
414 425
414 434
414 438
414 440
414 678
414 679
414 682
415 420
415 426
415 427
415 431
415 433
415 435
415 439
415 449
415 471
415 472
415 646
415 675
415 679
415 683
416 424
416 425
416 427
416 429
416 431
416 433
416 439
416 440
416 444
416 447
416 470
416 471
416 477
416 479
416 646
416 669
416 672
416 674
416 677
416 681
416 682
417 419
417 420
417 421
417 422
417 423
417 427
417 431
417 433
417 435
417 438
417 439
417 443
417 445
417 446
417 460
417 468
417 469
417 470
417 471
417 472
417 473
417 475
417 477
417 522
417 668
417 669
417 670
417 671
417 672
417 673
417 674
417 678
417 679
417 682
417 685
418 420
418 422
418 423
418 424
418 425
418 426
418 428
418 429
418 431
418 433
418 438
418 439
418 441
418 442
418 444
418 445
418 446
418 449
418 465
418 469
418 471
418 475
418 476
418 478
418 666
418 670
418 671
418 675
418 676
418 677
418 678
418 679
418 681
418 683
419 420
419 422
419 423
419 427
419 429
419 430
419 432
419 433
419 435
419 436
419 437
419 438
419 440
419 441
419 442
419 443
419 446
419 447
419 449
419 466
419 468
419 473
419 474
419 475
419 476
419 477
419 478
419 602
419 646
419 647
419 669
419 671
419 672
419 673
419 674
419 676
419 678
419 679
419 680
419 681
419 683
420 423
420 424
420 425
420 426
420 428
420 430
420 431
420 432
420 433
420 434
420 436
420 437
420 440
420 441
420 443
420 444
420 447
420 449
420 450
420 467
420 468
420 469
420 470
420 472
420 473
420 474
420 477
420 478
420 479
420 646
420 669
420 670
420 671
420 673
420 674
420 675
420 676
420 677
420 678
420 679
420 682
420 683
421 422
421 425
421 426
421 427
421 428
421 429
421 430
421 431
421 432
421 434
421 435
421 436
421 438
421 439
421 440
421 441
421 442
421 444
421 445
421 446
421 468
421 470
421 471
421 474
421 475
421 476
421 477
421 478
421 479
421 669
421 670
421 672
421 673
421 674
421 675
421 676
421 678
421 679
421 680
421 681
421 682
421 892
422 423
422 424
422 426
422 427
422 428
422 429
422 430
422 431
422 434
422 436
422 437
422 438
422 439
422 440
422 441
422 443
422 444
422 445
422 446
422 447
422 448
422 449
422 450
422 467
422 468
422 470
422 472
422 473
422 474
422 475
422 476
422 477
422 479
422 666
422 668
422 669
422 672
422 673
422 674
422 675
422 676
422 677
422 678
422 679
422 680
422 681
422 683
422 779
423 424
423 425
423 426
423 427
423 429
423 430
423 431
423 432
423 433
423 434
423 435
423 436
423 437
423 438
423 439
423 440
423 441
423 442
423 445
423 447
423 448
423 450
423 459
423 468
423 469
423 470
423 471
423 473
423 474
423 475
423 476
423 477
423 479
423 645
423 646
423 668
423 672
423 673
423 674
423 675
423 676
423 677
423 681
423 682
423 683
423 808
424 425
424 426
424 428
424 429
424 430
424 431
424 432
424 433
424 434
424 435
424 436
424 437
424 438
424 439
424 440
424 441
424 442
424 443
424 444
424 445
424 446
424 447
424 448
424 449
424 466
424 467
424 469
424 470
424 471
424 472
424 473
424 474
424 475
424 476
424 477
424 478
424 479
424 671
424 674
424 675
424 676
424 677
424 678
424 679
424 680
424 682
424 683
424 684
425 426
425 427
425 429
425 430
425 431
425 432
425 433
425 434
425 435
425 436
425 437
425 439
425 440
425 441
425 442
425 443
425 444
425 445
425 446
425 447
425 448
425 449
425 450
425 467
425 468
425 469
425 470
425 472
425 473
425 475
425 476
425 477
425 478
425 479
425 480
425 668
425 669
425 670
425 672
425 673
425 675
425 677
425 678
425 679
425 680
425 681
425 683
425 859
426 427
426 428
426 429
426 431
426 432
426 433
426 434
426 435
426 436
426 437
426 438
426 439
426 440
426 441
426 442
426 443
426 444
426 445
426 446
426 447
426 448
426 449
426 450
426 468
426 469
426 470
426 471
426 472
426 473
426 474
426 476
426 477
426 478
426 479
426 646
426 647
426 667
426 669
426 671
426 673
426 674
426 675
426 676
426 677
426 678
426 679
426 680
426 681
426 682
426 683
426 684
427 428
427 429
427 430
427 432
427 433
427 434
427 435
427 436
427 437
427 438
427 439
427 440
427 441
427 442
427 443
427 444
427 445
427 446
427 447
427 448
427 449
427 467
427 470
427 471
427 472
427 473
427 474
427 475
427 476
427 478
427 479
427 558
427 645
427 671
427 673
427 674
427 675
427 676
427 677
427 678
427 679
427 680
427 681
427 682
427 779
428 429
428 430
428 431
428 432
428 433
428 434
428 435
428 436
428 437
428 438
428 439
428 440
428 441
428 442
428 443
428 444
428 445
428 446
428 447
428 448
428 449
428 467
428 470
428 471
428 472
428 473
428 474
428 475
428 477
428 478
428 667
428 668
428 669
428 670
428 671
428 672
428 673
428 674
428 675
428 676
428 677
428 679
428 680
428 681
428 683
428 903
429 431
429 432
429 433
429 434
429 435
429 436
429 437
429 438
429 439
429 440
429 441
429 442
429 443
429 444
429 445
429 446
429 447
429 448
429 449
429 450
429 469
429 472
429 473
429 475
429 476
429 477
429 478
429 479
429 666
429 667
429 669
429 674
429 675
429 676
429 679
429 680
429 681
429 683
429 773
430 431
430 433
430 434
430 435
430 436
430 438
430 439
430 440
430 441
430 442
430 443
430 444
430 445
430 446
430 447
430 448
430 449
430 450
430 468
430 471
430 472
430 473
430 474
430 475
430 476
430 477
430 478
430 479
430 480
430 559
430 654
430 665
430 668
430 670
430 671
430 674
430 675
430 676
430 677
430 678
430 679
430 680
430 681
430 682
431 432
431 433
431 434
431 435
431 436
431 437
431 438
431 439
431 440
431 441
431 442
431 443
431 444
431 445
431 446
431 447
431 448
431 449
431 450
431 468
431 471
431 472
431 473
431 474
431 475
431 476
431 477
431 478
431 479
431 480
431 548
431 646
431 649
431 670
431 672
431 673
431 674
431 676
431 677
431 678
431 679
431 680
431 681
431 682
431 683
432 433
432 434
432 435
432 436
432 437
432 438
432 439
432 440
432 441
432 442
432 443
432 444
432 445
432 446
432 447
432 448
432 449
432 467
432 468
432 470
432 471
432 472
432 473
432 474
432 475
432 476
432 477
432 478
432 479
432 504
432 559
432 647
432 648
432 667
432 668
432 671
432 672
432 673
432 677
432 678
432 679
432 680
432 682
432 683
432 780
433 434
433 435
433 436
433 437
433 438
433 439
433 440
433 441
433 442
433 443
433 444
433 445
433 446
433 447
433 448
433 449
433 465
433 468
433 470
433 471
433 472
433 473
433 474
433 475
433 476
433 477
433 478
433 479
433 646
433 647
433 671
433 672
433 674
433 675
433 676
433 678
433 679
433 680
433 681
433 682
433 683
433 684
433 801
434 435
434 436
434 437
434 438
434 439
434 440
434 441
434 442
434 443
434 444
434 445
434 446
434 447
434 448
434 449
434 450
434 472
434 473
434 474
434 475
434 476
434 477
434 478
434 479
434 667
434 668
434 669
434 670
434 672
434 673
434 674
434 675
434 676
434 678
434 679
434 680
434 681
434 682
434 683
434 779
435 436
435 437
435 438
435 439
435 440
435 441
435 442
435 443
435 444
435 445
435 446
435 447
435 448
435 449
435 450
435 467
435 469
435 470
435 472
435 473
435 475
435 476
435 477
435 478
435 479
435 480
435 559
435 671
435 672
435 674
435 675
435 676
435 678
435 679
435 680
435 681
435 682
435 683
435 684
436 437
436 438
436 439
436 440
436 441
436 442
436 443
436 444
436 445
436 446
436 447
436 448
436 449
436 469
436 470
436 471
436 472
436 474
436 475
436 476
436 477
436 478
436 479
436 480
436 646
436 666
436 668
436 670
436 671
436 673
436 675
436 676
436 677
436 678
436 679
436 680
436 681
436 682
436 683
436 860
436 868
437 438
437 439
437 440
437 441
437 442
437 443
437 444
437 445
437 446
437 447
437 448
437 449
437 450
437 466
437 467
437 470
437 471
437 473
437 474
437 475
437 476
437 477
437 478
437 479
437 480
437 646
437 669
437 670
437 671
437 672
437 675
437 676
437 677
437 678
437 679
437 680
437 681
437 682
437 683
437 684
437 685
437 779
438 439
438 440
438 441
438 442
438 443
438 444
438 445
438 446
438 447
438 448
438 449
438 450
438 461
438 466
438 469
438 471
438 472
438 474
438 475
438 476
438 477
438 478
438 479
438 669
438 671
438 672
438 673
438 674
438 675
438 676
438 677
438 678
438 679
438 680
438 681
438 682
438 683
438 684
438 835
438 868
439 440
439 441
439 442
439 443
439 444
439 445
439 446
439 447
439 448
439 449
439 450
439 451
439 467
439 468
439 470
439 471
439 473
439 475
439 476
439 477
439 478
439 479
439 480
439 502
439 561
439 581
439 646
439 648
439 668
439 669
439 671
439 672
439 673
439 674
439 675
439 676
439 677
439 678
439 679
439 680
439 681
439 682
439 683
439 684
439 685
440 441
440 442
440 443
440 444
440 445
440 446
440 447
440 448
440 449
440 450
440 466
440 467
440 468
440 470
440 471
440 472
440 473
440 474
440 475
440 476
440 477
440 478
440 479
440 480
440 481
440 561
440 645
440 648
440 650
440 669
440 670
440 671
440 673
440 675
440 676
440 677
440 678
440 679
440 680
440 681
440 682
440 683
440 779
440 781
440 782
440 798
440 840
440 860
440 871
440 900
441 442
441 443
441 444
441 445
441 446
441 447
441 448
441 449
441 450
441 452
441 460
441 462
441 466
441 470
441 472
441 473
441 475
441 476
441 477
441 478
441 479
441 480
441 481
441 549
441 558
441 559
441 561
441 646
441 647
441 667
441 669
441 671
441 672
441 675
441 676
441 677
441 678
441 679
441 680
441 681
441 682
441 683
441 684
441 780
441 781
441 870
442 443
442 444
442 445
442 446
442 447
442 448
442 449
442 450
442 451
442 461
442 463
442 466
442 468
442 469
442 470
442 471
442 472
442 473
442 474
442 475
442 476
442 477
442 478
442 479
442 480
442 482
442 553
442 581
442 637
442 638
442 645
442 648
442 649
442 666
442 667
442 669
442 670
442 671
442 672
442 673
442 674
442 675
442 676
442 677
442 678
442 679
442 681
442 682
442 683
442 684
442 685
442 780
443 444
443 445
443 446
443 447
443 448
443 449
443 450
443 460
443 465
443 467
443 468
443 470
443 471
443 473
443 474
443 475
443 476
443 477
443 478
443 479
443 480
443 481
443 549
443 645
443 646
443 649
443 668
443 670
443 671
443 672
443 673
443 674
443 676
443 677
443 678
443 679
443 680
443 681
443 682
443 683
443 684
443 685
443 686
443 808
443 823
443 825
443 861
443 871
443 904
443 939
444 445
444 446
444 447
444 448
444 449
444 450
444 451
444 461
444 462
444 463
444 464
444 469
444 470
444 472
444 473
444 474
444 475
444 476
444 477
444 478
444 479
444 480
444 481
444 509
444 550
444 560
444 585
444 593
444 646
444 648
444 649
444 669
444 671
444 673
444 675
444 676
444 677
444 678
444 679
444 680
444 681
444 682
444 683
444 684
444 685
444 724
444 783
444 792
444 798
444 808
444 809
444 878
444 899
444 938
444 948
445 446
445 447
445 448
445 449
445 450
445 451
445 461
445 462
445 463
445 468
445 469
445 471
445 474
445 475
445 476
445 477
445 478
445 479
445 480
445 481
445 503
445 550
445 552
445 553
445 559
445 560
445 582
445 601
445 631
445 639
445 649
445 651
445 654
445 669
445 670
445 671
445 672
445 673
445 674
445 675
445 676
445 677
445 678
445 679
445 680
445 681
445 682
445 683
445 684
445 685
445 686
445 694
445 781
445 799
445 808
445 809
445 836
445 840
445 860
445 869
445 891
446 447
446 448
446 449
446 450
446 451
446 459
446 461
446 468
446 469
446 470
446 471
446 472
446 473
446 474
446 475
446 476
446 477
446 478
446 479
446 480
446 518
446 554
446 561
446 637
446 648
446 650
446 661
446 670
446 671
446 674
446 675
446 676
446 677
446 678
446 679
446 680
446 681
446 682
446 683
446 684
446 685
446 701
446 726
446 748
446 824
446 859
446 860
446 873
447 448
447 449
447 450
447 451
447 452
447 465
447 466
447 467
447 468
447 471
447 472
447 474
447 475
447 476
447 477
447 478
447 479
447 480
447 481
447 502
447 503
447 504
447 532
447 536
447 547
447 561
447 579
447 649
447 650
447 654
447 662
447 669
447 670
447 671
447 672
447 673
447 674
447 675
447 676
447 677
447 678
447 679
447 680
447 681
447 682
447 683
447 684
447 685
447 686
447 693
447 702
447 707
447 749
447 754
447 771
447 781
447 782
447 799
447 800
447 839
447 840
447 859
447 870
447 890
447 925
448 449
448 450
448 451
448 452
448 461
448 462
448 468
448 470
448 471
448 472
448 473
448 474
448 475
448 476
448 477
448 478
448 479
448 480
448 481
448 503
448 559
448 560
448 562
448 649
448 650
448 651
448 668
448 669
448 670
448 671
448 672
448 673
448 674
448 675
448 676
448 677
448 678
448 679
448 680
448 681
448 682
448 683
448 684
448 685
448 686
448 772
448 775
448 776
448 781
448 782
448 840
448 841
448 849
448 859
448 861
448 878
448 879
448 880
449 450
449 451
449 459
449 460
449 462
449 463
449 467
449 469
449 470
449 471
449 472
449 473
449 474
449 475
449 476
449 477
449 478
449 479
449 482
449 505
449 630
449 647
449 648
449 667
449 669
449 670
449 672
449 673
449 674
449 675
449 676
449 677
449 678
449 679
449 680
449 681
449 682
449 683
449 685
449 686
449 722
449 781
449 800
449 810
449 859
449 880
449 905
450 451
450 472
450 477
450 478
450 495
450 551
450 591
450 601
450 660
450 674
450 678
450 680
450 681
450 682
450 683
450 781
450 901
451 475
451 562
451 674
451 678
452 662
452 881
454 922
459 472
459 675
460 469
460 677
460 682
460 683
462 680
464 665
465 466
465 473
465 474
465 477
465 645
465 647
465 671
465 674
466 475
466 476
466 478
466 670
466 677
466 678
466 681
466 683
467 468
467 469
467 474
467 476
467 477
467 670
467 671
467 677
467 678
467 680
468 470
468 471
468 472
468 475
468 671
468 672
468 673
468 677
468 683
468 686
469 470
469 471
469 472
469 474
469 475
469 477
469 480
469 667
469 668
469 671
469 672
469 673
469 674
469 675
469 678
469 679
469 681
469 682
469 685
470 473
470 474
470 475
470 477
470 478
470 666
470 669
470 670
470 672
470 673
470 674
470 676
470 677
470 678
470 679
470 681
470 682
470 683
471 473
471 474
471 475
471 476
471 477
471 478
471 479
471 557
471 669
471 670
471 672
471 673
471 674
471 675
471 677
471 678
471 679
471 681
471 682
472 473
472 474
472 475
472 478
472 480
472 669
472 670
472 671
472 672
472 673
472 674
472 675
472 676
472 677
472 678
472 680
472 681
472 683
473 474
473 477
473 478
473 479
473 670
473 671
473 673
473 674
473 675
473 676
473 677
473 678
473 679
473 680
473 681
473 682
473 683
473 684
473 778
474 475
474 476
474 477
474 478
474 479
474 647
474 672
474 673
474 674
474 675
474 676
474 677
474 678
474 680
474 681
474 682
474 683
474 799
475 476
475 477
475 478
475 479
475 646
475 667
475 671
475 672
475 675
475 676
475 677
475 678
475 679
475 680
475 681
475 682
475 683
476 477
476 478
476 479
476 480
476 667
476 669
476 670
476 671
476 672
476 673
476 674
476 675
476 676
476 677
476 678
476 679
476 680
476 681
476 682
476 859
477 478
477 479
477 480
477 668
477 669
477 672
477 674
477 675
477 676
477 677
477 678
477 679
477 680
477 682
477 683
477 684
477 918
478 647
478 648
478 668
478 669
478 670
478 671
478 672
478 673
478 674
478 676
478 677
478 678
478 679
478 680
478 681
478 682
478 683
478 684
478 858
479 517
479 666
479 669
479 673
479 674
479 676
479 677
479 679
479 680
479 681
479 682
479 683
480 678
480 680
480 685
481 589
482 750
505 544
559 681
603 870
645 672
646 680
646 681
647 669
647 679
647 684
648 672
648 680
648 681
649 676
655 872
663 861
666 667
666 672
667 679
667 682
668 672
668 673
668 679
668 680
668 683
669 670
669 677
669 680
669 681
669 684
670 671
670 673
670 681
670 682
670 683
671 672
671 673
671 674
671 675
671 676
671 678
671 679
671 680
671 681
671 682
672 673
672 674
672 675
672 677
672 678
672 679
672 680
672 681
672 683
673 674
673 677
673 678
673 679
673 680
673 681
673 683
674 675
674 676
674 677
674 678
674 680
674 682
674 683
675 676
675 677
675 678
675 679
675 680
675 681
675 682
675 683
675 780
676 677
676 678
676 679
676 680
676 681
676 682
676 683
676 684
677 678
677 679
677 680
677 681
677 682
677 949
678 679
678 680
678 682
678 683
678 684
678 826
679 680
679 681
679 682
679 683
680 681
680 682
680 683
680 684
681 682
681 683
681 808
682 683
682 779
683 779
687 783
708 871
709 862
809 913
810 940
841 862
