Memory Limit (KB),Optimal K,Passes,Memory (KB),Max Valid K
10000,N/A,N/A,N/A,
11000,N/A,N/A,N/A,
12000,4,2,12176.0,5
13000,8,1,12512.0,8
14000,8,1,12064.0,8
15000,8,1,12544.0,8
16000,8,1,12544.0,8
17000,8,1,12512.0,8
18000,8,1,12368.0,8
19000,8,1,12144.0,8
20000,8,1,12720.0,8
21000,8,1,12592.0,8
22000,8,1,12448.0,8
23000,8,1,12288.0,8
24000,8,1,12400.0,8
25000,8,1,12304.0,8
30000,8,1,12544.0,8
35000,8,1,12528.0,8
40000,8,1,12464.0,8
45000,8,1,12464.0,8
50000,8,1,12144.0,8
60000,8,1,11840.0,8
70000,8,1,12416.0,8
80000,8,1,12000.0,8
90000,8,1,11520.0,8
