3 543
6 664
7 444
7 575
8 822
13 316
14 577
15 446
18 575
19 278
23 446
32 616
32 678
33 302
33 335
33 443
34 656
34 770
34 990
35 826
40 991
56 325
56 571
56 906
57 318
57 331
57 441
57 446
57 918
57 986
58 327
58 657
58 990
59 107
64 656
64 701
68 446
68 553
69 882
70 331
72 314
72 620
73 194
74 339
80 327
98 448
99 441
99 987
100 444
100 448
100 566
101 336
101 346
101 573
101 740
102 576
102 920
108 247
108 325
108 882
109 570
109 887
113 450
117 523
127 576
128 614
129 445
129 574
130 629
138 581
140 769
146 332
151 978
156 828
178 294
199 990
200 558
201 326
202 847
206 686
210 922
213 654
215 442
224 989
234 991
235 329
235 330
235 685
235 985
236 332
236 574
237 319
237 961
245 321
246 990
259 332
271 447
285 691
289 921
292 426
292 680
293 294
293 317
293 319
293 428
293 430
293 447
293 518
293 560
293 563
293 564
293 570
293 614
293 654
293 679
293 905
293 908
293 968
293 989
294 296
294 297
294 299
294 301
294 304
294 317
294 320
294 326
294 422
294 428
294 446
294 511
294 518
294 558
294 566
294 568
294 611
294 613
294 614
294 617
294 653
294 676
294 679
294 685
294 910
294 914
294 918
294 967
294 974
294 982
294 985
294 987
295 299
295 304
295 305
295 306
295 308
295 310
295 311
295 313
295 316
295 318
295 322
295 328
295 331
295 333
295 423
295 426
295 429
295 430
295 431
295 432
295 434
295 436
295 437
295 439
295 445
295 447
295 513
295 514
295 518
295 555
295 564
295 569
295 571
295 572
295 607
295 609
295 612
295 615
295 652
295 675
295 676
295 679
295 688
295 901
295 907
295 908
295 916
295 970
295 973
295 981
295 987
296 298
296 300
296 301
296 306
296 310
296 313
296 316
296 321
296 323
296 324
296 325
296 328
296 329
296 330
296 332
296 422
296 423
296 424
296 428
296 434
296 435
296 438
296 441
296 442
296 444
296 445
296 446
296 514
296 556
296 565
296 571
296 607
296 609
296 611
296 612
296 613
296 615
296 616
296 685
296 686
296 687
296 689
296 899
296 901
296 903
296 904
296 905
296 906
296 907
296 908
296 909
296 910
296 912
296 913
296 915
296 918
296 966
296 968
296 969
296 970
296 972
296 974
296 977
296 978
296 979
296 981
296 983
296 989
297 299
297 301
297 303
297 305
297 307
297 308
297 310
297 314
297 315
297 317
297 319
297 322
297 323
297 324
297 326
297 327
297 330
297 332
297 424
297 425
297 427
297 429
297 430
297 435
297 439
297 440
297 442
297 445
297 446
297 447
297 516
297 518
297 557
297 560
297 562
297 566
297 569
297 572
297 573
297 606
297 607
297 615
297 616
297 673
297 675
297 677
297 678
297 679
297 680
297 683
297 684
297 685
297 686
297 687
297 689
297 902
297 905
297 907
297 911
297 912
297 913
297 917
297 971
297 972
297 976
297 977
297 978
297 984
297 986
297 987
297 989
298 300
298 301
298 302
298 305
298 308
298 309
298 310
298 313
298 315
298 317
298 318
298 319
298 320
298 322
298 323
298 325
298 326
298 327
298 328
298 331
298 332
298 333
298 334
298 335
298 425
298 427
298 428
298 429
298 430
298 431
298 432
298 436
298 437
298 439
298 443
298 445
298 516
298 517
298 557
298 560
298 562
298 563
298 566
298 567
298 568
298 569
298 570
298 571
298 572
298 573
298 575
298 606
298 607
298 609
298 610
298 611
298 612
298 614
298 615
298 617
298 652
298 654
298 678
298 679
298 680
298 682
298 683
298 684
298 685
298 686
298 689
298 899
298 901
298 905
298 910
298 913
298 915
298 968
298 969
298 970
298 972
298 973
298 974
298 976
298 977
298 978
298 979
298 983
298 985
298 986
298 987
298 988
298 989
299 300
299 304
299 305
299 307
299 309
299 310
299 312
299 313
299 314
299 315
299 316
299 317
299 318
299 319
299 320
299 321
299 322
299 325
299 328
299 330
299 332
299 333
299 334
299 421
299 423
299 424
299 426
299 427
299 428
299 429
299 432
299 433
299 435
299 436
299 438
299 439
299 441
299 443
299 445
299 446
299 517
299 518
299 558
299 560
299 562
299 563
299 564
299 567
299 568
299 569
299 570
299 571
299 573
299 609
299 610
299 613
299 614
299 615
299 616
299 617
299 675
299 677
299 679
299 681
299 683
299 685
299 686
299 687
299 899
299 901
299 902
299 903
299 904
299 905
299 911
299 912
299 914
299 915
299 916
299 917
299 968
299 970
299 971
299 972
299 974
299 976
299 977
299 978
299 979
299 980
299 983
299 984
299 985
299 986
299 987
299 988
299 989
300 301
300 302
300 304
300 305
300 307
300 308
300 309
300 310
300 311
300 312
300 314
300 315
300 317
300 318
300 320
300 321
300 322
300 323
300 324
300 325
300 326
300 328
300 329
300 330
300 331
300 333
300 335
300 336
300 422
300 425
300 427
300 428
300 429
300 430
300 431
300 432
300 435
300 436
300 439
300 440
300 441
300 442
300 443
300 444
300 445
300 447
300 514
300 515
300 516
300 519
300 556
300 558
300 561
300 562
300 565
300 566
300 568
300 569
300 570
300 571
300 572
300 573
300 574
300 607
300 609
300 613
300 614
300 615
300 652
300 653
300 655
300 671
300 674
300 675
300 676
300 677
300 678
300 680
300 681
300 682
300 683
300 684
300 685
300 686
300 687
300 689
300 900
300 904
300 905
300 906
300 907
300 909
300 910
300 911
300 912
300 913
300 914
300 915
300 969
300 972
300 974
300 975
300 976
300 977
300 978
300 980
300 981
300 982
300 984
300 985
300 986
300 987
300 989
300 990
301 302
301 305
301 306
301 310
301 311
301 312
301 314
301 315
301 316
301 318
301 319
301 321
301 322
301 323
301 324
301 325
301 327
301 328
301 329
301 330
301 331
301 332
301 333
301 334
301 424
301 427
301 428
301 430
301 431
301 432
301 433
301 435
301 436
301 438
301 439
301 440
301 441
301 442
301 443
301 444
301 445
301 446
301 514
301 515
301 516
301 517
301 518
301 555
301 557
301 560
301 561
301 562
301 563
301 565
301 566
301 567
301 569
301 572
301 573
301 609
301 610
301 612
301 613
301 615
301 617
301 618
301 672
301 675
301 677
301 678
301 680
301 681
301 682
301 683
301 686
301 687
301 688
301 902
301 906
301 909
301 911
301 913
301 914
301 915
301 918
301 973
301 974
301 976
301 977
301 978
301 979
301 980
301 982
301 983
301 985
301 986
301 987
301 989
301 990
302 303
302 305
302 306
302 307
302 308
302 309
302 310
302 311
302 312
302 313
302 314
302 315
302 317
302 319
302 320
302 321
302 322
302 323
302 324
302 325
302 326
302 327
302 328
302 329
302 330
302 331
302 332
302 334
302 336
302 425
302 426
302 427
302 428
302 429
302 430
302 433
302 435
302 436
302 438
302 440
302 441
302 442
302 443
302 444
302 445
302 446
302 511
302 516
302 517
302 558
302 559
302 560
302 561
302 562
302 563
302 565
302 566
302 567
302 568
302 569
302 570
302 571
302 573
302 574
302 609
302 612
302 613
302 614
302 615
302 616
302 617
302 653
302 654
302 675
302 676
302 677
302 678
302 679
302 680
302 681
302 682
302 683
302 685
302 687
302 688
302 689
302 904
302 906
302 908
302 909
302 910
302 911
302 912
302 913
302 914
302 915
302 916
302 917
302 918
302 968
302 971
302 972
302 974
302 975
302 978
302 979
302 980
302 981
302 982
302 984
302 985
302 986
302 988
302 990
303 305
303 306
303 307
303 308
303 309
303 310
303 311
303 313
303 314
303 315
303 316
303 318
303 319
303 320
303 322
303 323
303 324
303 325
303 326
303 327
303 329
303 332
303 333
303 334
303 335
303 424
303 425
303 426
303 427
303 428
303 432
303 433
303 434
303 435
303 436
303 437
303 438
303 439
303 440
303 443
303 444
303 446
303 447
303 511
303 513
303 515
303 516
303 517
303 518
303 520
303 554
303 560
303 561
303 562
303 563
303 564
303 565
303 566
303 567
303 568
303 569
303 570
303 571
303 572
303 573
303 610
303 612
303 613
303 614
303 615
303 616
303 617
303 618
303 653
303 678
303 679
303 680
303 681
303 682
303 683
303 685
303 686
303 688
303 689
303 899
303 902
303 903
303 904
303 905
303 907
303 908
303 910
303 911
303 912
303 914
303 916
303 918
303 971
303 972
303 976
303 977
303 978
303 979
303 980
303 981
303 982
303 985
303 986
303 987
303 988
303 989
304 305
304 306
304 307
304 308
304 310
304 311
304 313
304 314
304 315
304 316
304 317
304 319
304 320
304 321
304 322
304 323
304 325
304 326
304 327
304 328
304 329
304 330
304 331
304 332
304 333
304 334
304 425
304 427
304 428
304 429
304 430
304 431
304 432
304 433
304 434
304 435
304 436
304 437
304 438
304 439
304 441
304 442
304 443
304 444
304 445
304 446
304 517
304 518
304 557
304 558
304 561
304 563
304 564
304 565
304 566
304 567
304 568
304 569
304 570
304 571
304 572
304 573
304 608
304 609
304 611
304 612
304 613
304 616
304 617
304 670
304 671
304 674
304 676
304 677
304 678
304 679
304 680
304 681
304 682
304 683
304 684
304 685
304 686
304 687
304 688
304 689
304 690
304 898
304 899
304 900
304 901
304 903
304 904
304 906
304 908
304 909
304 910
304 911
304 912
304 913
304 914
304 917
304 968
304 969
304 970
304 972
304 973
304 974
304 975
304 976
304 977
304 978
304 979
304 980
304 981
304 982
304 983
304 984
304 985
304 986
304 987
304 988
304 989
305 306
305 307
305 308
305 309
305 310
305 311
305 312
305 313
305 314
305 315
305 316
305 317
305 320
305 321
305 323
305 324
305 325
305 326
305 327
305 328
305 329
305 330
305 331
305 332
305 333
305 334
305 335
305 424
305 425
305 426
305 427
305 430
305 431
305 432
305 433
305 434
305 435
305 436
305 437
305 438
305 440
305 441
305 442
305 443
305 516
305 518
305 520
305 555
305 556
305 558
305 559
305 560
305 562
305 564
305 565
305 566
305 567
305 568
305 569
305 570
305 571
305 572
305 573
305 574
305 575
305 610
305 613
305 614
305 615
305 616
305 617
305 654
305 674
305 675
305 678
305 679
305 680
305 681
305 683
305 684
305 685
305 686
305 687
305 688
305 689
305 900
305 901
305 903
305 904
305 905
305 906
305 907
305 908
305 910
305 911
305 912
305 913
305 914
305 915
305 916
305 917
305 918
305 971
305 974
305 975
305 978
305 979
305 980
305 981
305 982
305 983
305 984
305 986
305 988
305 989
306 307
306 308
306 309
306 310
306 311
306 312
306 313
306 314
306 315
306 316
306 317
306 319
306 320
306 321
306 322
306 323
306 324
306 325
306 326
306 327
306 328
306 329
306 330
306 331
306 332
306 333
306 334
306 335
306 336
306 425
306 426
306 429
306 430
306 431
306 432
306 434
306 435
306 436
306 437
306 438
306 439
306 440
306 441
306 443
306 444
306 445
306 446
306 447
306 514
306 515
306 516
306 517
306 518
306 519
306 559
306 560
306 561
306 562
306 563
306 564
306 565
306 566
306 567
306 568
306 569
306 570
306 571
306 572
306 573
306 574
306 609
306 610
306 612
306 613
306 614
306 615
306 616
306 652
306 653
306 654
306 656
306 674
306 675
306 676
306 677
306 679
306 680
306 682
306 683
306 684
306 685
306 686
306 687
306 688
306 689
306 901
306 903
306 904
306 906
306 907
306 908
306 909
306 910
306 911
306 912
306 913
306 914
306 915
306 916
306 917
306 970
306 972
306 973
306 974
306 975
306 976
306 977
306 978
306 979
306 980
306 981
306 982
306 983
306 984
306 985
306 986
306 987
306 988
306 989
307 308
307 309
307 310
307 311
307 312
307 313
307 314
307 315
307 316
307 318
307 319
307 320
307 321
307 322
307 323
307 324
307 325
307 326
307 327
307 328
307 329
307 330
307 331
307 332
307 333
307 334
307 335
307 422
307 425
307 427
307 428
307 429
307 430
307 431
307 432
307 433
307 434
307 435
307 436
307 437
307 438
307 439
307 440
307 441
307 442
307 443
307 444
307 445
307 446
307 447
307 517
307 557
307 562
307 563
307 564
307 565
307 566
307 567
307 568
307 569
307 570
307 571
307 572
307 573
307 574
307 607
307 610
307 611
307 612
307 614
307 615
307 616
307 617
307 618
307 654
307 671
307 676
307 677
307 678
307 679
307 680
307 681
307 682
307 683
307 684
307 685
307 686
307 687
307 688
307 689
307 899
307 901
307 904
307 905
307 906
307 907
307 908
307 909
307 910
307 911
307 912
307 913
307 914
307 915
307 916
307 917
307 918
307 970
307 973
307 974
307 975
307 976
307 979
307 980
307 981
307 982
307 983
307 984
307 985
307 986
307 987
307 988
307 989
307 990
308 309
308 310
308 311
308 312
308 313
308 314
308 315
308 316
308 318
308 319
308 320
308 321
308 322
308 324
308 325
308 326
308 327
308 328
308 329
308 330
308 331
308 332
308 333
308 334
308 335
308 423
308 426
308 427
308 428
308 429
308 431
308 432
308 433
308 434
308 435
308 436
308 437
308 438
308 439
308 440
308 441
308 442
308 443
308 444
308 445
308 446
308 447
308 448
308 511
308 512
308 516
308 517
308 518
308 519
308 560
308 562
308 563
308 564
308 565
308 566
308 567
308 568
308 569
308 570
308 571
308 572
308 573
308 607
308 611
308 612
308 613
308 614
308 615
308 616
308 617
308 618
308 672
308 673
308 674
308 675
308 677
308 679
308 680
308 681
308 682
308 683
308 684
308 685
308 686
308 687
308 688
308 689
308 896
308 901
308 905
308 906
308 907
308 908
308 909
308 910
308 911
308 912
308 913
308 914
308 915
308 916
308 917
308 972
308 973
308 974
308 975
308 976
308 977
308 978
308 979
308 980
308 981
308 982
308 983
308 984
308 985
308 986
308 987
308 988
308 989
309 310
309 312
309 313
309 314
309 315
309 316
309 317
309 318
309 319
309 321
309 322
309 323
309 324
309 325
309 327
309 328
309 329
309 330
309 331
309 332
309 333
309 334
309 335
309 423
309 424
309 425
309 426
309 428
309 431
309 432
309 433
309 435
309 436
309 437
309 438
309 439
309 440
309 441
309 442
309 443
309 444
309 445
309 446
309 512
309 516
309 520
309 562
309 563
309 564
309 565
309 566
309 567
309 568
309 569
309 570
309 571
309 572
309 573
309 607
309 609
309 612
309 613
309 614
309 615
309 616
309 617
309 618
309 652
309 654
309 655
309 676
309 677
309 678
309 680
309 681
309 682
309 683
309 684
309 685
309 686
309 687
309 688
309 689
309 904
309 905
309 906
309 907
309 908
309 909
309 910
309 911
309 912
309 913
309 914
309 915
309 916
309 917
309 918
309 967
309 969
309 970
309 971
309 972
309 973
309 974
309 975
309 976
309 977
309 978
309 979
309 980
309 981
309 982
309 983
309 984
309 985
309 986
309 987
309 988
309 989
309 990
310 311
310 312
310 313
310 314
310 315
310 317
310 320
310 321
310 322
310 323
310 324
310 326
310 327
310 328
310 329
310 330
310 331
310 332
310 333
310 334
310 336
310 426
310 427
310 428
310 429
310 431
310 432
310 434
310 436
310 437
310 438
310 439
310 440
310 441
310 442
310 443
310 444
310 445
310 446
310 447
310 450
310 514
310 518
310 557
310 558
310 561
310 562
310 563
310 564
310 565
310 566
310 567
310 568
310 569
310 570
310 571
310 572
310 573
310 574
310 577
310 610
310 611
310 612
310 613
310 614
310 615
310 617
310 651
310 652
310 654
310 655
310 674
310 675
310 676
310 677
310 678
310 679
310 680
310 681
310 682
310 683
310 684
310 685
310 686
310 687
310 688
310 689
310 902
310 904
310 906
310 908
310 909
310 910
310 911
310 912
310 913
310 914
310 915
310 916
310 917
310 918
310 970
310 971
310 972
310 973
310 974
310 975
310 976
310 977
310 978
310 979
310 980
310 981
310 982
310 983
310 984
310 985
310 986
310 987
310 988
310 989
310 990
311 312
311 313
311 314
311 315
311 316
311 318
311 319
311 320
311 321
311 322
311 324
311 325
311 327
311 328
311 329
311 330
311 331
311 332
311 334
311 335
311 338
311 423
311 425
311 426
311 427
311 428
311 431
311 432
311 433
311 434
311 435
311 436
311 437
311 438
311 439
311 440
311 441
311 442
311 443
311 444
311 445
311 446
311 447
311 513
311 514
311 515
311 516
311 517
311 518
311 520
311 555
311 556
311 558
311 561
311 562
311 563
311 564
311 565
311 566
311 567
311 568
311 569
311 570
311 571
311 572
311 573
311 609
311 610
311 611
311 612
311 613
311 614
311 615
311 616
311 617
311 653
311 674
311 675
311 676
311 677
311 678
311 679
311 680
311 681
311 682
311 683
311 684
311 685
311 686
311 687
311 688
311 689
311 691
311 904
311 905
311 907
311 908
311 909
311 910
311 911
311 912
311 913
311 914
311 915
311 916
311 917
311 918
311 968
311 970
311 972
311 973
311 976
311 977
311 978
311 979
311 980
311 981
311 982
311 983
311 984
311 985
311 986
311 987
311 988
311 989
311 990
312 313
312 314
312 315
312 316
312 317
312 322
312 323
312 324
312 325
312 326
312 327
312 328
312 329
312 330
312 331
312 332
312 333
312 334
312 335
312 423
312 426
312 429
312 430
312 431
312 432
312 433
312 434
312 435
312 436
312 437
312 438
312 439
312 440
312 441
312 442
312 443
312 444
312 445
312 446
312 512
312 513
312 514
312 515
312 516
312 517
312 518
312 556
312 560
312 561
312 562
312 563
312 564
312 565
312 566
312 567
312 568
312 569
312 570
312 571
312 572
312 573
312 574
312 607
312 608
312 609
312 610
312 611
312 614
312 615
312 616
312 617
312 653
312 656
312 657
312 675
312 678
312 679
312 680
312 681
312 682
312 683
312 684
312 685
312 686
312 687
312 688
312 689
312 900
312 902
312 903
312 904
312 905
312 906
312 908
312 910
312 911
312 912
312 913
312 914
312 915
312 916
312 917
312 918
312 969
312 970
312 973
312 976
312 977
312 978
312 979
312 980
312 981
312 982
312 983
312 984
312 985
312 986
312 987
312 988
312 989
312 990
313 314
313 315
313 316
313 317
313 318
313 319
313 321
313 322
313 323
313 324
313 325
313 326
313 327
313 328
313 329
313 330
313 331
313 332
313 333
313 334
313 335
313 336
313 425
313 427
313 428
313 430
313 431
313 432
313 433
313 434
313 435
313 436
313 437
313 438
313 439
313 440
313 441
313 442
313 443
313 444
313 445
313 446
313 447
313 513
313 514
313 517
313 518
313 556
313 559
313 560
313 561
313 562
313 563
313 564
313 565
313 566
313 567
313 568
313 569
313 570
313 571
313 572
313 573
313 574
313 607
313 609
313 610
313 611
313 612
313 613
313 614
313 615
313 617
313 629
313 652
313 653
313 670
313 672
313 676
313 680
313 681
313 682
313 683
313 684
313 685
313 686
313 687
313 688
313 689
313 690
313 788
313 897
313 899
313 900
313 903
313 904
313 907
313 908
313 909
313 910
313 911
313 912
313 913
313 914
313 915
313 916
313 917
313 919
313 967
313 968
313 971
313 972
313 973
313 974
313 975
313 976
313 977
313 978
313 979
313 980
313 981
313 982
313 983
313 984
313 985
313 986
313 987
313 988
313 989
313 990
314 315
314 316
314 317
314 319
314 320
314 321
314 322
314 323
314 324
314 325
314 326
314 327
314 328
314 329
314 330
314 331
314 332
314 333
314 334
314 335
314 336
314 428
314 429
314 430
314 432
314 433
314 434
314 435
314 436
314 437
314 438
314 439
314 440
314 441
314 442
314 443
314 444
314 445
314 446
314 447
314 513
314 515
314 516
314 517
314 519
314 561
314 562
314 563
314 564
314 565
314 566
314 568
314 569
314 570
314 571
314 572
314 573
314 575
314 582
314 609
314 610
314 611
314 612
314 614
314 615
314 616
314 617
314 655
314 672
314 673
314 675
314 676
314 677
314 678
314 679
314 680
314 681
314 682
314 683
314 684
314 685
314 686
314 687
314 688
314 689
314 690
314 884
314 901
314 902
314 906
314 907
314 909
314 910
314 911
314 912
314 913
314 914
314 915
314 916
314 917
314 918
314 967
314 971
314 972
314 976
314 978
314 979
314 980
314 981
314 982
314 983
314 984
314 985
314 986
314 987
314 988
314 989
314 990
314 991
315 316
315 317
315 319
315 320
315 321
315 322
315 323
315 324
315 325
315 326
315 327
315 328
315 329
315 330
315 331
315 332
315 333
315 334
315 335
315 336
315 422
315 424
315 426
315 427
315 429
315 430
315 431
315 432
315 433
315 434
315 435
315 437
315 438
315 439
315 440
315 441
315 442
315 443
315 444
315 445
315 446
315 448
315 511
315 512
315 513
315 516
315 518
315 520
315 554
315 559
315 560
315 561
315 562
315 563
315 564
315 565
315 566
315 567
315 568
315 569
315 570
315 571
315 572
315 573
315 574
315 612
315 613
315 614
315 615
315 616
315 617
315 618
315 659
315 670
315 673
315 674
315 676
315 677
315 679
315 680
315 681
315 682
315 684
315 685
315 686
315 687
315 688
315 689
315 690
315 691
315 748
315 899
315 902
315 903
315 904
315 905
315 906
315 907
315 908
315 909
315 910
315 911
315 912
315 913
315 914
315 915
315 916
315 917
315 918
315 937
315 969
315 970
315 972
315 973
315 975
315 976
315 977
315 978
315 979
315 980
315 981
315 982
315 983
315 984
315 985
315 986
315 987
315 988
315 989
316 317
316 318
316 320
316 321
316 322
316 323
316 324
316 325
316 326
316 327
316 329
316 330
316 331
316 332
316 333
316 334
316 424
316 428
316 430
316 433
316 434
316 435
316 436
316 437
316 439
316 440
316 441
316 442
316 443
316 444
316 445
316 446
316 447
316 491
316 513
316 517
316 520
316 560
316 562
316 564
316 567
316 568
316 569
316 570
316 571
316 572
316 573
316 605
316 608
316 609
316 610
316 611
316 612
316 613
316 615
316 616
316 617
316 620
316 655
316 658
316 672
316 673
316 675
316 676
316 678
316 679
316 680
316 681
316 682
316 683
316 686
316 688
316 690
316 691
316 900
316 901
316 903
316 904
316 906
316 908
316 909
316 910
316 912
316 913
316 914
316 915
316 916
316 917
316 918
316 927
316 969
316 970
316 971
316 972
316 975
316 976
316 977
316 978
316 979
316 981
316 982
316 983
316 984
316 985
316 986
316 987
316 988
316 989
316 990
317 319
317 320
317 321
317 322
317 324
317 326
317 331
317 332
317 333
317 334
317 335
317 423
317 424
317 426
317 427
317 428
317 429
317 430
317 431
317 432
317 433
317 436
317 437
317 438
317 439
317 440
317 441
317 444
317 445
317 446
317 447
317 512
317 513
317 516
317 518
317 521
317 544
317 555
317 559
317 561
317 564
317 565
317 566
317 570
317 572
317 573
317 575
317 608
317 610
317 611
317 612
317 614
317 615
317 617
317 652
317 653
317 655
317 672
317 673
317 674
317 678
317 679
317 681
317 682
317 684
317 685
317 687
317 690
317 749
317 888
317 900
317 904
317 906
317 907
317 908
317 909
317 911
317 913
317 918
317 952
317 973
317 974
317 981
317 983
317 986
317 989
317 991
318 319
318 320
318 321
318 322
318 323
318 324
318 327
318 328
318 329
318 330
318 331
318 332
318 334
318 335
318 336
318 338
318 361
318 424
318 426
318 431
318 433
318 435
318 436
318 437
318 438
318 440
318 442
318 443
318 444
318 445
318 515
318 517
318 518
318 519
318 556
318 559
318 560
318 561
318 563
318 564
318 566
318 567
318 568
318 569
318 570
318 571
318 573
318 606
318 608
318 612
318 613
318 614
318 616
318 617
318 674
318 678
318 679
318 680
318 681
318 683
318 684
318 685
318 687
318 688
318 689
318 789
318 802
318 899
318 902
318 903
318 904
318 907
318 909
318 910
318 911
318 912
318 913
318 914
318 915
318 916
318 968
318 970
318 971
318 973
318 975
318 976
318 977
318 978
318 979
318 980
318 982
318 983
318 985
318 986
318 987
318 988
318 989
318 990
319 322
319 323
319 324
319 326
319 327
319 328
319 329
319 331
319 332
319 333
319 334
319 335
319 337
319 429
319 430
319 431
319 432
319 434
319 436
319 439
319 440
319 443
319 444
319 446
319 510
319 515
319 517
319 518
319 558
319 560
319 561
319 563
319 564
319 565
319 566
319 567
319 568
319 569
319 570
319 572
319 574
319 609
319 611
319 613
319 616
319 617
319 654
319 674
319 675
319 676
319 677
319 678
319 679
319 681
319 683
319 684
319 685
319 687
319 688
319 905
319 908
319 909
319 910
319 912
319 913
319 915
319 917
319 970
319 972
319 975
319 978
319 979
319 982
319 983
319 984
319 986
319 987
319 988
319 989
320 321
320 322
320 324
320 326
320 327
320 329
320 331
320 332
320 333
320 334
320 425
320 426
320 428
320 429
320 430
320 431
320 432
320 433
320 435
320 437
320 438
320 439
320 441
320 443
320 444
320 445
320 446
320 447
320 516
320 517
320 518
320 558
320 561
320 562
320 563
320 564
320 566
320 567
320 568
320 569
320 570
320 572
320 573
320 583
320 608
320 610
320 611
320 612
320 614
320 615
320 671
320 672
320 674
320 677
320 678
320 679
320 680
320 683
320 684
320 685
320 686
320 688
320 689
320 906
320 907
320 908
320 909
320 910
320 911
320 913
320 915
320 917
320 967
320 968
320 973
320 974
320 975
320 978
320 981
320 982
320 983
320 984
320 985
320 986
320 988
321 322
321 323
321 325
321 326
321 327
321 328
321 329
321 330
321 331
321 333
321 335
321 422
321 424
321 426
321 427
321 429
321 431
321 432
321 433
321 435
321 436
321 437
321 438
321 439
321 440
321 442
321 444
321 445
321 446
321 447
321 474
321 514
321 515
321 518
321 558
321 559
321 560
321 561
321 562
321 563
321 564
321 565
321 566
321 567
321 568
321 569
321 571
321 572
321 573
321 574
321 608
321 611
321 612
321 613
321 614
321 615
321 616
321 617
321 655
321 673
321 676
321 677
321 678
321 679
321 680
321 681
321 682
321 683
321 684
321 685
321 686
321 687
321 689
321 902
321 905
321 906
321 907
321 908
321 910
321 912
321 913
321 914
321 916
321 917
321 918
321 920
321 968
321 972
321 973
321 974
321 975
321 976
321 978
321 979
321 980
321 981
321 982
321 983
321 984
321 985
321 987
321 988
321 989
322 323
322 324
322 325
322 327
322 328
322 329
322 330
322 331
322 332
322 333
322 335
322 425
322 426
322 427
322 429
322 431
322 432
322 433
322 434
322 435
322 437
322 438
322 439
322 440
322 441
322 442
322 443
322 444
322 445
322 446
322 447
322 510
322 513
322 514
322 516
322 518
322 557
322 558
322 560
322 562
322 565
322 566
322 567
322 568
322 569
322 570
322 572
322 573
322 610
322 614
322 615
322 616
322 654
322 673
322 674
322 677
322 678
322 679
322 680
322 681
322 682
322 683
322 684
322 686
322 687
322 688
322 689
322 690
322 859
322 899
322 901
322 902
322 905
322 906
322 907
322 908
322 909
322 910
322 911
322 912
322 913
322 914
322 915
322 916
322 917
322 969
322 970
322 972
322 974
322 975
322 976
322 977
322 979
322 980
322 981
322 982
322 983
322 984
322 985
322 986
322 987
322 988
322 989
323 324
323 325
323 326
323 327
323 328
323 330
323 332
323 334
323 335
323 338
323 427
323 428
323 429
323 431
323 432
323 433
323 434
323 436
323 437
323 438
323 440
323 441
323 442
323 443
323 444
323 445
323 446
323 555
323 556
323 560
323 561
323 562
323 563
323 564
323 565
323 566
323 567
323 568
323 569
323 571
323 572
323 573
323 574
323 578
323 609
323 610
323 611
323 613
323 614
323 615
323 616
323 617
323 618
323 653
323 655
323 670
323 674
323 677
323 678
323 679
323 680
323 681
323 682
323 683
323 684
323 685
323 686
323 687
323 688
323 689
323 902
323 904
323 906
323 907
323 908
323 910
323 911
323 912
323 913
323 914
323 915
323 916
323 917
323 918
323 971
323 972
323 973
323 975
323 976
323 977
323 978
323 979
323 981
323 982
323 983
323 984
323 986
323 987
323 988
324 325
324 326
324 327
324 328
324 329
324 331
324 332
324 333
324 334
324 422
324 424
324 425
324 427
324 428
324 429
324 431
324 432
324 433
324 434
324 435
324 436
324 437
324 438
324 439
324 441
324 442
324 443
324 444
324 445
324 446
324 447
324 517
324 555
324 557
324 562
324 563
324 564
324 565
324 566
324 567
324 568
324 569
324 570
324 571
324 572
324 573
324 575
324 607
324 608
324 609
324 610
324 611
324 613
324 615
324 616
324 617
324 652
324 653
324 673
324 674
324 675
324 677
324 679
324 680
324 681
324 682
324 683
324 684
324 685
324 686
324 687
324 688
324 689
324 900
324 902
324 905
324 906
324 907
324 908
324 909
324 910
324 911
324 912
324 913
324 915
324 916
324 917
324 918
324 968
324 971
324 974
324 976
324 977
324 978
324 980
324 981
324 982
324 983
324 984
324 985
324 986
324 988
324 989
325 326
325 327
325 329
325 330
325 331
325 332
325 333
325 334
325 336
325 423
325 424
325 425
325 427
325 429
325 430
325 431
325 432
325 433
325 434
325 435
325 436
325 437
325 438
325 439
325 440
325 441
325 442
325 443
325 444
325 445
325 446
325 514
325 516
325 517
325 559
325 561
325 562
325 563
325 564
325 565
325 567
325 568
325 569
325 570
325 571
325 572
325 573
325 574
325 608
325 610
325 611
325 612
325 613
325 614
325 615
325 617
325 618
325 672
325 673
325 674
325 675
325 676
325 677
325 678
325 679
325 681
325 682
325 683
325 684
325 685
325 686
325 687
325 688
325 689
325 690
325 901
325 906
325 907
325 908
325 909
325 910
325 911
325 912
325 913
325 914
325 915
325 916
325 917
325 971
325 972
325 974
325 976
325 977
325 978
325 979
325 980
325 981
325 982
325 983
325 984
325 985
325 986
325 987
325 988
325 989
326 327
326 328
326 329
326 330
326 331
326 332
326 333
326 334
326 424
326 425
326 426
326 427
326 428
326 430
326 431
326 432
326 433
326 434
326 435
326 436
326 437
326 438
326 439
326 440
326 441
326 442
326 443
326 444
326 445
326 446
326 447
326 515
326 517
326 518
326 554
326 558
326 559
326 560
326 562
326 563
326 564
326 565
326 566
326 567
326 568
326 569
326 570
326 571
326 572
326 573
326 608
326 610
326 611
326 613
326 614
326 615
326 616
326 617
326 653
326 672
326 673
326 675
326 676
326 678
326 679
326 680
326 681
326 682
326 683
326 684
326 685
326 686
326 687
326 688
326 689
326 900
326 905
326 906
326 907
326 908
326 909
326 910
326 911
326 912
326 913
326 914
326 915
326 916
326 917
326 971
326 972
326 973
326 974
326 975
326 976
326 977
326 978
326 979
326 980
326 981
326 982
326 983
326 984
326 985
326 986
326 987
326 988
326 989
326 990
327 328
327 329
327 330
327 331
327 332
327 333
327 334
327 335
327 425
327 428
327 430
327 431
327 432
327 433
327 434
327 435
327 436
327 437
327 438
327 439
327 440
327 441
327 442
327 443
327 444
327 445
327 446
327 511
327 514
327 517
327 518
327 557
327 559
327 561
327 562
327 563
327 565
327 566
327 567
327 568
327 569
327 570
327 571
327 572
327 573
327 608
327 610
327 611
327 613
327 614
327 615
327 616
327 617
327 654
327 670
327 671
327 672
327 676
327 677
327 679
327 680
327 681
327 682
327 683
327 684
327 685
327 686
327 687
327 688
327 689
327 901
327 902
327 904
327 907
327 908
327 909
327 910
327 911
327 912
327 914
327 915
327 916
327 917
327 971
327 972
327 973
327 975
327 976
327 977
327 978
327 979
327 980
327 981
327 982
327 983
327 984
327 985
327 986
327 987
327 988
327 989
328 329
328 330
328 331
328 332
328 333
328 334
328 335
328 421
328 424
328 425
328 427
328 428
328 429
328 430
328 431
328 432
328 433
328 434
328 435
328 436
328 437
328 438
328 439
328 440
328 441
328 442
328 443
328 444
328 445
328 446
328 511
328 515
328 516
328 518
328 520
328 555
328 558
328 559
328 561
328 562
328 563
328 564
328 565
328 566
328 567
328 568
328 569
328 570
328 571
328 572
328 573
328 574
328 608
328 609
328 611
328 612
328 613
328 614
328 615
328 617
328 618
328 653
328 671
328 673
328 675
328 677
328 678
328 679
328 680
328 681
328 683
328 684
328 685
328 686
328 687
328 688
328 689
328 690
328 902
328 903
328 904
328 906
328 908
328 909
328 910
328 911
328 912
328 913
328 914
328 915
328 916
328 917
328 919
328 968
328 971
328 973
328 977
328 978
328 979
328 980
328 981
328 982
328 983
328 984
328 985
328 986
328 987
328 988
328 989
329 330
329 331
329 332
329 333
329 334
329 424
329 425
329 427
329 429
329 430
329 431
329 434
329 435
329 436
329 437
329 438
329 439
329 440
329 441
329 442
329 443
329 444
329 445
329 446
329 515
329 516
329 519
329 555
329 556
329 558
329 560
329 561
329 562
329 563
329 564
329 565
329 567
329 568
329 569
329 570
329 571
329 572
329 573
329 574
329 609
329 610
329 611
329 613
329 614
329 616
329 617
329 618
329 655
329 675
329 676
329 677
329 678
329 679
329 680
329 681
329 683
329 684
329 685
329 686
329 687
329 688
329 689
329 899
329 900
329 903
329 904
329 905
329 906
329 907
329 908
329 909
329 910
329 911
329 912
329 913
329 914
329 915
329 916
329 917
329 918
329 968
329 969
329 970
329 974
329 975
329 976
329 977
329 978
329 979
329 980
329 981
329 982
329 983
329 984
329 985
329 986
329 987
329 988
329 989
330 331
330 332
330 333
330 334
330 335
330 337
330 430
330 432
330 433
330 434
330 435
330 436
330 437
330 438
330 439
330 440
330 441
330 442
330 443
330 444
330 445
330 446
330 447
330 511
330 514
330 516
330 517
330 518
330 519
330 556
330 557
330 559
330 560
330 561
330 562
330 563
330 564
330 565
330 566
330 567
330 568
330 569
330 570
330 571
330 572
330 573
330 608
330 610
330 611
330 612
330 613
330 614
330 615
330 617
330 618
330 672
330 675
330 678
330 679
330 680
330 681
330 682
330 683
330 684
330 685
330 686
330 687
330 688
330 689
330 897
330 901
330 902
330 903
330 906
330 908
330 909
330 910
330 911
330 912
330 913
330 914
330 915
330 916
330 917
330 918
330 969
330 971
330 972
330 973
330 974
330 975
330 976
330 977
330 978
330 979
330 980
330 981
330 982
330 983
330 984
330 985
330 986
330 987
330 988
330 989
330 990
331 332
331 333
331 334
331 424
331 427
331 428
331 430
331 431
331 432
331 433
331 434
331 435
331 436
331 437
331 438
331 439
331 440
331 441
331 442
331 443
331 444
331 445
331 446
331 447
331 499
331 513
331 514
331 516
331 517
331 518
331 520
331 558
331 559
331 561
331 562
331 563
331 564
331 565
331 566
331 567
331 568
331 569
331 570
331 571
331 572
331 573
331 612
331 613
331 614
331 616
331 617
331 676
331 677
331 678
331 680
331 681
331 682
331 684
331 685
331 686
331 687
331 688
331 689
331 718
331 900
331 901
331 903
331 904
331 906
331 907
331 909
331 910
331 911
331 912
331 913
331 914
331 915
331 916
331 917
331 918
331 968
331 970
331 971
331 973
331 974
331 975
331 976
331 977
331 978
331 979
331 980
331 981
331 982
331 983
331 984
331 985
331 986
331 987
331 988
331 989
331 990
332 333
332 334
332 335
332 336
332 426
332 427
332 428
332 429
332 430
332 431
332 432
332 433
332 434
332 435
332 436
332 437
332 438
332 439
332 440
332 441
332 442
332 443
332 444
332 445
332 446
332 447
332 512
332 516
332 518
332 520
332 557
332 559
332 561
332 562
332 564
332 565
332 566
332 567
332 568
332 569
332 570
332 571
332 572
332 573
332 611
332 612
332 615
332 616
332 617
332 618
332 672
332 674
332 676
332 677
332 678
332 679
332 680
332 681
332 685
332 686
332 687
332 688
332 689
332 902
332 905
332 908
332 909
332 910
332 911
332 912
332 913
332 914
332 915
332 916
332 917
332 918
332 919
332 969
332 972
332 973
332 974
332 975
332 976
332 977
332 978
332 979
332 980
332 981
332 983
332 984
332 985
332 986
332 987
332 988
332 989
332 990
333 334
333 335
333 422
333 427
333 428
333 431
333 432
333 434
333 435
333 436
333 437
333 438
333 439
333 440
333 441
333 442
333 443
333 444
333 445
333 446
333 447
333 491
333 512
333 513
333 515
333 516
333 517
333 518
333 519
333 520
333 559
333 560
333 561
333 562
333 563
333 564
333 565
333 566
333 567
333 568
333 569
333 570
333 571
333 572
333 573
333 609
333 612
333 614
333 616
333 617
333 619
333 655
333 671
333 673
333 675
333 677
333 678
333 680
333 681
333 682
333 683
333 684
333 685
333 686
333 687
333 688
333 689
333 690
333 898
333 902
333 905
333 906
333 907
333 908
333 909
333 911
333 912
333 913
333 914
333 915
333 916
333 917
333 918
333 919
333 970
333 971
333 972
333 974
333 975
333 976
333 977
333 978
333 979
333 980
333 981
333 982
333 983
333 984
333 985
333 986
333 987
333 988
333 989
334 335
334 426
334 427
334 430
334 431
334 433
334 434
334 435
334 436
334 437
334 438
334 439
334 440
334 441
334 442
334 443
334 444
334 445
334 446
334 447
334 448
334 514
334 515
334 516
334 517
334 519
334 559
334 560
334 562
334 564
334 565
334 566
334 567
334 569
334 570
334 571
334 572
334 573
334 574
334 607
334 608
334 609
334 610
334 612
334 613
334 615
334 616
334 617
334 618
334 652
334 654
334 655
334 672
334 676
334 677
334 678
334 679
334 680
334 681
334 682
334 683
334 684
334 685
334 686
334 687
334 688
334 689
334 690
334 898
334 904
334 905
334 906
334 907
334 908
334 909
334 910
334 911
334 912
334 913
334 914
334 915
334 916
334 917
334 918
334 940
334 968
334 970
334 971
334 972
334 974
334 975
334 976
334 977
334 978
334 980
334 981
334 982
334 983
334 984
334 985
334 986
334 987
334 988
334 989
334 990
334 991
335 429
335 430
335 431
335 432
335 433
335 435
335 436
335 439
335 440
335 441
335 442
335 443
335 444
335 445
335 446
335 447
335 448
335 514
335 516
335 517
335 518
335 520
335 559
335 561
335 562
335 563
335 564
335 566
335 567
335 568
335 570
335 571
335 572
335 573
335 576
335 580
335 605
335 609
335 611
335 612
335 613
335 614
335 615
335 617
335 620
335 653
335 654
335 671
335 672
335 674
335 676
335 677
335 678
335 679
335 681
335 682
335 683
335 684
335 685
335 686
335 687
335 688
335 727
335 850
335 900
335 902
335 906
335 908
335 909
335 910
335 911
335 912
335 913
335 914
335 915
335 916
335 917
335 918
335 968
335 970
335 971
335 972
335 973
335 974
335 975
335 976
335 977
335 978
335 979
335 981
335 983
335 984
335 987
335 988
335 989
335 990
335 991
336 441
336 442
336 444
336 445
336 446
336 463
336 521
336 559
336 566
336 616
336 671
336 682
336 802
336 828
336 846
336 912
336 915
336 980
336 985
336 989
337 443
337 444
337 446
337 515
337 621
337 920
337 975
337 986
337 990
338 628
338 886
339 962
350 719
352 443
353 449
355 921
360 915
360 982
361 444
361 928
362 693
371 608
378 749
390 582
395 475
407 790
420 988
421 430
421 439
421 516
421 982
422 427
422 429
422 432
422 437
422 440
422 443
422 444
422 445
422 556
422 557
422 561
422 566
422 569
422 571
422 607
422 608
422 616
422 674
422 679
422 681
422 684
422 903
422 905
422 912
422 977
422 978
423 424
423 426
423 427
423 434
423 438
423 440
423 444
423 513
423 514
423 518
423 520
423 565
423 570
423 572
423 609
423 617
423 653
423 654
423 671
423 677
423 678
423 685
423 687
423 689
423 901
423 905
423 907
423 909
423 911
423 914
423 968
423 971
423 972
423 974
423 975
423 977
423 979
423 980
423 982
423 983
423 985
424 429
424 435
424 437
424 440
424 443
424 444
424 446
424 447
424 512
424 514
424 517
424 557
424 565
424 567
424 569
424 571
424 572
424 610
424 614
424 672
424 675
424 677
424 678
424 682
424 683
424 685
424 686
424 687
424 689
424 899
424 902
424 903
424 904
424 905
424 906
424 907
424 908
424 909
424 910
424 912
424 914
424 972
424 975
424 980
424 982
424 984
424 986
424 987
425 427
425 429
425 430
425 431
425 432
425 433
425 434
425 435
425 436
425 437
425 442
425 443
425 445
425 518
425 519
425 555
425 558
425 561
425 562
425 563
425 565
425 566
425 569
425 570
425 573
425 607
425 608
425 610
425 612
425 615
425 616
425 617
425 618
425 672
425 673
425 674
425 675
425 678
425 679
425 680
425 682
425 685
425 686
425 687
425 688
425 899
425 901
425 902
425 903
425 904
425 906
425 907
425 910
425 912
425 916
425 918
425 974
425 979
425 980
425 981
425 982
425 983
425 985
426 427
426 429
426 432
426 434
426 438
426 439
426 441
426 442
426 443
426 445
426 446
426 483
426 515
426 516
426 517
426 518
426 557
426 559
426 560
426 563
426 564
426 565
426 566
426 567
426 568
426 569
426 609
426 610
426 614
426 616
426 617
426 654
426 671
426 674
426 676
426 677
426 678
426 679
426 680
426 682
426 683
426 685
426 686
426 689
426 899
426 901
426 902
426 904
426 905
426 906
426 907
426 910
426 911
426 912
426 913
426 915
426 916
426 917
426 968
426 969
426 971
426 973
426 974
426 975
426 977
426 980
426 981
426 985
426 986
426 988
427 428
427 429
427 430
427 431
427 433
427 434
427 436
427 437
427 438
427 439
427 440
427 444
427 446
427 447
427 515
427 516
427 517
427 518
427 556
427 557
427 559
427 560
427 561
427 562
427 563
427 564
427 565
427 567
427 569
427 571
427 572
427 573
427 611
427 612
427 613
427 614
427 616
427 656
427 672
427 674
427 681
427 682
427 684
427 898
427 900
427 903
427 904
427 905
427 907
427 909
427 912
427 913
427 914
427 916
427 917
427 971
427 974
427 975
427 979
427 980
427 981
427 982
427 984
427 985
427 987
427 988
427 989
428 429
428 432
428 434
428 435
428 436
428 437
428 438
428 440
428 441
428 442
428 443
428 446
428 512
428 514
428 515
428 517
428 519
428 555
428 561
428 565
428 566
428 567
428 568
428 570
428 571
428 573
428 608
428 611
428 612
428 614
428 616
428 617
428 655
428 671
428 673
428 674
428 676
428 678
428 679
428 680
428 681
428 682
428 683
428 684
428 685
428 686
428 688
428 689
428 901
428 902
428 904
428 905
428 907
428 909
428 910
428 911
428 915
428 916
428 917
428 922
428 967
428 970
428 971
428 973
428 974
428 975
428 977
428 978
428 979
428 980
428 982
428 983
428 984
428 985
428 986
428 987
428 988
429 431
429 434
429 435
429 436
429 437
429 440
429 441
429 442
429 443
429 444
429 445
429 446
429 511
429 513
429 514
429 515
429 517
429 519
429 557
429 558
429 560
429 562
429 565
429 566
429 567
429 570
429 571
429 572
429 573
429 574
429 607
429 608
429 610
429 611
429 612
429 613
429 615
429 616
429 617
429 653
429 673
429 675
429 676
429 678
429 679
429 680
429 681
429 682
429 683
429 684
429 685
429 686
429 687
429 689
429 901
429 902
429 903
429 905
429 906
429 908
429 909
429 911
429 913
429 915
429 916
429 917
429 967
429 968
429 969
429 971
429 973
429 975
429 976
429 978
429 980
429 981
429 982
429 983
429 984
429 985
429 986
429 987
429 988
429 989
430 431
430 432
430 433
430 434
430 435
430 436
430 438
430 439
430 440
430 441
430 442
430 443
430 444
430 445
430 446
430 510
430 517
430 519
430 556
430 560
430 563
430 565
430 566
430 567
430 568
430 569
430 570
430 571
430 572
430 573
430 575
430 608
430 612
430 614
430 615
430 616
430 617
430 653
430 672
430 673
430 676
430 678
430 679
430 680
430 684
430 685
430 686
430 687
430 689
430 903
430 904
430 905
430 906
430 907
430 908
430 909
430 911
430 912
430 913
430 914
430 915
430 916
430 919
430 970
430 972
430 973
430 976
430 979
430 980
430 981
430 983
430 984
430 985
430 986
430 987
431 432
431 434
431 435
431 436
431 437
431 438
431 439
431 440
431 441
431 442
431 443
431 444
431 445
431 446
431 511
431 517
431 519
431 558
431 559
431 560
431 561
431 562
431 563
431 564
431 565
431 566
431 567
431 568
431 569
431 570
431 572
431 573
431 607
431 611
431 612
431 613
431 614
431 615
431 616
431 617
431 652
431 671
431 672
431 675
431 676
431 677
431 678
431 679
431 681
431 682
431 684
431 685
431 686
431 687
431 900
431 901
431 903
431 907
431 908
431 909
431 911
431 912
431 913
431 914
431 915
431 916
431 917
431 918
431 969
431 970
431 971
431 974
431 975
431 976
431 977
431 978
431 979
431 980
431 981
431 982
431 983
431 984
431 985
431 986
431 987
431 988
431 989
432 433
432 434
432 435
432 436
432 437
432 438
432 439
432 440
432 441
432 443
432 444
432 445
432 446
432 447
432 514
432 515
432 516
432 518
432 556
432 558
432 559
432 562
432 563
432 564
432 565
432 566
432 567
432 568
432 569
432 570
432 571
432 572
432 573
432 606
432 614
432 615
432 616
432 653
432 675
432 677
432 678
432 679
432 680
432 682
432 683
432 684
432 685
432 686
432 687
432 688
432 689
432 899
432 902
432 903
432 904
432 906
432 907
432 908
432 909
432 910
432 911
432 912
432 913
432 914
432 915
432 916
432 917
432 971
432 972
432 973
432 975
432 976
432 977
432 978
432 979
432 980
432 981
432 982
432 983
432 984
432 985
432 986
432 987
432 989
432 990
433 434
433 435
433 439
433 440
433 441
433 442
433 443
433 444
433 445
433 446
433 514
433 515
433 516
433 517
433 518
433 519
433 520
433 557
433 560
433 561
433 563
433 565
433 568
433 569
433 570
433 571
433 572
433 573
433 609
433 610
433 611
433 612
433 613
433 614
433 615
433 616
433 617
433 618
433 673
433 674
433 680
433 682
433 683
433 684
433 685
433 686
433 687
433 688
433 689
433 902
433 903
433 904
433 905
433 906
433 908
433 909
433 910
433 911
433 912
433 913
433 914
433 915
433 916
433 917
433 918
433 969
433 971
433 972
433 976
433 977
433 978
433 980
433 981
433 982
433 983
433 984
433 985
433 987
433 988
433 989
433 990
434 435
434 436
434 437
434 438
434 439
434 440
434 441
434 442
434 443
434 444
434 445
434 446
434 447
434 514
434 515
434 516
434 517
434 518
434 519
434 557
434 560
434 561
434 562
434 564
434 565
434 566
434 567
434 568
434 569
434 570
434 571
434 572
434 573
434 607
434 613
434 614
434 615
434 616
434 617
434 618
434 672
434 673
434 674
434 675
434 676
434 678
434 679
434 680
434 681
434 682
434 684
434 685
434 686
434 687
434 688
434 689
434 904
434 905
434 906
434 907
434 909
434 910
434 911
434 912
434 913
434 914
434 915
434 916
434 917
434 971
434 972
434 973
434 974
434 975
434 976
434 977
434 978
434 979
434 980
434 981
434 982
434 983
434 984
434 985
434 986
434 987
434 988
434 989
435 436
435 437
435 438
435 439
435 440
435 441
435 443
435 444
435 445
435 446
435 447
435 515
435 516
435 517
435 518
435 520
435 558
435 561
435 563
435 564
435 565
435 566
435 567
435 568
435 569
435 570
435 571
435 572
435 573
435 574
435 606
435 609
435 611
435 612
435 613
435 614
435 615
435 616
435 617
435 653
435 672
435 673
435 674
435 676
435 677
435 678
435 679
435 681
435 682
435 683
435 684
435 685
435 686
435 687
435 688
435 689
435 905
435 906
435 907
435 908
435 910
435 911
435 912
435 913
435 914
435 915
435 916
435 917
435 919
435 968
435 969
435 970
435 972
435 973
435 974
435 975
435 976
435 977
435 978
435 979
435 980
435 981
435 982
435 983
435 984
435 985
435 986
435 987
435 988
435 989
436 437
436 438
436 439
436 440
436 441
436 442
436 443
436 444
436 445
436 446
436 515
436 516
436 517
436 518
436 560
436 561
436 562
436 564
436 565
436 566
436 567
436 568
436 569
436 570
436 571
436 572
436 573
436 574
436 610
436 611
436 612
436 613
436 614
436 615
436 616
436 617
436 654
436 673
436 674
436 676
436 677
436 679
436 680
436 681
436 682
436 683
436 684
436 685
436 686
436 687
436 688
436 689
436 900
436 904
436 905
436 906
436 907
436 909
436 910
436 911
436 912
436 913
436 914
436 915
436 916
436 917
436 969
436 972
436 977
436 979
436 980
436 981
436 982
436 983
436 984
436 985
436 986
436 987
436 988
436 989
437 438
437 439
437 440
437 441
437 442
437 443
437 444
437 445
437 446
437 513
437 514
437 516
437 517
437 518
437 555
437 559
437 560
437 562
437 563
437 564
437 565
437 566
437 567
437 568
437 569
437 570
437 571
437 572
437 573
437 574
437 609
437 610
437 611
437 612
437 613
437 615
437 617
437 656
437 670
437 672
437 673
437 674
437 675
437 676
437 677
437 678
437 679
437 680
437 682
437 683
437 684
437 685
437 686
437 687
437 688
437 905
437 907
437 909
437 910
437 911
437 912
437 913
437 914
437 915
437 916
437 917
437 918
437 968
437 970
437 972
437 973
437 974
437 975
437 977
437 978
437 979
437 980
437 981
437 982
437 983
437 984
437 985
437 986
437 987
437 988
437 989
437 990
438 439
438 440
438 441
438 442
438 443
438 444
438 445
438 446
438 447
438 516
438 517
438 519
438 554
438 559
438 560
438 561
438 562
438 563
438 565
438 566
438 567
438 568
438 569
438 570
438 571
438 572
438 573
438 608
438 609
438 610
438 611
438 612
438 613
438 614
438 615
438 616
438 617
438 651
438 654
438 657
438 672
438 674
438 675
438 676
438 679
438 680
438 681
438 682
438 683
438 684
438 685
438 686
438 687
438 688
438 689
438 899
438 900
438 905
438 906
438 907
438 909
438 910
438 911
438 912
438 913
438 914
438 915
438 916
438 917
438 918
438 919
438 970
438 973
438 974
438 976
438 977
438 978
438 979
438 980
438 981
438 982
438 983
438 984
438 985
438 986
438 987
438 988
438 989
439 440
439 441
439 442
439 443
439 444
439 445
439 446
439 447
439 448
439 512
439 515
439 516
439 517
439 518
439 519
439 558
439 560
439 561
439 562
439 564
439 565
439 566
439 567
439 568
439 569
439 570
439 571
439 572
439 573
439 574
439 611
439 614
439 615
439 616
439 619
439 654
439 655
439 671
439 676
439 677
439 678
439 680
439 682
439 683
439 684
439 685
439 686
439 687
439 688
439 801
439 899
439 907
439 908
439 909
439 911
439 912
439 913
439 914
439 915
439 916
439 917
439 918
439 970
439 971
439 974
439 975
439 976
439 977
439 978
439 979
439 980
439 981
439 982
439 983
439 984
439 985
439 986
439 987
439 988
439 989
440 441
440 442
440 443
440 444
440 445
440 446
440 447
440 449
440 471
440 514
440 515
440 516
440 517
440 519
440 555
440 561
440 562
440 563
440 564
440 565
440 566
440 567
440 568
440 569
440 570
440 571
440 572
440 573
440 611
440 613
440 614
440 615
440 616
440 617
440 618
440 619
440 676
440 677
440 678
440 679
440 680
440 681
440 682
440 683
440 684
440 685
440 686
440 687
440 688
440 689
440 900
440 903
440 906
440 907
440 908
440 909
440 910
440 911
440 912
440 913
440 914
440 915
440 916
440 917
440 918
440 969
440 972
440 974
440 975
440 976
440 977
440 978
440 979
440 980
440 981
440 982
440 984
440 985
440 986
440 987
440 988
440 989
440 990
441 442
441 443
441 444
441 445
441 446
441 447
441 512
441 515
441 516
441 517
441 556
441 557
441 560
441 561
441 564
441 565
441 566
441 567
441 568
441 569
441 570
441 571
441 572
441 573
441 608
441 611
441 612
441 613
441 614
441 615
441 616
441 618
441 619
441 654
441 656
441 657
441 673
441 676
441 677
441 678
441 679
441 680
441 681
441 682
441 683
441 684
441 685
441 686
441 687
441 688
441 689
441 749
441 898
441 903
441 904
441 905
441 906
441 907
441 908
441 909
441 910
441 911
441 912
441 913
441 914
441 915
441 916
441 917
441 918
441 968
441 969
441 970
441 971
441 972
441 974
441 975
441 976
441 977
441 978
441 979
441 980
441 981
441 982
441 983
441 984
441 985
441 986
441 987
441 988
441 989
441 990
442 443
442 444
442 445
442 446
442 447
442 510
442 513
442 515
442 516
442 518
442 519
442 556
442 557
442 560
442 561
442 563
442 564
442 565
442 566
442 567
442 568
442 569
442 570
442 571
442 572
442 573
442 574
442 607
442 609
442 610
442 611
442 612
442 613
442 615
442 616
442 617
442 618
442 619
442 655
442 656
442 672
442 673
442 674
442 677
442 678
442 679
442 681
442 682
442 683
442 684
442 685
442 687
442 688
442 689
442 690
442 898
442 899
442 902
442 904
442 907
442 908
442 909
442 910
442 911
442 912
442 913
442 914
442 915
442 916
442 917
442 918
442 919
442 968
442 969
442 970
442 971
442 972
442 974
442 975
442 976
442 977
442 978
442 979
442 980
442 981
442 982
442 983
442 984
442 985
442 986
442 987
442 988
442 989
442 990
443 444
443 445
443 446
443 447
443 512
443 514
443 515
443 516
443 518
443 557
443 559
443 560
443 561
443 562
443 563
443 565
443 566
443 567
443 568
443 569
443 570
443 571
443 572
443 573
443 574
443 598
443 609
443 612
443 613
443 614
443 615
443 616
443 618
443 629
443 653
443 656
443 674
443 677
443 678
443 679
443 680
443 681
443 682
443 683
443 684
443 685
443 686
443 687
443 688
443 689
443 690
443 691
443 780
443 902
443 903
443 905
443 906
443 907
443 908
443 910
443 911
443 912
443 913
443 914
443 915
443 916
443 917
443 918
443 919
443 969
443 970
443 972
443 973
443 974
443 976
443 977
443 978
443 979
443 980
443 981
443 982
443 983
443 984
443 985
443 986
443 987
443 988
443 989
443 990
443 991
444 445
444 446
444 447
444 511
444 514
444 516
444 517
444 518
444 519
444 521
444 556
444 557
444 559
444 560
444 562
444 563
444 564
444 566
444 568
444 569
444 570
444 571
444 572
444 573
444 574
444 575
444 606
444 609
444 610
444 611
444 612
444 613
444 614
444 615
444 616
444 617
444 618
444 619
444 656
444 671
444 675
444 676
444 677
444 678
444 679
444 680
444 681
444 682
444 683
444 684
444 685
444 686
444 687
444 688
444 689
444 690
444 696
444 748
444 792
444 881
444 887
444 898
444 900
444 902
444 905
444 906
444 909
444 910
444 911
444 912
444 913
444 914
444 915
444 916
444 917
444 918
444 920
444 932
444 951
444 968
444 973
444 974
444 975
444 976
444 977
444 978
444 979
444 980
444 981
444 982
444 983
444 984
444 985
444 986
444 987
444 988
444 989
444 990
444 991
445 446
445 447
445 448
445 449
445 460
445 513
445 514
445 515
445 516
445 519
445 521
445 557
445 558
445 560
445 561
445 563
445 564
445 565
445 566
445 567
445 568
445 569
445 570
445 571
445 572
445 573
445 574
445 575
445 607
445 608
445 609
445 611
445 612
445 614
445 615
445 616
445 617
445 618
445 619
445 620
445 655
445 656
445 672
445 677
445 679
445 680
445 681
445 682
445 683
445 684
445 685
445 686
445 687
445 688
445 689
445 690
445 691
445 698
445 700
445 783
445 800
445 819
445 848
445 901
445 902
445 903
445 905
445 906
445 907
445 908
445 910
445 911
445 912
445 913
445 914
445 915
445 916
445 917
445 918
445 919
445 920
445 969
445 970
445 972
445 974
445 976
445 977
445 978
445 979
445 980
445 981
445 982
445 983
445 984
445 985
445 986
445 987
445 988
445 989
445 990
446 447
446 448
446 514
446 516
446 518
446 519
446 521
446 556
446 558
446 559
446 560
446 561
446 563
446 564
446 565
446 566
446 567
446 568
446 569
446 570
446 571
446 572
446 573
446 574
446 575
446 607
446 609
446 610
446 612
446 613
446 615
446 616
446 617
446 618
446 619
446 653
446 655
446 656
446 657
446 673
446 676
446 677
446 678
446 679
446 680
446 681
446 682
446 683
446 684
446 685
446 686
446 687
446 688
446 689
446 690
446 787
446 903
446 907
446 908
446 909
446 910
446 911
446 912
446 913
446 914
446 915
446 916
446 917
446 918
446 919
446 968
446 970
446 971
446 973
446 975
446 976
446 977
446 978
446 979
446 980
446 981
446 982
446 983
446 984
446 985
446 986
446 987
446 988
446 989
446 991
447 474
447 511
447 518
447 522
447 561
447 562
447 564
447 565
447 566
447 567
447 568
447 569
447 570
447 571
447 572
447 573
447 575
447 607
447 611
447 612
447 613
447 617
447 621
447 654
447 657
447 673
447 676
447 679
447 680
447 682
447 684
447 685
447 686
447 688
447 689
447 690
447 691
447 802
447 903
447 907
447 909
447 910
447 911
447 912
447 914
447 915
447 916
447 917
447 919
447 970
447 971
447 975
447 978
447 980
447 981
447 983
447 985
447 986
447 987
447 988
447 989
447 990
447 992
448 473
448 490
448 573
448 576
448 581
448 613
448 688
448 689
448 889
448 911
448 918
448 989
449 522
449 920
449 963
451 734
470 671
474 692
475 860
476 992
481 683
482 575
482 726
492 685
500 659
501 688
502 988
510 682
510 905
510 906
510 976
511 556
511 562
511 563
511 574
511 607
511 615
511 616
511 900
511 903
511 906
511 907
511 908
511 913
511 968
511 976
512 514
512 517
512 519
512 557
512 559
512 564
512 567
512 569
512 574
512 654
512 670
512 674
512 679
512 681
512 685
512 686
512 829
512 907
512 910
512 932
512 970
512 972
512 979
512 986
512 989
513 517
513 518
513 562
513 568
513 572
513 573
513 574
513 607
513 609
513 612
513 615
513 671
513 681
513 682
513 684
513 687
513 688
513 689
513 902
513 903
513 904
513 906
513 908
513 911
513 914
513 916
513 917
513 967
513 971
513 972
513 976
513 977
513 978
513 980
513 983
513 986
514 516
514 517
514 518
514 557
514 560
514 561
514 563
514 566
514 568
514 569
514 572
514 608
514 611
514 612
514 613
514 614
514 615
514 616
514 617
514 676
514 678
514 685
514 687
514 901
514 903
514 905
514 907
514 909
514 910
514 913
514 917
514 968
514 969
514 971
514 974
514 975
514 976
514 977
514 978
514 979
514 981
514 987
514 989
515 518
515 519
515 557
515 559
515 562
515 563
515 565
515 570
515 573
515 612
515 613
515 615
515 616
515 654
515 675
515 676
515 677
515 678
515 680
515 681
515 684
515 686
515 901
515 904
515 908
515 909
515 910
515 912
515 913
515 916
515 917
515 937
515 970
515 971
515 974
515 975
515 978
515 979
515 980
515 981
515 982
515 987
515 988
515 989
516 517
516 555
516 557
516 561
516 563
516 564
516 566
516 568
516 570
516 571
516 572
516 573
516 574
516 611
516 613
516 615
516 616
516 617
516 673
516 674
516 675
516 677
516 678
516 679
516 680
516 685
516 686
516 687
516 688
516 689
516 899
516 901
516 907
516 908
516 909
516 910
516 911
516 912
516 913
516 915
516 917
516 918
516 970
516 971
516 974
516 975
516 981
516 982
516 983
516 984
516 985
516 988
517 518
517 557
517 558
517 559
517 560
517 564
517 566
517 567
517 568
517 569
517 571
517 573
517 607
517 609
517 611
517 612
517 613
517 615
517 616
517 672
517 673
517 674
517 675
517 676
517 677
517 678
517 679
517 680
517 681
517 682
517 684
517 685
517 686
517 687
517 688
517 903
517 904
517 905
517 906
517 907
517 910
517 911
517 912
517 913
517 914
517 915
517 916
517 967
517 971
517 972
517 973
517 974
517 975
517 976
517 978
517 979
517 983
517 984
517 985
517 986
517 987
517 988
517 989
517 990
518 554
518 557
518 558
518 559
518 560
518 561
518 562
518 563
518 565
518 566
518 570
518 571
518 572
518 573
518 574
518 608
518 610
518 611
518 613
518 614
518 617
518 618
518 654
518 677
518 679
518 680
518 683
518 684
518 685
518 686
518 687
518 688
518 689
518 899
518 902
518 904
518 906
518 909
518 910
518 912
518 913
518 914
518 916
518 917
518 970
518 972
518 973
518 974
518 977
518 978
518 979
518 980
518 981
518 983
518 984
518 985
518 986
518 989
519 558
519 559
519 560
519 561
519 562
519 563
519 564
519 565
519 568
519 571
519 609
519 610
519 611
519 613
519 614
519 616
519 677
519 679
519 680
519 681
519 685
519 687
519 689
519 897
519 902
519 903
519 908
519 912
519 913
519 915
519 916
519 917
519 967
519 972
519 974
519 975
519 976
519 977
519 978
519 979
519 980
519 983
519 984
519 985
519 986
519 988
519 989
520 574
520 675
520 680
520 690
520 807
520 908
520 910
520 914
520 916
520 971
520 984
520 987
520 988
521 690
521 827
521 907
521 918
521 944
521 989
522 554
522 733
547 692
552 569
553 748
554 559
554 613
554 813
554 900
554 904
554 970
554 978
555 559
555 572
555 616
555 653
555 675
555 684
555 901
555 908
555 910
555 911
555 914
555 977
555 981
555 983
555 987
556 560
556 564
556 566
556 608
556 610
556 613
556 615
556 617
556 652
556 653
556 673
556 676
556 679
556 681
556 899
556 907
556 909
556 910
556 912
556 914
556 915
556 917
556 972
556 976
556 985
556 987
557 561
557 566
557 567
557 568
557 569
557 570
557 573
557 606
557 614
557 617
557 674
557 677
557 678
557 679
557 681
557 687
557 902
557 904
557 911
557 912
557 913
557 914
557 916
557 917
557 971
557 972
557 976
557 977
557 978
557 982
557 983
557 985
558 565
558 568
558 570
558 571
558 572
558 574
558 610
558 611
558 612
558 614
558 615
558 617
558 654
558 673
558 675
558 676
558 677
558 678
558 680
558 681
558 682
558 683
558 684
558 686
558 687
558 688
558 898
558 900
558 901
558 906
558 910
558 911
558 914
558 915
558 916
558 970
558 972
558 973
558 974
558 976
558 977
558 978
558 985
558 988
559 560
559 562
559 563
559 565
559 568
559 570
559 574
559 605
559 608
559 610
559 613
559 615
559 617
559 674
559 675
559 677
559 678
559 680
559 683
559 684
559 685
559 687
559 688
559 689
559 901
559 902
559 909
559 910
559 915
559 969
559 970
559 971
559 972
559 974
559 975
559 978
559 981
559 982
559 983
559 984
559 986
559 988
559 989
559 990
560 562
560 564
560 565
560 566
560 567
560 568
560 569
560 570
560 571
560 572
560 573
560 608
560 609
560 611
560 612
560 614
560 615
560 616
560 618
560 672
560 674
560 675
560 676
560 677
560 679
560 681
560 682
560 684
560 686
560 688
560 689
560 900
560 902
560 905
560 906
560 909
560 912
560 913
560 914
560 916
560 917
560 970
560 974
560 976
560 977
560 980
560 982
560 983
560 985
560 986
560 987
560 988
561 562
561 563
561 564
561 566
561 568
561 569
561 570
561 571
561 572
561 573
561 574
561 607
561 608
561 612
561 613
561 614
561 616
561 617
561 619
561 673
561 674
561 675
561 677
561 679
561 680
561 681
561 682
561 684
561 685
561 686
561 687
561 688
561 689
561 791
561 899
561 900
561 902
561 903
561 904
561 905
561 906
561 907
561 909
561 910
561 912
561 914
561 917
561 970
561 971
561 974
561 975
561 976
561 977
561 978
561 980
561 981
561 984
561 986
561 987
561 988
561 989
561 990
562 565
562 566
562 568
562 569
562 570
562 571
562 572
562 573
562 574
562 608
562 613
562 614
562 615
562 616
562 617
562 654
562 672
562 673
562 674
562 676
562 677
562 678
562 679
562 680
562 681
562 682
562 683
562 684
562 685
562 686
562 687
562 688
562 689
562 899
562 901
562 905
562 906
562 907
562 908
562 909
562 910
562 911
562 914
562 915
562 916
562 917
562 969
562 972
562 973
562 974
562 975
562 976
562 977
562 978
562 981
562 982
562 983
562 985
562 986
562 987
562 988
563 564
563 565
563 566
563 567
563 568
563 569
563 570
563 571
563 572
563 573
563 574
563 607
563 609
563 611
563 612
563 613
563 614
563 616
563 617
563 618
563 619
563 670
563 672
563 673
563 676
563 679
563 680
563 681
563 682
563 683
563 684
563 685
563 686
563 687
563 688
563 689
563 899
563 901
563 903
563 904
563 905
563 906
563 908
563 909
563 910
563 911
563 912
563 913
563 914
563 915
563 916
563 917
563 918
563 968
563 969
563 976
563 977
563 979
563 980
563 981
563 982
563 983
563 984
563 985
563 986
563 987
563 988
563 989
564 565
564 566
564 567
564 568
564 569
564 570
564 571
564 572
564 573
564 612
564 614
564 616
564 654
564 673
564 676
564 678
564 680
564 681
564 682
564 683
564 685
564 686
564 688
564 689
564 690
564 898
564 903
564 906
564 907
564 909
564 912
564 913
564 914
564 915
564 916
564 917
564 918
564 969
564 971
564 972
564 973
564 974
564 976
564 977
564 978
564 979
564 980
564 982
564 983
564 984
564 985
564 986
564 987
564 988
564 989
565 566
565 567
565 568
565 570
565 571
565 572
565 573
565 606
565 607
565 611
565 612
565 613
565 615
565 617
565 654
565 655
565 673
565 674
565 675
565 676
565 677
565 678
565 679
565 680
565 681
565 682
565 683
565 684
565 685
565 686
565 687
565 688
565 689
565 901
565 902
565 903
565 904
565 906
565 907
565 908
565 909
565 910
565 911
565 912
565 913
565 914
565 915
565 916
565 917
565 918
565 968
565 972
565 976
565 977
565 978
565 979
565 980
565 981
565 982
565 983
565 984
565 985
565 986
565 987
565 988
565 989
565 990
566 567
566 568
566 569
566 570
566 571
566 572
566 573
566 607
566 609
566 610
566 611
566 612
566 615
566 616
566 617
566 655
566 674
566 675
566 676
566 679
566 681
566 682
566 683
566 684
566 685
566 686
566 688
566 689
566 901
566 903
566 904
566 905
566 906
566 908
566 909
566 910
566 911
566 912
566 913
566 914
566 915
566 916
566 917
566 918
566 972
566 974
566 975
566 976
566 977
566 978
566 979
566 981
566 982
566 983
566 984
566 985
566 986
566 987
566 988
566 989
567 568
567 569
567 570
567 571
567 572
567 573
567 605
567 608
567 610
567 611
567 612
567 613
567 614
567 615
567 616
567 617
567 653
567 655
567 671
567 675
567 676
567 677
567 678
567 679
567 680
567 683
567 684
567 685
567 686
567 687
567 688
567 689
567 899
567 902
567 903
567 904
567 905
567 906
567 907
567 908
567 909
567 910
567 911
567 912
567 913
567 914
567 915
567 916
567 917
567 918
567 969
567 972
567 974
567 975
567 976
567 977
567 978
567 979
567 980
567 981
567 982
567 983
567 984
567 985
567 986
567 987
567 988
567 989
568 569
568 570
568 571
568 572
568 573
568 607
568 609
568 610
568 611
568 614
568 615
568 616
568 617
568 618
568 671
568 675
568 676
568 677
568 678
568 679
568 680
568 681
568 682
568 683
568 684
568 685
568 686
568 687
568 688
568 689
568 898
568 902
568 903
568 904
568 905
568 906
568 907
568 909
568 910
568 911
568 912
568 913
568 914
568 915
568 916
568 917
568 918
568 968
568 976
568 977
568 978
568 979
568 980
568 981
568 982
568 983
568 984
568 985
568 986
568 987
568 988
568 989
568 990
569 570
569 571
569 572
569 573
569 574
569 606
569 609
569 610
569 613
569 614
569 616
569 672
569 674
569 677
569 678
569 679
569 681
569 682
569 683
569 684
569 685
569 686
569 687
569 689
569 899
569 900
569 902
569 903
569 905
569 906
569 907
569 908
569 909
569 910
569 911
569 912
569 913
569 914
569 915
569 916
569 917
569 969
569 970
569 972
569 974
569 975
569 976
569 977
569 978
569 979
569 982
569 983
569 984
569 985
569 986
569 987
569 988
569 989
570 571
570 572
570 573
570 574
570 608
570 612
570 613
570 614
570 615
570 616
570 617
570 673
570 674
570 676
570 677
570 678
570 679
570 680
570 681
570 682
570 683
570 684
570 685
570 686
570 687
570 688
570 689
570 900
570 902
570 903
570 907
570 908
570 909
570 910
570 911
570 912
570 913
570 914
570 915
570 916
570 917
570 968
570 969
570 970
570 971
570 973
570 976
570 977
570 979
570 980
570 981
570 982
570 983
570 984
570 985
570 986
570 987
570 988
570 989
571 572
571 573
571 574
571 608
571 610
571 611
571 612
571 614
571 615
571 616
571 617
571 655
571 673
571 676
571 677
571 678
571 679
571 680
571 681
571 682
571 683
571 684
571 685
571 686
571 687
571 688
571 689
571 690
571 901
571 902
571 904
571 906
571 907
571 908
571 909
571 910
571 911
571 912
571 913
571 914
571 915
571 916
571 917
571 919
571 970
571 971
571 972
571 975
571 977
571 978
571 979
571 980
571 981
571 982
571 983
571 984
571 985
571 986
571 987
571 988
571 989
571 991
572 573
572 574
572 609
572 610
572 611
572 612
572 613
572 614
572 616
572 654
572 656
572 674
572 675
572 677
572 678
572 679
572 682
572 683
572 684
572 685
572 686
572 687
572 688
572 689
572 901
572 904
572 905
572 906
572 907
572 909
572 910
572 911
572 912
572 913
572 914
572 915
572 916
572 917
572 918
572 973
572 974
572 975
572 976
572 977
572 979
572 980
572 981
572 982
572 983
572 984
572 985
572 986
572 987
572 988
572 989
573 610
573 611
573 612
573 613
573 614
573 615
573 616
573 617
573 618
573 620
573 653
573 655
573 656
573 672
573 673
573 674
573 675
573 676
573 677
573 678
573 680
573 681
573 682
573 683
573 684
573 685
573 687
573 688
573 689
573 690
573 901
573 902
573 903
573 904
573 905
573 907
573 909
573 910
573 911
573 912
573 913
573 914
573 915
573 916
573 917
573 918
573 969
573 970
573 973
573 975
573 976
573 977
573 978
573 979
573 980
573 981
573 982
573 983
573 984
573 985
573 986
573 987
573 988
573 989
573 990
574 608
574 611
574 614
574 616
574 617
574 657
574 673
574 678
574 682
574 684
574 685
574 687
574 688
574 870
574 901
574 905
574 909
574 910
574 913
574 915
574 916
574 917
574 918
574 919
574 971
574 974
574 976
574 978
574 980
574 981
574 982
574 983
574 984
574 985
574 986
574 987
574 988
574 989
574 990
575 680
575 682
575 688
575 731
575 901
575 918
575 972
575 979
575 988
576 620
576 679
576 692
576 980
576 987
577 902
578 630
579 989
580 989
582 621
587 618
588 750
605 689
605 898
605 975
605 984
606 617
606 652
606 671
606 675
606 681
606 682
606 685
606 687
606 899
606 901
606 903
606 913
606 969
606 979
606 987
606 988
606 989
607 608
607 609
607 611
607 615
607 616
607 617
607 653
607 677
607 679
607 682
607 684
607 899
607 902
607 906
607 907
607 908
607 911
607 916
607 971
607 975
607 976
607 980
607 981
607 982
607 988
607 989
608 611
608 613
608 614
608 617
608 676
608 677
608 680
608 681
608 682
608 683
608 688
608 689
608 900
608 902
608 903
608 904
608 905
608 913
608 915
608 916
608 918
608 970
608 972
608 978
608 985
608 989
609 616
609 653
609 658
609 672
609 673
609 674
609 676
609 677
609 679
609 680
609 686
609 687
609 899
609 900
609 902
609 904
609 906
609 910
609 914
609 915
609 916
609 917
609 918
609 970
609 972
609 973
609 978
609 981
609 983
609 984
609 985
609 987
609 989
610 611
610 612
610 613
610 616
610 617
610 654
610 673
610 674
610 675
610 676
610 677
610 679
610 681
610 682
610 684
610 685
610 693
610 898
610 900
610 903
610 904
610 905
610 908
610 909
610 910
610 912
610 913
610 915
610 918
610 968
610 970
610 971
610 972
610 974
610 975
610 978
610 981
610 982
610 983
610 984
610 985
610 987
610 988
611 612
611 613
611 614
611 615
611 617
611 652
611 672
611 673
611 674
611 678
611 680
611 681
611 684
611 689
611 690
611 900
611 903
611 906
611 908
611 910
611 912
611 913
611 915
611 916
611 917
611 968
611 970
611 971
611 972
611 973
611 974
611 975
611 976
611 979
611 981
611 987
611 988
611 989
612 613
612 614
612 615
612 617
612 673
612 677
612 678
612 679
612 682
612 684
612 685
612 686
612 687
612 688
612 689
612 899
612 900
612 902
612 905
612 906
612 907
612 911
612 912
612 913
612 914
612 915
612 916
612 917
612 969
612 970
612 972
612 973
612 975
612 976
612 977
612 978
612 979
612 982
612 983
612 984
612 986
612 987
612 988
613 614
613 615
613 618
613 653
613 673
613 675
613 676
613 679
613 680
613 681
613 682
613 683
613 684
613 685
613 686
613 687
613 688
613 689
613 901
613 905
613 907
613 908
613 910
613 911
613 912
613 914
613 915
613 916
613 917
613 918
613 967
613 971
613 972
613 975
613 976
613 977
613 979
613 980
613 981
613 982
613 983
613 984
613 986
613 987
613 988
613 989
613 990
614 615
614 616
614 617
614 654
614 676
614 678
614 679
614 680
614 681
614 682
614 683
614 684
614 686
614 687
614 688
614 689
614 849
614 898
614 899
614 901
614 903
614 904
614 905
614 906
614 907
614 908
614 910
614 911
614 912
614 913
614 915
614 917
614 969
614 970
614 972
614 973
614 975
614 976
614 978
614 979
614 980
614 981
614 982
614 983
614 984
614 985
614 986
614 987
614 988
615 616
615 652
615 654
615 673
615 674
615 677
615 678
615 679
615 680
615 682
615 683
615 685
615 686
615 687
615 688
615 718
615 898
615 899
615 901
615 902
615 903
615 904
615 905
615 907
615 908
615 909
615 910
615 913
615 915
615 916
615 917
615 969
615 971
615 972
615 973
615 974
615 975
615 976
615 977
615 978
615 979
615 980
615 981
615 983
615 984
615 985
615 986
615 987
615 988
616 617
616 673
616 674
616 675
616 676
616 677
616 680
616 681
616 684
616 685
616 686
616 687
616 688
616 689
616 903
616 904
616 905
616 906
616 907
616 908
616 909
616 910
616 911
616 912
616 913
616 914
616 915
616 916
616 917
616 968
616 971
616 972
616 973
616 975
616 976
616 977
616 978
616 979
616 980
616 981
616 983
616 984
616 985
616 986
616 987
616 988
616 989
617 653
617 672
617 673
617 674
617 676
617 679
617 680
617 682
617 683
617 684
617 686
617 687
617 688
617 689
617 898
617 901
617 902
617 903
617 904
617 905
617 906
617 908
617 909
617 910
617 911
617 912
617 913
617 915
617 916
617 917
617 918
617 971
617 972
617 974
617 975
617 976
617 977
617 978
617 979
617 980
617 981
617 982
617 984
617 986
617 988
617 989
618 653
618 674
618 679
618 680
618 687
618 905
618 908
618 911
618 914
618 915
618 916
618 917
618 971
618 975
618 982
618 983
618 984
618 986
618 987
618 988
618 989
618 990
619 688
619 849
619 912
619 985
619 989
620 908
621 980
622 883
628 714
643 933
644 920
651 909
652 911
652 912
652 974
652 982
652 989
653 677
653 679
653 684
653 685
653 686
653 687
653 904
653 908
653 909
653 912
653 918
653 971
653 975
653 976
654 675
654 679
654 681
654 682
654 684
654 685
654 686
654 689
654 900
654 912
654 913
654 916
654 968
654 969
654 975
654 976
654 979
654 980
654 982
654 983
654 984
654 987
654 988
655 671
655 677
655 689
655 899
655 900
655 910
655 911
655 914
655 916
655 971
655 972
655 976
655 978
655 979
655 980
655 989
656 690
656 916
656 976
656 978
657 981
657 983
658 789
658 982
658 988
658 992
659 921
660 929
670 673
670 686
670 688
670 897
670 901
670 912
670 914
671 674
671 678
671 683
671 898
671 901
671 902
671 904
671 913
671 916
671 917
671 979
671 985
672 673
672 681
672 682
672 685
672 686
672 689
672 899
672 901
672 907
672 909
672 910
672 911
672 913
672 916
672 972
672 973
672 975
672 982
672 984
672 985
672 986
672 988
673 676
673 677
673 678
673 679
673 681
673 683
673 685
673 686
673 687
673 689
673 900
673 905
673 906
673 908
673 909
673 913
673 918
673 967
673 974
673 977
673 978
673 979
673 980
673 982
673 983
673 988
674 675
674 678
674 681
674 682
674 683
674 686
674 688
674 689
674 899
674 902
674 903
674 906
674 909
674 910
674 911
674 913
674 916
674 917
674 969
674 974
674 976
674 977
674 980
674 983
674 986
674 987
674 989
674 990
675 676
675 677
675 678
675 679
675 680
675 681
675 683
675 684
675 685
675 686
675 687
675 688
675 898
675 900
675 902
675 904
675 905
675 906
675 909
675 912
675 913
675 914
675 915
675 916
675 968
675 969
675 971
675 972
675 974
675 975
675 977
675 978
675 979
675 980
675 983
675 985
675 987
675 988
676 677
676 679
676 680
676 682
676 684
676 685
676 688
676 689
676 900
676 901
676 904
676 905
676 906
676 908
676 909
676 911
676 912
676 915
676 916
676 917
676 918
676 969
676 970
676 971
676 972
676 973
676 974
676 975
676 976
676 977
676 978
676 979
676 980
676 981
676 983
676 984
676 985
676 986
676 987
676 988
676 989
677 678
677 683
677 684
677 685
677 686
677 687
677 688
677 689
677 898
677 903
677 904
677 905
677 906
677 907
677 908
677 909
677 910
677 912
677 913
677 915
677 916
677 967
677 968
677 969
677 970
677 972
677 973
677 974
677 976
677 977
677 978
677 979
677 980
677 981
677 982
677 983
677 984
677 986
677 989
678 679
678 680
678 681
678 682
678 683
678 684
678 685
678 687
678 688
678 689
678 898
678 902
678 906
678 907
678 908
678 909
678 910
678 911
678 912
678 913
678 914
678 915
678 916
678 917
678 968
678 971
678 972
678 973
678 974
678 976
678 977
678 978
678 979
678 980
678 981
678 983
678 984
678 985
678 986
678 988
678 989
678 990
679 680
679 681
679 682
679 683
679 685
679 687
679 688
679 689
679 901
679 903
679 905
679 906
679 907
679 908
679 909
679 910
679 911
679 912
679 913
679 914
679 915
679 916
679 917
679 918
679 969
679 971
679 974
679 976
679 977
679 978
679 979
679 980
679 981
679 982
679 983
679 984
679 985
679 986
679 987
679 989
680 681
680 683
680 684
680 685
680 686
680 687
680 688
680 878
680 899
680 902
680 903
680 906
680 907
680 908
680 909
680 911
680 912
680 913
680 914
680 915
680 916
680 917
680 969
680 970
680 972
680 973
680 974
680 975
680 976
680 977
680 978
680 979
680 980
680 981
680 982
680 983
680 984
680 986
680 987
680 989
681 682
681 683
681 684
681 685
681 686
681 687
681 688
681 689
681 902
681 905
681 906
681 907
681 908
681 909
681 911
681 912
681 913
681 914
681 915
681 916
681 917
681 970
681 972
681 973
681 974
681 975
681 976
681 977
681 979
681 981
681 982
681 983
681 984
681 985
681 987
681 988
681 989
682 684
682 685
682 686
682 687
682 688
682 689
682 904
682 906
682 907
682 908
682 909
682 910
682 911
682 912
682 913
682 915
682 917
682 918
682 969
682 971
682 972
682 973
682 974
682 975
682 976
682 977
682 978
682 979
682 980
682 981
682 982
682 983
682 984
682 985
682 986
682 987
682 988
682 989
683 684
683 685
683 686
683 687
683 688
683 689
683 901
683 902
683 903
683 904
683 906
683 907
683 908
683 909
683 910
683 911
683 912
683 913
683 914
683 915
683 916
683 917
683 918
683 970
683 973
683 974
683 975
683 976
683 977
683 978
683 979
683 980
683 982
683 983
683 984
683 985
683 986
683 987
683 988
683 989
684 685
684 686
684 687
684 688
684 689
684 691
684 898
684 901
684 903
684 904
684 905
684 909
684 910
684 911
684 912
684 913
684 914
684 916
684 917
684 918
684 969
684 971
684 973
684 974
684 975
684 976
684 977
684 978
684 979
684 980
684 981
684 982
684 983
684 984
684 985
684 986
684 987
684 988
684 989
685 686
685 687
685 688
685 689
685 902
685 903
685 904
685 905
685 906
685 908
685 909
685 910
685 911
685 912
685 913
685 914
685 915
685 916
685 917
685 918
685 960
685 969
685 971
685 972
685 974
685 975
685 976
685 977
685 978
685 979
685 980
685 981
685 982
685 983
685 984
685 985
685 986
685 987
685 988
685 989
686 687
686 688
686 689
686 895
686 898
686 899
686 900
686 905
686 906
686 907
686 908
686 909
686 910
686 911
686 912
686 913
686 914
686 915
686 916
686 917
686 918
686 919
686 970
686 972
686 974
686 975
686 976
686 977
686 978
686 979
686 980
686 981
686 982
686 983
686 984
686 985
686 986
686 987
686 988
686 989
687 688
687 689
687 899
687 902
687 904
687 905
687 906
687 907
687 909
687 910
687 911
687 912
687 913
687 914
687 915
687 916
687 917
687 918
687 968
687 972
687 973
687 974
687 975
687 977
687 978
687 979
687 980
687 981
687 982
687 983
687 984
687 985
687 986
687 987
687 988
687 989
687 990
688 689
688 690
688 769
688 879
688 898
688 902
688 905
688 906
688 907
688 908
688 909
688 910
688 911
688 912
688 913
688 914
688 915
688 916
688 917
688 918
688 919
688 967
688 968
688 969
688 972
688 975
688 976
688 978
688 979
688 980
688 981
688 982
688 983
688 984
688 985
688 986
688 987
688 988
688 989
689 898
689 902
689 903
689 904
689 905
689 907
689 909
689 910
689 911
689 912
689 913
689 914
689 915
689 916
689 917
689 918
689 969
689 971
689 972
689 973
689 974
689 975
689 976
689 977
689 978
689 979
689 980
689 981
689 982
689 983
689 984
689 985
689 986
689 987
689 988
689 989
689 990
690 917
690 919
690 978
690 979
690 980
690 981
690 983
690 986
690 987
690 988
690 989
691 692
691 888
691 989
691 990
692 991
693 992
694 803
695 851
697 991
710 991
711 923
723 993
728 953
731 989
732 933
743 941
748 985
764 773
765 920
769 988
770 856
787 989
788 919
801 989
821 909
835 917
848 987
881 988
885 990
886 975
887 919
897 902
897 905
897 972
897 987
898 900
898 915
898 969
898 975
898 979
898 981
899 900
899 904
899 905
899 907
899 909
899 912
899 914
899 969
899 974
899 979
900 901
900 902
900 905
900 906
900 908
900 909
900 912
900 913
900 916
900 967
900 969
900 970
900 979
900 981
900 984
900 988
900 989
901 902
901 904
901 907
901 908
901 912
901 913
901 917
901 973
901 974
901 977
901 978
901 980
901 983
901 988
902 903
902 905
902 911
902 914
902 915
902 968
902 973
902 974
902 975
902 976
902 977
902 978
902 983
902 987
902 989
903 905
903 906
903 907
903 909
903 910
903 912
903 913
903 917
903 918
903 969
903 972
903 973
903 975
903 978
903 980
903 982
903 986
903 987
903 989
904 905
904 906
904 909
904 915
904 917
904 918
904 968
904 969
904 972
904 973
904 974
904 975
904 977
904 978
904 980
904 981
904 982
904 983
904 986
904 988
904 990
905 906
905 907
905 908
905 909
905 911
905 912
905 913
905 914
905 915
905 917
905 918
905 971
905 972
905 973
905 974
905 978
905 979
905 980
905 982
905 984
905 986
905 987
905 988
906 908
906 909
906 912
906 913
906 915
906 916
906 917
906 918
906 971
906 972
906 973
906 974
906 975
906 978
906 979
906 981
906 982
906 983
906 984
906 985
906 986
906 987
907 908
907 909
907 910
907 911
907 912
907 913
907 914
907 915
907 916
907 917
907 918
907 943
907 970
907 971
907 973
907 975
907 976
907 978
907 979
907 980
907 982
907 985
907 986
907 987
907 989
908 909
908 910
908 911
908 912
908 914
908 915
908 916
908 917
908 968
908 972
908 973
908 974
908 975
908 976
908 977
908 978
908 979
908 980
908 981
908 982
908 983
908 984
908 985
908 987
908 988
909 910
909 911
909 912
909 914
909 915
909 916
909 917
909 918
909 969
909 970
909 971
909 972
909 973
909 975
909 976
909 977
909 978
909 981
909 982
909 983
909 984
909 986
909 987
909 988
910 911
910 912
910 913
910 914
910 915
910 916
910 917
910 918
910 967
910 968
910 971
910 972
910 973
910 974
910 975
910 976
910 977
910 978
910 979
910 980
910 981
910 982
910 983
910 984
910 985
910 987
910 988
910 989
911 912
911 913
911 914
911 916
911 917
911 918
911 967
911 969
911 974
911 975
911 976
911 977
911 978
911 979
911 982
911 983
911 984
911 985
911 986
911 987
911 988
911 989
912 913
912 914
912 915
912 916
912 917
912 969
912 970
912 974
912 975
912 976
912 977
912 978
912 979
912 980
912 981
912 982
912 983
912 984
912 985
912 986
912 987
912 988
912 989
912 990
913 914
913 915
913 916
913 917
913 970
913 971
913 974
913 976
913 977
913 978
913 979
913 980
913 981
913 982
913 983
913 984
913 985
913 986
913 987
913 988
913 989
913 990
914 915
914 916
914 917
914 918
914 968
914 974
914 976
914 977
914 978
914 979
914 980
914 981
914 982
914 983
914 984
914 985
914 986
914 987
914 988
914 989
914 990
915 916
915 917
915 970
915 971
915 975
915 976
915 978
915 979
915 980
915 981
915 982
915 983
915 984
915 985
915 986
915 987
915 988
915 989
915 990
916 917
916 918
916 970
916 971
916 974
916 975
916 976
916 977
916 978
916 979
916 980
916 981
916 982
916 983
916 984
916 985
916 986
916 987
916 988
916 989
917 918
917 969
917 971
917 972
917 973
917 974
917 976
917 977
917 978
917 979
917 980
917 981
917 982
917 983
917 984
917 985
917 986
917 987
917 988
917 989
917 990
918 919
918 971
918 974
918 975
918 978
918 980
918 981
918 982
918 983
918 984
918 985
918 986
918 987
918 988
918 989
919 921
919 952
919 986
919 988
919 990
934 991
961 988
961 990
962 988
966 970
967 972
967 973
967 984
967 986
968 970
968 973
968 975
968 976
968 978
968 979
968 984
969 971
969 973
969 974
969 976
969 977
969 980
969 982
969 983
969 984
969 985
969 986
969 987
969 989
970 972
970 973
970 974
970 975
970 977
970 978
970 981
970 983
970 984
970 985
970 987
970 988
971 973
971 975
971 976
971 977
971 978
971 982
971 983
971 986
971 988
972 973
972 975
972 976
972 977
972 978
972 979
972 981
972 985
972 986
972 989
973 975
973 976
973 977
973 978
973 979
973 980
973 981
973 982
973 983
973 984
973 985
973 986
973 988
973 989
974 976
974 977
974 978
974 979
974 981
974 983
974 984
974 985
974 986
974 987
974 988
975 977
975 978
975 980
975 981
975 982
975 983
975 984
975 985
975 987
975 989
976 977
976 978
976 979
976 980
976 981
976 982
976 983
976 984
976 985
976 986
976 987
976 988
976 989
977 978
977 979
977 980
977 981
977 982
977 983
977 984
977 985
977 987
977 988
977 989
978 979
978 980
978 981
978 982
978 983
978 984
978 985
978 986
978 987
978 988
978 989
979 980
979 981
979 982
979 983
979 985
979 986
979 987
979 988
979 989
980 981
980 982
980 983
980 984
980 985
980 986
980 987
980 988
980 989
981 982
981 983
981 984
981 985
981 986
981 987
981 988
981 989
982 983
982 984
982 985
982 986
982 987
982 988
982 989
982 990
983 984
983 985
983 986
983 987
983 988
983 989
983 990
984 985
984 986
984 987
984 988
984 989
985 986
985 987
985 988
985 989
985 990
986 987
986 988
986 989
986 990
987 988
987 989
987 990
988 989
988 990
989 990
