4 311
4 768
5 758
5 764
5 769
5 770
6 371
6 804
7 775
9 766
11 807
18 19
18 497
36 802
37 871
48 811
49 615
51 768
53 766
81 319
83 304
83 745
83 786
83 798
83 884
84 312
84 496
84 508
84 645
84 761
84 767
84 774
84 781
84 784
84 794
84 797
84 901
84 910
85 497
85 762
85 767
85 768
85 776
85 783
85 784
85 804
85 902
85 912
86 762
86 766
86 767
86 768
86 771
86 983
87 289
87 570
89 509
90 576
93 768
94 766
94 804
95 770
95 804
96 794
96 804
97 445
104 769
112 767
113 504
116 769
134 316
135 768
138 690
144 763
145 772
145 796
146 768
146 769
146 784
146 785
147 761
147 766
147 769
148 504
148 970
149 464
151 318
152 899
153 764
153 802
154 411
154 767
155 773
155 807
162 765
171 900
172 765
173 770
173 789
186 771
196 787
197 553
212 877
214 698
215 764
216 573
216 805
226 804
236 850
237 302
249 496
250 767
250 801
251 769
251 770
252 771
255 772
273 768
274 768
275 885
285 905
287 658
288 767
296 775
296 802
296 804
297 316
297 487
297 496
297 501
297 652
297 657
297 742
297 743
297 752
297 774
297 781
297 782
297 788
297 790
297 793
297 801
297 802
297 805
297 894
297 895
297 898
297 902
297 905
297 912
298 300
298 302
298 303
298 306
298 308
298 312
298 314
298 315
298 487
298 495
298 504
298 510
298 564
298 566
298 650
298 655
298 744
298 745
298 748
298 751
298 760
298 762
298 765
298 769
298 771
298 776
298 779
298 792
298 795
298 798
298 800
298 801
298 803
298 804
298 886
298 889
298 897
298 898
298 902
298 908
298 911
298 912
299 300
299 301
299 304
299 306
299 307
299 310
299 311
299 314
299 315
299 485
299 488
299 490
299 493
299 496
299 501
299 502
299 507
299 508
299 509
299 563
299 645
299 655
299 656
299 658
299 742
299 743
299 744
299 764
299 766
299 767
299 770
299 772
299 774
299 776
299 777
299 778
299 781
299 782
299 783
299 785
299 794
299 795
299 796
299 800
299 886
299 887
299 888
299 894
299 899
299 903
299 904
299 909
299 912
299 913
299 914
299 916
299 917
300 303
300 305
300 307
300 311
300 312
300 313
300 315
300 487
300 489
300 490
300 492
300 496
300 497
300 498
300 499
300 501
300 502
300 508
300 509
300 512
300 514
300 569
300 643
300 644
300 651
300 652
300 654
300 656
300 657
300 741
300 742
300 743
300 744
300 745
300 748
300 749
300 750
300 754
300 756
300 757
300 759
300 760
300 762
300 769
300 771
300 774
300 781
300 784
300 788
300 790
300 792
300 793
300 794
300 799
300 802
300 803
300 805
300 890
300 892
300 893
300 897
300 900
300 901
300 902
300 903
300 906
300 909
300 910
300 911
300 912
300 913
300 915
300 916
300 917
300 940
301 302
301 303
301 306
301 307
301 309
301 310
301 312
301 314
301 315
301 316
301 487
301 488
301 489
301 490
301 493
301 494
301 501
301 502
301 507
301 508
301 509
301 512
301 564
301 565
301 566
301 642
301 643
301 645
301 647
301 648
301 649
301 650
301 652
301 654
301 655
301 721
301 742
301 743
301 744
301 749
301 753
301 754
301 755
301 757
301 758
301 759
301 762
301 764
301 765
301 767
301 769
301 774
301 776
301 777
301 778
301 779
301 783
301 784
301 785
301 787
301 788
301 789
301 790
301 791
301 793
301 794
301 795
301 797
301 798
301 799
301 800
301 801
301 802
301 804
301 885
301 892
301 894
301 896
301 899
301 901
301 902
301 903
301 907
301 908
301 909
301 910
301 912
301 913
301 915
301 917
301 918
301 988
302 304
302 305
302 306
302 307
302 308
302 310
302 312
302 313
302 314
302 315
302 317
302 489
302 490
302 491
302 493
302 494
302 495
302 496
302 499
302 500
302 505
302 508
302 510
302 511
302 512
302 513
302 565
302 568
302 646
302 647
302 649
302 650
302 651
302 653
302 654
302 655
302 657
302 659
302 744
302 745
302 747
302 748
302 749
302 752
302 754
302 755
302 758
302 759
302 761
302 763
302 764
302 767
302 768
302 776
302 778
302 780
302 781
302 782
302 784
302 785
302 786
302 787
302 791
302 792
302 795
302 798
302 800
302 804
302 887
302 888
302 889
302 891
302 892
302 893
302 895
302 897
302 898
302 899
302 900
302 901
302 902
302 903
302 904
302 908
302 911
302 912
302 913
302 914
302 917
303 305
303 307
303 308
303 309
303 310
303 311
303 312
303 313
303 316
303 317
303 318
303 320
303 488
303 489
303 490
303 491
303 493
303 495
303 496
303 497
303 499
303 502
303 506
303 512
303 566
303 568
303 569
303 643
303 644
303 645
303 647
303 650
303 651
303 652
303 654
303 656
303 657
303 743
303 744
303 745
303 747
303 748
303 750
303 752
303 753
303 754
303 755
303 756
303 757
303 758
303 759
303 760
303 761
303 762
303 763
303 766
303 767
303 768
303 771
303 772
303 773
303 774
303 776
303 777
303 778
303 780
303 781
303 784
303 785
303 786
303 787
303 789
303 790
303 791
303 792
303 793
303 794
303 795
303 796
303 798
303 799
303 801
303 805
303 885
303 886
303 887
303 888
303 889
303 890
303 891
303 892
303 893
303 895
303 896
303 897
303 898
303 899
303 900
303 901
303 902
303 907
303 908
303 910
303 911
303 912
303 914
303 915
303 917
304 306
304 307
304 309
304 310
304 311
304 312
304 313
304 314
304 315
304 316
304 317
304 489
304 490
304 492
304 496
304 497
304 499
304 500
304 503
304 504
304 509
304 510
304 511
304 512
304 567
304 568
304 641
304 642
304 645
304 647
304 648
304 649
304 650
304 651
304 652
304 653
304 654
304 655
304 656
304 657
304 658
304 741
304 742
304 743
304 745
304 746
304 748
304 750
304 751
304 752
304 753
304 754
304 755
304 756
304 757
304 758
304 759
304 760
304 761
304 762
304 763
304 764
304 766
304 767
304 768
304 769
304 770
304 771
304 773
304 775
304 776
304 777
304 778
304 780
304 782
304 783
304 784
304 785
304 787
304 788
304 789
304 790
304 791
304 792
304 794
304 795
304 796
304 798
304 802
304 803
304 804
304 805
304 886
304 889
304 890
304 891
304 892
304 893
304 894
304 895
304 896
304 899
304 900
304 906
304 908
304 909
304 911
304 912
304 913
304 914
304 915
304 916
304 917
305 306
305 309
305 310
305 311
305 312
305 313
305 314
305 315
305 317
305 488
305 489
305 492
305 493
305 494
305 495
305 498
305 499
305 500
305 501
305 502
305 503
305 510
305 511
305 512
305 565
305 566
305 567
305 644
305 645
305 648
305 649
305 651
305 653
305 654
305 655
305 656
305 657
305 658
305 743
305 746
305 747
305 748
305 750
305 751
305 752
305 753
305 755
305 757
305 758
305 759
305 760
305 761
305 762
305 764
305 765
305 766
305 767
305 768
305 770
305 771
305 773
305 774
305 775
305 776
305 778
305 779
305 781
305 782
305 783
305 784
305 785
305 786
305 787
305 788
305 790
305 791
305 792
305 793
305 794
305 795
305 796
305 797
305 798
305 799
305 800
305 801
305 802
305 803
305 891
305 892
305 893
305 894
305 895
305 899
305 901
305 902
305 903
305 904
305 907
305 908
305 912
305 913
305 914
305 915
305 916
305 917
305 988
306 307
306 308
306 310
306 311
306 312
306 313
306 314
306 315
306 316
306 318
306 485
306 486
306 489
306 491
306 492
306 493
306 494
306 495
306 497
306 498
306 499
306 500
306 501
306 502
306 503
306 504
306 507
306 508
306 509
306 510
306 565
306 569
306 645
306 646
306 648
306 649
306 650
306 652
306 653
306 654
306 655
306 656
306 657
306 658
306 742
306 746
306 748
306 749
306 751
306 752
306 753
306 754
306 755
306 756
306 757
306 759
306 760
306 761
306 762
306 763
306 764
306 765
306 766
306 767
306 769
306 770
306 771
306 772
306 773
306 774
306 775
306 776
306 779
306 780
306 782
306 783
306 784
306 785
306 786
306 787
306 788
306 789
306 791
306 792
306 793
306 794
306 795
306 796
306 797
306 798
306 799
306 800
306 801
306 802
306 803
306 804
306 805
306 886
306 887
306 888
306 889
306 890
306 891
306 892
306 893
306 894
306 895
306 896
306 897
306 898
306 899
306 901
306 908
306 909
306 910
306 911
306 912
306 913
306 914
306 915
306 916
306 917
307 308
307 309
307 310
307 311
307 312
307 313
307 314
307 315
307 316
307 317
307 319
307 486
307 489
307 490
307 492
307 493
307 494
307 495
307 496
307 497
307 498
307 500
307 501
307 502
307 504
307 508
307 510
307 512
307 564
307 566
307 568
307 642
307 645
307 646
307 648
307 651
307 652
307 653
307 655
307 657
307 658
307 721
307 743
307 746
307 747
307 748
307 749
307 750
307 751
307 752
307 753
307 754
307 757
307 758
307 759
307 761
307 762
307 763
307 764
307 765
307 766
307 767
307 768
307 769
307 771
307 772
307 773
307 774
307 775
307 776
307 777
307 778
307 779
307 780
307 781
307 782
307 783
307 784
307 786
307 788
307 789
307 791
307 792
307 793
307 794
307 795
307 796
307 797
307 798
307 799
307 800
307 801
307 802
307 803
307 804
307 805
307 885
307 886
307 888
307 890
307 892
307 893
307 894
307 895
307 896
307 897
307 898
307 899
307 900
307 901
307 902
307 903
307 905
307 906
307 907
307 909
307 911
307 913
307 915
307 916
307 917
307 918
308 309
308 310
308 311
308 312
308 313
308 314
308 315
308 317
308 318
308 486
308 487
308 488
308 490
308 492
308 494
308 496
308 498
308 499
308 500
308 501
308 502
308 503
308 509
308 512
308 566
308 567
308 568
308 644
308 646
308 648
308 649
308 650
308 651
308 652
308 653
308 654
308 655
308 656
308 657
308 743
308 744
308 746
308 747
308 749
308 750
308 752
308 753
308 754
308 755
308 756
308 757
308 758
308 759
308 760
308 761
308 762
308 763
308 764
308 765
308 766
308 767
308 768
308 769
308 770
308 771
308 772
308 773
308 774
308 775
308 776
308 777
308 778
308 779
308 780
308 781
308 782
308 783
308 784
308 785
308 786
308 787
308 788
308 789
308 790
308 791
308 792
308 793
308 794
308 795
308 796
308 797
308 798
308 799
308 801
308 802
308 803
308 805
308 887
308 889
308 891
308 892
308 893
308 894
308 895
308 896
308 897
308 898
308 899
308 900
308 901
308 902
308 903
308 904
308 905
308 906
308 907
308 909
308 910
308 911
308 912
308 913
308 914
308 915
308 916
308 917
308 990
309 310
309 311
309 312
309 313
309 314
309 315
309 316
309 317
309 487
309 488
309 491
309 492
309 493
309 494
309 495
309 496
309 497
309 498
309 499
309 501
309 502
309 503
309 504
309 505
309 510
309 511
309 512
309 513
309 565
309 645
309 647
309 648
309 649
309 651
309 652
309 653
309 654
309 655
309 657
309 658
309 744
309 745
309 746
309 747
309 748
309 749
309 750
309 751
309 752
309 753
309 754
309 755
309 756
309 757
309 758
309 759
309 760
309 761
309 762
309 763
309 764
309 765
309 766
309 767
309 768
309 769
309 770
309 771
309 772
309 773
309 774
309 775
309 776
309 777
309 778
309 779
309 780
309 781
309 782
309 783
309 784
309 785
309 787
309 788
309 790
309 791
309 792
309 793
309 794
309 795
309 796
309 797
309 798
309 799
309 800
309 801
309 802
309 803
309 804
309 805
309 884
309 886
309 887
309 889
309 892
309 893
309 894
309 895
309 896
309 897
309 898
309 900
309 901
309 902
309 904
309 906
309 908
309 909
309 910
309 911
309 912
309 913
309 914
309 915
309 917
309 918
310 311
310 312
310 313
310 314
310 315
310 316
310 317
310 318
310 489
310 490
310 491
310 492
310 494
310 495
310 496
310 497
310 498
310 499
310 500
310 501
310 502
310 503
310 506
310 509
310 510
310 511
310 512
310 567
310 568
310 645
310 646
310 647
310 649
310 650
310 651
310 652
310 653
310 654
310 655
310 656
310 657
310 658
310 741
310 743
310 744
310 745
310 746
310 747
310 748
310 749
310 750
310 752
310 753
310 754
310 755
310 756
310 757
310 758
310 759
310 760
310 761
310 762
310 763
310 764
310 765
310 766
310 767
310 768
310 769
310 770
310 771
310 772
310 774
310 775
310 776
310 777
310 778
310 779
310 780
310 781
310 782
310 783
310 784
310 785
310 786
310 787
310 788
310 789
310 790
310 791
310 792
310 793
310 795
310 796
310 797
310 798
310 799
310 800
310 801
310 802
310 803
310 804
310 884
310 890
310 891
310 892
310 893
310 894
310 895
310 896
310 897
310 898
310 899
310 900
310 901
310 902
310 903
310 905
310 906
310 907
310 908
310 909
310 910
310 911
310 912
310 913
310 914
310 915
310 916
310 917
311 312
311 313
311 314
311 315
311 316
311 317
311 318
311 491
311 492
311 493
311 494
311 495
311 496
311 497
311 498
311 499
311 500
311 501
311 502
311 503
311 505
311 507
311 511
311 512
311 513
311 565
311 568
311 569
311 571
311 644
311 646
311 647
311 651
311 652
311 653
311 654
311 655
311 656
311 657
311 658
311 744
311 745
311 747
311 748
311 749
311 750
311 751
311 752
311 753
311 754
311 755
311 756
311 757
311 758
311 759
311 760
311 761
311 762
311 763
311 764
311 765
311 766
311 767
311 768
311 769
311 770
311 771
311 772
311 773
311 774
311 775
311 776
311 777
311 778
311 779
311 780
311 781
311 782
311 783
311 784
311 785
311 787
311 788
311 789
311 790
311 791
311 792
311 793
311 794
311 795
311 796
311 797
311 798
311 799
311 800
311 801
311 802
311 803
311 804
311 805
311 886
311 887
311 889
311 890
311 891
311 893
311 894
311 895
311 896
311 897
311 898
311 899
311 900
311 901
311 902
311 903
311 904
311 906
311 909
311 910
311 912
311 913
311 914
311 915
311 916
311 917
312 313
312 314
312 315
312 316
312 317
312 485
312 487
312 488
312 490
312 491
312 493
312 494
312 495
312 497
312 498
312 499
312 500
312 501
312 502
312 503
312 506
312 510
312 512
312 513
312 567
312 568
312 569
312 570
312 641
312 643
312 644
312 645
312 646
312 649
312 650
312 651
312 652
312 653
312 654
312 655
312 656
312 657
312 658
312 659
312 747
312 748
312 749
312 750
312 751
312 752
312 753
312 754
312 755
312 756
312 757
312 758
312 759
312 760
312 761
312 762
312 763
312 764
312 765
312 766
312 767
312 769
312 770
312 771
312 772
312 773
312 774
312 775
312 776
312 777
312 779
312 780
312 781
312 782
312 783
312 784
312 785
312 786
312 787
312 788
312 789
312 790
312 791
312 792
312 793
312 794
312 795
312 796
312 797
312 798
312 799
312 800
312 801
312 802
312 803
312 804
312 805
312 885
312 889
312 890
312 893
312 894
312 895
312 896
312 897
312 898
312 899
312 900
312 901
312 902
312 904
312 906
312 907
312 909
312 911
312 912
312 914
312 915
312 916
312 917
313 314
313 315
313 316
313 317
313 318
313 486
313 488
313 493
313 494
313 495
313 496
313 497
313 498
313 499
313 500
313 501
313 502
313 503
313 507
313 509
313 568
313 644
313 645
313 646
313 647
313 649
313 650
313 651
313 652
313 653
313 654
313 655
313 656
313 657
313 658
313 742
313 743
313 747
313 748
313 749
313 750
313 751
313 753
313 754
313 755
313 756
313 757
313 758
313 759
313 760
313 761
313 762
313 763
313 764
313 765
313 766
313 767
313 768
313 769
313 770
313 771
313 772
313 773
313 774
313 775
313 776
313 777
313 778
313 779
313 780
313 781
313 782
313 783
313 784
313 785
313 787
313 788
313 789
313 790
313 791
313 792
313 793
313 794
313 795
313 796
313 797
313 798
313 799
313 800
313 801
313 802
313 803
313 804
313 805
313 884
313 885
313 886
313 889
313 890
313 891
313 892
313 893
313 894
313 895
313 896
313 897
313 898
313 899
313 900
313 901
313 902
313 903
313 905
313 907
313 909
313 910
313 911
313 912
313 913
313 914
313 915
313 916
313 917
313 918
314 315
314 316
314 317
314 318
314 491
314 492
314 493
314 494
314 495
314 496
314 497
314 498
314 499
314 500
314 501
314 502
314 503
314 508
314 509
314 511
314 512
314 566
314 567
314 641
314 643
314 647
314 649
314 650
314 651
314 652
314 653
314 654
314 655
314 656
314 657
314 659
314 743
314 744
314 745
314 746
314 747
314 748
314 749
314 750
314 751
314 752
314 754
314 755
314 756
314 757
314 758
314 759
314 760
314 761
314 762
314 763
314 764
314 765
314 766
314 767
314 768
314 769
314 770
314 771
314 772
314 773
314 774
314 775
314 776
314 777
314 778
314 779
314 780
314 781
314 782
314 783
314 784
314 785
314 786
314 787
314 788
314 789
314 790
314 791
314 793
314 794
314 795
314 796
314 797
314 798
314 799
314 800
314 801
314 802
314 803
314 804
314 805
314 888
314 889
314 890
314 891
314 892
314 893
314 895
314 896
314 897
314 898
314 899
314 900
314 901
314 902
314 903
314 905
314 907
314 911
314 913
314 914
314 915
314 916
314 917
314 918
315 316
315 317
315 490
315 492
315 493
315 494
315 495
315 496
315 497
315 498
315 499
315 500
315 501
315 502
315 503
315 504
315 510
315 511
315 512
315 567
315 646
315 648
315 649
315 650
315 651
315 652
315 653
315 654
315 655
315 656
315 657
315 658
315 661
315 744
315 748
315 749
315 750
315 751
315 752
315 753
315 754
315 755
315 756
315 757
315 758
315 759
315 760
315 761
315 762
315 763
315 764
315 765
315 766
315 767
315 768
315 769
315 770
315 771
315 772
315 773
315 775
315 777
315 778
315 779
315 780
315 781
315 782
315 783
315 784
315 785
315 786
315 787
315 788
315 789
315 790
315 791
315 792
315 793
315 794
315 795
315 796
315 797
315 798
315 799
315 800
315 801
315 802
315 803
315 804
315 805
315 886
315 887
315 889
315 891
315 892
315 893
315 894
315 895
315 896
315 897
315 898
315 899
315 900
315 901
315 902
315 903
315 904
315 907
315 909
315 910
315 911
315 912
315 914
315 915
315 916
315 917
316 317
316 339
316 447
316 484
316 485
316 487
316 491
316 492
316 493
316 494
316 495
316 496
316 497
316 498
316 499
316 500
316 501
316 502
316 503
316 508
316 511
316 512
316 564
316 565
316 566
316 643
316 647
316 648
316 649
316 651
316 652
316 653
316 654
316 655
316 656
316 657
316 658
316 659
316 745
316 747
316 748
316 749
316 751
316 752
316 753
316 754
316 755
316 756
316 757
316 758
316 759
316 760
316 761
316 762
316 763
316 764
316 765
316 766
316 767
316 768
316 769
316 770
316 771
316 772
316 773
316 774
316 775
316 776
316 777
316 778
316 779
316 780
316 781
316 782
316 783
316 784
316 785
316 786
316 787
316 788
316 789
316 790
316 791
316 792
316 793
316 794
316 795
316 796
316 797
316 798
316 799
316 800
316 801
316 802
316 803
316 804
316 805
316 885
316 890
316 892
316 893
316 895
316 897
316 898
316 899
316 900
316 901
316 902
316 903
316 904
316 908
316 909
316 911
316 912
316 913
316 914
316 915
316 916
316 917
316 918
317 318
317 485
317 486
317 489
317 490
317 491
317 492
317 494
317 495
317 496
317 497
317 498
317 499
317 500
317 501
317 502
317 503
317 504
317 505
317 509
317 510
317 511
317 512
317 645
317 648
317 650
317 651
317 652
317 653
317 654
317 655
317 656
317 657
317 742
317 743
317 747
317 748
317 749
317 750
317 751
317 752
317 753
317 754
317 755
317 756
317 757
317 758
317 759
317 760
317 761
317 762
317 763
317 764
317 765
317 766
317 767
317 768
317 769
317 770
317 771
317 772
317 773
317 774
317 775
317 776
317 777
317 778
317 779
317 780
317 781
317 782
317 783
317 784
317 785
317 787
317 788
317 789
317 790
317 791
317 792
317 793
317 794
317 795
317 797
317 798
317 799
317 800
317 801
317 802
317 803
317 804
317 805
317 887
317 888
317 889
317 892
317 894
317 895
317 896
317 897
317 898
317 899
317 900
317 901
317 902
317 903
317 909
317 910
317 911
317 912
317 913
317 914
317 915
317 916
317 924
317 991
318 491
318 492
318 493
318 495
318 497
318 502
318 508
318 509
318 510
318 511
318 512
318 569
318 643
318 646
318 649
318 650
318 652
318 653
318 654
318 655
318 657
318 744
318 745
318 747
318 751
318 753
318 756
318 757
318 758
318 759
318 760
318 761
318 762
318 763
318 764
318 765
318 766
318 767
318 768
318 769
318 770
318 771
318 772
318 773
318 774
318 775
318 777
318 779
318 780
318 781
318 782
318 783
318 785
318 789
318 790
318 794
318 795
318 797
318 799
318 800
318 801
318 802
318 803
318 805
318 893
318 894
318 895
318 896
318 897
318 898
318 900
318 901
318 902
318 909
318 910
318 911
318 912
318 914
318 915
318 916
318 918
319 499
319 753
319 758
319 761
319 765
319 766
319 767
319 768
319 769
319 770
319 771
319 777
319 778
319 785
319 787
319 802
319 803
319 806
319 890
319 897
319 902
319 925
320 707
320 765
320 767
320 769
320 770
320 794
320 802
320 805
321 770
321 789
321 800
321 905
322 927
328 769
329 568
330 568
330 762
330 766
330 767
330 770
330 789
331 651
331 754
331 768
331 769
331 778
332 662
332 993
333 505
333 763
334 807
334 851
335 492
335 784
335 904
336 573
336 768
337 768
338 900
339 780
340 769
344 769
348 517
358 769
358 905
359 992
366 770
368 768
370 803
379 781
386 771
387 595
387 723
387 770
387 805
388 774
389 768
400 448
402 798
403 767
403 992
408 506
409 765
409 769
409 785
410 768
410 769
410 772
411 723
411 768
411 894
412 778
412 921
415 768
416 769
417 662
418 775
419 764
422 773
430 982
437 765
441 768
441 769
442 766
442 769
443 768
443 784
444 765
444 905
446 762
446 784
459 769
460 768
461 765
461 766
462 764
462 765
462 767
463 768
463 770
463 785
463 802
464 764
464 774
469 769
472 770
482 991
484 498
484 511
484 650
484 753
484 773
484 778
484 788
484 887
485 494
485 506
485 510
485 512
485 645
485 648
485 649
485 651
485 655
485 658
485 746
485 752
485 753
485 755
485 766
485 773
485 779
485 782
485 795
485 802
485 894
485 896
485 913
486 487
486 489
486 491
486 497
486 498
486 500
486 503
486 507
486 565
486 643
486 644
486 647
486 649
486 654
486 657
486 747
486 754
486 762
486 764
486 765
486 770
486 771
486 774
486 776
486 788
486 789
486 790
486 793
486 796
486 805
486 891
486 893
486 894
486 896
486 901
486 902
486 903
486 905
486 907
486 908
486 909
486 910
486 911
486 915
486 916
486 917
487 489
487 490
487 492
487 495
487 497
487 498
487 499
487 502
487 506
487 509
487 564
487 565
487 647
487 654
487 655
487 656
487 657
487 742
487 743
487 745
487 746
487 747
487 750
487 751
487 752
487 753
487 754
487 757
487 760
487 762
487 763
487 765
487 766
487 773
487 777
487 778
487 779
487 785
487 791
487 792
487 794
487 796
487 799
487 800
487 802
487 804
487 885
487 886
487 890
487 891
487 893
487 895
487 897
487 900
487 901
487 902
487 906
487 910
487 913
488 489
488 494
488 498
488 499
488 501
488 503
488 568
488 641
488 643
488 644
488 647
488 651
488 655
488 657
488 658
488 743
488 746
488 747
488 749
488 750
488 751
488 753
488 754
488 755
488 757
488 758
488 759
488 760
488 761
488 763
488 764
488 771
488 772
488 774
488 775
488 776
488 778
488 780
488 781
488 782
488 788
488 792
488 799
488 801
488 802
488 804
488 887
488 888
488 889
488 894
488 896
488 897
488 899
488 901
488 902
488 904
488 906
488 908
488 911
488 915
489 491
489 492
489 493
489 500
489 502
489 504
489 506
489 508
489 565
489 567
489 644
489 645
489 646
489 651
489 652
489 654
489 655
489 658
489 742
489 746
489 748
489 749
489 750
489 754
489 756
489 757
489 758
489 763
489 767
489 768
489 771
489 774
489 781
489 783
489 784
489 785
489 786
489 787
489 790
489 791
489 793
489 794
489 796
489 797
489 801
489 803
489 877
489 885
489 890
489 891
489 892
489 893
489 894
489 897
489 900
489 901
489 902
489 903
489 906
489 909
489 911
489 912
489 914
489 915
490 492
490 494
490 495
490 498
490 500
490 501
490 510
490 511
490 566
490 567
490 568
490 644
490 645
490 647
490 648
490 649
490 652
490 654
490 656
490 657
490 658
490 745
490 748
490 749
490 750
490 751
490 752
490 753
490 756
490 758
490 759
490 760
490 761
490 764
490 765
490 768
490 769
490 770
490 771
490 773
490 775
490 776
490 777
490 780
490 781
490 782
490 784
490 786
490 787
490 789
490 790
490 791
490 798
490 799
490 800
490 801
490 886
490 890
490 891
490 893
490 894
490 895
490 896
490 900
490 902
490 908
490 909
490 910
490 911
490 915
490 916
490 917
491 492
491 494
491 495
491 496
491 500
491 501
491 502
491 503
491 508
491 509
491 510
491 566
491 643
491 645
491 647
491 648
491 649
491 651
491 652
491 654
491 656
491 657
491 721
491 743
491 744
491 746
491 747
491 748
491 750
491 752
491 754
491 756
491 757
491 759
491 760
491 761
491 765
491 766
491 767
491 768
491 769
491 770
491 771
491 773
491 774
491 776
491 779
491 780
491 781
491 782
491 783
491 784
491 786
491 787
491 788
491 789
491 790
491 791
491 792
491 793
491 795
491 796
491 797
491 799
491 800
491 801
491 803
491 805
491 884
491 886
491 887
491 889
491 891
491 892
491 893
491 895
491 896
491 900
491 901
491 902
491 904
491 907
491 908
491 909
491 910
491 911
491 913
491 914
491 915
491 916
491 917
492 493
492 494
492 495
492 497
492 498
492 499
492 500
492 501
492 502
492 503
492 508
492 511
492 512
492 513
492 565
492 566
492 567
492 568
492 645
492 647
492 648
492 649
492 650
492 651
492 652
492 654
492 655
492 658
492 747
492 748
492 749
492 750
492 751
492 757
492 758
492 761
492 763
492 764
492 765
492 766
492 767
492 769
492 770
492 771
492 772
492 774
492 777
492 778
492 779
492 780
492 781
492 782
492 784
492 786
492 787
492 788
492 789
492 795
492 796
492 798
492 799
492 800
492 801
492 803
492 804
492 886
492 888
492 891
492 892
492 894
492 895
492 896
492 897
492 898
492 899
492 900
492 901
492 903
492 908
492 910
492 913
492 914
492 916
492 917
493 494
493 496
493 497
493 498
493 499
493 500
493 502
493 503
493 509
493 510
493 512
493 567
493 570
493 644
493 645
493 646
493 647
493 648
493 649
493 650
493 652
493 654
493 655
493 656
493 657
493 658
493 741
493 743
493 744
493 745
493 747
493 748
493 749
493 750
493 752
493 753
493 754
493 755
493 756
493 757
493 758
493 760
493 761
493 762
493 763
493 764
493 766
493 768
493 771
493 772
493 773
493 774
493 775
493 776
493 777
493 778
493 779
493 780
493 782
493 783
493 784
493 785
493 786
493 787
493 789
493 790
493 791
493 792
493 793
493 794
493 795
493 796
493 797
493 798
493 802
493 805
493 887
493 889
493 892
493 894
493 895
493 896
493 897
493 898
493 899
493 900
493 901
493 902
493 904
493 907
493 909
493 911
493 912
493 914
493 915
493 917
493 918
494 496
494 497
494 498
494 499
494 500
494 501
494 502
494 503
494 505
494 507
494 508
494 510
494 511
494 512
494 569
494 643
494 644
494 648
494 649
494 650
494 652
494 653
494 655
494 657
494 658
494 741
494 742
494 745
494 747
494 748
494 749
494 750
494 751
494 752
494 753
494 755
494 756
494 757
494 758
494 761
494 762
494 763
494 764
494 765
494 766
494 767
494 768
494 769
494 770
494 771
494 772
494 773
494 774
494 776
494 777
494 778
494 779
494 781
494 782
494 783
494 784
494 788
494 789
494 790
494 791
494 792
494 793
494 794
494 796
494 797
494 799
494 800
494 801
494 802
494 803
494 850
494 851
494 885
494 887
494 888
494 890
494 891
494 893
494 894
494 895
494 896
494 897
494 898
494 900
494 901
494 903
494 904
494 908
494 912
494 915
494 917
495 496
495 497
495 498
495 499
495 500
495 501
495 502
495 504
495 509
495 510
495 511
495 643
495 646
495 647
495 649
495 651
495 652
495 654
495 656
495 657
495 741
495 742
495 746
495 749
495 750
495 752
495 753
495 754
495 755
495 756
495 757
495 758
495 759
495 760
495 761
495 762
495 763
495 764
495 765
495 766
495 767
495 768
495 769
495 775
495 776
495 777
495 778
495 779
495 780
495 781
495 782
495 783
495 784
495 788
495 789
495 792
495 794
495 795
495 796
495 797
495 798
495 799
495 800
495 801
495 802
495 804
495 805
495 885
495 888
495 889
495 890
495 891
495 892
495 893
495 894
495 895
495 897
495 898
495 900
495 901
495 902
495 904
495 905
495 911
495 913
495 916
495 917
496 497
496 498
496 499
496 500
496 501
496 502
496 503
496 510
496 512
496 565
496 568
496 641
496 642
496 647
496 648
496 649
496 651
496 652
496 653
496 654
496 655
496 656
496 657
496 658
496 744
496 745
496 746
496 749
496 751
496 752
496 753
496 755
496 756
496 757
496 758
496 759
496 760
496 762
496 763
496 764
496 765
496 766
496 767
496 768
496 769
496 770
496 771
496 772
496 773
496 774
496 775
496 776
496 777
496 778
496 779
496 780
496 781
496 782
496 783
496 784
496 785
496 786
496 787
496 788
496 789
496 790
496 791
496 792
496 793
496 794
496 795
496 796
496 797
496 798
496 799
496 801
496 803
496 804
496 884
496 887
496 890
496 891
496 892
496 893
496 894
496 895
496 896
496 897
496 898
496 899
496 900
496 901
496 902
496 903
496 904
496 905
496 906
496 907
496 910
496 911
496 912
496 914
496 915
496 916
496 917
497 498
497 499
497 500
497 501
497 502
497 503
497 509
497 510
497 564
497 566
497 568
497 569
497 642
497 645
497 646
497 648
497 649
497 650
497 651
497 653
497 654
497 655
497 656
497 657
497 658
497 720
497 743
497 745
497 746
497 747
497 749
497 751
497 752
497 755
497 756
497 757
497 758
497 759
497 760
497 761
497 762
497 764
497 765
497 766
497 767
497 769
497 770
497 771
497 772
497 773
497 774
497 775
497 776
497 778
497 779
497 780
497 781
497 782
497 783
497 784
497 785
497 787
497 789
497 790
497 791
497 792
497 793
497 794
497 795
497 797
497 798
497 800
497 801
497 802
497 803
497 885
497 886
497 887
497 889
497 890
497 891
497 892
497 893
497 895
497 896
497 897
497 898
497 899
497 900
497 901
497 902
497 903
497 906
497 908
497 910
497 911
497 912
497 913
497 914
497 915
497 916
497 917
497 989
498 499
498 500
498 501
498 502
498 503
498 507
498 510
498 513
498 565
498 567
498 568
498 569
498 641
498 645
498 647
498 650
498 651
498 652
498 653
498 654
498 655
498 656
498 657
498 658
498 722
498 744
498 745
498 746
498 747
498 748
498 750
498 753
498 754
498 757
498 758
498 760
498 761
498 762
498 763
498 764
498 765
498 766
498 767
498 768
498 769
498 770
498 771
498 772
498 773
498 774
498 775
498 776
498 777
498 778
498 779
498 780
498 781
498 782
498 783
498 784
498 785
498 786
498 789
498 790
498 791
498 792
498 793
498 794
498 795
498 796
498 797
498 798
498 799
498 800
498 801
498 802
498 803
498 804
498 805
498 887
498 888
498 890
498 892
498 894
498 895
498 896
498 897
498 898
498 899
498 900
498 901
498 902
498 904
498 907
498 908
498 909
498 910
498 911
498 912
498 913
498 915
498 916
498 917
498 918
499 500
499 501
499 502
499 509
499 510
499 511
499 563
499 566
499 569
499 645
499 648
499 650
499 651
499 652
499 653
499 654
499 655
499 656
499 657
499 658
499 720
499 744
499 745
499 748
499 749
499 750
499 751
499 752
499 753
499 754
499 755
499 756
499 757
499 758
499 759
499 760
499 761
499 762
499 763
499 764
499 765
499 766
499 767
499 768
499 769
499 770
499 771
499 772
499 773
499 774
499 775
499 776
499 777
499 778
499 779
499 780
499 781
499 782
499 783
499 784
499 785
499 786
499 787
499 788
499 789
499 791
499 792
499 793
499 794
499 795
499 796
499 797
499 798
499 799
499 800
499 801
499 802
499 804
499 805
499 848
499 886
499 888
499 891
499 893
499 894
499 896
499 897
499 898
499 899
499 900
499 901
499 902
499 903
499 904
499 905
499 907
499 908
499 909
499 911
499 912
499 913
499 914
499 915
499 916
499 917
499 990
500 501
500 502
500 503
500 507
500 510
500 511
500 512
500 514
500 568
500 571
500 627
500 643
500 644
500 646
500 647
500 648
500 650
500 651
500 652
500 653
500 654
500 655
500 656
500 657
500 658
500 741
500 744
500 745
500 746
500 747
500 748
500 749
500 750
500 751
500 752
500 753
500 754
500 755
500 756
500 757
500 758
500 759
500 760
500 761
500 762
500 763
500 764
500 765
500 766
500 767
500 768
500 769
500 770
500 771
500 772
500 775
500 776
500 777
500 778
500 779
500 780
500 781
500 782
500 783
500 784
500 785
500 786
500 787
500 788
500 789
500 790
500 791
500 793
500 794
500 795
500 796
500 797
500 798
500 799
500 800
500 801
500 802
500 803
500 804
500 805
500 848
500 883
500 887
500 888
500 889
500 890
500 892
500 893
500 894
500 895
500 896
500 897
500 898
500 899
500 900
500 901
500 902
500 903
500 905
500 906
500 908
500 911
500 912
500 913
500 914
500 915
500 916
500 917
500 918
501 502
501 503
501 506
501 508
501 509
501 510
501 565
501 566
501 567
501 568
501 570
501 641
501 642
501 643
501 644
501 645
501 647
501 648
501 649
501 650
501 651
501 652
501 653
501 654
501 655
501 656
501 657
501 658
501 742
501 743
501 748
501 749
501 750
501 751
501 752
501 753
501 754
501 755
501 756
501 757
501 758
501 759
501 760
501 761
501 762
501 763
501 764
501 765
501 766
501 767
501 768
501 769
501 770
501 771
501 772
501 773
501 774
501 775
501 776
501 777
501 778
501 779
501 780
501 781
501 782
501 783
501 784
501 785
501 787
501 788
501 790
501 791
501 792
501 793
501 794
501 795
501 796
501 797
501 798
501 799
501 800
501 801
501 802
501 803
501 804
501 805
501 885
501 886
501 888
501 889
501 895
501 896
501 897
501 898
501 899
501 900
501 901
501 902
501 903
501 906
501 908
501 909
501 911
501 912
501 913
501 914
501 915
501 916
501 917
501 918
501 989
502 503
502 506
502 508
502 509
502 511
502 565
502 567
502 570
502 646
502 649
502 651
502 652
502 653
502 655
502 656
502 657
502 658
502 741
502 744
502 745
502 746
502 748
502 749
502 750
502 751
502 752
502 753
502 754
502 755
502 756
502 757
502 758
502 759
502 760
502 761
502 762
502 763
502 764
502 765
502 766
502 767
502 768
502 769
502 770
502 771
502 772
502 773
502 774
502 775
502 776
502 777
502 778
502 779
502 780
502 781
502 782
502 783
502 784
502 785
502 787
502 788
502 789
502 790
502 791
502 792
502 793
502 794
502 795
502 796
502 797
502 798
502 799
502 800
502 801
502 802
502 803
502 804
502 805
502 884
502 886
502 889
502 890
502 892
502 893
502 894
502 895
502 896
502 897
502 898
502 899
502 900
502 901
502 902
502 903
502 904
502 905
502 908
502 909
502 910
502 911
502 912
502 913
502 914
502 915
502 916
502 918
503 508
503 509
503 564
503 642
503 645
503 648
503 649
503 651
503 654
503 656
503 657
503 719
503 721
503 741
503 744
503 749
503 750
503 754
503 755
503 756
503 758
503 759
503 760
503 761
503 762
503 763
503 764
503 765
503 766
503 767
503 768
503 769
503 771
503 772
503 773
503 774
503 776
503 777
503 778
503 779
503 780
503 781
503 783
503 784
503 785
503 786
503 787
503 788
503 789
503 790
503 792
503 793
503 794
503 795
503 796
503 797
503 800
503 801
503 802
503 803
503 804
503 805
503 889
503 892
503 893
503 895
503 897
503 900
503 902
503 903
503 909
503 911
503 912
503 915
503 916
503 917
503 918
504 653
504 654
504 744
504 750
504 761
504 763
504 764
504 765
504 766
504 767
504 768
504 769
504 770
504 771
504 781
504 782
504 784
504 787
504 796
504 799
504 803
504 895
504 903
504 917
505 508
505 513
505 565
505 566
505 567
505 649
505 746
505 750
505 751
505 752
505 762
505 764
505 765
505 767
505 768
505 769
505 770
505 777
505 779
505 789
505 791
505 794
505 795
505 800
505 801
505 803
505 885
505 888
505 899
505 902
505 906
505 909
505 916
506 565
506 642
506 644
506 646
506 650
506 653
506 655
506 656
506 658
506 706
506 741
506 752
506 756
506 762
506 763
506 765
506 769
506 771
506 774
506 777
506 779
506 782
506 784
506 787
506 789
506 799
506 800
506 804
506 891
506 892
506 898
506 901
506 906
506 907
506 910
506 912
507 510
507 565
507 641
507 647
507 649
507 650
507 657
507 744
507 746
507 751
507 753
507 756
507 757
507 762
507 765
507 768
507 773
507 774
507 780
507 782
507 784
507 789
507 796
507 797
507 802
507 804
507 869
507 888
507 890
507 892
507 893
507 895
507 898
507 900
507 902
507 907
507 909
507 910
507 912
507 914
508 509
508 510
508 512
508 564
508 566
508 568
508 641
508 643
508 644
508 646
508 647
508 648
508 649
508 650
508 655
508 657
508 720
508 745
508 746
508 747
508 748
508 749
508 751
508 752
508 755
508 756
508 757
508 760
508 761
508 764
508 766
508 768
508 769
508 770
508 772
508 773
508 774
508 775
508 782
508 783
508 790
508 794
508 796
508 798
508 799
508 801
508 889
508 890
508 892
508 893
508 896
508 897
508 898
508 901
508 902
508 904
508 909
508 911
508 914
508 919
509 511
509 566
509 569
509 571
509 645
509 646
509 649
509 650
509 651
509 652
509 654
509 656
509 657
509 658
509 740
509 745
509 746
509 747
509 749
509 752
509 753
509 754
509 755
509 756
509 758
509 759
509 760
509 761
509 763
509 764
509 765
509 767
509 768
509 770
509 771
509 773
509 774
509 775
509 777
509 778
509 780
509 782
509 783
509 784
509 786
509 789
509 792
509 793
509 796
509 800
509 801
509 802
509 804
509 805
509 847
509 892
509 893
509 895
509 900
509 901
509 903
509 907
509 910
509 914
509 915
509 916
510 512
510 565
510 567
510 568
510 643
510 645
510 646
510 647
510 648
510 649
510 650
510 651
510 652
510 653
510 655
510 656
510 657
510 658
510 659
510 746
510 748
510 749
510 753
510 755
510 757
510 759
510 760
510 761
510 762
510 763
510 765
510 766
510 767
510 768
510 773
510 774
510 775
510 778
510 782
510 784
510 785
510 786
510 789
510 790
510 793
510 795
510 799
510 801
510 802
510 803
510 805
510 884
510 886
510 887
510 889
510 892
510 896
510 897
510 898
510 899
510 900
510 902
510 904
510 906
510 907
510 908
510 910
510 912
510 913
510 916
510 917
511 512
511 563
511 568
511 570
511 645
511 646
511 647
511 648
511 649
511 650
511 652
511 654
511 655
511 656
511 658
511 744
511 746
511 748
511 750
511 751
511 752
511 753
511 755
511 756
511 757
511 758
511 759
511 760
511 761
511 762
511 766
511 767
511 768
511 771
511 774
511 776
511 778
511 779
511 780
511 781
511 785
511 787
511 788
511 789
511 790
511 792
511 794
511 795
511 797
511 798
511 799
511 800
511 802
511 803
511 848
511 849
511 884
511 886
511 887
511 889
511 890
511 891
511 892
511 893
511 895
511 898
511 899
511 900
511 902
511 903
511 905
511 909
511 910
511 912
511 914
511 915
511 917
512 566
512 641
512 648
512 649
512 650
512 653
512 656
512 657
512 658
512 748
512 749
512 750
512 752
512 754
512 758
512 759
512 760
512 761
512 762
512 763
512 764
512 765
512 766
512 767
512 768
512 770
512 771
512 772
512 774
512 775
512 776
512 778
512 779
512 781
512 782
512 783
512 784
512 785
512 786
512 788
512 789
512 791
512 792
512 793
512 795
512 796
512 798
512 799
512 801
512 802
512 803
512 889
512 890
512 893
512 895
512 896
512 897
512 898
512 900
512 902
512 907
512 908
512 910
512 911
512 913
512 914
513 514
513 654
513 658
513 750
513 751
513 759
513 760
513 765
513 769
513 770
513 774
513 777
513 783
513 785
513 788
513 789
513 797
513 798
513 802
513 804
513 894
513 895
513 896
513 899
513 901
513 913
513 917
514 564
514 760
514 763
514 764
514 768
514 772
514 776
514 796
514 801
514 915
514 917
515 713
515 764
515 767
515 769
515 771
515 805
516 722
516 770
516 772
519 903
523 575
539 572
549 769
551 767
552 766
552 770
558 769
559 769
563 653
563 764
563 790
563 885
563 895
564 565
564 643
564 653
564 655
564 743
564 744
564 747
564 753
564 757
564 766
564 767
564 779
564 784
564 787
564 887
564 892
564 895
564 901
564 904
564 905
564 911
564 916
565 566
565 642
565 645
565 646
565 648
565 741
565 744
565 747
565 750
565 752
565 754
565 756
565 766
565 768
565 769
565 777
565 778
565 784
565 785
565 788
565 790
565 793
565 801
565 802
565 803
565 805
565 894
565 896
565 899
565 900
565 906
565 907
565 910
566 567
566 641
566 642
566 643
566 645
566 648
566 649
566 651
566 653
566 655
566 656
566 658
566 720
566 741
566 742
566 744
566 747
566 749
566 750
566 751
566 753
566 756
566 758
566 759
566 760
566 762
566 763
566 766
566 772
566 777
566 780
566 785
566 786
566 787
566 795
566 796
566 798
566 799
566 800
566 801
566 802
566 803
566 887
566 894
566 895
566 902
566 907
566 908
566 909
566 912
566 917
567 568
567 643
567 644
567 646
567 647
567 648
567 650
567 655
567 656
567 743
567 745
567 749
567 750
567 751
567 754
567 758
567 759
567 763
567 765
567 767
567 771
567 782
567 783
567 784
567 786
567 787
567 788
567 792
567 793
567 796
567 798
567 800
567 801
567 804
567 886
567 890
567 892
567 901
567 903
567 908
567 909
567 910
567 912
567 913
567 916
568 569
568 641
568 642
568 643
568 644
568 649
568 650
568 652
568 653
568 655
568 656
568 657
568 658
568 742
568 745
568 746
568 751
568 752
568 756
568 761
568 762
568 763
568 764
568 765
568 766
568 768
568 770
568 772
568 773
568 775
568 776
568 777
568 780
568 782
568 783
568 784
568 785
568 786
568 789
568 790
568 791
568 792
568 793
568 795
568 796
568 799
568 804
568 805
568 869
568 886
568 887
568 888
568 890
568 891
568 892
568 893
568 895
568 898
568 900
568 901
568 902
568 904
568 906
568 908
568 911
568 912
568 913
568 914
568 917
569 647
569 648
569 649
569 650
569 651
569 652
569 654
569 658
569 742
569 749
569 750
569 751
569 752
569 753
569 756
569 757
569 761
569 762
569 770
569 773
569 774
569 775
569 776
569 777
569 779
569 780
569 781
569 783
569 784
569 786
569 788
569 789
569 790
569 791
569 794
569 797
569 798
569 801
569 802
569 803
569 887
569 891
569 892
569 894
569 897
569 901
569 902
569 903
569 905
569 910
569 913
569 914
569 916
569 917
570 755
570 757
570 762
570 764
570 766
570 769
570 771
570 772
570 774
570 776
570 779
570 782
570 783
570 788
570 798
570 802
570 868
570 900
571 757
571 763
571 766
571 767
571 768
571 769
571 771
571 776
571 779
571 795
572 766
572 768
572 770
572 795
572 986
575 795
592 766
599 766
600 807
601 772
602 772
628 765
628 792
629 768
634 669
637 768
640 658
640 745
640 766
641 646
641 651
641 653
641 657
641 744
641 748
641 763
641 766
641 776
641 781
641 793
641 889
641 891
641 896
641 919
642 647
642 742
642 744
642 753
642 756
642 763
642 764
642 765
642 768
642 771
642 781
642 783
642 788
642 790
642 791
642 792
642 794
642 795
642 796
642 800
642 884
642 887
642 891
642 893
642 894
642 904
642 910
642 911
642 917
643 644
643 648
643 649
643 657
643 741
643 742
643 743
643 744
643 745
643 746
643 747
643 756
643 761
643 769
643 774
643 775
643 776
643 777
643 784
643 787
643 801
643 802
643 888
643 889
643 890
643 891
643 901
643 902
643 912
643 915
644 645
644 646
644 648
644 651
644 653
644 655
644 656
644 658
644 740
644 742
644 744
644 745
644 746
644 750
644 753
644 754
644 761
644 762
644 763
644 767
644 768
644 770
644 777
644 779
644 780
644 783
644 785
644 786
644 791
644 793
644 795
644 800
644 803
644 804
644 805
644 848
644 889
644 890
644 892
644 894
644 895
644 896
644 898
644 902
644 903
644 905
644 907
644 908
644 909
644 913
644 915
644 916
645 647
645 654
645 657
645 742
645 743
645 744
645 746
645 747
645 748
645 752
645 755
645 758
645 760
645 761
645 762
645 765
645 766
645 767
645 769
645 772
645 773
645 774
645 780
645 782
645 783
645 784
645 787
645 789
645 790
645 792
645 794
645 801
645 802
645 804
645 806
645 889
645 893
645 895
645 898
645 899
645 906
645 908
645 909
645 910
645 913
645 914
645 915
645 916
646 647
646 649
646 654
646 655
646 656
646 657
646 720
646 742
646 743
646 747
646 749
646 750
646 751
646 752
646 753
646 754
646 755
646 757
646 758
646 759
646 761
646 762
646 763
646 765
646 766
646 767
646 770
646 771
646 772
646 774
646 776
646 777
646 778
646 779
646 780
646 782
646 783
646 785
646 786
646 788
646 790
646 791
646 792
646 793
646 796
646 797
646 798
646 803
646 804
646 805
646 888
646 891
646 892
646 896
646 899
646 901
646 902
646 903
646 904
646 906
646 909
646 912
646 913
646 916
646 917
647 650
647 651
647 653
647 656
647 657
647 658
647 745
647 746
647 747
647 748
647 749
647 750
647 751
647 753
647 754
647 757
647 758
647 759
647 760
647 761
647 763
647 764
647 765
647 767
647 768
647 771
647 773
647 774
647 775
647 776
647 780
647 781
647 782
647 783
647 784
647 787
647 788
647 789
647 790
647 792
647 794
647 796
647 797
647 798
647 799
647 800
647 801
647 804
647 885
647 886
647 889
647 891
647 894
647 895
647 896
647 897
647 898
647 900
647 901
647 906
647 907
647 909
647 910
647 912
647 913
647 914
647 915
647 916
648 650
648 651
648 652
648 653
648 654
648 656
648 657
648 658
648 659
648 743
648 747
648 748
648 749
648 750
648 751
648 752
648 753
648 754
648 755
648 760
648 761
648 762
648 765
648 768
648 771
648 772
648 774
648 775
648 778
648 779
648 780
648 782
648 783
648 784
648 785
648 786
648 787
648 788
648 789
648 790
648 791
648 793
648 794
648 795
648 798
648 799
648 800
648 801
648 803
648 804
648 805
648 806
648 886
648 887
648 888
648 889
648 890
648 891
648 892
648 893
648 894
648 895
648 896
648 897
648 899
648 900
648 901
648 902
648 904
648 906
648 908
648 909
648 910
648 912
648 913
648 915
648 916
649 650
649 651
649 652
649 653
649 654
649 655
649 656
649 657
649 658
649 741
649 743
649 744
649 746
649 748
649 749
649 750
649 753
649 754
649 756
649 757
649 758
649 759
649 760
649 761
649 763
649 764
649 765
649 766
649 767
649 768
649 769
649 770
649 771
649 772
649 773
649 774
649 775
649 776
649 777
649 778
649 779
649 781
649 782
649 784
649 785
649 786
649 787
649 789
649 790
649 791
649 792
649 793
649 794
649 795
649 796
649 797
649 798
649 799
649 800
649 801
649 803
649 804
649 805
649 887
649 888
649 889
649 891
649 892
649 893
649 894
649 895
649 896
649 898
649 899
649 900
649 901
649 902
649 903
649 904
649 908
649 911
649 912
649 914
649 915
649 916
649 917
650 652
650 653
650 654
650 656
650 657
650 658
650 744
650 745
650 746
650 748
650 749
650 751
650 752
650 753
650 754
650 755
650 756
650 758
650 759
650 760
650 762
650 763
650 764
650 766
650 767
650 768
650 769
650 770
650 771
650 772
650 773
650 774
650 775
650 776
650 777
650 778
650 779
650 780
650 782
650 783
650 784
650 785
650 787
650 788
650 789
650 790
650 792
650 793
650 795
650 796
650 798
650 799
650 800
650 801
650 802
650 803
650 887
650 888
650 889
650 890
650 892
650 893
650 894
650 896
650 897
650 898
650 899
650 900
650 901
650 902
650 904
650 911
650 912
650 913
650 916
651 653
651 654
651 655
651 656
651 657
651 658
651 741
651 742
651 743
651 744
651 746
651 747
651 748
651 749
651 750
651 751
651 753
651 754
651 755
651 756
651 757
651 758
651 759
651 760
651 763
651 764
651 765
651 766
651 768
651 769
651 770
651 771
651 772
651 773
651 775
651 776
651 778
651 780
651 781
651 782
651 783
651 784
651 785
651 786
651 787
651 789
651 790
651 791
651 792
651 793
651 794
651 795
651 796
651 797
651 798
651 799
651 800
651 801
651 802
651 803
651 804
651 805
651 887
651 888
651 892
651 893
651 894
651 896
651 897
651 898
651 899
651 900
651 901
651 902
651 903
651 907
651 908
651 909
651 911
651 912
651 913
651 914
651 915
651 916
651 917
651 918
652 654
652 655
652 656
652 657
652 658
652 659
652 742
652 743
652 745
652 746
652 747
652 748
652 750
652 751
652 752
652 753
652 754
652 755
652 756
652 757
652 758
652 760
652 761
652 762
652 763
652 764
652 765
652 766
652 767
652 768
652 769
652 770
652 771
652 772
652 775
652 776
652 777
652 778
652 779
652 780
652 781
652 782
652 783
652 784
652 786
652 788
652 789
652 790
652 791
652 792
652 793
652 794
652 795
652 796
652 797
652 798
652 799
652 800
652 801
652 802
652 803
652 804
652 806
652 888
652 889
652 890
652 892
652 894
652 895
652 896
652 898
652 899
652 900
652 901
652 902
652 904
652 905
652 906
652 908
652 909
652 910
652 911
652 913
652 914
652 915
652 916
652 917
653 654
653 655
653 656
653 657
653 658
653 744
653 748
653 749
653 750
653 751
653 752
653 753
653 754
653 755
653 756
653 757
653 758
653 759
653 760
653 761
653 762
653 764
653 765
653 766
653 767
653 768
653 769
653 770
653 771
653 772
653 773
653 774
653 775
653 776
653 777
653 778
653 779
653 780
653 781
653 782
653 783
653 784
653 785
653 786
653 787
653 788
653 789
653 790
653 791
653 792
653 793
653 794
653 795
653 796
653 797
653 798
653 799
653 800
653 801
653 802
653 803
653 805
653 890
653 891
653 892
653 893
653 894
653 896
653 897
653 898
653 899
653 900
653 901
653 902
653 909
653 911
653 913
653 914
653 915
653 916
654 655
654 656
654 657
654 658
654 743
654 746
654 747
654 749
654 750
654 751
654 752
654 753
654 754
654 756
654 757
654 758
654 759
654 760
654 761
654 762
654 763
654 765
654 766
654 767
654 768
654 769
654 770
654 771
654 772
654 773
654 774
654 775
654 776
654 777
654 778
654 779
654 780
654 782
654 783
654 784
654 785
654 786
654 787
654 789
654 790
654 791
654 793
654 794
654 795
654 796
654 797
654 798
654 799
654 800
654 801
654 802
654 804
654 848
654 889
654 892
654 893
654 894
654 895
654 897
654 898
654 899
654 900
654 902
654 906
654 909
654 910
654 912
654 913
654 914
654 915
654 916
654 917
655 656
655 657
655 658
655 742
655 744
655 745
655 746
655 748
655 751
655 752
655 753
655 754
655 755
655 756
655 757
655 758
655 759
655 760
655 761
655 762
655 763
655 764
655 765
655 766
655 767
655 768
655 769
655 770
655 771
655 772
655 773
655 774
655 776
655 777
655 778
655 779
655 780
655 781
655 782
655 783
655 784
655 785
655 788
655 790
655 791
655 792
655 793
655 794
655 795
655 796
655 797
655 798
655 799
655 800
655 801
655 802
655 803
655 804
655 805
655 886
655 887
655 888
655 889
655 890
655 891
655 892
655 895
655 896
655 897
655 898
655 899
655 900
655 901
655 902
655 904
655 907
655 908
655 909
655 910
655 911
655 912
655 913
655 914
655 915
655 916
655 917
656 657
656 658
656 744
656 745
656 747
656 748
656 750
656 751
656 753
656 754
656 755
656 756
656 757
656 758
656 759
656 760
656 761
656 762
656 763
656 764
656 765
656 766
656 767
656 768
656 769
656 770
656 771
656 772
656 773
656 774
656 775
656 776
656 777
656 778
656 779
656 780
656 781
656 782
656 783
656 784
656 785
656 786
656 787
656 788
656 789
656 790
656 791
656 792
656 793
656 794
656 795
656 796
656 797
656 798
656 799
656 800
656 801
656 802
656 803
656 804
656 805
656 885
656 886
656 888
656 889
656 890
656 892
656 893
656 894
656 895
656 896
656 897
656 898
656 899
656 901
656 902
656 903
656 904
656 908
656 909
656 910
656 911
656 912
656 914
656 915
656 916
656 917
657 658
657 745
657 748
657 749
657 750
657 751
657 752
657 753
657 754
657 756
657 757
657 758
657 759
657 760
657 761
657 762
657 763
657 764
657 765
657 766
657 767
657 768
657 769
657 770
657 771
657 773
657 774
657 775
657 776
657 777
657 778
657 780
657 781
657 782
657 783
657 784
657 785
657 786
657 787
657 788
657 789
657 790
657 791
657 793
657 794
657 795
657 796
657 797
657 798
657 799
657 800
657 801
657 802
657 803
657 804
657 805
657 888
657 889
657 890
657 891
657 893
657 894
657 895
657 896
657 897
657 898
657 899
657 900
657 901
657 903
657 906
657 907
657 912
657 913
657 914
657 915
657 916
657 918
657 981
658 716
658 743
658 744
658 746
658 747
658 748
658 749
658 751
658 752
658 753
658 754
658 755
658 756
658 757
658 758
658 759
658 760
658 761
658 762
658 764
658 765
658 766
658 767
658 768
658 769
658 770
658 771
658 772
658 773
658 775
658 776
658 777
658 780
658 781
658 782
658 783
658 784
658 785
658 787
658 788
658 789
658 790
658 791
658 796
658 797
658 798
658 799
658 800
658 801
658 802
658 803
658 804
658 806
658 891
658 892
658 893
658 895
658 897
658 898
658 899
658 900
658 901
658 902
658 903
658 907
658 908
658 909
658 911
658 912
658 913
658 915
658 916
658 917
658 918
659 756
659 757
659 760
659 761
659 764
659 766
659 767
659 768
659 769
659 770
659 771
659 774
659 778
659 783
659 784
659 786
659 793
659 796
659 800
659 802
659 805
659 896
659 898
659 899
659 900
659 901
659 906
660 761
660 764
660 765
660 766
660 767
660 768
660 769
660 770
660 772
660 803
660 805
660 892
661 766
661 767
661 768
661 802
661 851
661 920
662 706
663 788
687 724
689 781
705 769
707 789
710 764
711 779
712 841
712 893
717 764
718 765
719 766
719 772
719 788
719 886
720 768
720 775
720 781
720 787
720 800
720 803
720 890
720 900
721 744
721 763
721 764
721 767
721 768
721 792
721 798
721 898
721 901
721 905
721 912
721 913
721 914
721 917
722 752
722 755
722 759
722 762
722 765
722 767
722 769
722 773
722 802
722 804
723 761
723 768
723 769
723 770
723 771
724 985
724 994
725 906
725 941
734 805
735 768
736 768
737 767
740 744
740 751
740 756
740 793
740 805
740 901
741 753
741 772
741 788
741 790
741 791
741 792
741 799
741 805
741 889
741 903
741 911
741 912
741 913
742 744
742 745
742 752
742 757
742 759
742 761
742 762
742 773
742 782
742 785
742 788
742 796
742 799
742 800
742 801
742 886
742 887
742 891
742 894
742 898
742 911
742 914
742 917
743 746
743 747
743 749
743 751
743 755
743 757
743 758
743 762
743 764
743 765
743 766
743 771
743 772
743 773
743 775
743 778
743 781
743 782
743 783
743 786
743 788
743 791
743 792
743 801
743 804
743 849
743 886
743 888
743 889
743 893
743 898
743 900
743 902
743 905
743 906
743 907
743 908
743 912
743 914
743 916
744 746
744 747
744 748
744 751
744 753
744 755
744 756
744 761
744 762
744 765
744 771
744 772
744 774
744 775
744 776
744 777
744 778
744 780
744 782
744 783
744 784
744 787
744 789
744 792
744 793
744 795
744 798
744 803
744 804
744 805
744 889
744 890
744 893
744 894
744 895
744 896
744 897
744 899
744 900
744 901
744 909
744 910
744 914
744 915
744 916
745 746
745 749
745 751
745 754
745 755
745 756
745 759
745 760
745 761
745 764
745 765
745 766
745 767
745 768
745 769
745 770
745 771
745 772
745 773
745 775
745 776
745 778
745 780
745 781
745 782
745 783
745 786
745 788
745 789
745 790
745 794
745 797
745 799
745 802
745 803
745 804
745 884
745 892
745 894
745 895
745 896
745 897
745 898
745 900
745 901
745 903
745 911
745 912
745 913
745 915
746 747
746 749
746 750
746 752
746 753
746 754
746 755
746 756
746 758
746 760
746 761
746 762
746 763
746 764
746 766
746 767
746 770
746 771
746 772
746 773
746 774
746 775
746 776
746 778
746 779
746 780
746 781
746 782
746 783
746 784
746 786
746 787
746 789
746 790
746 791
746 793
746 795
746 796
746 797
746 798
746 799
746 800
746 801
746 802
746 803
746 804
746 884
746 888
746 890
746 891
746 892
746 893
746 895
746 896
746 897
746 898
746 899
746 901
746 903
746 908
746 910
746 911
746 915
746 916
746 917
747 748
747 749
747 751
747 752
747 753
747 754
747 757
747 759
747 760
747 763
747 766
747 767
747 769
747 770
747 771
747 772
747 773
747 774
747 775
747 779
747 780
747 781
747 782
747 783
747 784
747 785
747 788
747 792
747 793
747 794
747 795
747 797
747 799
747 800
747 803
747 804
747 887
747 888
747 890
747 891
747 892
747 893
747 894
747 895
747 896
747 900
747 901
747 902
747 906
747 907
747 909
747 910
747 911
747 912
747 914
747 915
747 916
747 917
747 918
748 749
748 750
748 751
748 752
748 753
748 754
748 755
748 757
748 758
748 759
748 762
748 763
748 767
748 768
748 769
748 770
748 771
748 773
748 774
748 775
748 776
748 777
748 778
748 779
748 780
748 781
748 782
748 783
748 784
748 785
748 786
748 787
748 789
748 790
748 791
748 792
748 793
748 794
748 795
748 797
748 798
748 799
748 801
748 802
748 804
748 884
748 886
748 888
748 891
748 892
748 893
748 894
748 896
748 897
748 899
748 900
748 902
748 903
748 905
748 906
748 907
748 908
748 909
748 910
748 911
748 912
748 913
748 915
748 916
748 917
749 750
749 751
749 752
749 754
749 755
749 757
749 758
749 760
749 761
749 762
749 763
749 764
749 765
749 767
749 768
749 769
749 770
749 771
749 772
749 773
749 775
749 777
749 779
749 780
749 781
749 782
749 783
749 785
749 786
749 787
749 789
749 790
749 791
749 792
749 793
749 794
749 795
749 797
749 798
749 799
749 800
749 802
749 803
749 804
749 805
749 806
749 884
749 889
749 891
749 892
749 893
749 894
749 895
749 896
749 897
749 899
749 901
749 902
749 904
749 907
749 908
749 909
749 910
749 911
749 913
749 914
749 915
749 916
749 917
750 752
750 753
750 754
750 755
750 756
750 758
750 759
750 760
750 761
750 762
750 763
750 765
750 766
750 767
750 768
750 769
750 770
750 771
750 772
750 773
750 774
750 775
750 776
750 778
750 779
750 780
750 782
750 783
750 784
750 785
750 786
750 787
750 788
750 790
750 792
750 795
750 796
750 798
750 799
750 800
750 801
750 802
750 803
750 804
750 890
750 892
750 893
750 894
750 895
750 896
750 897
750 898
750 899
750 900
750 901
750 903
750 908
750 909
750 910
750 913
750 914
750 915
750 916
750 917
751 752
751 753
751 754
751 755
751 757
751 758
751 759
751 760
751 761
751 762
751 763
751 764
751 765
751 766
751 767
751 768
751 769
751 770
751 771
751 773
751 774
751 775
751 776
751 778
751 780
751 781
751 782
751 783
751 784
751 785
751 787
751 789
751 790
751 791
751 792
751 793
751 794
751 795
751 796
751 797
751 798
751 800
751 801
751 802
751 803
751 804
751 884
751 888
751 889
751 890
751 891
751 892
751 893
751 894
751 895
751 897
751 898
751 899
751 900
751 901
751 902
751 903
751 906
751 907
751 910
751 911
751 912
751 913
751 914
751 915
751 916
751 917
751 918
752 753
752 754
752 755
752 756
752 757
752 758
752 759
752 760
752 761
752 762
752 763
752 764
752 765
752 766
752 768
752 769
752 770
752 771
752 772
752 773
752 774
752 775
752 776
752 777
752 778
752 779
752 780
752 781
752 783
752 784
752 786
752 787
752 788
752 789
752 790
752 791
752 792
752 793
752 795
752 796
752 797
752 798
752 799
752 800
752 801
752 802
752 804
752 805
752 850
752 885
752 887
752 889
752 890
752 891
752 892
752 894
752 895
752 896
752 897
752 898
752 899
752 900
752 901
752 906
752 908
752 909
752 911
752 912
752 913
752 914
752 915
752 916
752 917
752 918
752 989
753 754
753 755
753 756
753 757
753 758
753 759
753 760
753 761
753 762
753 763
753 764
753 765
753 766
753 767
753 768
753 769
753 770
753 771
753 772
753 773
753 774
753 775
753 776
753 777
753 778
753 779
753 780
753 781
753 783
753 784
753 785
753 786
753 787
753 789
753 791
753 792
753 793
753 794
753 795
753 796
753 797
753 798
753 799
753 800
753 801
753 802
753 803
753 804
753 805
753 885
753 887
753 889
753 891
753 892
753 893
753 895
753 896
753 897
753 898
753 899
753 900
753 901
753 902
753 906
753 907
753 908
753 909
753 911
753 912
753 913
753 914
753 915
753 916
753 917
754 755
754 756
754 757
754 758
754 759
754 760
754 761
754 763
754 764
754 765
754 766
754 767
754 768
754 769
754 770
754 771
754 772
754 773
754 774
754 775
754 776
754 777
754 778
754 780
754 781
754 782
754 783
754 784
754 785
754 786
754 788
754 789
754 790
754 791
754 792
754 793
754 794
754 795
754 796
754 797
754 798
754 799
754 800
754 801
754 802
754 803
754 804
754 805
754 886
754 887
754 892
754 893
754 895
754 896
754 897
754 898
754 899
754 900
754 901
754 902
754 905
754 906
754 907
754 909
754 910
754 911
754 912
754 913
754 914
754 915
754 916
754 917
754 918
755 756
755 757
755 758
755 759
755 760
755 761
755 762
755 763
755 764
755 765
755 766
755 767
755 768
755 769
755 770
755 771
755 772
755 773
755 774
755 775
755 776
755 777
755 778
755 779
755 780
755 781
755 782
755 783
755 784
755 785
755 786
755 788
755 789
755 790
755 791
755 792
755 793
755 794
755 795
755 796
755 797
755 798
755 799
755 800
755 801
755 802
755 803
755 804
755 805
755 887
755 889
755 892
755 894
755 895
755 896
755 897
755 898
755 899
755 900
755 902
755 904
755 907
755 909
755 911
755 913
755 914
755 915
755 916
755 917
756 757
756 758
756 759
756 760
756 761
756 762
756 763
756 764
756 765
756 766
756 767
756 768
756 769
756 770
756 771
756 772
756 773
756 774
756 775
756 776
756 777
756 778
756 779
756 780
756 781
756 782
756 783
756 784
756 785
756 786
756 787
756 788
756 789
756 790
756 791
756 792
756 793
756 794
756 795
756 796
756 797
756 798
756 799
756 800
756 801
756 802
756 803
756 804
756 805
756 886
756 887
756 888
756 891
756 892
756 894
756 895
756 897
756 898
756 899
756 900
756 901
756 902
756 903
756 906
756 909
756 910
756 912
756 913
756 914
756 915
756 916
756 917
756 919
756 990
757 758
757 759
757 760
757 761
757 762
757 763
757 764
757 765
757 766
757 767
757 768
757 769
757 770
757 771
757 772
757 774
757 775
757 776
757 777
757 778
757 779
757 780
757 781
757 782
757 783
757 784
757 785
757 786
757 788
757 790
757 791
757 792
757 793
757 794
757 795
757 796
757 797
757 798
757 799
757 800
757 801
757 802
757 803
757 804
757 805
757 850
757 886
757 889
757 890
757 891
757 892
757 894
757 895
757 896
757 897
757 898
757 899
757 900
757 901
757 902
757 903
757 905
757 906
757 907
757 908
757 909
757 910
757 911
757 912
757 913
757 914
757 915
757 917
757 918
758 759
758 760
758 761
758 762
758 763
758 764
758 765
758 766
758 767
758 768
758 769
758 770
758 771
758 772
758 773
758 774
758 775
758 776
758 777
758 778
758 779
758 780
758 781
758 782
758 783
758 784
758 785
758 786
758 788
758 789
758 790
758 791
758 792
758 793
758 794
758 795
758 796
758 797
758 798
758 799
758 800
758 801
758 802
758 803
758 804
758 805
758 850
758 886
758 887
758 888
758 890
758 892
758 893
758 894
758 896
758 897
758 898
758 899
758 900
758 901
758 903
758 904
758 905
758 906
758 908
758 911
758 912
758 913
758 914
758 915
758 916
758 917
758 918
759 760
759 761
759 762
759 763
759 764
759 765
759 766
759 767
759 768
759 769
759 770
759 771
759 772
759 773
759 774
759 775
759 776
759 777
759 778
759 779
759 780
759 781
759 782
759 783
759 784
759 785
759 789
759 790
759 791
759 793
759 794
759 795
759 796
759 797
759 798
759 799
759 800
759 801
759 802
759 803
759 804
759 886
759 889
759 891
759 892
759 893
759 894
759 895
759 896
759 897
759 898
759 899
759 900
759 901
759 902
759 903
759 904
759 905
759 907
759 910
759 911
759 912
759 913
759 914
759 915
759 916
759 917
759 918
760 761
760 762
760 763
760 764
760 765
760 766
760 767
760 768
760 769
760 770
760 771
760 772
760 773
760 774
760 775
760 776
760 777
760 778
760 779
760 780
760 781
760 782
760 783
760 784
760 785
760 787
760 788
760 789
760 790
760 791
760 792
760 793
760 794
760 795
760 796
760 797
760 798
760 799
760 800
760 801
760 802
760 803
760 804
760 805
760 887
760 891
760 892
760 893
760 894
760 895
760 896
760 897
760 898
760 899
760 900
760 901
760 902
760 904
760 909
760 910
760 911
760 912
760 913
760 914
760 915
760 916
760 917
760 918
760 925
761 762
761 763
761 764
761 765
761 766
761 767
761 768
761 769
761 770
761 771
761 772
761 773
761 774
761 775
761 776
761 777
761 778
761 779
761 780
761 781
761 782
761 783
761 784
761 785
761 786
761 787
761 788
761 789
761 790
761 791
761 792
761 793
761 794
761 795
761 796
761 797
761 798
761 799
761 800
761 801
761 802
761 803
761 804
761 805
761 806
761 857
761 886
761 887
761 889
761 890
761 891
761 893
761 894
761 895
761 896
761 897
761 898
761 899
761 900
761 901
761 902
761 903
761 904
761 907
761 908
761 910
761 911
761 913
761 915
761 916
761 917
762 763
762 764
762 765
762 766
762 767
762 768
762 769
762 770
762 771
762 772
762 773
762 774
762 775
762 776
762 777
762 778
762 779
762 780
762 781
762 782
762 783
762 784
762 785
762 786
762 787
762 788
762 789
762 791
762 793
762 794
762 795
762 796
762 797
762 798
762 799
762 800
762 801
762 802
762 803
762 804
762 805
762 885
762 888
762 889
762 891
762 893
762 894
762 895
762 897
762 898
762 899
762 900
762 901
762 902
762 903
762 906
762 907
762 908
762 909
762 913
762 914
762 915
762 916
762 917
762 918
762 968
762 991
763 764
763 765
763 766
763 767
763 768
763 769
763 770
763 771
763 772
763 773
763 774
763 775
763 776
763 777
763 778
763 779
763 780
763 781
763 782
763 783
763 784
763 785
763 786
763 787
763 789
763 790
763 791
763 792
763 793
763 794
763 795
763 796
763 797
763 798
763 799
763 800
763 801
763 802
763 803
763 804
763 805
763 848
763 869
763 885
763 887
763 888
763 889
763 890
763 892
763 893
763 895
763 896
763 897
763 898
763 899
763 900
763 901
763 902
763 903
763 904
763 909
763 910
763 911
763 912
763 915
763 916
763 918
763 969
763 993
764 765
764 766
764 767
764 768
764 769
764 770
764 771
764 772
764 773
764 774
764 775
764 776
764 777
764 778
764 779
764 780
764 781
764 782
764 783
764 784
764 785
764 786
764 788
764 789
764 790
764 791
764 792
764 793
764 794
764 795
764 796
764 797
764 798
764 799
764 800
764 801
764 802
764 803
764 804
764 805
764 806
764 886
764 888
764 889
764 890
764 892
764 893
764 894
764 895
764 896
764 897
764 898
764 899
764 900
764 901
764 902
764 904
764 906
764 908
764 909
764 911
764 913
764 914
764 915
764 916
764 917
764 918
764 919
764 920
764 938
764 990
765 766
765 767
765 768
765 769
765 770
765 771
765 772
765 773
765 774
765 775
765 776
765 777
765 778
765 779
765 780
765 781
765 782
765 783
765 784
765 785
765 786
765 787
765 788
765 789
765 790
765 791
765 792
765 793
765 794
765 795
765 796
765 797
765 798
765 799
765 800
765 801
765 802
765 803
765 804
765 805
765 806
765 849
765 850
765 886
765 888
765 890
765 891
765 892
765 893
765 894
765 896
765 897
765 898
765 899
765 900
765 901
765 902
765 903
765 904
765 905
765 908
765 910
765 912
765 913
765 914
765 915
765 916
765 917
765 918
765 920
765 939
765 982
766 767
766 768
766 769
766 770
766 771
766 772
766 773
766 774
766 775
766 776
766 777
766 778
766 779
766 780
766 781
766 782
766 783
766 784
766 785
766 786
766 787
766 790
766 791
766 792
766 793
766 794
766 795
766 796
766 797
766 798
766 799
766 800
766 801
766 802
766 803
766 804
766 805
766 806
766 886
766 891
766 892
766 893
766 894
766 895
766 897
766 898
766 899
766 900
766 901
766 902
766 903
766 905
766 906
766 908
766 909
766 910
766 912
766 913
766 914
766 915
766 916
766 917
766 919
766 983
767 768
767 769
767 770
767 771
767 772
767 773
767 774
767 775
767 776
767 777
767 778
767 779
767 780
767 781
767 782
767 783
767 784
767 785
767 786
767 787
767 789
767 790
767 791
767 792
767 793
767 794
767 795
767 796
767 797
767 798
767 799
767 800
767 801
767 802
767 803
767 804
767 805
767 806
767 807
767 846
767 869
767 886
767 887
767 890
767 891
767 892
767 894
767 895
767 897
767 898
767 899
767 900
767 901
767 902
767 903
767 904
767 905
767 907
767 908
767 911
767 913
767 914
767 915
767 916
767 917
767 918
767 919
767 921
767 976
767 977
767 991
768 769
768 770
768 771
768 772
768 773
768 774
768 775
768 776
768 777
768 778
768 779
768 780
768 781
768 782
768 783
768 784
768 785
768 786
768 787
768 788
768 789
768 791
768 793
768 794
768 795
768 796
768 797
768 798
768 799
768 800
768 801
768 802
768 803
768 804
768 805
768 806
768 851
768 869
768 870
768 876
768 888
768 889
768 890
768 891
768 892
768 893
768 894
768 895
768 896
768 897
768 898
768 899
768 900
768 901
768 902
768 903
768 904
768 906
768 908
768 910
768 914
768 915
768 916
768 917
768 919
768 957
768 981
768 989
769 770
769 771
769 772
769 773
769 774
769 775
769 776
769 777
769 778
769 779
769 780
769 781
769 782
769 783
769 784
769 785
769 786
769 787
769 788
769 789
769 790
769 791
769 792
769 793
769 794
769 795
769 796
769 797
769 798
769 799
769 800
769 801
769 802
769 803
769 804
769 805
769 806
769 849
769 851
769 868
769 885
769 886
769 887
769 888
769 890
769 891
769 893
769 894
769 895
769 896
769 897
769 898
769 899
769 900
769 901
769 902
769 903
769 905
769 907
769 911
769 913
769 916
769 917
769 918
769 919
769 925
769 969
769 982
769 985
769 990
770 771
770 772
770 773
770 774
770 775
770 777
770 778
770 779
770 780
770 781
770 782
770 783
770 784
770 785
770 786
770 787
770 788
770 790
770 791
770 792
770 793
770 794
770 795
770 796
770 797
770 798
770 799
770 800
770 801
770 802
770 803
770 804
770 805
770 806
770 840
770 850
770 888
770 889
770 890
770 892
770 893
770 894
770 895
770 896
770 897
770 898
770 899
770 900
770 901
770 902
770 903
770 904
770 907
770 908
770 909
770 910
770 912
770 913
770 915
770 916
770 917
770 919
770 920
770 926
770 984
770 990
771 772
771 773
771 774
771 775
771 776
771 777
771 778
771 779
771 780
771 781
771 782
771 783
771 784
771 785
771 786
771 787
771 788
771 791
771 792
771 793
771 794
771 795
771 796
771 797
771 798
771 799
771 800
771 801
771 802
771 803
771 804
771 805
771 806
771 807
771 870
771 884
771 885
771 889
771 890
771 891
771 892
771 893
771 894
771 896
771 897
771 898
771 899
771 900
771 901
771 902
771 903
771 904
771 907
771 909
771 910
771 911
771 913
771 914
771 916
771 917
771 918
771 919
771 920
771 926
771 948
771 958
772 773
772 774
772 775
772 776
772 777
772 778
772 779
772 780
772 781
772 782
772 783
772 784
772 786
772 787
772 788
772 789
772 790
772 791
772 792
772 793
772 794
772 795
772 796
772 797
772 798
772 799
772 800
772 801
772 802
772 803
772 805
772 806
772 885
772 886
772 887
772 889
772 890
772 891
772 892
772 893
772 894
772 895
772 896
772 897
772 898
772 899
772 901
772 902
772 903
772 904
772 906
772 907
772 908
772 910
772 911
772 913
772 914
772 915
772 916
773 774
773 775
773 776
773 777
773 778
773 779
773 780
773 781
773 782
773 783
773 784
773 785
773 786
773 787
773 789
773 790
773 791
773 792
773 793
773 794
773 795
773 796
773 797
773 798
773 799
773 801
773 802
773 803
773 804
773 805
773 808
773 849
773 850
773 886
773 887
773 888
773 890
773 891
773 892
773 893
773 894
773 895
773 896
773 897
773 898
773 899
773 900
773 901
773 902
773 903
773 906
773 907
773 908
773 911
773 912
773 913
773 915
773 916
773 917
773 920
774 775
774 776
774 777
774 778
774 779
774 780
774 781
774 782
774 783
774 784
774 785
774 788
774 789
774 790
774 791
774 792
774 793
774 794
774 795
774 796
774 797
774 798
774 800
774 801
774 802
774 803
774 804
774 805
774 808
774 886
774 887
774 889
774 890
774 891
774 892
774 893
774 894
774 895
774 896
774 897
774 898
774 899
774 900
774 902
774 903
774 906
774 908
774 909
774 910
774 912
774 913
774 914
774 915
774 916
774 917
775 776
775 777
775 778
775 779
775 780
775 781
775 782
775 783
775 784
775 785
775 786
775 788
775 789
775 790
775 791
775 792
775 793
775 794
775 795
775 796
775 797
775 798
775 799
775 800
775 801
775 802
775 803
775 804
775 805
775 885
775 886
775 887
775 888
775 889
775 890
775 891
775 892
775 893
775 894
775 895
775 896
775 897
775 898
775 899
775 900
775 901
775 902
775 907
775 909
775 910
775 911
775 912
775 913
775 915
775 916
775 917
775 918
776 777
776 778
776 779
776 780
776 781
776 782
776 783
776 784
776 785
776 786
776 788
776 789
776 790
776 791
776 792
776 793
776 794
776 795
776 796
776 797
776 798
776 799
776 800
776 801
776 802
776 803
776 804
776 805
776 806
776 884
776 887
776 889
776 891
776 892
776 893
776 894
776 895
776 896
776 897
776 898
776 899
776 900
776 901
776 902
776 905
776 906
776 907
776 909
776 910
776 911
776 912
776 913
776 915
776 916
776 917
777 778
777 779
777 780
777 781
777 782
777 783
777 784
777 785
777 786
777 787
777 789
777 790
777 791
777 792
777 793
777 794
777 795
777 796
777 797
777 798
777 799
777 800
777 801
777 802
777 803
777 806
777 887
777 888
777 890
777 891
777 892
777 893
777 895
777 896
777 897
777 898
777 899
777 900
777 901
777 902
777 905
777 906
777 907
777 908
777 909
777 911
777 912
777 913
777 914
777 915
777 916
777 917
777 918
778 779
778 780
778 781
778 782
778 783
778 784
778 785
778 786
778 787
778 789
778 790
778 791
778 792
778 793
778 794
778 795
778 796
778 797
778 798
778 799
778 800
778 801
778 802
778 803
778 804
778 805
778 886
778 888
778 891
778 892
778 894
778 895
778 896
778 897
778 898
778 899
778 900
778 901
778 902
778 903
778 907
778 910
778 911
778 912
778 913
778 914
778 915
778 917
778 918
779 780
779 781
779 782
779 783
779 784
779 785
779 786
779 787
779 790
779 791
779 792
779 793
779 794
779 795
779 796
779 797
779 798
779 799
779 800
779 801
779 802
779 803
779 804
779 805
779 887
779 889
779 890
779 892
779 893
779 894
779 895
779 896
779 897
779 898
779 899
779 900
779 901
779 902
779 903
779 904
779 908
779 909
779 910
779 911
779 913
779 914
779 915
779 916
779 917
779 918
779 919
780 781
780 782
780 783
780 784
780 785
780 786
780 789
780 790
780 791
780 792
780 793
780 794
780 795
780 796
780 797
780 798
780 799
780 800
780 801
780 802
780 803
780 804
780 805
780 886
780 889
780 892
780 893
780 894
780 895
780 896
780 897
780 898
780 899
780 900
780 901
780 902
780 905
780 906
780 908
780 909
780 910
780 911
780 912
780 913
780 914
780 915
780 916
780 917
780 918
781 782
781 783
781 784
781 785
781 786
781 787
781 788
781 789
781 790
781 791
781 792
781 793
781 794
781 795
781 796
781 797
781 798
781 799
781 800
781 801
781 802
781 803
781 804
781 805
781 850
781 890
781 891
781 892
781 893
781 894
781 895
781 896
781 897
781 898
781 899
781 900
781 901
781 902
781 903
781 904
781 910
781 914
781 915
781 916
781 917
781 919
782 783
782 784
782 785
782 786
782 787
782 789
782 790
782 791
782 792
782 793
782 794
782 795
782 796
782 797
782 798
782 799
782 800
782 801
782 802
782 803
782 804
782 805
782 849
782 886
782 887
782 891
782 893
782 894
782 895
782 896
782 897
782 898
782 899
782 900
782 901
782 902
782 903
782 907
782 908
782 911
782 913
782 914
782 916
782 917
782 918
783 784
783 785
783 786
783 787
783 789
783 790
783 791
783 792
783 793
783 794
783 795
783 796
783 797
783 798
783 799
783 800
783 801
783 802
783 803
783 804
783 805
783 868
783 887
783 888
783 889
783 893
783 894
783 895
783 896
783 897
783 898
783 899
783 900
783 901
783 902
783 905
783 907
783 909
783 911
783 912
783 913
783 914
783 915
783 916
783 917
783 918
783 988
784 785
784 786
784 787
784 788
784 789
784 790
784 791
784 792
784 793
784 794
784 795
784 796
784 797
784 798
784 799
784 800
784 801
784 802
784 803
784 804
784 805
784 885
784 887
784 888
784 890
784 891
784 892
784 893
784 894
784 895
784 896
784 897
784 898
784 899
784 900
784 901
784 902
784 903
784 904
784 905
784 906
784 909
784 910
784 912
784 913
784 914
784 915
784 916
784 920
784 981
785 786
785 787
785 788
785 789
785 790
785 791
785 792
785 793
785 794
785 795
785 796
785 797
785 798
785 799
785 800
785 801
785 802
785 803
785 804
785 805
785 806
785 886
785 888
785 890
785 891
785 894
785 895
785 896
785 897
785 898
785 899
785 900
785 901
785 903
785 904
785 906
785 909
785 911
785 912
785 913
785 914
785 915
785 916
785 917
786 787
786 788
786 790
786 791
786 793
786 794
786 795
786 796
786 797
786 798
786 799
786 800
786 801
786 802
786 803
786 850
786 889
786 890
786 891
786 892
786 893
786 894
786 895
786 896
786 897
786 898
786 899
786 900
786 901
786 903
786 904
786 905
786 907
786 908
786 912
786 913
786 914
786 915
786 916
786 917
786 918
787 788
787 789
787 790
787 791
787 792
787 794
787 795
787 797
787 798
787 799
787 800
787 801
787 802
787 803
787 804
787 806
787 852
787 890
787 891
787 892
787 894
787 895
787 896
787 897
787 898
787 899
787 900
787 901
787 902
787 912
787 915
787 916
787 917
788 789
788 790
788 791
788 792
788 793
788 794
788 795
788 798
788 800
788 801
788 802
788 803
788 804
788 885
788 888
788 889
788 890
788 891
788 892
788 893
788 894
788 896
788 897
788 898
788 899
788 900
788 901
788 903
788 907
788 909
788 911
788 912
788 913
788 914
788 915
788 916
788 917
788 993
789 790
789 791
789 792
789 793
789 794
789 795
789 796
789 798
789 799
789 800
789 801
789 802
789 803
789 804
789 805
789 887
789 888
789 891
789 892
789 893
789 894
789 895
789 897
789 898
789 900
789 901
789 902
789 903
789 905
789 907
789 909
789 910
789 911
789 912
789 913
789 914
789 915
789 917
789 918
789 919
789 991
790 791
790 792
790 794
790 795
790 796
790 798
790 799
790 800
790 801
790 802
790 803
790 804
790 805
790 886
790 888
790 889
790 890
790 891
790 892
790 893
790 895
790 896
790 897
790 901
790 902
790 904
790 906
790 907
790 911
790 912
790 913
790 914
790 915
790 916
790 917
791 792
791 793
791 794
791 795
791 796
791 797
791 798
791 799
791 800
791 801
791 804
791 805
791 889
791 890
791 894
791 895
791 897
791 898
791 899
791 900
791 901
791 902
791 904
791 908
791 909
791 910
791 911
791 912
791 913
791 914
791 915
791 916
791 917
792 793
792 794
792 795
792 796
792 798
792 799
792 800
792 801
792 802
792 803
792 804
792 805
792 884
792 890
792 892
792 895
792 896
792 898
792 899
792 900
792 901
792 902
792 908
792 909
792 910
792 911
792 912
792 913
792 914
792 915
792 916
792 917
792 918
793 794
793 795
793 796
793 797
793 798
793 800
793 801
793 802
793 803
793 804
793 805
793 888
793 890
793 891
793 892
793 893
793 895
793 896
793 897
793 898
793 900
793 901
793 903
793 905
793 906
793 909
793 912
793 913
793 914
793 915
793 916
793 917
794 795
794 796
794 797
794 798
794 799
794 800
794 801
794 802
794 803
794 804
794 886
794 889
794 891
794 892
794 894
794 895
794 896
794 897
794 898
794 899
794 900
794 901
794 902
794 903
794 904
794 908
794 909
794 910
794 913
794 914
794 915
794 916
794 917
795 796
795 797
795 798
795 799
795 800
795 801
795 802
795 803
795 804
795 805
795 850
795 885
795 887
795 888
795 891
795 892
795 893
795 894
795 895
795 896
795 897
795 898
795 899
795 900
795 901
795 902
795 909
795 910
795 913
795 914
795 915
795 916
795 917
795 918
796 797
796 798
796 799
796 800
796 801
796 802
796 803
796 804
796 805
796 849
796 883
796 884
796 885
796 887
796 893
796 894
796 895
796 896
796 897
796 898
796 899
796 900
796 901
796 902
796 908
796 909
796 911
796 912
796 913
796 914
796 915
796 916
796 917
797 798
797 799
797 800
797 801
797 802
797 803
797 804
797 805
797 849
797 888
797 890
797 891
797 893
797 894
797 895
797 896
797 897
797 898
797 899
797 900
797 901
797 902
797 903
797 904
797 905
797 906
797 907
797 909
797 910
797 911
797 912
797 913
797 914
797 915
797 916
797 917
797 919
798 799
798 800
798 801
798 802
798 803
798 804
798 805
798 885
798 887
798 890
798 894
798 895
798 896
798 898
798 899
798 900
798 901
798 903
798 904
798 905
798 907
798 911
798 912
798 913
798 914
798 915
798 916
798 917
799 800
799 801
799 802
799 803
799 804
799 805
799 890
799 891
799 892
799 893
799 894
799 895
799 896
799 897
799 898
799 899
799 900
799 901
799 902
799 903
799 904
799 905
799 909
799 910
799 911
799 912
799 913
799 914
799 915
799 916
799 917
800 801
800 802
800 803
800 804
800 805
800 806
800 887
800 889
800 892
800 893
800 895
800 896
800 897
800 898
800 899
800 900
800 901
800 902
800 903
800 904
800 905
800 907
800 908
800 909
800 910
800 912
800 913
800 914
800 915
800 916
800 917
800 989
801 802
801 803
801 804
801 805
801 806
801 888
801 890
801 893
801 894
801 895
801 896
801 897
801 898
801 899
801 900
801 901
801 902
801 903
801 906
801 908
801 909
801 910
801 911
801 912
801 913
801 914
801 915
801 916
801 917
802 803
802 804
802 805
802 888
802 889
802 891
802 892
802 894
802 895
802 896
802 897
802 898
802 899
802 900
802 901
802 902
802 903
802 904
802 907
802 908
802 910
802 911
802 912
802 914
802 915
802 916
802 917
802 918
803 804
803 805
803 806
803 888
803 889
803 890
803 891
803 892
803 894
803 895
803 896
803 897
803 898
803 899
803 900
803 901
803 902
803 903
803 907
803 908
803 909
803 910
803 911
803 912
803 913
803 914
803 915
803 916
803 917
803 918
803 959
803 989
804 805
804 837
804 848
804 884
804 888
804 889
804 890
804 893
804 894
804 895
804 896
804 897
804 898
804 899
804 900
804 901
804 902
804 903
804 904
804 909
804 910
804 911
804 912
804 913
804 914
804 915
804 916
804 917
804 919
805 806
805 807
805 887
805 889
805 891
805 892
805 893
805 896
805 897
805 899
805 900
805 901
805 903
805 906
805 909
805 911
805 912
805 913
805 914
805 915
805 916
805 919
806 870
806 902
806 904
806 991
849 899
850 893
852 870
869 900
884 890
884 896
884 899
885 896
885 905
885 911
885 917
885 989
886 888
886 889
886 891
886 896
886 900
886 908
886 910
886 914
886 915
886 917
887 890
887 894
887 895
887 896
887 897
887 899
887 900
887 902
887 904
887 910
887 912
887 916
887 918
888 890
888 892
888 895
888 896
888 898
888 900
888 901
888 902
888 903
888 904
888 905
888 912
888 913
888 914
888 917
889 890
889 891
889 894
889 897
889 898
889 899
889 901
889 902
889 908
889 909
889 910
889 911
889 913
889 914
889 916
890 891
890 892
890 893
890 894
890 896
890 899
890 900
890 901
890 903
890 904
890 909
890 910
890 911
890 912
890 914
890 915
890 968
891 892
891 893
891 894
891 896
891 898
891 899
891 901
891 904
891 905
891 909
891 911
891 912
891 913
891 914
891 916
891 917
892 893
892 894
892 895
892 896
892 897
892 898
892 899
892 901
892 902
892 910
892 911
892 913
892 915
892 916
892 917
893 894
893 895
893 896
893 899
893 900
893 901
893 902
893 904
893 907
893 908
893 910
893 911
893 912
893 914
893 915
893 916
893 917
894 897
894 898
894 899
894 900
894 901
894 902
894 903
894 905
894 906
894 908
894 910
894 911
894 912
894 914
894 915
895 896
895 897
895 898
895 900
895 901
895 903
895 906
895 907
895 910
895 914
895 915
895 916
895 917
895 918
896 897
896 898
896 900
896 901
896 902
896 903
896 905
896 907
896 908
896 911
896 912
896 913
896 914
896 915
896 916
896 917
897 898
897 899
897 901
897 902
897 903
897 906
897 907
897 908
897 910
897 911
897 913
897 915
897 916
898 899
898 900
898 901
898 902
898 904
898 906
898 907
898 909
898 910
898 912
898 913
898 914
898 915
898 916
898 917
898 919
899 900
899 901
899 903
899 907
899 909
899 910
899 911
899 912
899 913
899 914
899 915
899 917
899 918
899 989
900 901
900 902
900 907
900 909
900 911
900 912
900 914
900 916
900 917
900 918
901 902
901 906
901 908
901 909
901 910
901 911
901 912
901 913
901 914
901 915
901 916
901 917
902 904
902 905
902 907
902 908
902 910
902 911
902 912
902 914
902 915
902 916
902 917
902 918
902 920
903 912
903 914
903 915
903 916
903 917
903 979
904 906
904 907
904 984
905 908
905 909
905 911
905 913
905 914
905 916
906 908
906 910
906 911
906 912
907 908
907 909
907 913
907 915
908 909
908 910
908 911
908 912
908 913
908 916
909 910
909 911
909 913
909 915
909 917
909 918
910 911
910 912
910 913
910 915
910 916
911 912
911 914
911 916
911 918
912 913
912 914
912 915
912 916
912 917
912 919
913 914
913 915
913 916
913 917
914 915
914 917
915 916
915 917
915 918
916 917
916 920
916 983
