1 250
2 750
7 330
30 752
38 532
39 337
40 221
40 247
40 994
41 488
42 334
42 336
43 844
43 883
44 522
45 753
47 336
50 747
51 66
51 331
51 335
51 750
52 510
52 597
52 890
53 469
53 528
57 331
57 336
58 101
58 519
60 335
61 62
61 251
61 326
61 328
61 332
61 335
61 519
61 811
62 65
62 232
62 324
62 325
62 326
62 327
62 328
62 330
62 333
62 334
62 335
62 336
62 518
62 747
62 748
62 749
62 843
63 64
63 65
63 215
63 246
63 247
63 248
63 325
63 326
63 327
63 328
63 329
63 330
63 331
63 332
63 333
63 334
63 335
63 336
63 504
63 516
63 518
63 746
63 748
63 749
63 750
63 842
63 949
63 965
64 65
64 66
64 88
64 89
64 231
64 246
64 325
64 326
64 327
64 328
64 329
64 330
64 331
64 332
64 333
64 334
64 335
64 336
64 505
64 507
64 508
64 517
64 519
64 520
64 582
64 625
64 746
64 748
64 749
64 750
64 841
64 843
64 866
64 964
65 66
65 132
65 214
65 215
65 232
65 249
65 326
65 327
65 328
65 329
65 330
65 331
65 332
65 333
65 334
65 335
65 336
65 337
65 505
65 517
65 519
65 520
65 736
65 747
65 749
65 750
65 751
65 848
66 233
66 234
66 247
66 251
66 326
66 327
66 329
66 330
66 331
66 332
66 333
66 334
66 335
66 336
66 337
66 412
66 520
66 746
66 748
66 752
66 948
66 957
67 68
67 112
67 187
67 216
67 262
67 328
67 331
67 334
67 335
67 337
67 520
67 849
67 951
68 94
68 319
68 333
68 628
69 774
69 986
80 335
86 251
89 333
90 333
90 336
91 326
91 330
91 334
91 335
91 336
92 329
92 332
92 333
92 336
92 532
93 335
93 338
93 521
93 814
94 879
94 952
95 307
98 966
100 334
100 582
101 333
102 330
133 822
139 334
159 521
164 263
166 332
167 333
168 825
176 533
180 332
181 336
196 330
197 333
197 820
198 496
200 332
213 331
213 750
214 333
214 334
214 337
215 507
215 519
215 747
215 951
216 251
216 495
217 495
222 847
223 335
225 391
230 333
230 334
230 335
230 336
230 749
231 325
231 330
231 331
231 332
231 334
231 335
231 336
231 507
231 841
232 327
232 330
232 331
232 332
232 334
232 335
232 336
232 516
232 736
233 328
233 330
233 331
233 333
233 334
233 335
233 336
233 337
233 518
234 331
234 333
234 334
234 335
234 336
234 645
234 824
235 667
235 967
235 989
236 750
242 564
245 330
246 328
246 331
246 332
246 333
246 334
246 336
246 519
247 329
247 331
247 332
247 333
247 335
247 336
247 517
247 748
247 749
247 841
248 325
248 329
248 330
248 331
248 332
248 333
248 334
248 335
248 336
248 337
248 392
248 440
249 328
249 329
249 331
249 332
249 333
249 334
249 335
249 336
249 845
249 965
250 330
250 331
250 333
250 334
250 335
250 336
250 337
250 678
250 746
251 824
252 523
256 330
257 262
259 333
260 333
261 329
261 330
261 331
261 333
261 335
261 339
262 331
262 334
262 335
263 521
263 801
264 822
271 334
272 335
284 580
293 332
294 509
299 335
305 749
306 329
306 786
307 333
308 626
313 336
321 507
324 325
324 326
324 327
324 330
324 331
324 334
324 336
324 519
325 326
325 328
325 329
325 331
325 333
325 334
325 335
325 336
325 516
325 517
325 518
325 607
325 748
325 749
326 327
326 328
326 329
326 330
326 331
326 332
326 333
326 334
326 335
326 336
326 518
326 520
326 747
326 748
326 749
326 750
326 894
326 911
327 328
327 329
327 330
327 331
327 332
327 333
327 334
327 335
327 336
327 337
327 505
327 516
327 517
327 518
327 519
327 520
327 747
327 750
327 823
327 843
327 844
327 966
328 329
328 330
328 331
328 332
328 333
328 334
328 335
328 336
328 337
328 506
328 515
328 517
328 518
328 519
328 520
328 747
328 748
328 749
328 750
328 823
328 841
328 842
328 948
329 330
329 331
329 332
329 333
329 334
329 335
329 336
329 337
329 504
329 506
329 507
329 516
329 517
329 518
329 519
329 520
329 746
329 747
329 748
329 749
329 750
329 751
329 845
329 846
329 949
329 966
329 976
330 331
330 332
330 333
330 334
330 335
330 336
330 337
330 368
330 494
330 505
330 506
330 507
330 517
330 518
330 519
330 520
330 677
330 747
330 748
330 749
330 750
330 751
330 812
330 842
330 843
330 846
330 876
330 949
330 950
330 965
330 966
331 332
331 333
331 334
331 335
331 336
331 337
331 495
331 506
331 508
331 510
331 516
331 517
331 518
331 519
331 520
331 578
331 600
331 624
331 734
331 735
331 736
331 746
331 748
331 749
331 750
331 751
331 821
331 842
331 843
331 895
331 950
331 977
332 333
332 334
332 335
332 336
332 337
332 394
332 505
332 506
332 507
332 509
332 516
332 517
332 518
332 519
332 520
332 624
332 625
332 673
332 675
332 676
332 734
332 735
332 736
332 747
332 748
332 749
332 750
332 751
332 799
332 811
332 812
332 813
332 822
332 823
332 837
332 841
332 842
332 843
332 844
332 879
332 895
332 919
332 950
332 965
332 966
332 980
333 334
333 335
333 336
333 337
333 493
333 494
333 505
333 506
333 507
333 508
333 516
333 517
333 518
333 519
333 520
333 521
333 625
333 677
333 701
333 735
333 736
333 747
333 748
333 749
333 750
333 751
333 752
333 796
333 812
333 820
333 841
333 842
333 843
333 844
333 911
333 912
333 947
333 955
333 964
333 979
334 335
334 336
334 337
334 338
334 485
334 486
334 493
334 505
334 506
334 507
334 508
334 517
334 518
334 519
334 520
334 521
334 542
334 564
334 578
334 579
334 608
334 619
334 625
334 678
334 703
334 735
334 736
334 737
334 738
334 747
334 748
334 749
334 750
334 751
334 813
334 822
334 823
334 841
334 842
334 843
334 844
334 857
334 877
334 885
334 900
334 948
334 949
334 950
334 961
334 964
334 965
334 966
334 979
335 336
335 337
335 338
335 355
335 367
335 494
335 506
335 508
335 516
335 517
335 518
335 519
335 520
335 521
335 531
335 567
335 579
335 608
335 666
335 676
335 746
335 747
335 748
335 749
335 750
335 752
335 767
335 785
335 810
335 811
335 812
335 823
335 832
335 840
335 842
335 843
335 844
335 855
335 911
335 912
335 914
335 950
335 956
335 958
335 963
335 964
335 965
335 975
335 978
336 337
336 388
336 391
336 487
336 493
336 495
336 505
336 506
336 508
336 516
336 517
336 518
336 519
336 520
336 521
336 626
336 640
336 735
336 746
336 748
336 749
336 750
336 751
336 812
336 823
336 841
336 842
336 843
336 844
336 913
336 950
336 964
336 965
337 338
337 359
337 518
337 519
337 522
337 626
337 666
337 723
337 749
337 751
337 752
337 823
337 844
337 850
337 966
338 580
338 674
338 678
338 791
338 918
338 966
338 967
339 679
339 845
339 957
340 751
340 968
353 965
354 738
360 846
361 962
362 681
392 878
393 951
441 916
463 753
471 845
471 967
485 751
487 627
489 522
492 757
493 843
494 748
494 751
505 748
506 516
506 517
506 747
506 749
506 909
507 519
507 749
507 751
507 844
508 518
508 752
508 910
509 527
509 626
509 891
510 693
510 886
511 952
516 519
516 747
517 518
517 519
517 748
517 749
517 843
518 519
518 736
518 747
518 748
518 749
518 949
518 965
519 746
519 748
519 842
519 844
520 748
520 841
520 951
520 978
521 751
527 713
533 990
565 581
565 859
598 956
601 858
609 638
612 980
625 748
625 751
627 963
630 966
631 967
633 864
637 823
639 908
663 759
674 821
678 811
679 824
701 845
702 749
706 784
717 844
725 948
726 859
737 846
737 858
737 953
741 925
746 747
747 749
747 750
747 964
748 749
748 964
750 936
751 842
752 844
758 884
779 838
813 845
821 886
839 847
844 965
877 966
951 995
958 976
