2 129
2 966
5 198
6 544
7 925
8 31
9 159
13 199
13 593
14 18
14 32
14 124
14 203
14 232
14 396
14 805
14 817
15 18
15 24
15 31
15 98
15 103
15 104
15 106
15 107
15 109
15 112
15 176
15 179
15 181
15 182
15 184
15 187
15 188
15 200
15 236
15 241
15 298
15 393
15 397
15 402
15 403
15 405
15 407
15 795
15 798
15 814
16 18
16 21
16 27
16 30
16 34
16 39
16 97
16 99
16 100
16 101
16 103
16 104
16 105
16 107
16 108
16 115
16 116
16 117
16 121
16 123
16 175
16 177
16 183
16 188
16 190
16 192
16 198
16 201
16 236
16 237
16 241
16 243
16 393
16 395
16 398
16 400
16 401
16 797
16 800
16 801
16 803
16 806
16 807
16 811
16 962
17 19
17 23
17 24
17 27
17 32
17 34
17 98
17 100
17 102
17 103
17 104
17 106
17 111
17 112
17 114
17 116
17 117
17 122
17 176
17 177
17 179
17 180
17 182
17 184
17 189
17 190
17 192
17 193
17 195
17 196
17 197
17 199
17 200
17 232
17 237
17 240
17 241
17 394
17 396
17 397
17 398
17 400
17 401
17 402
17 404
17 405
17 795
17 796
17 797
17 798
17 799
17 801
17 802
17 805
17 807
17 809
17 811
17 812
17 813
17 814
17 963
17 964
18 20
18 21
18 22
18 25
18 26
18 27
18 30
18 32
18 35
18 37
18 38
18 39
18 100
18 101
18 102
18 104
18 106
18 107
18 109
18 111
18 112
18 113
18 116
18 117
18 176
18 177
18 181
18 182
18 183
18 186
18 187
18 188
18 190
18 192
18 193
18 194
18 195
18 196
18 197
18 199
18 200
18 201
18 230
18 232
18 234
18 235
18 237
18 239
18 240
18 244
18 394
18 398
18 399
18 400
18 401
18 403
18 404
18 408
18 795
18 797
18 798
18 800
18 801
18 802
18 806
18 807
18 808
18 809
18 811
18 812
18 813
18 814
18 962
18 963
19 20
19 21
19 23
19 25
19 26
19 28
19 29
19 31
19 32
19 36
19 37
19 97
19 101
19 104
19 105
19 106
19 108
19 110
19 112
19 114
19 115
19 122
19 123
19 124
19 177
19 179
19 180
19 181
19 183
19 184
19 185
19 186
19 188
19 189
19 190
19 192
19 193
19 194
19 195
19 200
19 230
19 231
19 232
19 233
19 234
19 235
19 236
19 237
19 239
19 240
19 241
19 242
19 243
19 396
19 397
19 398
19 399
19 401
19 402
19 403
19 405
19 406
19 407
19 794
19 795
19 797
19 799
19 801
19 802
19 803
19 804
19 805
19 806
19 808
19 809
19 812
19 814
19 815
19 853
19 854
19 959
19 960
19 961
19 962
19 964
20 21
20 22
20 24
20 26
20 27
20 28
20 29
20 30
20 31
20 32
20 36
20 37
20 38
20 98
20 99
20 100
20 101
20 102
20 103
20 104
20 105
20 106
20 107
20 108
20 109
20 110
20 111
20 112
20 113
20 114
20 116
20 117
20 176
20 177
20 178
20 179
20 180
20 181
20 183
20 186
20 187
20 189
20 190
20 192
20 193
20 194
20 195
20 196
20 197
20 198
20 199
20 200
20 201
20 232
20 233
20 235
20 236
20 237
20 238
20 240
20 244
20 392
20 396
20 397
20 398
20 399
20 400
20 401
20 402
20 403
20 404
20 405
20 406
20 407
20 408
20 795
20 796
20 797
20 799
20 801
20 803
20 804
20 805
20 806
20 808
20 809
20 810
20 812
20 813
20 814
20 963
21 22
21 23
21 25
21 26
21 27
21 28
21 30
21 31
21 32
21 33
21 35
21 36
21 37
21 38
21 97
21 99
21 100
21 101
21 102
21 103
21 104
21 105
21 106
21 107
21 108
21 109
21 110
21 111
21 112
21 113
21 114
21 115
21 116
21 117
21 125
21 174
21 177
21 178
21 180
21 181
21 182
21 183
21 184
21 185
21 186
21 187
21 188
21 190
21 191
21 192
21 193
21 194
21 195
21 196
21 197
21 198
21 199
21 201
21 229
21 231
21 232
21 233
21 235
21 236
21 237
21 238
21 240
21 242
21 243
21 244
21 394
21 395
21 396
21 397
21 398
21 399
21 400
21 401
21 402
21 408
21 795
21 796
21 797
21 798
21 799
21 801
21 802
21 803
21 804
21 805
21 806
21 807
21 808
21 809
21 810
21 811
21 814
21 816
21 962
21 964
22 23
22 24
22 25
22 26
22 27
22 28
22 29
22 30
22 31
22 32
22 33
22 35
22 36
22 37
22 38
22 99
22 101
22 102
22 103
22 104
22 105
22 106
22 107
22 108
22 109
22 112
22 113
22 114
22 115
22 116
22 117
22 124
22 125
22 126
22 141
22 178
22 183
22 184
22 185
22 186
22 187
22 189
22 190
22 191
22 192
22 193
22 194
22 195
22 196
22 197
22 198
22 199
22 200
22 229
22 232
22 233
22 234
22 235
22 236
22 237
22 239
22 240
22 241
22 242
22 243
22 244
22 394
22 396
22 398
22 399
22 401
22 403
22 404
22 406
22 407
22 793
22 794
22 796
22 797
22 799
22 800
22 802
22 803
22 805
22 806
22 807
22 808
22 809
22 810
22 811
22 812
22 813
22 814
22 815
22 854
22 962
22 963
23 24
23 25
23 26
23 27
23 28
23 29
23 30
23 31
23 32
23 33
23 34
23 35
23 37
23 38
23 39
23 98
23 100
23 102
23 103
23 104
23 105
23 106
23 107
23 110
23 111
23 112
23 113
23 115
23 117
23 118
23 123
23 177
23 179
23 181
23 182
23 183
23 185
23 186
23 187
23 188
23 189
23 190
23 191
23 192
23 193
23 194
23 195
23 196
23 197
23 199
23 200
23 201
23 232
23 234
23 235
23 236
23 237
23 238
23 239
23 241
23 242
23 243
23 244
23 393
23 395
23 397
23 398
23 399
23 400
23 401
23 402
23 403
23 404
23 405
23 406
23 407
23 408
23 562
23 567
23 569
23 794
23 795
23 796
23 797
23 798
23 800
23 801
23 802
23 803
23 804
23 805
23 806
23 807
23 808
23 809
23 810
23 811
23 812
23 813
23 814
23 815
23 960
23 964
24 25
24 26
24 27
24 28
24 29
24 30
24 31
24 32
24 33
24 34
24 35
24 36
24 37
24 38
24 39
24 40
24 98
24 99
24 100
24 101
24 102
24 103
24 104
24 105
24 106
24 107
24 108
24 109
24 111
24 112
24 113
24 114
24 115
24 116
24 117
24 176
24 178
24 179
24 180
24 181
24 182
24 183
24 184
24 185
24 186
24 187
24 188
24 189
24 192
24 193
24 194
24 195
24 197
24 198
24 199
24 200
24 201
24 230
24 236
24 237
24 239
24 240
24 241
24 242
24 243
24 244
24 394
24 396
24 397
24 398
24 399
24 400
24 401
24 402
24 403
24 404
24 405
24 406
24 407
24 793
24 795
24 796
24 797
24 799
24 800
24 801
24 802
24 803
24 804
24 805
24 806
24 807
24 808
24 809
24 810
24 811
24 812
24 813
24 814
24 815
24 816
24 960
24 961
24 965
25 26
25 27
25 28
25 29
25 30
25 31
25 32
25 33
25 35
25 36
25 37
25 38
25 39
25 98
25 99
25 103
25 104
25 105
25 106
25 107
25 108
25 109
25 110
25 111
25 112
25 113
25 114
25 115
25 116
25 117
25 121
25 179
25 183
25 184
25 185
25 186
25 187
25 188
25 189
25 190
25 191
25 192
25 193
25 194
25 195
25 196
25 197
25 198
25 199
25 200
25 201
25 231
25 232
25 233
25 234
25 237
25 238
25 239
25 240
25 241
25 243
25 244
25 392
25 393
25 395
25 396
25 398
25 399
25 400
25 401
25 402
25 403
25 404
25 405
25 406
25 407
25 408
25 570
25 793
25 795
25 796
25 797
25 799
25 800
25 801
25 802
25 803
25 804
25 805
25 806
25 808
25 809
25 810
25 811
25 813
25 814
25 815
25 816
25 960
25 962
25 963
25 964
25 965
26 28
26 29
26 30
26 31
26 32
26 33
26 34
26 35
26 36
26 37
26 38
26 39
26 99
26 100
26 101
26 102
26 103
26 105
26 107
26 108
26 109
26 110
26 111
26 112
26 113
26 114
26 115
26 116
26 117
26 122
26 123
26 125
26 179
26 180
26 181
26 183
26 184
26 185
26 186
26 187
26 188
26 189
26 190
26 191
26 192
26 193
26 194
26 195
26 196
26 197
26 198
26 199
26 200
26 201
26 202
26 230
26 233
26 234
26 236
26 237
26 239
26 240
26 241
26 242
26 243
26 244
26 245
26 395
26 396
26 397
26 398
26 399
26 400
26 401
26 402
26 403
26 404
26 405
26 406
26 407
26 408
26 568
26 792
26 797
26 798
26 799
26 800
26 801
26 802
26 803
26 804
26 805
26 806
26 807
26 808
26 809
26 810
26 811
26 812
26 813
26 814
26 815
26 816
26 964
27 28
27 29
27 30
27 31
27 32
27 33
27 34
27 35
27 36
27 37
27 38
27 39
27 82
27 99
27 100
27 102
27 103
27 104
27 105
27 106
27 107
27 108
27 109
27 110
27 111
27 112
27 113
27 114
27 115
27 116
27 117
27 118
27 124
27 180
27 181
27 182
27 183
27 184
27 185
27 187
27 188
27 189
27 190
27 191
27 192
27 193
27 194
27 195
27 196
27 197
27 198
27 199
27 200
27 201
27 225
27 235
27 236
27 237
27 238
27 239
27 240
27 241
27 242
27 243
27 244
27 245
27 394
27 398
27 399
27 400
27 401
27 402
27 404
27 405
27 406
27 407
27 563
27 796
27 798
27 799
27 800
27 801
27 802
27 803
27 804
27 805
27 806
27 807
27 808
27 809
27 810
27 811
27 812
27 813
27 814
27 815
27 960
27 962
28 29
28 30
28 31
28 32
28 33
28 34
28 35
28 36
28 37
28 38
28 39
28 98
28 101
28 103
28 104
28 106
28 108
28 109
28 110
28 111
28 112
28 113
28 114
28 115
28 116
28 117
28 177
28 179
28 180
28 182
28 183
28 184
28 185
28 186
28 187
28 188
28 189
28 190
28 191
28 192
28 193
28 194
28 195
28 196
28 197
28 198
28 199
28 200
28 201
28 229
28 233
28 234
28 235
28 236
28 238
28 239
28 240
28 241
28 242
28 243
28 391
28 393
28 395
28 397
28 398
28 399
28 400
28 401
28 402
28 403
28 404
28 405
28 406
28 407
28 478
28 792
28 795
28 796
28 798
28 799
28 801
28 803
28 804
28 805
28 806
28 807
28 808
28 809
28 810
28 811
28 812
28 813
28 814
28 815
28 962
28 963
29 30
29 31
29 32
29 33
29 34
29 35
29 36
29 37
29 38
29 39
29 40
29 97
29 98
29 100
29 101
29 102
29 103
29 105
29 106
29 107
29 108
29 109
29 110
29 111
29 112
29 113
29 114
29 115
29 116
29 117
29 178
29 179
29 180
29 181
29 182
29 183
29 184
29 185
29 186
29 187
29 188
29 189
29 190
29 191
29 192
29 193
29 194
29 195
29 196
29 197
29 198
29 199
29 200
29 201
29 230
29 233
29 234
29 235
29 236
29 237
29 238
29 239
29 240
29 241
29 242
29 243
29 244
29 245
29 393
29 395
29 396
29 397
29 398
29 399
29 400
29 401
29 402
29 403
29 404
29 405
29 406
29 407
29 660
29 688
29 795
29 796
29 798
29 799
29 800
29 801
29 802
29 803
29 804
29 805
29 806
29 807
29 808
29 809
29 810
29 811
29 812
29 813
29 814
29 815
29 964
30 31
30 32
30 33
30 34
30 35
30 36
30 37
30 38
30 39
30 100
30 102
30 103
30 105
30 106
30 107
30 108
30 109
30 110
30 111
30 112
30 113
30 114
30 115
30 116
30 117
30 118
30 123
30 177
30 179
30 180
30 181
30 183
30 184
30 185
30 186
30 187
30 188
30 189
30 190
30 191
30 192
30 193
30 194
30 195
30 196
30 197
30 198
30 199
30 200
30 201
30 232
30 234
30 235
30 236
30 237
30 238
30 239
30 240
30 241
30 242
30 243
30 244
30 394
30 397
30 399
30 401
30 402
30 403
30 405
30 406
30 407
30 793
30 795
30 798
30 799
30 800
30 801
30 802
30 803
30 804
30 805
30 806
30 807
30 808
30 809
30 810
30 811
30 812
30 813
30 814
30 815
30 960
30 961
30 963
30 964
31 32
31 33
31 34
31 35
31 36
31 37
31 38
31 39
31 98
31 99
31 100
31 102
31 103
31 104
31 105
31 106
31 107
31 108
31 109
31 110
31 111
31 112
31 113
31 114
31 115
31 116
31 117
31 127
31 175
31 176
31 179
31 180
31 181
31 182
31 183
31 184
31 185
31 186
31 187
31 188
31 189
31 190
31 191
31 192
31 193
31 194
31 195
31 196
31 197
31 198
31 199
31 200
31 201
31 232
31 235
31 236
31 237
31 238
31 239
31 240
31 242
31 243
31 244
31 392
31 394
31 399
31 400
31 401
31 402
31 403
31 404
31 405
31 406
31 407
31 568
31 570
31 571
31 794
31 796
31 801
31 802
31 803
31 804
31 805
31 806
31 807
31 808
31 809
31 810
31 811
31 812
31 813
31 814
31 815
31 816
31 962
31 965
31 966
32 33
32 34
32 35
32 36
32 37
32 38
32 39
32 102
32 103
32 104
32 105
32 106
32 107
32 108
32 109
32 110
32 111
32 112
32 113
32 114
32 115
32 116
32 117
32 121
32 176
32 178
32 180
32 181
32 183
32 184
32 185
32 186
32 187
32 188
32 189
32 190
32 191
32 192
32 193
32 194
32 195
32 196
32 197
32 198
32 199
32 200
32 201
32 232
32 233
32 234
32 235
32 236
32 237
32 238
32 239
32 240
32 241
32 242
32 243
32 244
32 245
32 257
32 303
32 397
32 398
32 400
32 401
32 402
32 403
32 404
32 405
32 406
32 407
32 567
32 568
32 795
32 797
32 799
32 800
32 801
32 802
32 803
32 804
32 805
32 806
32 807
32 808
32 809
32 810
32 811
32 812
32 813
32 814
32 815
32 816
32 962
32 964
33 34
33 35
33 36
33 37
33 38
33 39
33 100
33 102
33 103
33 104
33 105
33 106
33 107
33 108
33 109
33 110
33 111
33 112
33 113
33 114
33 115
33 116
33 117
33 122
33 131
33 178
33 179
33 180
33 182
33 184
33 185
33 186
33 187
33 188
33 189
33 190
33 191
33 192
33 193
33 194
33 195
33 196
33 197
33 198
33 199
33 200
33 201
33 202
33 230
33 232
33 233
33 234
33 235
33 236
33 237
33 239
33 240
33 241
33 242
33 243
33 244
33 394
33 395
33 397
33 398
33 399
33 400
33 401
33 402
33 403
33 404
33 405
33 406
33 407
33 408
33 794
33 797
33 798
33 799
33 800
33 801
33 802
33 803
33 804
33 805
33 806
33 807
33 808
33 809
33 810
33 811
33 812
33 813
33 814
33 815
33 816
33 963
33 964
34 35
34 36
34 37
34 38
34 39
34 97
34 100
34 101
34 102
34 103
34 105
34 106
34 107
34 108
34 109
34 110
34 111
34 112
34 113
34 114
34 115
34 116
34 117
34 118
34 121
34 126
34 177
34 179
34 180
34 181
34 182
34 183
34 184
34 185
34 186
34 187
34 188
34 189
34 190
34 191
34 192
34 193
34 194
34 195
34 196
34 197
34 198
34 199
34 200
34 201
34 202
34 232
34 233
34 234
34 237
34 238
34 239
34 240
34 242
34 243
34 244
34 245
34 246
34 376
34 396
34 397
34 399
34 400
34 401
34 402
34 403
34 404
34 405
34 406
34 407
34 408
34 747
34 792
34 795
34 796
34 797
34 798
34 799
34 800
34 801
34 802
34 803
34 804
34 805
34 806
34 807
34 808
34 809
34 810
34 811
34 812
34 813
34 814
34 815
34 816
34 906
34 962
35 36
35 37
35 38
35 39
35 40
35 97
35 99
35 102
35 103
35 104
35 105
35 106
35 107
35 108
35 109
35 110
35 111
35 112
35 113
35 114
35 115
35 116
35 117
35 118
35 123
35 180
35 181
35 182
35 183
35 184
35 185
35 186
35 187
35 188
35 189
35 190
35 191
35 192
35 193
35 194
35 195
35 196
35 197
35 198
35 199
35 200
35 201
35 232
35 235
35 236
35 237
35 238
35 239
35 240
35 241
35 242
35 243
35 244
35 305
35 394
35 395
35 397
35 399
35 400
35 401
35 402
35 403
35 404
35 405
35 406
35 407
35 408
35 555
35 637
35 793
35 794
35 796
35 797
35 798
35 799
35 800
35 801
35 802
35 803
35 804
35 805
35 806
35 807
35 808
35 809
35 810
35 811
35 812
35 813
35 814
35 815
35 816
35 817
35 960
35 961
35 963
36 37
36 38
36 39
36 40
36 101
36 103
36 104
36 106
36 107
36 108
36 109
36 110
36 111
36 112
36 113
36 114
36 115
36 116
36 117
36 118
36 119
36 132
36 178
36 180
36 182
36 183
36 184
36 185
36 186
36 187
36 188
36 189
36 190
36 191
36 192
36 193
36 194
36 195
36 196
36 197
36 198
36 199
36 200
36 201
36 230
36 232
36 235
36 236
36 237
36 239
36 240
36 241
36 242
36 243
36 244
36 245
36 259
36 274
36 400
36 401
36 403
36 404
36 405
36 406
36 407
36 408
36 409
36 571
36 793
36 796
36 799
36 800
36 801
36 802
36 803
36 804
36 805
36 806
36 807
36 808
36 809
36 810
36 811
36 812
36 813
36 814
36 815
36 816
36 962
36 963
36 964
37 38
37 39
37 40
37 41
37 97
37 99
37 103
37 104
37 107
37 108
37 109
37 110
37 111
37 112
37 113
37 114
37 115
37 116
37 117
37 118
37 125
37 176
37 177
37 178
37 179
37 181
37 182
37 183
37 184
37 185
37 186
37 187
37 188
37 189
37 190
37 191
37 192
37 193
37 194
37 195
37 196
37 197
37 198
37 199
37 200
37 201
37 202
37 232
37 233
37 234
37 235
37 236
37 237
37 238
37 239
37 240
37 241
37 242
37 243
37 244
37 374
37 393
37 395
37 397
37 399
37 400
37 401
37 402
37 403
37 404
37 405
37 406
37 407
37 408
37 570
37 639
37 797
37 798
37 800
37 801
37 802
37 803
37 804
37 805
37 806
37 807
37 808
37 809
37 810
37 811
37 812
37 813
37 814
37 815
37 816
37 961
37 962
37 964
38 39
38 100
38 101
38 102
38 103
38 105
38 106
38 107
38 109
38 110
38 111
38 112
38 113
38 114
38 115
38 116
38 117
38 122
38 125
38 155
38 175
38 177
38 178
38 179
38 183
38 184
38 187
38 188
38 189
38 190
38 191
38 192
38 193
38 194
38 195
38 196
38 197
38 198
38 199
38 200
38 201
38 230
38 232
38 233
38 234
38 235
38 236
38 238
38 239
38 240
38 241
38 242
38 243
38 244
38 306
38 393
38 395
38 397
38 398
38 400
38 401
38 402
38 403
38 404
38 405
38 406
38 407
38 408
38 411
38 492
38 558
38 622
38 661
38 748
38 797
38 798
38 799
38 800
38 801
38 802
38 803
38 804
38 805
38 806
38 807
38 808
38 809
38 810
38 811
38 812
38 813
38 814
38 815
38 816
38 961
38 962
38 963
39 40
39 41
39 99
39 100
39 103
39 104
39 105
39 106
39 107
39 108
39 109
39 110
39 111
39 112
39 113
39 114
39 115
39 116
39 117
39 118
39 124
39 177
39 178
39 181
39 182
39 183
39 184
39 185
39 186
39 187
39 189
39 190
39 191
39 192
39 193
39 194
39 195
39 196
39 197
39 198
39 199
39 200
39 201
39 202
39 232
39 233
39 234
39 235
39 236
39 239
39 240
39 241
39 242
39 243
39 244
39 247
39 394
39 395
39 397
39 398
39 399
39 400
39 401
39 402
39 403
39 405
39 406
39 407
39 408
39 409
39 568
39 626
39 638
39 793
39 794
39 797
39 799
39 800
39 801
39 803
39 804
39 805
39 806
39 808
39 809
39 810
39 811
39 812
39 813
39 814
39 815
39 816
39 964
39 967
40 42
40 109
40 113
40 118
40 180
40 184
40 187
40 191
40 192
40 193
40 196
40 199
40 200
40 202
40 235
40 236
40 397
40 407
40 622
40 661
40 751
40 802
40 809
40 811
40 812
40 813
40 815
41 46
41 119
41 125
41 198
41 199
41 623
41 810
41 816
41 919
42 200
42 350
42 907
43 203
43 857
44 507
45 251
54 198
55 201
55 345
64 569
65 857
67 197
70 809
71 200
72 201
73 584
74 231
75 820
77 542
89 219
92 192
96 107
96 185
96 245
96 392
96 809
97 101
97 104
97 109
97 117
97 178
97 182
97 185
97 190
97 191
97 244
97 393
97 395
97 400
97 406
97 569
97 813
97 815
97 962
98 100
98 102
98 104
98 105
98 108
98 110
98 114
98 118
98 125
98 177
98 178
98 179
98 182
98 184
98 186
98 189
98 190
98 195
98 233
98 236
98 238
98 242
98 243
98 394
98 396
98 397
98 401
98 403
98 404
98 405
98 458
98 795
98 803
98 805
98 813
98 961
99 100
99 103
99 105
99 112
99 115
99 116
99 122
99 176
99 179
99 180
99 181
99 182
99 184
99 185
99 186
99 192
99 193
99 194
99 195
99 197
99 198
99 199
99 200
99 232
99 233
99 234
99 236
99 240
99 394
99 399
99 400
99 403
99 406
99 795
99 801
99 802
99 805
99 806
99 808
99 809
99 810
99 811
99 813
100 101
100 102
100 104
100 105
100 106
100 107
100 110
100 112
100 113
100 114
100 116
100 177
100 179
100 180
100 181
100 182
100 184
100 187
100 189
100 190
100 191
100 192
100 193
100 194
100 197
100 200
100 232
100 236
100 237
100 240
100 241
100 242
100 243
100 244
100 398
100 399
100 401
100 402
100 403
100 404
100 659
100 798
100 799
100 800
100 801
100 804
100 806
100 807
100 810
100 811
100 813
101 102
101 104
101 105
101 106
101 107
101 108
101 110
101 111
101 112
101 115
101 116
101 117
101 118
101 178
101 179
101 181
101 182
101 183
101 184
101 185
101 186
101 191
101 192
101 193
101 195
101 196
101 199
101 200
101 201
101 230
101 232
101 234
101 237
101 238
101 239
101 240
101 241
101 243
101 244
101 395
101 396
101 397
101 398
101 399
101 403
101 404
101 405
101 406
101 407
101 795
101 796
101 800
101 801
101 802
101 803
101 804
101 807
101 808
101 809
101 810
101 811
101 812
101 813
101 815
101 816
101 960
102 103
102 104
102 105
102 107
102 108
102 109
102 110
102 111
102 115
102 116
102 117
102 124
102 125
102 175
102 176
102 178
102 180
102 182
102 183
102 184
102 186
102 189
102 190
102 191
102 192
102 193
102 194
102 195
102 197
102 198
102 199
102 201
102 231
102 232
102 234
102 235
102 236
102 237
102 238
102 239
102 240
102 242
102 243
102 244
102 395
102 397
102 398
102 400
102 401
102 402
102 403
102 404
102 405
102 407
102 793
102 794
102 795
102 796
102 797
102 798
102 801
102 802
102 803
102 804
102 805
102 806
102 809
102 811
102 812
102 813
102 962
102 963
103 104
103 105
103 108
103 109
103 110
103 111
103 112
103 113
103 117
103 123
103 124
103 175
103 181
103 186
103 187
103 188
103 189
103 191
103 192
103 193
103 194
103 195
103 196
103 197
103 199
103 200
103 201
103 233
103 234
103 235
103 236
103 237
103 238
103 239
103 241
103 242
103 243
103 245
103 394
103 396
103 397
103 398
103 399
103 400
103 401
103 403
103 405
103 406
103 407
103 408
103 794
103 795
103 797
103 800
103 801
103 802
103 803
103 804
103 805
103 808
103 809
103 810
103 811
103 812
103 813
103 814
103 815
103 816
103 961
103 962
103 964
104 105
104 106
104 107
104 109
104 111
104 114
104 115
104 116
104 117
104 118
104 123
104 176
104 179
104 180
104 181
104 185
104 186
104 187
104 188
104 189
104 190
104 192
104 193
104 194
104 195
104 196
104 197
104 198
104 199
104 200
104 201
104 232
104 234
104 235
104 236
104 237
104 239
104 240
104 241
104 242
104 243
104 394
104 396
104 397
104 398
104 399
104 400
104 401
104 402
104 404
104 405
104 406
104 407
104 793
104 794
104 795
104 796
104 797
104 799
104 801
104 802
104 803
104 804
104 805
104 806
104 807
104 808
104 809
104 812
104 813
104 814
104 815
104 816
104 963
105 106
105 107
105 109
105 110
105 112
105 113
105 114
105 115
105 116
105 117
105 118
105 123
105 124
105 178
105 179
105 180
105 181
105 182
105 183
105 184
105 185
105 186
105 187
105 188
105 189
105 190
105 191
105 192
105 193
105 194
105 195
105 196
105 197
105 198
105 200
105 201
105 229
105 235
105 236
105 237
105 238
105 239
105 240
105 242
105 243
105 244
105 396
105 397
105 399
105 400
105 401
105 404
105 405
105 406
105 407
105 792
105 795
105 796
105 797
105 799
105 800
105 801
105 802
105 803
105 805
105 807
105 808
105 809
105 810
105 811
105 814
105 815
105 961
105 962
105 964
105 966
106 107
106 108
106 109
106 110
106 112
106 113
106 114
106 115
106 116
106 117
106 123
106 124
106 126
106 175
106 178
106 179
106 180
106 182
106 183
106 184
106 185
106 186
106 187
106 188
106 190
106 191
106 192
106 193
106 194
106 195
106 196
106 197
106 198
106 199
106 200
106 201
106 233
106 234
106 236
106 238
106 239
106 240
106 241
106 242
106 243
106 244
106 245
106 396
106 397
106 398
106 399
106 400
106 401
106 402
106 403
106 404
106 405
106 406
106 407
106 792
106 794
106 795
106 798
106 799
106 800
106 801
106 802
106 803
106 804
106 805
106 806
106 807
106 808
106 809
106 810
106 811
106 812
106 813
106 814
106 815
106 960
106 962
106 963
107 109
107 110
107 111
107 112
107 113
107 114
107 115
107 116
107 117
107 176
107 177
107 180
107 181
107 183
107 184
107 185
107 186
107 187
107 189
107 190
107 191
107 192
107 193
107 194
107 195
107 196
107 197
107 198
107 199
107 200
107 201
107 233
107 235
107 237
107 238
107 239
107 240
107 241
107 242
107 243
107 393
107 395
107 397
107 398
107 401
107 402
107 403
107 404
107 405
107 406
107 407
107 408
107 569
107 732
107 794
107 795
107 798
107 801
107 802
107 803
107 805
107 806
107 807
107 808
107 809
107 810
107 811
107 812
107 813
107 814
107 815
107 963
107 964
107 965
108 109
108 110
108 111
108 112
108 113
108 114
108 115
108 116
108 117
108 118
108 123
108 125
108 176
108 177
108 178
108 179
108 181
108 182
108 183
108 184
108 185
108 186
108 187
108 188
108 189
108 190
108 191
108 192
108 193
108 194
108 195
108 196
108 197
108 198
108 199
108 200
108 230
108 235
108 236
108 237
108 238
108 239
108 240
108 241
108 242
108 243
108 244
108 393
108 394
108 395
108 397
108 399
108 402
108 403
108 404
108 405
108 406
108 407
108 570
108 795
108 796
108 797
108 798
108 799
108 800
108 802
108 803
108 804
108 805
108 806
108 807
108 808
108 809
108 810
108 811
108 812
108 813
108 814
108 815
108 961
108 964
109 110
109 111
109 112
109 113
109 114
109 115
109 116
109 117
109 124
109 125
109 175
109 177
109 178
109 180
109 181
109 182
109 183
109 184
109 185
109 186
109 187
109 188
109 189
109 190
109 191
109 192
109 193
109 194
109 195
109 196
109 197
109 198
109 199
109 200
109 201
109 230
109 231
109 233
109 234
109 235
109 236
109 237
109 238
109 240
109 241
109 242
109 243
109 244
109 394
109 395
109 397
109 398
109 400
109 401
109 402
109 403
109 404
109 405
109 406
109 407
109 408
109 409
109 795
109 796
109 798
109 799
109 800
109 801
109 802
109 803
109 804
109 805
109 806
109 807
109 808
109 809
109 810
109 811
109 812
109 814
109 815
109 963
109 965
110 111
110 112
110 113
110 114
110 115
110 116
110 117
110 122
110 178
110 180
110 182
110 183
110 184
110 185
110 186
110 187
110 188
110 189
110 190
110 191
110 192
110 193
110 194
110 195
110 196
110 197
110 198
110 199
110 200
110 201
110 230
110 232
110 233
110 234
110 235
110 236
110 237
110 238
110 239
110 240
110 241
110 242
110 243
110 244
110 245
110 393
110 394
110 398
110 399
110 400
110 401
110 402
110 403
110 404
110 405
110 406
110 407
110 408
110 793
110 795
110 796
110 798
110 799
110 800
110 801
110 802
110 803
110 804
110 805
110 806
110 807
110 808
110 809
110 810
110 811
110 812
110 813
110 814
110 815
110 816
110 853
110 963
110 964
110 965
111 112
111 113
111 114
111 115
111 116
111 117
111 123
111 177
111 179
111 180
111 182
111 183
111 184
111 185
111 186
111 187
111 188
111 189
111 190
111 191
111 192
111 193
111 194
111 195
111 196
111 197
111 198
111 199
111 200
111 201
111 229
111 234
111 236
111 237
111 238
111 239
111 240
111 241
111 242
111 243
111 244
111 393
111 395
111 396
111 397
111 398
111 399
111 400
111 401
111 402
111 403
111 404
111 405
111 406
111 407
111 408
111 571
111 794
111 798
111 800
111 802
111 803
111 804
111 805
111 806
111 807
111 808
111 809
111 810
111 811
111 812
111 813
111 814
111 815
111 960
111 961
111 965
112 113
112 114
112 115
112 116
112 117
112 126
112 175
112 180
112 181
112 183
112 184
112 185
112 186
112 187
112 188
112 189
112 190
112 191
112 192
112 193
112 194
112 195
112 196
112 197
112 198
112 199
112 200
112 201
112 231
112 232
112 233
112 234
112 235
112 237
112 238
112 239
112 240
112 242
112 243
112 244
112 245
112 247
112 391
112 394
112 397
112 399
112 400
112 401
112 402
112 403
112 404
112 405
112 406
112 407
112 408
112 794
112 795
112 796
112 797
112 798
112 799
112 800
112 801
112 802
112 803
112 804
112 805
112 806
112 807
112 808
112 809
112 810
112 811
112 812
112 813
112 814
112 815
112 816
112 901
112 961
112 962
112 963
113 114
113 115
113 116
113 117
113 119
113 123
113 125
113 175
113 179
113 180
113 182
113 183
113 184
113 185
113 186
113 187
113 188
113 189
113 190
113 191
113 192
113 193
113 194
113 195
113 196
113 197
113 198
113 199
113 200
113 201
113 231
113 233
113 234
113 235
113 236
113 237
113 238
113 239
113 240
113 241
113 243
113 251
113 392
113 395
113 396
113 397
113 398
113 400
113 401
113 402
113 403
113 404
113 405
113 406
113 407
113 408
113 409
113 792
113 797
113 798
113 800
113 801
113 802
113 803
113 804
113 805
113 806
113 807
113 808
113 809
113 810
113 811
113 812
113 813
113 814
113 815
113 816
113 853
113 855
113 960
113 961
113 964
113 966
114 115
114 116
114 117
114 118
114 175
114 177
114 178
114 179
114 180
114 181
114 182
114 183
114 184
114 185
114 186
114 187
114 188
114 189
114 190
114 191
114 192
114 193
114 194
114 195
114 196
114 197
114 198
114 199
114 200
114 201
114 220
114 232
114 234
114 236
114 238
114 239
114 240
114 241
114 242
114 243
114 244
114 375
114 394
114 395
114 396
114 397
114 398
114 399
114 401
114 402
114 403
114 404
114 405
114 406
114 407
114 408
114 693
114 793
114 798
114 799
114 800
114 801
114 802
114 803
114 804
114 805
114 806
114 807
114 808
114 809
114 810
114 811
114 812
114 813
114 814
114 815
114 959
114 960
114 961
114 963
114 965
114 966
115 116
115 117
115 124
115 125
115 126
115 176
115 177
115 179
115 180
115 181
115 182
115 183
115 184
115 185
115 186
115 187
115 188
115 189
115 190
115 191
115 192
115 193
115 194
115 195
115 196
115 197
115 198
115 199
115 200
115 201
115 231
115 234
115 236
115 237
115 238
115 239
115 240
115 241
115 242
115 243
115 244
115 395
115 396
115 397
115 398
115 399
115 400
115 401
115 402
115 403
115 404
115 405
115 406
115 407
115 408
115 409
115 423
115 569
115 574
115 794
115 795
115 798
115 799
115 801
115 802
115 803
115 804
115 805
115 806
115 807
115 808
115 809
115 810
115 811
115 812
115 813
115 814
115 815
115 816
115 817
115 961
115 963
115 964
116 117
116 176
116 178
116 179
116 180
116 182
116 183
116 184
116 185
116 186
116 187
116 188
116 189
116 190
116 191
116 192
116 193
116 194
116 195
116 196
116 197
116 198
116 199
116 200
116 201
116 231
116 234
116 235
116 236
116 237
116 238
116 239
116 240
116 241
116 242
116 243
116 244
116 245
116 393
116 397
116 398
116 399
116 400
116 401
116 402
116 403
116 404
116 405
116 406
116 407
116 408
116 532
116 583
116 688
116 792
116 794
116 795
116 797
116 798
116 799
116 800
116 801
116 802
116 803
116 804
116 805
116 806
116 807
116 808
116 809
116 810
116 811
116 812
116 813
116 814
116 815
116 816
116 960
116 967
117 127
117 178
117 179
117 180
117 181
117 182
117 183
117 184
117 186
117 187
117 188
117 189
117 190
117 191
117 192
117 193
117 194
117 195
117 196
117 197
117 198
117 199
117 200
117 201
117 202
117 232
117 233
117 234
117 235
117 236
117 237
117 238
117 239
117 240
117 241
117 242
117 243
117 244
117 393
117 394
117 398
117 399
117 400
117 402
117 403
117 404
117 405
117 406
117 407
117 567
117 656
117 794
117 795
117 796
117 797
117 798
117 799
117 800
117 801
117 802
117 804
117 805
117 806
117 807
117 808
117 809
117 810
117 811
117 812
117 813
117 814
117 815
117 816
117 961
117 964
118 178
118 183
118 185
118 189
118 192
118 193
118 194
118 195
118 196
118 197
118 198
118 199
118 200
118 201
118 233
118 234
118 236
118 242
118 401
118 404
118 406
118 409
118 410
118 502
118 541
118 687
118 746
118 747
118 798
118 799
118 801
118 803
118 805
118 809
118 810
118 812
118 813
118 814
118 815
118 961
118 962
119 127
119 196
119 197
119 199
119 201
119 202
119 352
119 572
119 815
119 816
120 142
120 203
120 725
120 750
121 182
121 240
121 406
121 570
121 797
122 173
122 176
122 180
122 185
122 191
122 193
122 195
122 198
122 209
122 240
122 308
122 398
122 401
122 403
122 793
122 794
122 795
122 796
122 799
122 800
122 804
122 811
122 813
123 174
123 178
123 180
123 182
123 186
123 187
123 188
123 191
123 195
123 196
123 197
123 199
123 200
123 201
123 237
123 241
123 244
123 394
123 397
123 398
123 399
123 400
123 401
123 404
123 794
123 795
123 797
123 798
123 799
123 800
123 805
123 806
123 810
123 812
123 813
123 814
123 961
124 174
124 175
124 180
124 181
124 182
124 183
124 184
124 185
124 186
124 187
124 191
124 194
124 196
124 197
124 200
124 201
124 232
124 234
124 235
124 236
124 398
124 399
124 400
124 401
124 405
124 796
124 798
124 804
124 806
124 807
124 808
124 813
124 815
125 191
125 194
125 197
125 198
125 200
125 201
125 244
125 403
125 568
125 800
125 803
125 806
125 808
125 812
125 962
126 181
126 184
126 194
126 198
126 199
126 200
126 406
126 802
126 803
126 813
126 815
127 198
127 199
127 200
127 201
127 211
127 244
127 320
127 813
128 199
128 201
128 237
128 663
128 804
128 814
129 565
129 968
130 260
131 195
132 201
132 855
133 246
133 248
137 818
139 188
139 196
140 200
140 816
141 967
145 764
146 422
174 188
174 193
174 406
174 408
174 793
174 802
175 183
175 184
175 185
175 195
175 196
175 201
175 229
175 232
175 241
175 396
175 404
175 567
175 801
175 805
175 812
175 963
176 178
176 180
176 184
176 192
176 194
176 196
176 231
176 232
176 233
176 234
176 238
176 239
176 243
176 395
176 397
176 398
176 399
176 401
176 795
176 804
176 806
176 808
176 814
176 815
177 178
177 180
177 181
177 182
177 183
177 184
177 185
177 189
177 192
177 193
177 194
177 196
177 197
177 198
177 200
177 234
177 236
177 241
177 243
177 244
177 375
177 392
177 400
177 401
177 403
177 406
177 407
177 792
177 795
177 797
177 798
177 800
177 801
177 803
177 804
177 806
177 808
177 810
177 811
177 815
178 180
178 181
178 182
178 185
178 186
178 187
178 189
178 195
178 196
178 199
178 200
178 229
178 230
178 233
178 236
178 238
178 239
178 240
178 241
178 242
178 244
178 395
178 401
178 402
178 404
178 405
178 407
178 794
178 796
178 797
178 800
178 802
178 804
178 805
178 807
178 808
178 809
178 810
178 811
178 812
178 814
178 815
178 965
179 182
179 183
179 185
179 186
179 188
179 189
179 191
179 192
179 193
179 195
179 196
179 197
179 198
179 199
179 200
179 201
179 230
179 233
179 234
179 235
179 236
179 237
179 238
179 240
179 241
179 242
179 243
179 393
179 396
179 397
179 401
179 402
179 403
179 404
179 406
179 407
179 409
179 570
179 794
179 795
179 796
179 797
179 798
179 799
179 806
179 807
179 808
179 809
179 812
179 963
180 181
180 182
180 183
180 184
180 185
180 186
180 187
180 188
180 189
180 190
180 191
180 192
180 193
180 194
180 195
180 196
180 197
180 198
180 200
180 234
180 235
180 236
180 238
180 239
180 240
180 241
180 242
180 244
180 245
180 392
180 393
180 395
180 398
180 401
180 402
180 403
180 404
180 405
180 406
180 407
180 408
180 793
180 796
180 797
180 798
180 801
180 802
180 803
180 804
180 805
180 807
180 809
180 810
180 811
180 812
180 813
180 815
180 816
181 182
181 183
181 185
181 186
181 187
181 188
181 189
181 190
181 191
181 192
181 193
181 194
181 195
181 196
181 197
181 198
181 199
181 200
181 201
181 229
181 232
181 233
181 234
181 235
181 236
181 239
181 240
181 241
181 242
181 244
181 392
181 396
181 397
181 398
181 401
181 402
181 404
181 406
181 407
181 411
181 659
181 792
181 794
181 796
181 798
181 800
181 802
181 803
181 804
181 805
181 806
181 807
181 809
181 810
181 811
181 812
181 814
181 815
181 961
182 183
182 184
182 185
182 186
182 187
182 188
182 189
182 190
182 191
182 194
182 195
182 196
182 197
182 198
182 199
182 200
182 201
182 202
182 203
182 232
182 233
182 234
182 235
182 237
182 238
182 239
182 240
182 241
182 242
182 243
182 244
182 392
182 393
182 394
182 395
182 396
182 398
182 399
182 400
182 402
182 404
182 405
182 406
182 567
182 796
182 798
182 799
182 800
182 801
182 802
182 803
182 804
182 806
182 807
182 808
182 809
182 810
182 811
182 812
182 813
182 814
182 964
183 186
183 188
183 189
183 191
183 192
183 193
183 194
183 195
183 196
183 197
183 198
183 199
183 200
183 201
183 232
183 233
183 234
183 236
183 237
183 238
183 240
183 241
183 242
183 243
183 244
183 392
183 393
183 394
183 396
183 398
183 399
183 400
183 401
183 402
183 403
183 404
183 405
183 406
183 407
183 461
183 792
183 793
183 795
183 796
183 797
183 798
183 799
183 800
183 801
183 802
183 804
183 805
183 806
183 808
183 809
183 810
183 811
183 813
183 814
183 815
183 961
184 185
184 187
184 188
184 189
184 190
184 191
184 192
184 193
184 194
184 195
184 196
184 197
184 198
184 199
184 200
184 201
184 232
184 236
184 237
184 238
184 239
184 240
184 241
184 242
184 243
184 244
184 392
184 394
184 395
184 396
184 397
184 398
184 399
184 400
184 401
184 402
184 403
184 404
184 405
184 406
184 407
184 794
184 796
184 798
184 799
184 800
184 801
184 802
184 803
184 804
184 805
184 806
184 807
184 808
184 809
184 810
184 811
184 812
184 814
184 815
184 961
184 962
185 187
185 188
185 189
185 190
185 191
185 192
185 193
185 194
185 195
185 196
185 197
185 198
185 199
185 200
185 201
185 231
185 233
185 234
185 236
185 237
185 240
185 241
185 242
185 243
185 244
185 245
185 395
185 397
185 398
185 399
185 400
185 401
185 402
185 403
185 404
185 405
185 406
185 407
185 408
185 568
185 794
185 796
185 797
185 798
185 800
185 801
185 802
185 803
185 804
185 805
185 806
185 807
185 808
185 809
185 810
185 811
185 812
185 813
185 814
185 815
185 960
185 965
186 187
186 188
186 189
186 190
186 191
186 192
186 193
186 194
186 195
186 196
186 197
186 198
186 199
186 200
186 201
186 231
186 232
186 233
186 235
186 236
186 237
186 238
186 239
186 240
186 242
186 243
186 244
186 395
186 398
186 399
186 400
186 401
186 402
186 403
186 404
186 405
186 406
186 407
186 408
186 410
186 568
186 796
186 798
186 799
186 800
186 801
186 802
186 803
186 804
186 805
186 806
186 807
186 808
186 809
186 810
186 811
186 812
186 813
186 814
186 815
186 854
186 855
186 962
186 963
187 188
187 189
187 190
187 191
187 192
187 193
187 194
187 195
187 196
187 197
187 198
187 199
187 200
187 201
187 234
187 235
187 236
187 237
187 239
187 240
187 241
187 242
187 243
187 244
187 245
187 393
187 396
187 397
187 398
187 399
187 400
187 401
187 402
187 403
187 404
187 405
187 406
187 407
187 453
187 569
187 796
187 798
187 799
187 800
187 801
187 802
187 803
187 804
187 805
187 806
187 807
187 808
187 809
187 810
187 811
187 812
187 813
187 814
187 815
187 816
187 853
187 963
187 964
188 189
188 190
188 191
188 192
188 193
188 194
188 195
188 196
188 197
188 198
188 199
188 200
188 201
188 210
188 217
188 234
188 235
188 236
188 237
188 238
188 239
188 240
188 241
188 242
188 243
188 244
188 247
188 248
188 394
188 396
188 397
188 398
188 399
188 401
188 402
188 403
188 404
188 405
188 406
188 407
188 408
188 409
188 795
188 798
188 799
188 800
188 801
188 802
188 803
188 804
188 805
188 806
188 807
188 808
188 809
188 810
188 811
188 812
188 813
188 814
188 816
188 961
188 964
188 966
189 190
189 191
189 192
189 193
189 194
189 195
189 196
189 197
189 198
189 199
189 200
189 201
189 202
189 230
189 231
189 233
189 234
189 235
189 236
189 238
189 239
189 240
189 241
189 242
189 243
189 244
189 247
189 395
189 397
189 398
189 399
189 400
189 401
189 402
189 403
189 404
189 405
189 406
189 407
189 408
189 568
189 793
189 796
189 798
189 799
189 800
189 801
189 802
189 803
189 804
189 805
189 806
189 807
189 808
189 809
189 810
189 811
189 812
189 813
189 814
189 815
189 816
189 961
189 963
189 965
190 191
190 192
190 193
190 194
190 195
190 196
190 197
190 198
190 199
190 200
190 201
190 231
190 233
190 234
190 235
190 237
190 238
190 239
190 240
190 241
190 242
190 243
190 304
190 393
190 398
190 399
190 400
190 401
190 402
190 403
190 404
190 405
190 406
190 407
190 411
190 569
190 794
190 795
190 797
190 799
190 800
190 801
190 802
190 803
190 804
190 805
190 806
190 807
190 808
190 809
190 810
190 811
190 812
190 813
190 814
190 815
190 962
190 963
190 964
191 192
191 193
191 194
191 195
191 196
191 197
191 198
191 199
191 200
191 201
191 210
191 232
191 233
191 234
191 235
191 236
191 238
191 239
191 240
191 241
191 242
191 243
191 244
191 393
191 395
191 397
191 399
191 400
191 401
191 402
191 403
191 404
191 405
191 406
191 407
191 408
191 570
191 571
191 793
191 794
191 796
191 797
191 798
191 799
191 800
191 801
191 802
191 803
191 804
191 805
191 806
191 807
191 808
191 809
191 810
191 811
191 812
191 813
191 814
191 815
191 854
191 906
191 964
192 193
192 194
192 195
192 196
192 197
192 198
192 199
192 200
192 201
192 221
192 230
192 233
192 234
192 235
192 236
192 237
192 240
192 241
192 242
192 243
192 244
192 396
192 397
192 398
192 399
192 400
192 401
192 402
192 403
192 404
192 405
192 406
192 407
192 569
192 570
192 746
192 795
192 796
192 798
192 799
192 800
192 801
192 802
192 803
192 804
192 805
192 806
192 807
192 808
192 809
192 810
192 811
192 812
192 813
192 814
192 815
192 854
192 856
192 959
192 963
192 964
192 965
193 194
193 195
193 196
193 197
193 198
193 199
193 200
193 201
193 230
193 231
193 232
193 233
193 235
193 236
193 237
193 239
193 240
193 241
193 242
193 243
193 244
193 305
193 395
193 399
193 400
193 401
193 402
193 403
193 404
193 405
193 406
193 407
193 408
193 450
193 567
193 794
193 796
193 798
193 799
193 800
193 801
193 802
193 803
193 804
193 805
193 806
193 807
193 808
193 809
193 810
193 811
193 812
193 813
193 814
193 815
193 816
193 962
193 965
194 195
194 196
194 197
194 198
194 199
194 200
194 201
194 207
194 230
194 234
194 235
194 236
194 237
194 238
194 239
194 240
194 241
194 242
194 243
194 244
194 245
194 395
194 396
194 397
194 398
194 399
194 400
194 402
194 403
194 404
194 405
194 406
194 407
194 547
194 557
194 563
194 570
194 747
194 748
194 794
194 795
194 796
194 797
194 798
194 799
194 801
194 802
194 803
194 804
194 805
194 806
194 807
194 808
194 809
194 810
194 811
194 812
194 813
194 814
194 815
194 964
195 196
195 197
195 198
195 199
195 200
195 201
195 202
195 234
195 235
195 236
195 237
195 238
195 239
195 240
195 241
195 242
195 243
195 244
195 246
195 304
195 394
195 395
195 396
195 397
195 398
195 400
195 401
195 402
195 403
195 404
195 405
195 406
195 407
195 408
195 451
195 568
195 569
195 747
195 795
195 796
195 797
195 798
195 799
195 800
195 801
195 802
195 803
195 804
195 805
195 806
195 807
195 808
195 809
195 810
195 811
195 812
195 813
195 814
195 815
195 816
195 961
195 962
195 963
195 964
195 965
195 966
196 197
196 198
196 199
196 200
196 201
196 230
196 231
196 232
196 233
196 235
196 237
196 238
196 239
196 240
196 241
196 242
196 243
196 244
196 245
196 246
196 258
196 260
196 393
196 394
196 395
196 396
196 397
196 399
196 400
196 401
196 402
196 403
196 404
196 405
196 406
196 407
196 408
196 410
196 547
196 569
196 626
196 655
196 660
196 727
196 793
196 796
196 797
196 799
196 800
196 801
196 802
196 803
196 804
196 805
196 806
196 807
196 808
196 809
196 810
196 811
196 812
196 813
196 814
196 815
196 816
196 854
196 855
196 856
196 959
196 960
196 962
196 963
197 198
197 199
197 200
197 201
197 233
197 234
197 235
197 237
197 238
197 239
197 240
197 241
197 242
197 243
197 244
197 245
197 246
197 388
197 397
197 398
197 399
197 401
197 402
197 403
197 404
197 405
197 406
197 407
197 408
197 410
197 460
197 557
197 569
197 570
197 656
197 747
197 793
197 795
197 796
197 797
197 798
197 799
197 800
197 801
197 802
197 803
197 804
197 805
197 806
197 807
197 808
197 809
197 810
197 811
197 812
197 813
197 814
197 815
197 816
197 853
197 854
197 855
197 906
197 964
197 965
198 199
198 200
198 201
198 202
198 231
198 233
198 234
198 235
198 236
198 237
198 238
198 239
198 240
198 241
198 242
198 243
198 244
198 245
198 246
198 258
198 394
198 395
198 396
198 400
198 401
198 402
198 403
198 404
198 405
198 406
198 407
198 408
198 409
198 446
198 488
198 489
198 574
198 654
198 710
198 728
198 795
198 798
198 799
198 800
198 801
198 802
198 803
198 804
198 805
198 806
198 807
198 808
198 809
198 810
198 811
198 812
198 813
198 814
198 815
198 816
198 854
198 855
198 961
198 962
198 964
198 965
199 200
199 201
199 202
199 210
199 231
199 233
199 234
199 235
199 236
199 237
199 238
199 239
199 240
199 241
199 242
199 243
199 244
199 245
199 246
199 305
199 314
199 394
199 396
199 397
199 398
199 399
199 400
199 401
199 402
199 403
199 404
199 405
199 406
199 407
199 408
199 409
199 410
199 445
199 450
199 495
199 557
199 564
199 568
199 569
199 571
199 616
199 709
199 747
199 792
199 796
199 797
199 799
199 800
199 801
199 802
199 803
199 804
199 805
199 806
199 807
199 808
199 809
199 810
199 811
199 812
199 813
199 814
199 815
199 816
199 817
199 856
199 961
199 962
199 964
199 965
199 966
199 967
200 201
200 202
200 221
200 230
200 232
200 234
200 235
200 236
200 237
200 238
200 239
200 240
200 241
200 242
200 243
200 244
200 245
200 246
200 247
200 258
200 347
200 393
200 394
200 396
200 397
200 399
200 400
200 401
200 402
200 403
200 404
200 405
200 406
200 407
200 408
200 536
200 556
200 563
200 568
200 569
200 575
200 657
200 662
200 664
200 730
200 748
200 777
200 793
200 795
200 796
200 797
200 798
200 799
200 800
200 801
200 802
200 803
200 804
200 805
200 806
200 807
200 808
200 809
200 810
200 811
200 812
200 813
200 814
200 815
200 816
200 856
200 869
200 887
200 906
200 962
200 963
200 964
200 966
200 967
201 202
201 210
201 211
201 232
201 233
201 234
201 236
201 237
201 238
201 239
201 240
201 241
201 242
201 243
201 244
201 245
201 261
201 275
201 306
201 327
201 346
201 396
201 398
201 401
201 402
201 403
201 404
201 405
201 406
201 407
201 409
201 452
201 488
201 570
201 748
201 749
201 790
201 795
201 796
201 797
201 799
201 800
201 801
201 802
201 803
201 805
201 806
201 807
201 808
201 809
201 810
201 811
201 812
201 813
201 814
201 815
201 816
201 817
201 949
201 960
201 962
201 964
201 997
202 245
202 344
202 409
202 410
202 451
202 571
202 634
202 662
202 809
202 810
202 811
202 813
202 814
202 965
202 995
203 588
203 688
204 453
204 729
205 239
207 409
208 245
209 565
210 812
211 420
212 249
218 409
219 404
221 844
222 263
222 817
223 573
224 232
229 234
229 242
229 397
229 404
229 796
229 804
229 806
229 811
229 812
229 959
230 236
230 242
230 245
230 392
230 396
230 402
230 800
230 802
230 804
230 805
230 809
231 234
231 235
231 238
231 240
231 274
231 393
231 395
231 396
231 398
231 401
231 407
231 794
231 796
231 798
231 799
231 803
231 804
231 807
231 809
231 811
231 812
231 814
232 235
232 238
232 239
232 242
232 244
232 245
232 393
232 395
232 396
232 397
232 398
232 399
232 400
232 401
232 406
232 407
232 796
232 801
232 803
232 806
232 813
232 814
232 960
232 961
233 235
233 237
233 239
233 241
233 242
233 244
233 397
233 399
233 401
233 403
233 404
233 405
233 406
233 407
233 409
233 641
233 795
233 796
233 797
233 799
233 800
233 801
233 802
233 804
233 805
233 806
233 809
233 814
233 815
233 853
233 960
234 235
234 236
234 237
234 238
234 241
234 242
234 244
234 396
234 397
234 398
234 400
234 401
234 402
234 404
234 407
234 799
234 803
234 804
234 805
234 806
234 807
234 808
234 809
234 810
234 813
234 814
234 815
234 854
234 960
234 964
235 237
235 238
235 241
235 242
235 243
235 394
235 395
235 398
235 399
235 400
235 401
235 403
235 404
235 405
235 406
235 407
235 408
235 794
235 795
235 797
235 798
235 802
235 803
235 804
235 805
235 807
235 808
235 809
235 811
235 812
235 813
235 815
235 961
235 964
236 238
236 239
236 240
236 241
236 242
236 243
236 392
236 393
236 397
236 398
236 399
236 400
236 401
236 403
236 405
236 406
236 407
236 410
236 522
236 793
236 796
236 797
236 798
236 799
236 800
236 801
236 802
236 803
236 804
236 805
236 806
236 807
236 808
236 809
236 810
236 813
236 814
236 961
236 963
236 964
236 966
237 238
237 239
237 240
237 241
237 243
237 244
237 395
237 396
237 397
237 398
237 400
237 401
237 402
237 403
237 404
237 405
237 406
237 407
237 408
237 749
237 793
237 795
237 796
237 797
237 798
237 800
237 801
237 802
237 803
237 804
237 805
237 807
237 808
237 809
237 812
237 813
237 814
237 815
237 962
237 963
237 965
238 239
238 240
238 241
238 242
238 243
238 244
238 246
238 394
238 395
238 396
238 398
238 399
238 400
238 401
238 402
238 403
238 404
238 405
238 406
238 407
238 523
238 569
238 792
238 793
238 794
238 796
238 797
238 798
238 799
238 800
238 801
238 802
238 803
238 804
238 805
238 806
238 808
238 809
238 810
238 811
238 812
238 813
238 814
238 815
238 816
238 941
238 962
238 963
238 964
239 240
239 241
239 242
239 243
239 244
239 395
239 397
239 399
239 401
239 402
239 403
239 404
239 405
239 406
239 407
239 568
239 570
239 794
239 795
239 797
239 798
239 799
239 800
239 801
239 802
239 803
239 804
239 805
239 806
239 808
239 809
239 810
239 811
239 812
239 813
239 814
239 815
239 964
240 241
240 242
240 243
240 244
240 389
240 394
240 396
240 397
240 399
240 400
240 401
240 402
240 403
240 404
240 406
240 407
240 408
240 567
240 795
240 796
240 798
240 799
240 800
240 801
240 802
240 803
240 804
240 805
240 806
240 807
240 808
240 809
240 810
240 811
240 812
240 813
240 815
240 816
240 961
240 962
240 963
240 964
241 242
241 243
241 244
241 245
241 392
241 393
241 395
241 396
241 397
241 398
241 399
241 400
241 401
241 402
241 403
241 404
241 405
241 406
241 407
241 408
241 563
241 794
241 795
241 796
241 797
241 798
241 799
241 800
241 801
241 802
241 803
241 804
241 805
241 806
241 807
241 808
241 809
241 810
241 811
241 812
241 813
241 815
241 960
241 962
242 243
242 244
242 396
242 397
242 398
242 399
242 400
242 401
242 402
242 403
242 404
242 405
242 406
242 407
242 795
242 796
242 799
242 800
242 801
242 802
242 803
242 804
242 805
242 806
242 807
242 808
242 809
242 810
242 811
242 812
242 813
242 814
242 815
242 964
243 244
243 245
243 375
243 394
243 395
243 398
243 399
243 400
243 401
243 402
243 403
243 405
243 406
243 407
243 568
243 636
243 795
243 797
243 798
243 799
243 800
243 801
243 802
243 803
243 804
243 805
243 806
243 807
243 808
243 809
243 810
243 811
243 812
243 813
243 814
243 815
243 962
243 963
243 966
244 246
244 323
244 394
244 395
244 396
244 397
244 398
244 401
244 402
244 403
244 404
244 405
244 407
244 659
244 796
244 797
244 798
244 799
244 800
244 801
244 803
244 804
244 805
244 806
244 807
244 808
244 809
244 810
244 811
244 812
244 813
244 814
244 815
244 816
244 817
244 961
244 962
245 404
245 405
245 589
245 799
245 800
245 803
245 804
245 805
245 807
245 810
245 811
246 274
246 394
246 451
246 799
246 815
246 968
247 305
247 409
247 791
248 306
248 646
249 689
250 380
250 572
256 811
257 511
257 810
258 815
259 333
259 810
260 815
261 800
261 817
261 907
262 307
262 410
264 543
264 816
265 479
270 816
282 817
303 798
304 404
304 405
304 804
305 815
307 315
312 688
321 918
322 704
330 660
331 816
332 660
348 462
370 395
376 814
376 815
377 461
391 402
391 404
391 796
392 398
392 400
392 401
392 405
392 407
392 798
392 806
392 810
392 815
393 396
393 404
393 406
393 408
393 793
393 797
393 798
393 799
394 395
394 398
394 399
394 402
394 404
394 407
394 792
394 794
394 798
394 799
394 804
394 808
394 810
394 813
394 814
394 815
394 833
394 853
394 905
394 961
394 963
395 396
395 401
395 402
395 405
395 406
395 407
395 795
395 797
395 798
395 801
395 802
395 808
395 811
395 813
395 815
395 959
395 963
395 964
396 398
396 399
396 400
396 401
396 402
396 403
396 404
396 798
396 800
396 801
396 802
396 803
396 805
396 808
396 809
396 811
396 815
396 962
397 400
397 401
397 402
397 403
397 404
397 406
397 568
397 796
397 798
397 800
397 801
397 804
397 805
397 806
397 807
397 808
397 809
397 810
397 811
397 812
397 813
397 814
397 962
397 963
397 964
397 965
398 400
398 401
398 402
398 403
398 405
398 406
398 568
398 776
398 793
398 795
398 796
398 797
398 798
398 799
398 800
398 801
398 804
398 805
398 806
398 807
398 808
398 809
398 810
398 812
398 813
398 815
398 960
398 962
398 963
398 964
399 400
399 401
399 402
399 403
399 404
399 405
399 406
399 407
399 408
399 795
399 796
399 797
399 798
399 799
399 800
399 801
399 802
399 807
399 808
399 810
399 811
399 812
399 813
399 815
399 854
399 967
400 401
400 402
400 403
400 404
400 405
400 406
400 407
400 408
400 795
400 798
400 799
400 800
400 801
400 803
400 804
400 805
400 806
400 807
400 808
400 809
400 810
400 811
400 812
400 814
400 815
400 816
400 961
400 962
401 402
401 403
401 404
401 405
401 406
401 407
401 408
401 608
401 793
401 794
401 795
401 797
401 798
401 800
401 801
401 802
401 803
401 804
401 805
401 806
401 807
401 808
401 809
401 810
401 812
401 813
401 814
401 815
401 854
401 960
401 963
401 964
402 403
402 404
402 405
402 406
402 407
402 795
402 796
402 797
402 798
402 799
402 800
402 801
402 802
402 803
402 804
402 806
402 807
402 808
402 809
402 810
402 811
402 812
402 813
402 815
402 959
402 963
402 964
402 966
403 404
403 405
403 406
403 407
403 408
403 795
403 796
403 797
403 799
403 800
403 801
403 802
403 803
403 804
403 805
403 806
403 807
403 808
403 809
403 810
403 811
403 812
403 813
403 814
403 815
403 962
403 963
403 964
403 965
404 405
404 406
404 407
404 408
404 569
404 659
404 795
404 796
404 797
404 798
404 799
404 800
404 801
404 802
404 803
404 804
404 805
404 806
404 807
404 808
404 809
404 810
404 811
404 812
404 813
404 814
404 815
404 855
404 960
404 961
404 962
404 963
405 406
405 407
405 794
405 796
405 797
405 799
405 800
405 801
405 802
405 803
405 804
405 805
405 806
405 807
405 808
405 809
405 810
405 811
405 812
405 813
405 814
405 815
405 959
405 960
405 963
406 407
406 571
406 795
406 796
406 797
406 798
406 800
406 801
406 802
406 803
406 804
406 805
406 806
406 807
406 808
406 809
406 810
406 811
406 812
406 813
406 814
406 815
406 961
406 963
406 964
406 965
407 795
407 796
407 797
407 798
407 799
407 800
407 801
407 802
407 803
407 804
407 805
407 806
407 807
407 808
407 809
407 810
407 811
407 812
407 813
407 814
407 815
407 816
407 961
407 964
408 793
408 799
408 801
408 802
408 803
408 804
408 805
408 806
408 807
408 809
408 810
408 811
408 812
408 813
408 814
408 815
408 816
408 964
409 802
409 812
409 813
409 814
410 550
411 907
412 967
421 752
423 818
446 609
447 583
451 920
452 693
452 813
453 815
454 749
454 831
455 697
461 638
473 817
478 728
486 858
503 813
542 875
548 639
549 817
555 815
557 756
558 587
562 811
564 750
564 816
568 794
568 806
568 808
569 804
569 805
569 812
569 815
570 799
570 804
570 812
570 964
571 815
572 755
572 968
575 813
590 640
591 749
591 807
592 845
621 815
627 813
634 814
635 969
642 803
655 816
657 958
657 966
658 970
660 811
660 814
661 813
687 814
689 779
690 959
694 816
696 816
726 811
726 812
727 818
731 846
733 750
735 814
744 843
746 800
746 812
748 816
749 856
751 940
775 843
778 813
778 816
792 799
792 814
792 963
793 794
793 800
793 802
793 803
793 806
793 810
793 813
793 961
793 964
794 796
794 797
794 799
794 800
794 802
794 803
794 804
794 805
794 807
794 809
794 810
794 811
794 813
794 962
794 963
794 964
795 799
795 800
795 802
795 803
795 805
795 807
795 809
795 810
795 811
795 815
795 959
795 961
795 962
795 963
795 964
796 798
796 799
796 801
796 803
796 804
796 806
796 808
796 810
796 812
796 813
796 814
796 815
796 816
796 964
797 798
797 800
797 801
797 804
797 806
797 809
797 811
797 812
797 813
797 815
797 963
797 964
798 800
798 801
798 802
798 803
798 804
798 805
798 807
798 808
798 810
798 811
798 812
798 814
798 961
799 800
799 801
799 803
799 805
799 806
799 807
799 808
799 809
799 810
799 813
799 814
799 963
799 965
800 802
800 804
800 806
800 807
800 808
800 809
800 810
800 811
800 812
800 814
800 815
800 963
800 968
801 802
801 803
801 805
801 806
801 807
801 808
801 809
801 810
801 811
801 812
801 813
801 814
801 815
801 962
801 964
802 803
802 804
802 805
802 806
802 807
802 808
802 809
802 810
802 811
802 812
802 813
802 814
802 815
802 816
802 964
803 804
803 805
803 806
803 807
803 808
803 809
803 810
803 811
803 812
803 813
803 814
803 815
803 816
803 961
803 962
804 805
804 806
804 807
804 808
804 809
804 810
804 811
804 812
804 813
804 814
804 815
804 816
804 960
804 961
804 963
804 964
805 806
805 807
805 808
805 809
805 810
805 811
805 812
805 813
805 814
805 815
805 816
805 817
805 908
806 807
806 808
806 809
806 810
806 811
806 812
806 813
806 814
806 815
806 816
806 960
806 961
806 963
806 965
806 968
807 808
807 809
807 810
807 811
807 812
807 813
807 814
807 815
807 960
807 962
807 964
808 809
808 810
808 811
808 812
808 813
808 814
808 815
808 816
808 818
808 962
808 965
809 810
809 811
809 812
809 813
809 814
809 815
809 962
809 963
810 811
810 812
810 813
810 814
810 815
810 960
810 962
810 965
810 966
811 812
811 813
811 814
811 815
811 816
812 813
812 814
812 815
812 817
812 962
812 963
812 965
813 814
813 815
813 816
813 960
813 963
813 964
814 815
814 816
814 855
814 959
814 960
814 963
814 966
815 816
815 817
815 960
815 961
815 962
815 963
815 964
815 973
819 965
857 911
876 939
959 963
960 963
961 962
963 964
963 965
