4 238
4 648
5 915
7 743
8 83
8 330
8 527
8 743
8 747
8 752
9 91
9 323
9 748
9 754
10 749
10 754
10 832
11 748
11 752
11 963
12 319
12 322
12 741
12 748
12 751
12 754
13 81
13 88
13 339
13 745
13 747
13 748
13 749
13 751
13 752
14 15
14 205
14 648
14 746
14 750
14 751
14 752
15 132
15 341
15 745
16 358
16 747
17 893
22 836
23 422
25 658
30 752
37 656
44 750
45 751
46 753
47 288
47 648
48 175
48 749
48 752
49 271
56 794
57 133
59 526
60 751
61 370
62 749
65 306
68 749
68 752
70 751
71 632
71 750
72 240
72 336
72 644
72 753
73 89
73 752
73 756
74 347
74 754
75 746
75 835
76 85
76 318
76 324
76 741
76 746
77 79
77 80
77 81
77 84
77 86
77 89
77 315
77 316
77 318
77 320
77 325
77 326
77 333
77 338
77 637
77 642
77 645
77 647
77 736
77 737
77 741
77 745
77 789
77 794
78 80
78 84
78 85
78 87
78 89
78 90
78 233
78 234
78 320
78 325
78 333
78 334
78 336
78 338
78 340
78 341
78 342
78 637
78 638
78 639
78 646
78 734
78 736
78 737
78 739
78 740
78 741
78 746
78 749
78 750
78 789
78 790
78 791
78 793
79 80
79 81
79 82
79 83
79 84
79 87
79 88
79 89
79 90
79 316
79 317
79 319
79 321
79 322
79 330
79 332
79 333
79 334
79 338
79 637
79 639
79 641
79 643
79 644
79 645
79 646
79 647
79 648
79 734
79 735
79 736
79 738
79 742
79 743
79 745
79 748
79 752
79 790
79 791
79 792
79 793
79 794
80 81
80 82
80 83
80 84
80 85
80 87
80 88
80 89
80 90
80 233
80 317
80 318
80 319
80 322
80 323
80 324
80 325
80 326
80 333
80 334
80 336
80 338
80 339
80 340
80 342
80 343
80 636
80 639
80 641
80 642
80 644
80 645
80 647
80 735
80 736
80 737
80 738
80 739
80 740
80 741
80 742
80 743
80 744
80 745
80 746
80 747
80 748
80 750
80 751
80 752
80 753
80 788
80 790
80 792
80 793
80 794
81 82
81 84
81 85
81 86
81 87
81 88
81 89
81 234
81 316
81 317
81 319
81 322
81 323
81 324
81 326
81 333
81 334
81 335
81 336
81 337
81 338
81 339
81 340
81 341
81 355
81 637
81 639
81 640
81 641
81 642
81 644
81 645
81 647
81 648
81 734
81 736
81 737
81 738
81 739
81 740
81 741
81 742
81 743
81 744
81 745
81 746
81 747
81 748
81 749
81 750
81 753
81 788
81 789
81 790
81 791
81 792
81 793
81 794
81 827
82 83
82 84
82 85
82 86
82 87
82 88
82 89
82 90
82 91
82 204
82 235
82 317
82 318
82 320
82 321
82 322
82 324
82 325
82 326
82 334
82 335
82 336
82 337
82 338
82 339
82 340
82 342
82 639
82 640
82 642
82 643
82 644
82 645
82 646
82 647
82 735
82 736
82 737
82 738
82 739
82 740
82 741
82 742
82 743
82 744
82 745
82 746
82 747
82 748
82 749
82 750
82 751
82 752
82 753
82 790
82 791
82 792
82 793
82 794
83 84
83 85
83 86
83 87
83 88
83 89
83 90
83 318
83 319
83 320
83 321
83 322
83 323
83 324
83 325
83 326
83 330
83 333
83 334
83 335
83 336
83 337
83 338
83 339
83 340
83 341
83 342
83 637
83 638
83 639
83 640
83 641
83 642
83 643
83 644
83 645
83 646
83 647
83 648
83 733
83 734
83 735
83 736
83 737
83 738
83 739
83 740
83 741
83 742
83 743
83 744
83 745
83 747
83 748
83 749
83 751
83 752
83 753
83 791
83 792
83 793
83 794
84 85
84 86
84 88
84 89
84 90
84 91
84 131
84 235
84 236
84 317
84 318
84 319
84 320
84 321
84 322
84 323
84 324
84 325
84 335
84 336
84 337
84 338
84 339
84 340
84 341
84 342
84 637
84 638
84 639
84 640
84 641
84 642
84 643
84 644
84 645
84 646
84 647
84 733
84 734
84 735
84 736
84 737
84 738
84 739
84 740
84 741
84 742
84 743
84 744
84 745
84 746
84 747
84 748
84 749
84 750
84 751
84 752
84 753
84 791
84 792
84 793
84 794
84 828
84 829
85 86
85 87
85 88
85 89
85 317
85 318
85 320
85 321
85 322
85 323
85 324
85 325
85 327
85 332
85 334
85 335
85 336
85 337
85 338
85 339
85 340
85 341
85 342
85 343
85 356
85 637
85 638
85 639
85 640
85 641
85 642
85 643
85 644
85 645
85 646
85 647
85 648
85 649
85 653
85 735
85 736
85 738
85 739
85 740
85 741
85 742
85 743
85 744
85 745
85 746
85 747
85 748
85 749
85 750
85 751
85 752
85 753
85 790
85 791
85 792
85 793
85 794
85 795
86 87
86 88
86 89
86 90
86 207
86 315
86 316
86 317
86 318
86 319
86 320
86 321
86 322
86 323
86 324
86 326
86 334
86 335
86 336
86 337
86 338
86 339
86 340
86 341
86 342
86 343
86 470
86 566
86 635
86 639
86 640
86 641
86 642
86 643
86 644
86 645
86 646
86 647
86 648
86 732
86 734
86 736
86 737
86 738
86 739
86 740
86 741
86 742
86 743
86 744
86 745
86 746
86 747
86 748
86 749
86 750
86 751
86 752
86 753
86 754
86 789
86 790
86 791
86 792
86 793
86 794
86 829
87 88
87 89
87 90
87 233
87 236
87 318
87 320
87 321
87 322
87 323
87 324
87 325
87 327
87 331
87 332
87 333
87 334
87 335
87 336
87 337
87 338
87 339
87 340
87 341
87 342
87 369
87 636
87 638
87 639
87 640
87 641
87 642
87 643
87 644
87 645
87 646
87 647
87 648
87 734
87 738
87 739
87 740
87 741
87 742
87 743
87 744
87 745
87 746
87 747
87 748
87 749
87 750
87 751
87 752
87 753
87 791
87 792
87 793
87 794
87 795
87 829
87 830
87 958
88 89
88 90
88 91
88 206
88 234
88 317
88 318
88 319
88 320
88 321
88 322
88 323
88 324
88 325
88 326
88 331
88 334
88 335
88 336
88 337
88 338
88 339
88 340
88 342
88 343
88 639
88 640
88 641
88 642
88 643
88 644
88 645
88 646
88 647
88 648
88 654
88 735
88 736
88 737
88 738
88 740
88 741
88 742
88 743
88 744
88 745
88 746
88 747
88 748
88 749
88 750
88 751
88 752
88 753
88 790
88 791
88 792
88 794
88 795
89 90
89 131
89 186
89 234
89 316
89 318
89 319
89 320
89 321
89 322
89 323
89 324
89 325
89 326
89 333
89 334
89 335
89 336
89 337
89 338
89 339
89 340
89 341
89 342
89 343
89 344
89 636
89 637
89 638
89 640
89 641
89 642
89 643
89 644
89 645
89 646
89 647
89 648
89 655
89 733
89 734
89 736
89 737
89 738
89 739
89 740
89 741
89 742
89 743
89 744
89 745
89 746
89 747
89 748
89 749
89 750
89 751
89 752
89 753
89 788
89 789
89 790
89 791
89 792
89 793
89 794
89 795
90 162
90 164
90 318
90 319
90 320
90 321
90 323
90 324
90 325
90 334
90 336
90 337
90 338
90 339
90 340
90 341
90 342
90 343
90 565
90 640
90 641
90 642
90 643
90 644
90 645
90 646
90 647
90 648
90 652
90 654
90 724
90 733
90 735
90 736
90 737
90 738
90 739
90 740
90 741
90 742
90 743
90 744
90 745
90 746
90 747
90 748
90 749
90 750
90 751
90 752
90 753
90 760
90 788
90 790
90 791
90 793
90 794
91 337
91 342
91 643
91 645
91 648
91 651
91 737
91 742
91 743
91 744
91 745
91 746
91 747
91 748
91 749
91 750
91 751
91 752
91 753
91 754
91 797
92 644
92 646
92 649
92 745
92 747
92 749
92 750
92 751
92 752
92 753
92 964
93 327
93 752
93 800
93 834
93 977
94 206
94 234
94 828
101 650
104 749
128 646
129 608
129 743
130 341
130 747
130 751
130 753
131 749
131 750
131 752
132 346
150 750
151 451
152 751
161 316
162 657
162 736
162 793
162 828
163 206
163 320
163 321
163 337
163 644
163 743
163 745
163 751
164 323
164 742
164 744
164 745
164 747
164 791
164 892
165 290
165 751
165 833
166 633
174 752
178 753
186 340
186 751
187 747
187 751
187 752
188 750
188 753
188 941
189 756
193 748
194 649
202 737
203 336
203 645
203 753
203 793
204 336
204 531
204 645
204 646
204 750
205 332
205 629
205 647
205 741
205 747
205 748
205 753
206 396
206 748
206 753
207 525
207 552
207 647
207 746
208 568
208 745
209 329
217 327
219 751
220 753
223 745
225 749
226 346
232 742
233 316
233 318
233 322
233 324
233 332
233 335
233 337
233 341
233 735
233 750
233 751
233 752
234 315
234 318
234 321
234 324
234 325
234 337
234 637
234 641
234 643
234 645
234 741
234 743
234 747
234 748
234 791
234 792
235 322
235 325
235 337
235 338
235 565
235 744
235 745
235 746
235 747
235 748
235 750
235 792
235 794
235 796
236 642
236 647
236 738
236 742
236 743
236 744
236 746
236 747
236 748
236 749
236 750
236 753
236 791
237 323
237 343
237 645
237 648
237 745
237 747
237 748
237 749
237 751
237 752
237 791
238 340
238 743
238 750
238 751
238 752
239 321
239 750
239 755
239 832
244 340
245 751
245 753
246 999
247 308
251 795
255 649
255 752
256 732
256 752
259 753
260 433
264 747
265 752
266 749
267 392
267 791
268 747
269 749
269 751
269 752
270 750
270 751
278 650
285 749
286 753
298 750
304 746
304 748
305 643
305 751
306 751
307 347
307 753
309 399
310 320
310 749
310 799
311 348
314 648
314 737
315 323
315 338
315 637
315 639
315 646
315 734
315 735
315 736
315 737
315 738
315 740
315 741
315 750
315 752
315 789
316 319
316 321
316 322
316 323
316 324
316 325
316 334
316 335
316 338
316 341
316 636
316 640
316 641
316 643
316 644
316 646
316 732
316 737
316 739
316 740
316 741
316 742
316 744
316 752
316 753
316 790
316 792
316 793
316 794
316 827
317 319
317 321
317 322
317 325
317 333
317 334
317 336
317 338
317 339
317 340
317 341
317 636
317 638
317 639
317 641
317 643
317 644
317 645
317 646
317 647
317 731
317 734
317 735
317 736
317 740
317 741
317 742
317 743
317 746
317 747
317 748
317 749
317 752
317 753
317 783
317 789
317 791
317 794
318 319
318 320
318 322
318 323
318 325
318 335
318 336
318 337
318 339
318 340
318 341
318 343
318 636
318 637
318 639
318 640
318 641
318 643
318 644
318 645
318 647
318 735
318 736
318 737
318 738
318 740
318 741
318 742
318 743
318 745
318 746
318 747
318 748
318 750
318 751
318 752
318 753
318 790
318 791
318 792
318 793
318 829
319 320
319 322
319 323
319 324
319 325
319 326
319 333
319 334
319 335
319 336
319 338
319 339
319 341
319 342
319 344
319 606
319 638
319 639
319 640
319 641
319 642
319 644
319 645
319 646
319 647
319 648
319 735
319 736
319 738
319 739
319 740
319 741
319 742
319 743
319 744
319 745
319 746
319 747
319 748
319 749
319 750
319 751
319 752
319 753
319 790
319 792
319 793
319 794
320 321
320 322
320 324
320 325
320 326
320 332
320 334
320 335
320 337
320 338
320 339
320 340
320 341
320 342
320 343
320 630
320 638
320 640
320 641
320 642
320 643
320 644
320 645
320 646
320 647
320 734
320 736
320 737
320 738
320 739
320 740
320 741
320 742
320 743
320 744
320 746
320 747
320 749
320 750
320 751
320 752
320 753
320 754
320 789
320 790
320 791
320 792
320 793
320 794
321 322
321 323
321 324
321 325
321 331
321 333
321 336
321 337
321 338
321 339
321 341
321 342
321 607
321 636
321 637
321 638
321 639
321 640
321 641
321 642
321 643
321 644
321 645
321 646
321 647
321 733
321 734
321 735
321 736
321 737
321 738
321 739
321 740
321 741
321 742
321 744
321 745
321 746
321 747
321 748
321 749
321 750
321 751
321 752
321 753
321 790
321 791
321 792
321 793
321 795
322 323
322 324
322 325
322 326
322 327
322 333
322 334
322 335
322 336
322 337
322 338
322 339
322 340
322 341
322 342
322 637
322 638
322 639
322 641
322 642
322 643
322 644
322 645
322 646
322 647
322 648
322 733
322 735
322 736
322 737
322 738
322 739
322 740
322 741
322 742
322 743
322 744
322 745
322 746
322 747
322 748
322 749
322 750
322 751
322 752
322 753
322 790
322 791
322 792
322 793
322 794
322 827
322 830
323 324
323 325
323 326
323 332
323 333
323 335
323 336
323 337
323 338
323 339
323 340
323 341
323 342
323 636
323 638
323 640
323 641
323 642
323 643
323 644
323 645
323 646
323 647
323 648
323 649
323 734
323 735
323 736
323 737
323 738
323 739
323 740
323 741
323 742
323 743
323 744
323 745
323 746
323 747
323 748
323 749
323 750
323 751
323 752
323 753
323 791
323 792
323 793
323 794
323 827
324 325
324 333
324 334
324 335
324 337
324 338
324 339
324 340
324 341
324 342
324 343
324 344
324 629
324 637
324 638
324 639
324 641
324 642
324 643
324 644
324 645
324 646
324 647
324 734
324 735
324 737
324 738
324 739
324 740
324 741
324 742
324 743
324 744
324 745
324 746
324 747
324 748
324 749
324 750
324 751
324 752
324 753
324 788
324 789
324 790
324 791
324 792
324 793
324 794
324 795
324 796
324 829
325 334
325 335
325 338
325 339
325 340
325 341
325 342
325 343
325 637
325 638
325 639
325 642
325 643
325 644
325 645
325 646
325 647
325 734
325 736
325 738
325 739
325 740
325 741
325 742
325 743
325 744
325 745
325 746
325 747
325 748
325 749
325 750
325 751
325 752
325 753
325 788
325 790
325 792
325 793
325 794
326 334
326 336
326 339
326 340
326 341
326 636
326 643
326 645
326 646
326 647
326 648
326 734
326 735
326 736
326 739
326 741
326 743
326 744
326 745
326 746
326 747
326 748
326 749
326 750
326 751
326 752
326 753
326 788
326 790
326 792
326 793
326 794
327 639
327 645
327 646
327 648
327 649
327 733
327 742
327 745
327 749
327 750
327 751
327 752
327 753
327 754
327 833
328 333
328 741
328 748
328 749
328 751
328 752
328 753
328 754
328 974
328 998
329 649
329 742
329 777
330 332
330 333
330 643
330 748
330 752
330 798
331 332
331 333
331 334
331 335
331 342
331 636
331 637
331 638
331 639
331 640
331 740
331 743
331 748
331 788
331 790
331 791
331 793
332 334
332 340
332 341
332 636
332 638
332 640
332 641
332 643
332 647
332 733
332 734
332 735
332 736
332 737
332 742
332 744
332 746
332 747
332 749
332 750
332 752
332 789
332 791
332 792
332 793
332 794
333 334
333 335
333 337
333 339
333 340
333 341
333 343
333 637
333 638
333 640
333 641
333 642
333 643
333 645
333 646
333 648
333 735
333 736
333 738
333 740
333 742
333 743
333 747
333 748
333 749
333 750
333 751
333 752
333 753
333 790
333 791
333 792
333 794
333 795
333 828
334 336
334 339
334 340
334 341
334 342
334 639
334 640
334 643
334 645
334 646
334 647
334 648
334 734
334 735
334 736
334 737
334 738
334 739
334 740
334 741
334 742
334 743
334 745
334 746
334 747
334 748
334 749
334 750
334 751
334 753
334 790
334 791
334 792
334 793
335 336
335 338
335 339
335 340
335 341
335 342
335 636
335 638
335 639
335 640
335 641
335 642
335 644
335 646
335 647
335 648
335 649
335 733
335 735
335 736
335 737
335 739
335 742
335 743
335 745
335 746
335 747
335 749
335 750
335 751
335 752
335 789
335 790
335 791
335 792
335 793
335 794
335 828
336 337
336 338
336 339
336 340
336 341
336 342
336 519
336 637
336 638
336 639
336 640
336 641
336 642
336 643
336 644
336 645
336 646
336 647
336 648
336 654
336 733
336 735
336 736
336 737
336 738
336 739
336 740
336 741
336 743
336 744
336 745
336 746
336 747
336 748
336 749
336 750
336 751
336 752
336 788
336 791
336 792
336 793
337 338
337 339
337 340
337 342
337 637
337 639
337 640
337 641
337 642
337 644
337 645
337 646
337 647
337 648
337 733
337 735
337 736
337 737
337 738
337 739
337 740
337 741
337 742
337 743
337 744
337 745
337 746
337 747
337 748
337 749
337 750
337 751
337 752
337 788
337 790
337 791
337 792
337 793
337 829
338 339
338 341
338 342
338 344
338 356
338 636
338 638
338 639
338 640
338 641
338 642
338 643
338 644
338 645
338 646
338 647
338 734
338 735
338 736
338 737
338 738
338 739
338 740
338 741
338 742
338 743
338 744
338 745
338 746
338 747
338 748
338 749
338 750
338 751
338 752
338 753
338 787
338 789
338 790
338 791
338 792
338 793
338 796
339 340
339 341
339 342
339 636
339 637
339 638
339 639
339 641
339 642
339 643
339 644
339 645
339 646
339 647
339 648
339 734
339 735
339 736
339 737
339 738
339 739
339 740
339 741
339 742
339 743
339 744
339 745
339 746
339 747
339 748
339 749
339 750
339 751
339 752
339 753
339 754
339 792
339 793
339 794
340 341
340 342
340 637
340 638
340 639
340 640
340 641
340 642
340 643
340 644
340 645
340 646
340 647
340 648
340 687
340 734
340 736
340 738
340 739
340 740
340 741
340 742
340 743
340 744
340 745
340 746
340 747
340 748
340 749
340 750
340 751
340 752
340 753
340 789
340 791
340 792
340 793
340 794
340 795
340 829
341 342
341 343
341 479
341 636
341 639
341 640
341 641
341 642
341 643
341 644
341 645
341 646
341 647
341 648
341 649
341 733
341 734
341 736
341 737
341 738
341 739
341 740
341 741
341 742
341 743
341 744
341 745
341 746
341 747
341 748
341 749
341 750
341 751
341 752
341 753
341 791
341 792
341 793
341 794
341 828
342 343
342 399
342 639
342 642
342 643
342 645
342 646
342 647
342 648
342 734
342 735
342 736
342 737
342 738
342 739
342 740
342 741
342 742
342 743
342 744
342 745
342 746
342 747
342 748
342 749
342 750
342 751
342 752
342 753
342 789
342 793
342 795
342 828
343 345
343 645
343 646
343 656
343 740
343 742
343 743
343 744
343 745
343 746
343 747
343 748
343 749
343 750
343 751
343 752
343 753
343 788
344 646
344 648
344 735
344 742
344 744
344 746
344 747
344 749
344 750
344 751
344 752
344 753
344 760
345 567
345 641
345 649
345 745
345 748
345 749
345 751
345 752
345 755
346 530
346 749
349 359
356 744
356 745
357 748
357 753
357 754
358 750
358 754
359 594
359 752
360 419
362 739
363 404
368 750
369 752
369 755
370 751
378 753
381 754
382 505
384 753
388 751
389 753
395 751
397 751
398 644
398 645
399 738
399 743
399 752
399 790
400 742
400 746
400 749
400 750
400 751
401 650
401 752
401 753
402 699
403 643
403 745
403 749
415 753
416 830
418 560
418 749
421 752
427 650
448 752
463 746
469 644
470 748
470 753
471 978
479 740
480 753
481 650
481 750
517 752
518 888
520 742
521 532
527 743
527 750
528 742
528 752
528 930
529 749
529 751
530 638
530 751
530 752
531 754
531 831
558 741
559 744
559 752
563 654
564 750
565 754
566 747
566 750
566 752
567 751
567 752
567 796
568 642
568 739
568 751
568 754
569 746
569 750
569 752
569 900
570 752
570 869
586 649
592 748
593 752
598 797
606 740
607 641
607 753
608 655
617 753
630 750
630 753
631 754
631 856
634 751
635 790
635 801
636 643
636 646
636 649
636 733
636 740
636 742
636 743
636 748
636 791
637 638
637 639
637 645
637 646
637 736
637 737
637 739
637 740
637 741
637 744
637 745
637 746
637 749
637 750
637 751
637 752
637 790
637 793
637 794
637 811
638 642
638 643
638 644
638 646
638 648
638 653
638 736
638 738
638 739
638 740
638 741
638 743
638 744
638 745
638 746
638 747
638 750
638 751
638 788
638 790
638 791
638 793
638 794
638 830
639 640
639 642
639 643
639 644
639 646
639 647
639 733
639 735
639 736
639 738
639 739
639 740
639 742
639 743
639 745
639 749
639 750
639 752
639 753
639 754
639 788
639 791
639 792
639 794
639 828
640 641
640 642
640 643
640 644
640 645
640 735
640 736
640 737
640 738
640 739
640 740
640 741
640 742
640 743
640 744
640 745
640 746
640 747
640 748
640 749
640 750
640 752
640 753
640 790
640 791
640 792
640 793
640 794
640 796
640 830
641 642
641 643
641 644
641 645
641 646
641 647
641 648
641 735
641 736
641 737
641 738
641 739
641 740
641 741
641 742
641 743
641 745
641 746
641 747
641 748
641 749
641 750
641 751
641 752
641 753
641 788
641 791
641 792
641 793
641 794
641 795
641 829
642 643
642 645
642 646
642 647
642 648
642 735
642 736
642 737
642 738
642 739
642 740
642 741
642 742
642 743
642 744
642 745
642 746
642 747
642 748
642 749
642 750
642 751
642 752
642 753
642 789
642 791
642 792
642 793
642 794
642 795
643 644
643 645
643 646
643 647
643 648
643 655
643 734
643 736
643 737
643 738
643 739
643 740
643 741
643 742
643 743
643 744
643 745
643 746
643 747
643 748
643 749
643 750
643 751
643 752
643 753
643 754
643 789
643 790
643 791
643 792
643 793
643 796
644 645
644 646
644 647
644 648
644 657
644 709
644 733
644 734
644 735
644 737
644 738
644 739
644 740
644 741
644 742
644 743
644 744
644 745
644 746
644 747
644 748
644 749
644 750
644 751
644 752
644 753
644 754
644 787
644 790
644 791
644 792
644 793
644 794
644 795
644 830
645 646
645 647
645 648
645 653
645 733
645 735
645 736
645 737
645 738
645 739
645 740
645 741
645 742
645 743
645 744
645 745
645 746
645 747
645 748
645 749
645 750
645 751
645 752
645 753
645 790
645 791
645 792
645 793
645 794
645 795
645 830
645 899
646 647
646 648
646 735
646 737
646 738
646 739
646 740
646 741
646 742
646 743
646 744
646 745
646 746
646 747
646 748
646 749
646 750
646 751
646 752
646 753
646 788
646 789
646 790
646 792
646 793
646 794
646 795
646 830
647 648
647 654
647 655
647 736
647 738
647 739
647 740
647 741
647 742
647 743
647 744
647 745
647 746
647 747
647 748
647 749
647 750
647 751
647 752
647 753
647 754
647 789
647 790
647 791
647 792
647 793
647 794
647 796
647 834
647 900
648 736
648 737
648 738
648 739
648 740
648 741
648 742
648 743
648 744
648 745
648 746
648 747
648 748
648 749
648 750
648 751
648 752
648 753
648 754
648 790
648 792
648 793
648 794
648 795
649 736
649 741
649 746
649 747
649 748
649 749
649 750
649 751
649 752
649 753
649 754
649 796
650 749
650 751
650 753
650 754
651 779
651 837
652 749
653 735
653 739
653 747
653 749
653 750
654 734
654 749
654 750
654 751
654 752
654 753
655 746
655 750
655 751
655 753
656 751
656 754
656 755
659 732
689 752
696 752
723 752
731 748
733 738
733 739
733 751
733 752
733 790
733 793
734 735
734 739
734 742
734 744
734 746
734 747
734 748
734 751
734 752
734 789
734 791
734 792
734 794
735 738
735 739
735 742
735 743
735 746
735 747
735 748
735 749
735 750
735 752
735 753
735 790
735 791
735 792
735 793
735 794
736 737
736 738
736 739
736 740
736 741
736 746
736 747
736 748
736 749
736 750
736 752
736 753
736 789
736 790
736 791
736 792
736 828
736 829
737 738
737 739
737 740
737 741
737 743
737 744
737 746
737 747
737 748
737 749
737 750
737 751
737 752
737 753
737 788
737 790
737 792
737 793
738 739
738 740
738 741
738 742
738 743
738 744
738 745
738 746
738 748
738 749
738 750
738 751
738 752
738 753
738 791
738 793
738 794
738 795
739 740
739 741
739 742
739 743
739 744
739 745
739 746
739 747
739 748
739 749
739 750
739 751
739 752
739 753
739 789
739 790
739 792
739 793
739 794
739 795
740 741
740 742
740 743
740 744
740 745
740 746
740 747
740 748
740 749
740 750
740 751
740 752
740 753
740 789
740 790
740 791
740 793
740 794
740 827
741 742
741 743
741 744
741 745
741 746
741 747
741 748
741 749
741 750
741 751
741 752
741 753
741 791
741 792
741 793
741 794
742 743
742 744
742 745
742 746
742 747
742 748
742 749
742 750
742 751
742 752
742 753
742 792
742 793
742 794
743 744
743 745
743 746
743 747
743 748
743 749
743 750
743 751
743 752
743 753
743 790
743 791
743 792
743 793
743 794
743 829
743 929
743 991
744 745
744 746
744 747
744 748
744 749
744 750
744 751
744 752
744 753
744 754
744 788
744 789
744 790
744 792
744 793
744 794
744 795
744 829
745 746
745 747
745 748
745 749
745 750
745 751
745 752
745 753
745 754
745 788
745 790
745 791
745 793
745 794
745 796
745 829
745 963
746 747
746 748
746 749
746 750
746 751
746 752
746 753
746 754
746 789
746 790
746 791
746 792
746 793
746 794
746 795
746 796
746 797
746 827
746 828
746 830
746 891
747 748
747 749
747 750
747 751
747 752
747 753
747 754
747 791
747 792
747 793
747 794
747 795
747 828
747 831
747 918
748 749
748 750
748 751
748 752
748 753
748 754
748 789
748 792
748 794
748 795
748 796
748 827
748 829
748 830
748 831
748 834
748 961
749 750
749 751
749 752
749 753
749 754
749 755
749 788
749 789
749 790
749 791
749 792
749 793
749 794
749 795
749 797
749 831
749 847
749 863
749 992
750 751
750 752
750 753
750 754
750 787
750 789
750 790
750 791
750 792
750 793
750 794
750 796
750 830
750 832
750 872
750 918
750 993
751 752
751 753
751 754
751 774
751 791
751 792
751 793
751 794
751 795
751 796
751 797
751 827
751 829
751 830
751 831
751 876
751 962
751 977
752 753
752 754
752 755
752 789
752 791
752 792
752 793
752 794
752 795
752 796
752 797
752 798
752 828
752 829
752 831
752 833
752 835
752 864
752 917
753 754
753 755
753 775
753 789
753 790
753 792
753 793
753 794
753 795
753 796
753 797
753 798
753 799
753 828
753 830
753 831
753 834
753 918
753 963
754 791
754 792
754 832
755 776
755 790
755 798
755 876
756 761
757 901
787 789
788 793
789 790
789 792
789 793
789 795
790 791
790 792
790 794
790 795
791 793
791 794
792 793
792 794
792 796
793 795
794 795
794 828
797 919
