6 507
7 797
7 909
8 476
8 510
8 644
9 664
15 510
16 533
26 472
26 508
26 803
27 340
27 342
27 500
27 512
27 513
28 343
28 347
28 474
28 800
28 806
28 984
28 986
29 286
29 344
29 415
29 506
29 513
29 796
30 94
30 344
30 810
31 466
32 516
40 343
41 989
44 515
47 512
48 121
48 512
49 465
49 510
50 348
57 663
75 248
76 342
76 463
76 663
77 345
77 770
78 512
78 803
78 809
79 545
82 511
85 583
91 346
91 513
92 881
93 514
94 512
95 910
97 810
101 748
103 512
110 486
111 257
123 510
124 346
133 687
137 345
140 425
145 604
154 794
159 464
160 443
164 502
165 307
165 475
166 918
167 392
167 827
176 817
177 510
178 510
179 475
179 662
180 248
180 956
187 751
208 512
209 509
212 330
213 377
213 454
214 309
215 895
216 347
218 347
218 796
218 804
219 441
219 867
220 883
227 455
229 510
230 509
230 809
231 479
237 467
238 895
239 831
240 811
241 339
241 499
241 802
241 806
241 812
242 333
242 334
242 335
242 336
242 339
242 341
242 461
242 466
242 468
242 472
242 503
242 511
242 512
242 793
242 794
242 798
242 799
242 801
242 803
242 806
243 244
243 245
243 333
243 335
243 337
243 340
243 342
243 458
243 459
243 460
243 462
243 463
243 465
243 467
243 471
243 473
243 499
243 500
243 502
243 505
243 506
243 508
243 509
243 511
243 512
243 513
243 790
243 791
243 792
243 793
243 802
243 803
243 805
243 806
244 338
244 339
244 340
244 341
244 342
244 343
244 461
244 462
244 463
244 468
244 473
244 499
244 500
244 504
244 505
244 507
244 508
244 509
244 510
244 512
244 513
244 514
244 791
244 793
244 798
244 801
244 802
244 804
244 805
244 806
245 333
245 336
245 338
245 339
245 341
245 343
245 462
245 466
245 470
245 473
245 503
245 505
245 506
245 507
245 508
245 509
245 510
245 511
245 512
245 792
245 795
245 799
245 802
245 805
245 806
245 807
246 247
246 338
246 339
246 340
246 342
246 343
246 460
246 462
246 465
246 471
246 506
246 507
246 508
246 509
246 510
246 511
246 512
246 708
246 794
246 805
247 343
247 344
247 473
247 474
247 503
247 506
247 512
247 514
247 790
247 809
247 823
248 475
248 509
248 511
248 514
248 916
248 987
249 453
249 467
249 865
249 961
250 466
250 697
251 507
251 814
252 464
252 481
252 515
253 309
253 484
253 511
253 515
254 659
256 510
257 531
270 975
271 511
273 512
276 342
284 793
285 596
285 807
288 343
294 471
295 603
306 341
307 512
308 475
308 809
309 507
310 490
310 597
311 698
317 476
317 529
318 664
322 343
328 468
328 509
329 468
329 506
329 509
329 510
329 875
330 461
330 512
330 596
331 458
331 870
332 911
333 334
333 342
333 459
333 465
333 467
333 470
333 474
333 508
333 511
333 791
333 798
333 804
333 805
333 807
334 335
334 337
334 339
334 341
334 343
334 344
334 462
334 464
334 467
334 468
334 472
334 479
334 499
334 501
334 503
334 504
334 505
334 506
334 507
334 508
334 509
334 510
334 511
334 512
334 790
334 791
334 792
334 793
334 794
334 798
334 801
334 803
334 804
334 806
334 807
335 337
335 338
335 339
335 340
335 341
335 342
335 343
335 344
335 459
335 460
335 461
335 462
335 465
335 466
335 467
335 468
335 469
335 471
335 472
335 473
335 479
335 500
335 501
335 502
335 503
335 505
335 508
335 510
335 511
335 512
335 790
335 791
335 792
335 793
335 794
335 800
335 802
335 803
335 804
335 805
335 806
335 807
335 808
336 337
336 338
336 339
336 340
336 341
336 342
336 343
336 344
336 458
336 461
336 462
336 464
336 466
336 467
336 468
336 469
336 470
336 471
336 472
336 473
336 474
336 477
336 478
336 500
336 501
336 502
336 503
336 504
336 505
336 506
336 507
336 508
336 509
336 510
336 511
336 790
336 791
336 793
336 794
336 795
336 801
336 803
336 805
336 806
336 807
336 808
337 338
337 339
337 340
337 341
337 342
337 344
337 457
337 458
337 459
337 460
337 461
337 462
337 463
337 465
337 467
337 468
337 469
337 470
337 471
337 472
337 473
337 500
337 501
337 502
337 503
337 504
337 506
337 507
337 508
337 509
337 510
337 511
337 512
337 637
337 791
337 793
337 794
337 795
337 798
337 800
337 801
337 804
337 805
337 806
337 807
338 339
338 340
338 341
338 342
338 343
338 344
338 345
338 459
338 460
338 461
338 462
338 465
338 466
338 467
338 468
338 469
338 470
338 471
338 472
338 473
338 479
338 498
338 500
338 501
338 502
338 503
338 504
338 505
338 506
338 507
338 508
338 509
338 510
338 511
338 512
338 513
338 791
338 792
338 793
338 794
338 795
338 801
338 802
338 803
338 804
338 805
338 806
338 807
338 808
339 340
339 341
339 342
339 343
339 344
339 459
339 462
339 463
339 464
339 466
339 467
339 468
339 469
339 470
339 471
339 472
339 473
339 502
339 503
339 504
339 505
339 506
339 507
339 508
339 509
339 510
339 511
339 512
339 513
339 514
339 791
339 792
339 793
339 794
339 795
339 796
339 801
339 802
339 803
339 804
339 805
339 806
339 807
339 808
339 894
339 895
340 341
340 342
340 343
340 344
340 345
340 459
340 460
340 461
340 462
340 463
340 465
340 466
340 467
340 468
340 469
340 470
340 471
340 472
340 473
340 474
340 479
340 499
340 502
340 503
340 504
340 505
340 506
340 507
340 508
340 509
340 510
340 511
340 512
340 513
340 645
340 770
340 790
340 792
340 794
340 796
340 798
340 799
340 801
340 802
340 803
340 804
340 805
340 806
340 807
340 808
340 809
340 955
341 342
341 343
341 344
341 345
341 378
341 458
341 460
341 461
341 462
341 463
341 464
341 466
341 467
341 468
341 469
341 470
341 471
341 472
341 473
341 474
341 478
341 491
341 499
341 501
341 502
341 503
341 504
341 505
341 506
341 507
341 508
341 509
341 510
341 511
341 512
341 513
341 514
341 593
341 637
341 791
341 792
341 793
341 794
341 795
341 796
341 798
341 800
341 801
341 802
341 803
341 804
341 805
341 806
341 807
341 808
341 809
342 343
342 344
342 345
342 347
342 413
342 458
342 462
342 463
342 464
342 466
342 467
342 468
342 469
342 470
342 471
342 472
342 473
342 474
342 479
342 480
342 502
342 503
342 504
342 505
342 506
342 507
342 508
342 509
342 510
342 511
342 512
342 513
342 514
342 515
342 592
342 792
342 793
342 794
342 795
342 796
342 800
342 801
342 802
342 804
342 805
342 806
342 807
342 808
342 809
342 813
342 984
343 344
343 345
343 346
343 458
343 460
343 461
343 462
343 463
343 464
343 466
343 468
343 469
343 470
343 471
343 472
343 473
343 474
343 478
343 500
343 501
343 503
343 504
343 505
343 506
343 507
343 508
343 509
343 510
343 511
343 512
343 513
343 514
343 551
343 593
343 615
343 769
343 770
343 791
343 792
343 793
343 794
343 795
343 797
343 799
343 800
343 801
343 802
343 804
343 805
343 806
343 807
343 808
344 345
344 455
344 461
344 462
344 463
344 465
344 466
344 468
344 470
344 471
344 472
344 473
344 474
344 478
344 500
344 501
344 502
344 503
344 504
344 505
344 506
344 507
344 508
344 509
344 510
344 511
344 512
344 513
344 714
344 746
344 794
344 795
344 796
344 797
344 799
344 800
344 801
344 802
344 803
344 804
344 805
344 806
344 807
344 808
344 809
344 816
344 817
344 894
344 974
344 986
345 465
345 467
345 468
345 470
345 472
345 474
345 505
345 507
345 508
345 509
345 510
345 511
345 512
345 513
345 514
345 782
345 792
345 795
345 801
345 806
345 808
345 839
345 864
345 882
345 893
345 895
345 909
346 442
346 509
346 513
346 732
346 801
346 865
346 892
346 912
346 986
347 511
347 662
348 515
365 464
366 513
367 481
377 472
378 658
391 476
411 896
412 470
412 504
413 470
413 480
413 504
413 511
414 472
414 811
414 909
414 910
414 985
415 508
415 515
416 988
427 895
437 511
437 702
438 780
438 816
439 773
440 516
444 481
445 988
453 465
454 616
456 509
456 804
457 509
457 616
457 809
457 810
458 459
458 461
458 462
458 463
458 465
458 469
458 472
458 478
458 502
458 505
458 506
458 507
458 789
458 790
458 793
458 800
459 461
459 465
459 467
459 468
459 472
459 473
459 499
459 500
459 501
459 502
459 503
459 504
459 511
459 512
459 513
459 791
459 794
459 801
459 804
459 807
460 462
460 464
460 466
460 468
460 469
460 470
460 472
460 477
460 501
460 502
460 503
460 504
460 505
460 507
460 509
460 510
460 511
460 512
460 792
460 793
460 794
460 799
460 800
460 801
460 802
460 803
460 804
460 806
460 808
461 462
461 465
461 466
461 467
461 469
461 470
461 471
461 472
461 473
461 477
461 478
461 480
461 500
461 501
461 502
461 503
461 504
461 505
461 506
461 507
461 509
461 510
461 511
461 512
461 513
461 792
461 793
461 800
461 801
461 802
461 803
461 804
461 805
461 806
461 807
462 463
462 466
462 467
462 468
462 469
462 470
462 471
462 472
462 473
462 500
462 501
462 503
462 504
462 505
462 506
462 508
462 509
462 510
462 511
462 512
462 513
462 690
462 791
462 792
462 793
462 794
462 795
462 798
462 800
462 801
462 802
462 803
462 804
462 805
462 806
462 808
463 466
463 467
463 468
463 469
463 470
463 471
463 472
463 473
463 480
463 501
463 502
463 503
463 505
463 506
463 507
463 508
463 509
463 510
463 511
463 512
463 662
463 686
463 792
463 793
463 795
463 799
463 800
463 801
463 802
463 803
463 804
463 805
463 806
463 807
464 466
464 467
464 468
464 470
464 471
464 477
464 478
464 479
464 499
464 501
464 503
464 504
464 505
464 506
464 507
464 508
464 509
464 510
464 511
464 512
464 771
464 791
464 792
464 793
464 794
464 796
464 798
464 800
464 801
464 802
464 805
464 806
464 807
465 466
465 468
465 469
465 470
465 471
465 473
465 479
465 499
465 500
465 501
465 502
465 503
465 506
465 507
465 508
465 509
465 510
465 511
465 512
465 513
465 750
465 791
465 792
465 794
465 795
465 798
465 800
465 801
465 803
465 804
465 807
465 813
466 467
466 468
466 469
466 470
466 472
466 473
466 474
466 478
466 499
466 502
466 504
466 506
466 507
466 509
466 510
466 511
466 512
466 661
466 790
466 793
466 794
466 795
466 799
466 801
466 804
466 806
466 810
466 908
467 468
467 470
467 471
467 472
467 477
467 499
467 500
467 501
467 502
467 503
467 504
467 505
467 506
467 507
467 508
467 509
467 511
467 512
467 791
467 792
467 793
467 794
467 796
467 800
467 801
467 802
467 806
467 944
467 987
468 470
468 471
468 472
468 473
468 477
468 499
468 501
468 502
468 503
468 504
468 505
468 506
468 507
468 508
468 509
468 510
468 511
468 512
468 790
468 793
468 794
468 795
468 799
468 800
468 801
468 802
468 803
468 804
468 805
468 806
468 807
468 907
469 470
469 471
469 472
469 474
469 489
469 500
469 501
469 502
469 503
469 504
469 505
469 506
469 507
469 508
469 509
469 510
469 511
469 512
469 791
469 793
469 794
469 800
469 801
469 802
469 803
469 804
469 805
469 806
469 807
469 894
470 471
470 472
470 473
470 499
470 501
470 502
470 503
470 504
470 505
470 506
470 507
470 508
470 509
470 510
470 511
470 512
470 661
470 769
470 778
470 790
470 791
470 792
470 793
470 794
470 795
470 796
470 800
470 801
470 802
470 803
470 804
470 805
470 806
470 807
470 808
471 472
471 473
471 474
471 478
471 498
471 499
471 500
471 501
471 502
471 503
471 504
471 505
471 506
471 507
471 508
471 509
471 510
471 511
471 512
471 513
471 791
471 793
471 794
471 795
471 803
471 805
471 806
471 807
471 808
472 473
472 477
472 499
472 500
472 501
472 502
472 503
472 504
472 505
472 506
472 507
472 508
472 509
472 510
472 511
472 512
472 513
472 514
472 721
472 790
472 792
472 793
472 794
472 796
472 800
472 803
472 804
472 805
472 806
472 807
472 808
472 809
472 815
473 478
473 479
473 480
473 500
473 501
473 502
473 504
473 505
473 506
473 507
473 508
473 509
473 510
473 511
473 512
473 513
473 514
473 790
473 792
473 794
473 795
473 801
473 803
473 804
473 806
473 807
473 808
473 809
473 815
473 913
474 480
474 485
474 506
474 507
474 508
474 509
474 510
474 511
474 512
474 513
474 600
474 794
474 795
474 803
474 804
474 808
474 851
474 985
475 479
475 505
475 508
475 509
475 510
475 771
475 797
476 505
476 510
476 511
476 779
476 791
476 792
477 478
477 509
477 511
477 705
477 798
477 801
477 802
477 803
477 804
477 808
477 960
478 505
478 506
478 507
478 508
478 509
478 512
478 513
478 792
478 797
478 798
478 801
478 802
478 805
478 807
479 500
479 505
479 506
479 507
479 508
479 509
479 510
479 512
479 802
479 804
479 809
480 498
480 503
480 504
480 509
480 512
480 513
480 595
480 793
480 940
481 509
481 512
481 855
481 898
481 986
482 532
482 692
482 782
483 815
484 509
484 510
485 531
485 906
490 510
490 807
491 987
492 605
498 795
498 805
499 505
499 508
499 595
499 791
499 792
499 802
499 805
500 501
500 503
500 507
500 508
500 509
500 511
500 617
500 792
500 793
500 794
500 800
500 801
500 802
500 803
500 805
500 806
500 807
501 503
501 504
501 506
501 507
501 508
501 509
501 510
501 512
501 513
501 792
501 793
501 794
501 796
501 797
501 799
501 801
501 802
501 803
501 804
501 805
501 806
501 807
502 503
502 504
502 505
502 506
502 507
502 508
502 509
502 510
502 512
502 514
502 791
502 792
502 793
502 794
502 796
502 797
502 799
502 800
502 801
502 802
502 803
502 804
502 806
502 807
502 808
503 504
503 505
503 506
503 507
503 508
503 509
503 510
503 511
503 512
503 792
503 794
503 795
503 799
503 800
503 801
503 802
503 803
503 804
503 805
503 806
503 807
504 505
504 506
504 507
504 508
504 509
504 510
504 511
504 512
504 513
504 791
504 793
504 794
504 796
504 797
504 799
504 800
504 801
504 802
504 803
504 804
504 805
504 806
504 807
504 808
504 809
505 506
505 507
505 508
505 509
505 510
505 511
505 512
505 513
505 790
505 791
505 792
505 793
505 794
505 795
505 799
505 800
505 803
505 804
505 805
505 806
505 807
505 808
505 810
505 984
506 507
506 508
506 509
506 510
506 511
506 512
506 793
506 794
506 795
506 798
506 800
506 801
506 803
506 804
506 805
506 806
506 807
506 808
506 816
507 508
507 509
507 510
507 511
507 512
507 513
507 514
507 770
507 791
507 793
507 794
507 795
507 796
507 799
507 800
507 802
507 803
507 804
507 805
507 806
507 807
507 808
507 810
507 850
508 509
508 510
508 511
508 512
508 513
508 663
508 792
508 793
508 794
508 795
508 796
508 797
508 798
508 801
508 802
508 803
508 804
508 805
508 806
508 807
508 808
508 955
508 985
508 986
509 510
509 511
509 512
509 513
509 514
509 637
509 750
509 770
509 791
509 792
509 793
509 794
509 795
509 796
509 799
509 800
509 801
509 802
509 803
509 804
509 805
509 806
509 807
509 808
509 809
509 810
509 886
509 894
509 895
509 915
510 511
510 512
510 513
510 517
510 593
510 770
510 793
510 794
510 796
510 800
510 801
510 802
510 803
510 804
510 805
510 806
510 807
510 808
510 816
510 817
510 915
510 984
511 512
511 513
511 516
511 528
511 592
511 594
511 642
511 661
511 771
511 779
511 780
511 790
511 791
511 792
511 793
511 794
511 795
511 797
511 801
511 802
511 803
511 804
511 805
511 806
511 807
511 808
511 809
511 816
511 817
511 865
511 954
511 955
511 991
512 513
512 515
512 594
512 595
512 615
512 643
512 771
512 792
512 794
512 795
512 797
512 799
512 801
512 803
512 804
512 805
512 806
512 807
512 808
512 809
512 817
512 864
512 895
512 955
512 984
512 986
512 996
513 594
513 638
513 770
513 778
513 790
513 792
513 793
513 795
513 797
513 798
513 802
513 803
513 804
513 805
513 806
513 807
513 808
513 816
513 818
513 906
514 585
514 807
514 811
514 848
514 905
515 530
516 632
529 595
529 798
529 808
530 544
530 696
531 957
532 553
552 721
582 594
582 808
593 806
593 807
594 796
596 910
602 613
603 818
608 956
614 811
616 987
645 956
646 707
663 732
677 906
691 807
696 809
701 985
708 809
709 794
709 955
728 797
733 975
747 799
748 798
752 819
772 818
772 969
778 807
785 985
790 793
790 809
791 793
791 794
791 799
791 803
791 804
791 807
792 793
792 794
792 795
792 800
792 801
792 803
792 804
792 805
792 806
793 794
793 795
793 800
793 801
793 802
793 803
793 804
793 805
793 806
793 807
793 808
793 815
794 799
794 800
794 801
794 802
794 803
794 804
794 805
794 806
795 796
795 805
795 806
795 807
795 808
795 815
796 806
796 807
797 897
798 800
798 809
798 958
799 800
799 804
799 805
799 807
800 804
800 805
800 806
800 808
801 803
801 804
801 805
801 807
801 866
801 956
801 987
802 803
802 804
802 805
802 806
802 807
802 808
802 849
803 804
803 805
803 806
803 807
803 808
804 805
804 806
804 807
804 808
804 810
804 814
804 954
805 806
805 807
805 808
805 816
806 807
806 808
806 987
807 808
807 815
807 879
807 984
807 985
808 809
809 978
810 954
810 955
817 852
817 896
893 965
894 992
939 985
