3 646
18 641
20 635
20 643
21 398
21 635
21 636
21 638
21 639
21 641
21 643
22 639
22 641
22 642
22 643
22 644
22 805
23 384
23 637
23 640
23 642
23 644
24 398
24 638
24 643
24 644
24 754
25 159
25 229
25 644
25 804
25 899
25 995
26 648
27 979
28 158
28 644
29 548
31 644
32 644
33 514
34 566
53 643
53 644
54 405
57 704
57 937
58 230
58 598
59 618
60 752
73 826
74 959
85 639
86 642
86 643
86 646
87 231
87 354
88 648
88 705
89 583
91 638
92 644
92 899
93 898
94 643
95 456
95 642
96 403
98 619
102 313
105 155
105 640
106 563
106 640
107 320
111 549
123 635
124 135
129 288
131 643
132 399
132 639
132 645
132 646
133 228
133 268
133 399
133 486
133 644
134 639
134 640
134 645
134 667
134 918
135 642
135 766
136 644
136 677
137 395
137 734
138 645
138 759
139 636
139 639
139 643
140 642
140 644
141 402
141 647
142 162
151 641
151 644
152 643
152 644
152 752
152 825
153 642
153 646
158 380
168 645
171 228
172 643
177 398
178 640
178 643
178 644
179 671
183 752
189 643
190 230
213 644
217 766
218 887
219 321
220 640
221 803
222 644
224 635
224 638
224 642
224 644
224 711
225 227
225 228
225 229
225 279
225 396
225 398
225 399
225 401
225 634
225 636
225 637
225 638
225 639
225 640
225 641
225 642
225 644
225 645
225 755
226 227
226 228
226 229
226 230
226 231
226 396
226 397
226 398
226 399
226 400
226 564
226 634
226 635
226 637
226 638
226 639
226 640
226 642
226 643
226 644
226 645
226 646
226 755
226 758
227 228
227 229
227 284
227 395
227 396
227 397
227 398
227 399
227 400
227 634
227 635
227 636
227 637
227 638
227 639
227 640
227 641
227 642
227 643
227 644
227 645
227 646
227 756
227 757
227 759
227 801
228 229
228 231
228 371
228 396
228 397
228 398
228 399
228 400
228 583
228 634
228 635
228 636
228 637
228 638
228 639
228 640
228 641
228 642
228 643
228 644
228 645
228 646
228 756
228 757
228 758
228 759
228 829
229 396
229 397
229 398
229 399
229 400
229 401
229 402
229 472
229 633
229 634
229 635
229 636
229 637
229 638
229 639
229 640
229 641
229 642
229 643
229 644
229 645
229 646
229 755
229 756
229 757
229 759
229 806
229 965
230 283
230 397
230 399
230 400
230 550
230 565
230 636
230 637
230 638
230 639
230 640
230 641
230 642
230 643
230 644
230 645
230 759
230 788
230 802
230 846
231 352
231 387
231 401
231 513
231 638
231 641
231 643
231 644
231 713
231 905
232 473
232 637
232 644
232 647
232 703
232 761
232 860
233 644
233 675
233 731
234 281
235 642
236 596
237 381
258 646
261 642
266 643
267 643
274 643
275 400
275 644
276 401
276 474
277 402
277 767
278 643
278 884
279 582
279 642
279 646
280 640
280 642
280 644
280 956
280 996
281 400
281 401
281 637
281 641
281 643
281 644
282 287
282 400
282 547
282 640
282 641
282 955
283 538
283 634
283 636
283 640
283 641
283 643
283 645
283 713
284 399
284 400
284 635
284 638
284 642
284 643
284 644
284 646
285 395
285 400
285 505
285 636
285 637
285 638
285 639
285 640
285 643
285 644
285 645
286 474
286 640
286 641
286 642
286 643
286 644
286 840
286 968
287 351
287 644
287 821
288 751
289 841
311 398
311 635
311 641
311 702
312 641
312 645
314 639
317 638
318 565
318 640
318 644
319 529
319 638
319 642
319 646
319 802
320 566
320 638
320 641
321 645
322 645
336 642
337 635
337 765
338 397
338 641
338 918
339 631
340 645
344 645
348 643
349 761
350 399
350 596
350 611
350 643
351 643
351 644
351 759
352 399
352 643
352 645
352 882
353 399
353 400
353 639
353 640
353 641
353 642
353 643
353 945
354 564
354 639
354 642
354 817
355 736
355 890
358 640
358 644
359 643
360 991
364 401
367 642
368 763
369 830
379 395
379 400
379 640
379 643
380 530
380 636
380 640
380 645
381 646
381 941
384 475
392 647
395 399
395 634
395 635
395 636
396 398
396 399
396 400
396 634
396 635
396 636
396 637
396 638
396 639
396 640
396 641
396 642
396 643
396 644
396 758
397 398
397 399
397 400
397 401
397 564
397 633
397 635
397 636
397 637
397 638
397 639
397 640
397 641
397 642
397 643
397 644
397 645
397 756
397 758
397 759
397 763
397 974
398 399
398 400
398 401
398 562
398 564
398 565
398 593
398 633
398 634
398 635
398 636
398 637
398 638
398 639
398 640
398 641
398 642
398 643
398 644
398 645
398 758
398 759
399 400
399 401
399 419
399 475
399 480
399 563
399 634
399 635
399 636
399 637
399 638
399 639
399 640
399 641
399 642
399 643
399 644
399 645
399 646
399 757
399 758
399 759
399 857
399 949
399 955
399 956
400 566
400 598
400 636
400 637
400 638
400 639
400 640
400 641
400 642
400 643
400 644
400 645
400 646
400 653
400 674
400 757
400 760
400 950
401 635
401 637
401 638
401 639
401 640
401 641
401 642
401 643
401 644
401 645
401 646
401 761
401 836
401 958
402 636
402 638
402 640
402 641
402 642
402 643
402 644
402 645
402 646
402 673
402 762
402 888
403 531
403 543
403 643
403 644
403 645
403 990
404 430
404 643
404 960
415 638
416 599
419 641
420 542
420 585
421 911
433 642
453 642
453 875
454 645
454 678
455 640
455 642
455 956
456 568
456 646
457 565
457 657
457 715
458 605
470 643
471 772
471 911
472 647
473 595
473 642
474 597
488 637
488 645
489 641
490 647
497 645
498 562
498 639
498 644
499 639
499 641
499 643
499 732
499 806
500 639
500 641
500 643
500 978
501 645
501 919
508 642
512 640
512 643
513 642
515 892
524 643
530 959
532 641
533 645
534 566
537 704
537 858
538 597
538 636
539 735
541 644
542 640
547 637
548 762
549 598
562 639
562 640
562 643
563 567
563 643
563 644
564 641
564 645
565 638
565 642
565 643
565 644
566 644
567 674
569 640
569 760
573 644
580 636
580 642
581 642
581 644
583 641
584 976
586 640
587 594
593 636
593 639
593 640
593 643
594 639
594 756
594 759
594 802
594 957
595 636
595 643
595 646
595 760
595 900
596 640
596 644
597 637
597 644
606 807
616 643
617 758
617 946
618 641
618 647
622 707
625 805
633 636
633 641
633 642
634 635
634 636
634 637
634 638
634 639
634 640
634 641
634 642
634 643
634 644
634 645
634 757
634 994
635 636
635 637
635 638
635 639
635 640
635 641
635 642
635 643
635 644
635 645
635 757
635 758
636 637
636 638
636 639
636 640
636 641
636 642
636 643
636 644
636 645
636 646
636 757
636 758
636 801
636 956
636 992
637 638
637 639
637 640
637 641
637 642
637 643
637 644
637 645
637 646
637 756
637 757
637 758
637 759
637 760
637 764
637 801
637 888
638 639
638 640
638 641
638 642
638 643
638 644
638 645
638 646
638 673
638 712
638 756
638 757
638 758
638 759
638 760
638 761
638 764
638 887
638 992
638 993
639 640
639 641
639 642
639 643
639 644
639 645
639 646
639 692
639 693
639 694
639 751
639 756
639 757
639 758
639 759
639 760
639 857
640 641
640 642
640 643
640 644
640 645
640 646
640 673
640 702
640 757
640 758
640 759
640 760
640 761
640 800
640 801
640 806
640 897
640 956
640 994
641 642
641 643
641 644
641 645
641 646
641 647
641 654
641 755
641 756
641 757
641 758
641 759
641 763
641 764
641 801
641 844
641 856
641 857
641 869
641 902
641 915
641 957
641 993
641 994
642 643
642 644
642 645
642 646
642 670
642 701
642 713
642 757
642 758
642 759
642 760
642 800
642 801
642 857
642 858
642 898
642 956
642 957
642 973
643 644
643 645
643 646
643 674
643 677
643 705
643 706
643 712
643 713
643 754
643 756
643 757
643 758
643 759
643 760
643 761
643 765
643 766
643 800
643 802
643 825
643 838
643 857
643 889
643 935
643 993
644 645
644 646
644 647
644 671
644 704
644 731
644 755
644 756
644 758
644 759
644 760
644 761
644 763
644 764
644 765
644 768
644 784
644 788
644 800
644 801
644 804
644 805
644 858
644 860
644 881
644 882
644 886
644 891
644 897
644 898
644 903
644 967
644 975
644 978
644 994
645 646
645 647
645 657
645 673
645 678
645 692
645 712
645 751
645 753
645 756
645 757
645 758
645 759
645 760
645 761
645 762
645 764
645 803
645 814
645 858
645 859
645 880
645 899
645 955
645 958
645 974
646 712
646 756
646 803
646 804
646 957
646 995
647 762
647 763
647 789
647 802
648 870
648 900
649 679
649 977
672 761
673 802
693 816
694 754
707 898
708 714
713 847
714 994
753 881
755 769
760 958
762 936
764 942
803 974
858 880
859 860
859 941
861 889
891 995
