1 206
1 208
1 209
1 213
1 214
1 678
2 211
2 212
2 214
2 878
3 209
3 212
3 834
3 885
4 211
4 222
4 934
5 896
10 211
10 213
11 316
11 977
12 787
13 216
13 876
14 209
14 211
14 213
15 212
15 805
16 119
22 214
25 746
26 674
27 209
27 211
27 884
28 202
28 211
28 212
28 214
28 223
29 126
29 208
29 213
29 868
30 511
36 317
36 662
36 681
37 211
37 214
37 325
37 976
38 45
38 213
39 496
43 211
55 323
57 201
66 329
68 214
69 213
69 215
69 324
70 210
70 214
70 331
71 209
71 215
72 177
73 214
73 973
74 206
74 212
74 671
75 188
75 213
75 885
75 936
76 511
76 753
77 920
78 328
79 210
79 211
80 180
89 213
90 212
94 193
96 209
101 679
104 675
107 266
118 276
122 192
123 194
123 198
123 303
123 316
123 322
123 325
123 326
123 499
123 658
123 663
123 678
123 747
123 874
123 965
123 967
124 183
124 191
124 193
124 210
124 212
124 213
124 304
124 306
124 310
124 319
124 326
124 500
124 502
124 505
124 652
124 659
124 662
124 666
124 670
124 737
124 746
124 878
124 879
124 885
124 964
124 965
124 972
125 185
125 199
125 203
125 212
125 214
125 304
125 310
125 311
125 313
125 318
125 323
125 408
125 497
125 500
125 503
125 508
125 653
125 656
125 664
125 668
125 671
125 675
125 679
125 735
125 738
125 740
125 741
125 742
125 745
125 747
125 870
125 871
125 873
125 874
125 878
125 879
125 880
125 884
125 885
125 886
125 962
125 964
126 186
126 189
126 195
126 197
126 200
126 203
126 208
126 210
126 214
126 307
126 318
126 319
126 320
126 326
126 497
126 655
126 658
126 660
126 664
126 670
126 674
126 679
126 740
126 743
126 866
126 873
126 884
126 960
126 963
126 971
126 975
127 190
127 193
127 207
127 210
127 214
127 316
127 329
127 330
127 500
127 662
127 665
127 674
127 675
127 677
127 741
127 743
127 750
127 961
127 962
127 968
127 972
128 198
128 201
128 209
128 210
128 212
128 213
128 214
128 677
128 747
128 971
129 211
129 212
129 214
129 329
129 675
129 676
130 510
130 546
134 202
143 178
172 212
172 666
173 194
173 212
173 304
173 678
173 873
174 197
174 198
174 205
174 214
174 498
174 673
174 884
174 966
174 968
175 207
175 209
175 213
175 214
175 307
175 308
175 323
175 504
175 657
175 678
175 737
175 753
175 966
176 201
176 207
176 209
176 210
176 212
176 213
176 668
176 750
176 884
177 209
177 213
177 214
177 664
178 331
178 886
179 326
180 189
180 315
180 321
180 406
180 882
180 884
180 964
181 203
181 306
181 308
181 315
181 318
181 328
181 499
181 501
181 661
181 664
181 669
181 671
181 674
181 677
181 735
181 736
181 738
181 739
181 743
181 869
181 871
181 872
181 875
181 882
181 884
181 958
181 967
181 973
182 186
182 189
182 194
182 197
182 198
182 202
182 204
182 208
182 209
182 305
182 307
182 309
182 312
182 316
182 319
182 323
182 325
182 327
182 408
182 495
182 501
182 503
182 505
182 654
182 661
182 670
182 671
182 674
182 678
182 738
182 740
182 741
182 743
182 747
182 870
182 872
182 873
182 875
182 887
182 958
182 961
182 971
183 185
183 186
183 190
183 194
183 196
183 200
183 202
183 204
183 206
183 207
183 210
183 212
183 213
183 306
183 309
183 313
183 315
183 316
183 317
183 318
183 319
183 321
183 325
183 407
183 498
183 501
183 502
183 652
183 653
183 654
183 657
183 661
183 662
183 664
183 665
183 675
183 740
183 743
183 744
183 746
183 749
183 866
183 867
183 869
183 877
183 879
183 882
183 886
183 961
183 965
183 966
183 968
183 969
183 970
183 971
183 973
183 974
184 185
184 189
184 190
184 191
184 193
184 196
184 197
184 198
184 199
184 200
184 201
184 202
184 207
184 210
184 212
184 213
184 214
184 305
184 307
184 310
184 311
184 312
184 315
184 316
184 317
184 318
184 321
184 324
184 326
184 327
184 328
184 330
184 406
184 407
184 487
184 495
184 497
184 498
184 499
184 500
184 503
184 505
184 506
184 654
184 655
184 656
184 657
184 666
184 667
184 668
184 669
184 670
184 672
184 673
184 675
184 678
184 736
184 737
184 739
184 741
184 743
184 750
184 868
184 869
184 871
184 874
184 876
184 877
184 882
184 884
184 885
184 962
184 963
184 964
184 965
184 966
184 967
184 973
184 975
185 186
185 187
185 188
185 190
185 191
185 192
185 194
185 197
185 198
185 201
185 202
185 204
185 205
185 206
185 207
185 208
185 209
185 211
185 212
185 305
185 309
185 310
185 312
185 314
185 315
185 316
185 317
185 318
185 319
185 320
185 322
185 323
185 324
185 325
185 326
185 327
185 328
185 408
185 496
185 497
185 502
185 503
185 504
185 554
185 654
185 658
185 660
185 662
185 665
185 668
185 669
185 671
185 676
185 677
185 678
185 736
185 738
185 740
185 741
185 742
185 744
185 745
185 747
185 749
185 868
185 873
185 874
185 876
185 877
185 879
185 881
185 882
185 883
185 885
185 888
185 889
185 959
185 963
185 965
185 966
185 967
185 969
185 970
186 188
186 190
186 191
186 193
186 194
186 196
186 198
186 199
186 200
186 201
186 202
186 203
186 204
186 207
186 209
186 210
186 211
186 212
186 213
186 214
186 303
186 305
186 307
186 309
186 310
186 311
186 312
186 313
186 314
186 315
186 318
186 320
186 321
186 322
186 323
186 324
186 325
186 328
186 497
186 499
186 501
186 503
186 504
186 655
186 661
186 662
186 663
186 666
186 668
186 669
186 672
186 673
186 675
186 676
186 678
186 736
186 737
186 738
186 740
186 741
186 742
186 743
186 745
186 746
186 747
186 748
186 865
186 867
186 868
186 870
186 872
186 874
186 876
186 877
186 878
186 879
186 880
186 881
186 882
186 886
186 887
186 963
186 964
186 965
186 966
186 967
186 970
186 971
186 973
187 188
187 189
187 190
187 191
187 192
187 193
187 195
187 196
187 197
187 199
187 200
187 201
187 202
187 204
187 207
187 209
187 211
187 212
187 213
187 215
187 294
187 306
187 307
187 309
187 311
187 312
187 313
187 315
187 316
187 318
187 319
187 320
187 321
187 322
187 323
187 325
187 326
187 328
187 329
187 409
187 497
187 498
187 501
187 503
187 504
187 505
187 506
187 658
187 659
187 660
187 662
187 663
187 665
187 666
187 667
187 668
187 669
187 670
187 671
187 672
187 673
187 674
187 675
187 734
187 739
187 740
187 742
187 743
187 744
187 745
187 747
187 748
187 749
187 750
187 751
187 867
187 869
187 875
187 876
187 877
187 878
187 880
187 881
187 882
187 883
187 884
187 885
187 886
187 887
187 962
187 963
187 965
187 966
187 968
187 969
187 970
187 971
187 972
187 973
187 974
188 189
188 190
188 191
188 192
188 193
188 194
188 196
188 197
188 198
188 199
188 200
188 202
188 203
188 204
188 205
188 207
188 208
188 209
188 211
188 212
188 213
188 214
188 299
188 306
188 307
188 308
188 309
188 310
188 311
188 312
188 313
188 314
188 315
188 316
188 318
188 319
188 321
188 322
188 324
188 327
188 328
188 329
188 497
188 500
188 501
188 502
188 503
188 505
188 506
188 654
188 656
188 658
188 659
188 661
188 662
188 663
188 664
188 665
188 666
188 667
188 669
188 670
188 671
188 672
188 673
188 674
188 675
188 676
188 677
188 678
188 679
188 737
188 738
188 740
188 741
188 744
188 745
188 746
188 747
188 748
188 750
188 868
188 872
188 874
188 875
188 876
188 877
188 878
188 879
188 880
188 881
188 882
188 883
188 884
188 886
188 887
188 888
188 963
188 964
188 966
188 967
188 971
188 976
189 190
189 191
189 192
189 193
189 194
189 196
189 197
189 198
189 199
189 201
189 202
189 203
189 204
189 206
189 207
189 208
189 209
189 210
189 211
189 212
189 213
189 304
189 308
189 309
189 310
189 311
189 312
189 313
189 314
189 315
189 316
189 317
189 318
189 319
189 320
189 321
189 322
189 325
189 326
189 327
189 328
189 496
189 498
189 499
189 500
189 502
189 504
189 506
189 508
189 654
189 657
189 659
189 661
189 663
189 664
189 665
189 666
189 667
189 668
189 669
189 670
189 671
189 672
189 673
189 674
189 675
189 676
189 677
189 678
189 679
189 737
189 738
189 739
189 741
189 742
189 745
189 746
189 750
189 751
189 871
189 872
189 873
189 875
189 877
189 878
189 879
189 880
189 881
189 882
189 884
189 885
189 886
189 887
189 905
189 961
189 962
189 964
189 966
189 968
189 969
189 970
189 972
189 973
189 974
189 975
190 191
190 192
190 194
190 196
190 197
190 199
190 201
190 202
190 203
190 204
190 205
190 206
190 207
190 208
190 209
190 210
190 211
190 212
190 213
190 214
190 308
190 309
190 311
190 312
190 314
190 315
190 316
190 317
190 318
190 319
190 320
190 322
190 323
190 324
190 326
190 327
190 328
190 408
190 495
190 498
190 500
190 503
190 504
190 505
190 506
190 653
190 656
190 658
190 659
190 661
190 662
190 663
190 664
190 665
190 667
190 668
190 669
190 671
190 672
190 673
190 674
190 675
190 676
190 678
190 679
190 736
190 738
190 740
190 741
190 742
190 743
190 744
190 745
190 746
190 747
190 749
190 750
190 866
190 867
190 868
190 870
190 871
190 872
190 873
190 874
190 875
190 876
190 877
190 878
190 879
190 881
190 882
190 883
190 885
190 886
190 887
190 960
190 963
190 964
190 966
190 967
190 968
190 969
190 970
190 971
190 972
190 973
190 974
191 193
191 194
191 195
191 196
191 197
191 198
191 199
191 200
191 201
191 202
191 203
191 204
191 205
191 206
191 207
191 208
191 209
191 210
191 211
191 212
191 213
191 214
191 273
191 305
191 307
191 308
191 309
191 310
191 312
191 313
191 314
191 317
191 318
191 319
191 320
191 321
191 322
191 323
191 324
191 325
191 326
191 327
191 328
191 409
191 497
191 499
191 503
191 504
191 505
191 506
191 554
191 656
191 657
191 658
191 659
191 660
191 662
191 663
191 664
191 665
191 666
191 667
191 670
191 671
191 672
191 673
191 674
191 675
191 676
191 677
191 678
191 738
191 739
191 740
191 741
191 743
191 744
191 745
191 746
191 747
191 748
191 749
191 869
191 871
191 873
191 875
191 876
191 877
191 878
191 879
191 880
191 881
191 882
191 883
191 884
191 885
191 886
191 887
191 959
191 963
191 966
191 967
191 968
191 969
191 970
191 971
191 972
191 973
191 974
191 975
192 193
192 194
192 195
192 196
192 197
192 198
192 199
192 201
192 202
192 203
192 204
192 205
192 206
192 207
192 208
192 209
192 210
192 211
192 212
192 213
192 214
192 303
192 304
192 306
192 308
192 310
192 311
192 313
192 314
192 315
192 316
192 317
192 318
192 319
192 320
192 321
192 322
192 323
192 324
192 325
192 326
192 327
192 328
192 408
192 495
192 496
192 498
192 499
192 500
192 501
192 503
192 504
192 505
192 506
192 550
192 655
192 656
192 658
192 659
192 660
192 661
192 662
192 665
192 666
192 667
192 668
192 669
192 670
192 671
192 672
192 673
192 674
192 675
192 676
192 677
192 678
192 679
192 739
192 742
192 743
192 744
192 745
192 746
192 747
192 748
192 749
192 869
192 870
192 873
192 874
192 875
192 876
192 877
192 878
192 879
192 880
192 881
192 882
192 883
192 884
192 885
192 886
192 887
192 963
192 968
192 969
192 970
192 972
192 973
192 974
192 975
193 194
193 195
193 196
193 197
193 198
193 199
193 200
193 201
193 202
193 203
193 204
193 205
193 206
193 207
193 208
193 209
193 210
193 211
193 212
193 213
193 214
193 305
193 307
193 308
193 310
193 311
193 312
193 313
193 314
193 315
193 316
193 317
193 318
193 319
193 320
193 321
193 322
193 323
193 325
193 326
193 327
193 328
193 409
193 410
193 498
193 499
193 500
193 501
193 502
193 503
193 504
193 505
193 506
193 653
193 654
193 655
193 656
193 657
193 658
193 659
193 661
193 662
193 663
193 664
193 665
193 666
193 667
193 668
193 669
193 670
193 671
193 672
193 673
193 674
193 675
193 676
193 678
193 679
193 695
193 736
193 737
193 740
193 742
193 743
193 744
193 745
193 746
193 747
193 748
193 749
193 750
193 868
193 870
193 871
193 872
193 873
193 874
193 875
193 876
193 877
193 878
193 879
193 880
193 881
193 882
193 883
193 884
193 885
193 886
193 887
193 963
193 965
193 966
193 967
193 968
193 969
193 970
193 971
193 972
193 974
193 975
194 195
194 196
194 197
194 198
194 199
194 200
194 201
194 202
194 203
194 205
194 206
194 207
194 208
194 209
194 210
194 211
194 212
194 213
194 214
194 215
194 220
194 306
194 309
194 311
194 314
194 315
194 316
194 317
194 318
194 319
194 320
194 321
194 322
194 323
194 324
194 325
194 326
194 327
194 328
194 329
194 497
194 498
194 500
194 501
194 502
194 504
194 506
194 507
194 657
194 658
194 659
194 660
194 661
194 662
194 663
194 664
194 665
194 666
194 667
194 668
194 669
194 670
194 671
194 672
194 673
194 674
194 675
194 676
194 677
194 678
194 679
194 741
194 742
194 743
194 744
194 745
194 746
194 747
194 748
194 749
194 750
194 751
194 867
194 868
194 870
194 871
194 873
194 874
194 875
194 876
194 877
194 878
194 879
194 880
194 881
194 882
194 883
194 884
194 885
194 886
194 887
194 962
194 963
194 965
194 967
194 968
194 969
194 970
194 971
194 972
194 973
194 974
194 975
195 196
195 197
195 198
195 199
195 200
195 201
195 202
195 203
195 205
195 206
195 207
195 208
195 209
195 210
195 211
195 212
195 213
195 214
195 308
195 310
195 312
195 313
195 314
195 315
195 316
195 317
195 318
195 319
195 320
195 321
195 322
195 323
195 324
195 325
195 326
195 327
195 328
195 329
195 406
195 409
195 499
195 500
195 501
195 504
195 505
195 507
195 655
195 656
195 657
195 658
195 660
195 662
195 663
195 664
195 665
195 666
195 667
195 668
195 669
195 670
195 671
195 672
195 673
195 674
195 675
195 676
195 677
195 678
195 679
195 736
195 738
195 739
195 740
195 741
195 743
195 744
195 745
195 746
195 747
195 748
195 749
195 750
195 865
195 869
195 871
195 872
195 873
195 874
195 875
195 876
195 877
195 878
195 879
195 880
195 881
195 882
195 883
195 884
195 885
195 886
195 887
195 960
195 964
195 965
195 968
195 969
195 970
195 971
195 972
195 973
195 974
195 975
196 197
196 198
196 199
196 200
196 201
196 202
196 203
196 204
196 205
196 206
196 207
196 208
196 209
196 210
196 211
196 212
196 213
196 214
196 215
196 306
196 309
196 310
196 311
196 312
196 313
196 314
196 315
196 316
196 317
196 318
196 319
196 320
196 321
196 322
196 323
196 324
196 325
196 326
196 327
196 328
196 329
196 408
196 410
196 496
196 498
196 502
196 504
196 505
196 506
196 507
196 653
196 657
196 658
196 659
196 660
196 661
196 662
196 663
196 664
196 665
196 666
196 667
196 668
196 669
196 670
196 671
196 672
196 673
196 674
196 675
196 676
196 677
196 678
196 679
196 735
196 736
196 738
196 739
196 742
196 743
196 745
196 746
196 747
196 748
196 749
196 750
196 751
196 869
196 871
196 873
196 875
196 876
196 877
196 878
196 879
196 880
196 881
196 882
196 883
196 884
196 885
196 886
196 961
196 962
196 963
196 964
196 965
196 966
196 967
196 968
196 969
196 972
196 973
197 198
197 199
197 200
197 201
197 202
197 203
197 204
197 205
197 206
197 207
197 208
197 209
197 210
197 211
197 212
197 213
197 214
197 306
197 308
197 312
197 313
197 314
197 315
197 316
197 317
197 318
197 319
197 320
197 321
197 322
197 323
197 324
197 325
197 326
197 327
197 328
197 329
197 408
197 498
197 499
197 500
197 504
197 505
197 507
197 653
197 654
197 655
197 657
197 658
197 659
197 660
197 661
197 662
197 663
197 664
197 665
197 666
197 667
197 668
197 669
197 670
197 671
197 672
197 673
197 674
197 675
197 676
197 677
197 678
197 679
197 736
197 739
197 740
197 742
197 743
197 744
197 745
197 746
197 747
197 748
197 749
197 750
197 751
197 870
197 871
197 872
197 873
197 875
197 876
197 877
197 878
197 879
197 880
197 881
197 882
197 883
197 884
197 885
197 886
197 887
197 888
197 960
197 961
197 964
197 970
197 971
197 972
197 973
197 975
197 976
198 199
198 200
198 201
198 202
198 203
198 204
198 205
198 206
198 207
198 208
198 209
198 210
198 211
198 212
198 213
198 214
198 309
198 311
198 312
198 313
198 314
198 315
198 316
198 317
198 318
198 319
198 320
198 321
198 322
198 323
198 324
198 325
198 326
198 327
198 328
198 408
198 490
198 497
198 498
198 499
198 502
198 503
198 504
198 505
198 506
198 507
198 654
198 655
198 656
198 657
198 658
198 660
198 662
198 663
198 664
198 665
198 666
198 667
198 668
198 669
198 670
198 671
198 672
198 673
198 674
198 675
198 676
198 677
198 678
198 679
198 680
198 734
198 738
198 740
198 741
198 742
198 743
198 744
198 745
198 746
198 747
198 749
198 750
198 751
198 868
198 869
198 871
198 872
198 876
198 877
198 878
198 879
198 880
198 881
198 882
198 883
198 884
198 885
198 886
198 889
198 918
198 965
198 966
198 967
198 969
198 970
198 971
198 972
198 973
198 974
199 200
199 201
199 202
199 203
199 204
199 205
199 206
199 207
199 208
199 209
199 210
199 211
199 212
199 213
199 214
199 305
199 307
199 308
199 309
199 310
199 311
199 312
199 313
199 314
199 315
199 316
199 317
199 318
199 319
199 320
199 321
199 322
199 323
199 324
199 325
199 326
199 327
199 328
199 329
199 330
199 408
199 409
199 497
199 500
199 504
199 505
199 506
199 510
199 552
199 653
199 656
199 658
199 659
199 660
199 661
199 662
199 663
199 664
199 665
199 666
199 667
199 668
199 669
199 670
199 671
199 672
199 673
199 674
199 675
199 676
199 677
199 678
199 679
199 738
199 740
199 741
199 742
199 743
199 744
199 745
199 746
199 747
199 748
199 749
199 750
199 751
199 868
199 871
199 872
199 873
199 874
199 875
199 876
199 877
199 878
199 879
199 880
199 881
199 882
199 883
199 884
199 885
199 886
199 887
199 888
199 962
199 964
199 966
199 967
199 968
199 969
199 970
199 971
199 972
199 973
199 974
199 975
199 976
199 991
200 201
200 202
200 203
200 204
200 205
200 206
200 207
200 208
200 209
200 210
200 211
200 212
200 213
200 214
200 215
200 306
200 308
200 309
200 310
200 311
200 312
200 314
200 315
200 316
200 317
200 318
200 319
200 320
200 321
200 322
200 323
200 324
200 325
200 326
200 327
200 328
200 329
200 332
200 408
200 409
200 498
200 499
200 502
200 504
200 505
200 506
200 654
200 655
200 657
200 658
200 659
200 660
200 661
200 662
200 663
200 664
200 665
200 666
200 667
200 668
200 669
200 670
200 671
200 672
200 673
200 674
200 675
200 676
200 677
200 678
200 679
200 739
200 741
200 742
200 743
200 744
200 745
200 746
200 747
200 748
200 749
200 750
200 751
200 847
200 867
200 869
200 871
200 872
200 873
200 874
200 875
200 876
200 877
200 878
200 879
200 880
200 881
200 882
200 883
200 884
200 885
200 886
200 887
200 961
200 963
200 964
200 966
200 967
200 968
200 970
200 971
200 972
200 973
200 974
201 202
201 203
201 204
201 205
201 206
201 207
201 208
201 209
201 210
201 211
201 212
201 213
201 214
201 308
201 309
201 311
201 312
201 313
201 314
201 315
201 316
201 317
201 318
201 319
201 320
201 321
201 322
201 323
201 324
201 325
201 326
201 327
201 328
201 329
201 330
201 340
201 411
201 498
201 499
201 500
201 501
201 503
201 504
201 505
201 506
201 508
201 653
201 656
201 657
201 658
201 659
201 660
201 661
201 663
201 664
201 665
201 666
201 667
201 668
201 669
201 670
201 671
201 672
201 673
201 674
201 675
201 676
201 677
201 678
201 679
201 715
201 736
201 740
201 742
201 743
201 745
201 746
201 747
201 748
201 749
201 750
201 751
201 868
201 869
201 870
201 871
201 872
201 873
201 874
201 876
201 877
201 878
201 879
201 880
201 881
201 882
201 883
201 884
201 885
201 886
201 887
201 888
201 962
201 965
201 966
201 967
201 968
201 969
201 970
201 972
201 973
201 974
201 975
202 203
202 204
202 205
202 206
202 207
202 208
202 209
202 210
202 211
202 212
202 213
202 214
202 215
202 305
202 306
202 307
202 309
202 310
202 311
202 312
202 314
202 315
202 316
202 317
202 318
202 319
202 320
202 321
202 322
202 323
202 324
202 325
202 326
202 327
202 328
202 329
202 330
202 408
202 497
202 500
202 501
202 502
202 504
202 505
202 506
202 653
202 655
202 657
202 658
202 659
202 660
202 661
202 662
202 663
202 664
202 665
202 666
202 668
202 669
202 670
202 671
202 672
202 673
202 674
202 675
202 676
202 677
202 678
202 679
202 680
202 735
202 737
202 738
202 739
202 740
202 741
202 742
202 743
202 744
202 745
202 746
202 747
202 748
202 749
202 750
202 751
202 868
202 870
202 871
202 872
202 873
202 874
202 875
202 876
202 877
202 878
202 879
202 880
202 881
202 882
202 883
202 884
202 885
202 886
202 887
202 888
202 960
202 962
202 963
202 964
202 965
202 967
202 968
202 969
202 970
202 971
202 972
202 973
202 974
203 204
203 205
203 206
203 207
203 208
203 209
203 210
203 211
203 212
203 213
203 214
203 305
203 309
203 310
203 311
203 312
203 313
203 314
203 315
203 316
203 317
203 318
203 319
203 320
203 321
203 322
203 323
203 324
203 325
203 326
203 327
203 328
203 329
203 497
203 498
203 499
203 502
203 503
203 504
203 505
203 506
203 625
203 631
203 652
203 654
203 657
203 658
203 659
203 660
203 662
203 663
203 664
203 665
203 666
203 667
203 668
203 669
203 670
203 671
203 672
203 673
203 674
203 675
203 676
203 677
203 678
203 679
203 737
203 739
203 740
203 742
203 744
203 745
203 746
203 747
203 748
203 749
203 750
203 751
203 866
203 870
203 871
203 872
203 874
203 875
203 876
203 877
203 878
203 879
203 880
203 881
203 882
203 883
203 884
203 885
203 886
203 887
203 898
203 962
203 963
203 964
203 965
203 966
203 967
203 968
203 969
203 970
203 971
203 972
203 975
204 205
204 206
204 207
204 208
204 209
204 210
204 211
204 212
204 213
204 214
204 221
204 308
204 309
204 310
204 311
204 312
204 313
204 314
204 316
204 319
204 320
204 321
204 322
204 323
204 324
204 325
204 326
204 327
204 328
204 329
204 330
204 410
204 498
204 499
204 500
204 502
204 503
204 504
204 506
204 507
204 543
204 604
204 631
204 652
204 655
204 657
204 658
204 659
204 660
204 662
204 663
204 664
204 665
204 666
204 667
204 668
204 669
204 670
204 671
204 672
204 673
204 674
204 675
204 676
204 677
204 678
204 679
204 680
204 739
204 744
204 745
204 746
204 747
204 748
204 749
204 750
204 763
204 869
204 871
204 872
204 873
204 875
204 876
204 877
204 878
204 879
204 880
204 881
204 882
204 883
204 884
204 885
204 886
204 887
204 959
204 961
204 963
204 965
204 966
204 968
204 971
204 972
204 973
204 974
204 975
205 206
205 207
205 208
205 209
205 210
205 211
205 212
205 213
205 214
205 215
205 303
205 305
205 310
205 311
205 312
205 313
205 314
205 315
205 316
205 317
205 318
205 319
205 320
205 322
205 323
205 324
205 325
205 326
205 327
205 328
205 408
205 409
205 410
205 497
205 498
205 502
205 504
205 505
205 506
205 654
205 658
205 659
205 660
205 661
205 662
205 663
205 664
205 665
205 666
205 667
205 668
205 669
205 670
205 671
205 672
205 673
205 674
205 675
205 676
205 677
205 678
205 679
205 680
205 735
205 738
205 740
205 741
205 743
205 744
205 745
205 746
205 747
205 748
205 749
205 750
205 751
205 865
205 868
205 870
205 871
205 872
205 873
205 875
205 876
205 877
205 878
205 879
205 880
205 881
205 882
205 883
205 884
205 885
205 886
205 887
205 952
205 962
205 963
205 964
205 965
205 969
205 970
205 971
205 972
205 973
205 974
205 975
206 207
206 208
206 209
206 210
206 211
206 212
206 213
206 214
206 216
206 305
206 309
206 311
206 312
206 314
206 315
206 316
206 317
206 318
206 319
206 320
206 321
206 322
206 323
206 324
206 325
206 326
206 327
206 328
206 329
206 331
206 406
206 409
206 411
206 496
206 499
206 500
206 501
206 502
206 503
206 505
206 506
206 639
206 658
206 659
206 660
206 661
206 662
206 664
206 665
206 666
206 667
206 668
206 669
206 670
206 671
206 672
206 673
206 674
206 675
206 676
206 677
206 678
206 679
206 680
206 681
206 736
206 740
206 741
206 743
206 744
206 745
206 746
206 748
206 749
206 750
206 751
206 804
206 865
206 866
206 867
206 868
206 869
206 871
206 872
206 873
206 874
206 875
206 876
206 877
206 878
206 879
206 880
206 881
206 882
206 883
206 884
206 885
206 886
206 887
206 888
206 913
206 919
206 962
206 963
206 965
206 966
206 967
206 968
206 969
206 970
206 972
206 973
206 974
206 991
207 208
207 209
207 210
207 211
207 212
207 213
207 214
207 215
207 219
207 306
207 308
207 312
207 313
207 314
207 315
207 316
207 317
207 318
207 319
207 320
207 321
207 322
207 323
207 324
207 325
207 326
207 327
207 328
207 329
207 407
207 411
207 499
207 500
207 503
207 504
207 505
207 506
207 507
207 508
207 510
207 652
207 653
207 655
207 658
207 660
207 661
207 662
207 663
207 664
207 665
207 666
207 667
207 668
207 669
207 670
207 671
207 672
207 673
207 674
207 675
207 676
207 677
207 678
207 679
207 680
207 692
207 693
207 698
207 738
207 740
207 741
207 742
207 745
207 746
207 747
207 748
207 749
207 750
207 786
207 867
207 870
207 871
207 873
207 874
207 875
207 876
207 877
207 878
207 879
207 880
207 881
207 882
207 883
207 884
207 885
207 886
207 887
207 932
207 959
207 964
207 965
207 966
207 967
207 968
207 969
207 970
207 971
207 972
207 973
207 974
207 975
208 209
208 210
208 211
208 212
208 213
208 214
208 215
208 285
208 286
208 304
208 306
208 308
208 309
208 310
208 311
208 312
208 313
208 315
208 316
208 317
208 318
208 319
208 320
208 321
208 322
208 323
208 324
208 325
208 326
208 327
208 328
208 329
208 330
208 339
208 407
208 409
208 410
208 412
208 488
208 498
208 499
208 500
208 501
208 502
208 503
208 504
208 505
208 506
208 508
208 553
208 565
208 653
208 655
208 656
208 657
208 658
208 659
208 661
208 662
208 663
208 664
208 665
208 666
208 667
208 668
208 669
208 670
208 671
208 672
208 673
208 674
208 675
208 676
208 677
208 678
208 679
208 680
208 699
208 700
208 738
208 739
208 741
208 743
208 744
208 745
208 746
208 747
208 748
208 749
208 750
208 751
208 752
208 867
208 868
208 869
208 870
208 871
208 872
208 873
208 874
208 875
208 876
208 877
208 878
208 879
208 880
208 881
208 882
208 883
208 884
208 885
208 886
208 887
208 888
208 920
208 953
208 960
208 963
208 964
208 965
208 966
208 967
208 968
208 969
208 970
208 971
208 972
208 973
208 974
208 975
209 210
209 211
209 212
209 213
209 214
209 215
209 222
209 264
209 265
209 309
209 310
209 311
209 312
209 313
209 314
209 315
209 316
209 317
209 318
209 319
209 320
209 321
209 322
209 323
209 324
209 325
209 326
209 327
209 328
209 329
209 330
209 407
209 408
209 412
209 496
209 498
209 499
209 501
209 503
209 504
209 505
209 506
209 508
209 509
209 555
209 635
209 655
209 656
209 658
209 659
209 660
209 661
209 663
209 664
209 665
209 666
209 667
209 668
209 669
209 670
209 671
209 672
209 673
209 674
209 675
209 676
209 677
209 678
209 679
209 680
209 689
209 700
209 724
209 738
209 740
209 741
209 742
209 743
209 744
209 745
209 746
209 747
209 748
209 749
209 750
209 751
209 752
209 753
209 803
209 867
209 868
209 870
209 871
209 873
209 874
209 875
209 876
209 877
209 878
209 879
209 880
209 881
209 882
209 883
209 884
209 885
209 886
209 887
209 888
209 890
209 917
209 933
209 961
209 962
209 963
209 965
209 966
209 967
209 968
209 969
209 970
209 971
209 972
209 973
209 974
209 975
209 976
209 977
210 211
210 212
210 213
210 214
210 215
210 223
210 309
210 311
210 312
210 313
210 314
210 315
210 316
210 317
210 318
210 319
210 320
210 321
210 322
210 323
210 324
210 325
210 326
210 327
210 328
210 329
210 330
210 331
210 408
210 409
210 411
210 413
210 444
210 496
210 497
210 499
210 500
210 501
210 502
210 503
210 504
210 505
210 506
210 507
210 509
210 555
210 625
210 633
210 636
210 654
210 655
210 657
210 658
210 659
210 661
210 662
210 663
210 664
210 665
210 666
210 667
210 668
210 669
210 670
210 671
210 672
210 673
210 674
210 675
210 676
210 677
210 678
210 679
210 680
210 692
210 693
210 699
210 707
210 736
210 738
210 739
210 741
210 742
210 744
210 745
210 746
210 747
210 748
210 749
210 750
210 752
210 802
210 813
210 822
210 830
210 850
210 867
210 870
210 872
210 873
210 874
210 875
210 876
210 877
210 878
210 879
210 880
210 881
210 882
210 883
210 884
210 885
210 886
210 887
210 888
210 889
210 906
210 958
210 962
210 963
210 965
210 966
210 967
210 968
210 969
210 970
210 971
210 972
210 973
210 974
210 975
210 976
210 982
211 212
211 213
211 214
211 215
211 216
211 271
211 306
211 307
211 311
211 312
211 313
211 314
211 315
211 316
211 317
211 318
211 319
211 320
211 321
211 322
211 323
211 324
211 325
211 326
211 327
211 328
211 329
211 330
211 332
211 372
211 374
211 380
211 408
211 409
211 410
211 411
211 412
211 458
211 493
211 497
211 498
211 499
211 500
211 502
211 503
211 504
211 505
211 506
211 507
211 508
211 621
211 630
211 633
211 653
211 656
211 657
211 658
211 659
211 660
211 661
211 662
211 663
211 664
211 665
211 666
211 667
211 668
211 669
211 670
211 671
211 672
211 673
211 674
211 675
211 676
211 677
211 678
211 679
211 680
211 693
211 700
211 710
211 725
211 737
211 738
211 739
211 741
211 742
211 743
211 744
211 746
211 747
211 748
211 749
211 750
211 751
211 752
211 764
211 815
211 816
211 867
211 868
211 869
211 870
211 874
211 875
211 876
211 877
211 878
211 879
211 880
211 881
211 882
211 883
211 884
211 885
211 886
211 887
211 888
211 917
211 960
211 961
211 962
211 963
211 965
211 966
211 968
211 969
211 970
211 971
211 972
211 973
211 974
211 975
211 976
211 977
211 978
211 992
212 213
212 214
212 215
212 224
212 263
212 286
212 307
212 309
212 311
212 312
212 313
212 314
212 316
212 317
212 318
212 319
212 320
212 321
212 322
212 323
212 324
212 325
212 326
212 327
212 328
212 329
212 330
212 331
212 339
212 341
212 406
212 407
212 408
212 411
212 412
212 483
212 491
212 497
212 498
212 499
212 500
212 501
212 502
212 503
212 505
212 506
212 507
212 508
212 509
212 525
212 544
212 545
212 546
212 554
212 600
212 606
212 630
212 637
212 654
212 657
212 658
212 659
212 660
212 661
212 662
212 663
212 664
212 665
212 666
212 667
212 668
212 669
212 670
212 671
212 672
212 673
212 674
212 675
212 676
212 677
212 678
212 679
212 680
212 681
212 734
212 738
212 742
212 743
212 744
212 745
212 746
212 747
212 748
212 749
212 750
212 751
212 753
212 764
212 765
212 778
212 803
212 804
212 815
212 817
212 866
212 867
212 869
212 871
212 873
212 874
212 875
212 876
212 877
212 878
212 879
212 880
212 881
212 882
212 883
212 884
212 885
212 886
212 887
212 888
212 889
212 890
212 906
212 914
212 918
212 961
212 962
212 963
212 964
212 966
212 967
212 968
212 969
212 970
212 971
212 972
212 973
212 974
212 975
212 976
212 977
213 214
213 215
213 216
213 222
213 223
213 263
213 272
213 305
213 306
213 307
213 308
213 309
213 310
213 311
213 312
213 313
213 314
213 315
213 316
213 317
213 318
213 319
213 320
213 321
213 322
213 323
213 324
213 325
213 326
213 327
213 328
213 329
213 330
213 331
213 332
213 333
213 343
213 372
213 484
213 495
213 499
213 500
213 501
213 502
213 503
213 504
213 505
213 507
213 508
213 509
213 510
213 517
213 525
213 526
213 551
213 553
213 566
213 625
213 633
213 640
213 657
213 658
213 659
213 661
213 662
213 663
213 664
213 665
213 666
213 667
213 668
213 669
213 670
213 671
213 672
213 673
213 674
213 675
213 676
213 677
213 678
213 679
213 680
213 681
213 694
213 708
213 709
213 725
213 738
213 739
213 740
213 741
213 742
213 743
213 744
213 745
213 746
213 747
213 748
213 749
213 750
213 751
213 752
213 763
213 764
213 765
213 805
213 825
213 866
213 868
213 869
213 870
213 872
213 873
213 874
213 876
213 877
213 878
213 879
213 880
213 881
213 882
213 883
213 884
213 885
213 886
213 887
213 888
213 889
213 890
213 902
213 906
213 907
213 918
213 932
213 962
213 963
213 964
213 966
213 967
213 968
213 970
213 971
213 972
213 973
213 974
213 975
213 976
213 982
214 215
214 301
214 307
214 308
214 309
214 310
214 311
214 312
214 313
214 314
214 315
214 316
214 317
214 318
214 319
214 320
214 321
214 322
214 323
214 324
214 325
214 326
214 327
214 328
214 329
214 330
214 339
214 340
214 394
214 407
214 410
214 411
214 491
214 498
214 499
214 500
214 501
214 502
214 503
214 504
214 505
214 506
214 507
214 508
214 513
214 555
214 632
214 634
214 658
214 659
214 660
214 661
214 662
214 663
214 664
214 666
214 667
214 668
214 669
214 670
214 671
214 672
214 673
214 674
214 675
214 676
214 677
214 678
214 679
214 680
214 694
214 740
214 741
214 742
214 743
214 744
214 746
214 747
214 748
214 749
214 750
214 751
214 752
214 753
214 766
214 767
214 806
214 868
214 870
214 873
214 874
214 875
214 876
214 877
214 878
214 879
214 880
214 881
214 882
214 883
214 884
214 885
214 886
214 887
214 888
214 899
214 905
214 933
214 935
214 946
214 950
214 959
214 963
214 965
214 966
214 967
214 968
214 969
214 971
214 972
214 973
214 974
214 975
214 976
214 985
215 216
215 227
215 273
215 314
215 320
215 322
215 327
215 328
215 329
215 330
215 368
215 518
215 555
215 666
215 671
215 673
215 674
215 676
215 678
215 680
215 695
215 722
215 739
215 838
215 871
215 876
215 877
215 878
215 889
215 890
215 970
215 983
216 495
216 631
216 664
216 680
216 681
216 895
217 766
217 860
217 977
221 656
221 674
221 677
221 679
222 324
222 669
223 328
224 229
224 884
225 701
228 678
230 682
231 341
244 547
244 737
245 671
245 891
246 459
249 676
261 324
262 670
264 679
265 711
274 991
275 875
284 888
285 679
285 960
287 891
297 545
298 979
303 498
303 868
303 870
304 306
304 314
304 325
304 326
304 327
304 407
304 408
304 493
304 498
304 503
304 504
304 664
304 667
304 672
304 677
304 741
304 866
304 878
304 883
304 961
304 970
305 306
305 307
305 309
305 312
305 319
305 328
305 407
305 409
305 500
305 504
305 507
305 654
305 659
305 660
305 668
305 673
305 694
305 734
305 735
305 737
305 740
305 743
305 746
305 749
305 871
305 872
305 877
305 961
305 962
305 970
305 972
305 975
306 307
306 308
306 310
306 314
306 319
306 322
306 327
306 497
306 504
306 625
306 653
306 656
306 658
306 665
306 666
306 668
306 669
306 670
306 671
306 674
306 676
306 735
306 737
306 740
306 741
306 743
306 871
306 874
306 875
306 878
306 879
306 881
306 884
306 887
306 960
306 969
306 970
306 972
306 974
307 310
307 312
307 317
307 318
307 319
307 320
307 321
307 325
307 327
307 408
307 507
307 630
307 654
307 655
307 656
307 657
307 659
307 660
307 662
307 665
307 666
307 667
307 671
307 672
307 678
307 737
307 738
307 739
307 742
307 745
307 746
307 747
307 748
307 749
307 750
307 866
307 867
307 875
307 876
307 877
307 879
307 880
307 881
307 883
307 885
307 961
307 962
307 963
307 967
307 968
307 969
307 970
307 971
307 973
307 975
308 310
308 312
308 314
308 315
308 316
308 318
308 319
308 321
308 325
308 498
308 499
308 502
308 504
308 505
308 506
308 507
308 654
308 656
308 658
308 661
308 665
308 667
308 668
308 669
308 670
308 671
308 672
308 673
308 676
308 678
308 735
308 737
308 738
308 740
308 744
308 749
308 750
308 867
308 868
308 869
308 871
308 872
308 873
308 874
308 875
308 876
308 877
308 878
308 879
308 882
308 883
308 960
308 963
308 964
308 965
308 967
308 968
308 969
308 971
308 972
308 973
308 974
309 310
309 314
309 317
309 318
309 320
309 321
309 322
309 323
309 324
309 327
309 328
309 405
309 496
309 498
309 500
309 502
309 504
309 505
309 507
309 655
309 656
309 657
309 658
309 659
309 662
309 663
309 664
309 665
309 666
309 667
309 668
309 669
309 670
309 673
309 674
309 676
309 677
309 678
309 679
309 727
309 739
309 740
309 741
309 742
309 744
309 749
309 750
309 867
309 868
309 869
309 871
309 873
309 875
309 876
309 878
309 879
309 880
309 881
309 883
309 884
309 885
309 886
309 964
309 965
309 967
309 968
309 971
309 973
309 974
309 975
310 311
310 313
310 315
310 317
310 318
310 321
310 322
310 324
310 325
310 326
310 327
310 328
310 408
310 497
310 499
310 502
310 503
310 504
310 505
310 506
310 507
310 544
310 655
310 656
310 658
310 660
310 661
310 663
310 664
310 665
310 666
310 667
310 668
310 669
310 673
310 674
310 675
310 676
310 678
310 737
310 739
310 741
310 742
310 743
310 745
310 747
310 748
310 749
310 869
310 872
310 873
310 874
310 876
310 877
310 881
310 882
310 883
310 884
310 889
310 961
310 962
310 963
310 964
310 965
310 967
310 968
310 969
310 970
310 971
310 972
310 973
310 974
310 975
311 312
311 313
311 314
311 315
311 317
311 319
311 320
311 321
311 323
311 324
311 325
311 328
311 329
311 408
311 497
311 500
311 501
311 503
311 504
311 505
311 507
311 655
311 657
311 660
311 661
311 664
311 665
311 666
311 667
311 669
311 670
311 671
311 672
311 673
311 675
311 676
311 677
311 679
311 683
311 734
311 735
311 736
311 737
311 738
311 740
311 741
311 742
311 743
311 745
311 746
311 747
311 749
311 762
311 871
311 872
311 873
311 874
311 875
311 876
311 877
311 878
311 880
311 882
311 884
311 887
311 960
311 964
311 965
311 966
311 967
311 968
311 969
311 970
311 972
311 973
311 974
312 313
312 314
312 315
312 316
312 317
312 318
312 319
312 320
312 321
312 322
312 323
312 324
312 325
312 327
312 328
312 496
312 497
312 503
312 504
312 505
312 506
312 653
312 655
312 657
312 658
312 659
312 660
312 661
312 662
312 663
312 664
312 665
312 666
312 667
312 668
312 669
312 670
312 671
312 672
312 673
312 675
312 676
312 677
312 678
312 679
312 738
312 739
312 742
312 743
312 744
312 745
312 746
312 747
312 749
312 750
312 751
312 870
312 871
312 872
312 873
312 874
312 875
312 876
312 878
312 879
312 881
312 882
312 883
312 885
312 886
312 887
312 960
312 963
312 964
312 965
312 967
312 968
312 969
312 970
312 971
312 972
312 973
312 974
313 315
313 316
313 317
313 320
313 321
313 322
313 323
313 324
313 326
313 329
313 338
313 496
313 499
313 502
313 503
313 504
313 506
313 507
313 655
313 656
313 657
313 658
313 659
313 660
313 661
313 662
313 663
313 664
313 665
313 666
313 667
313 668
313 669
313 670
313 671
313 672
313 673
313 674
313 676
313 677
313 678
313 679
313 735
313 737
313 738
313 739
313 740
313 743
313 744
313 745
313 746
313 748
313 749
313 750
313 868
313 873
313 874
313 876
313 878
313 879
313 880
313 881
313 882
313 883
313 884
313 885
313 886
313 887
313 959
313 960
313 962
313 963
313 964
313 965
313 966
313 967
313 968
313 969
313 970
313 971
313 972
313 973
313 974
313 975
314 315
314 316
314 317
314 318
314 319
314 320
314 321
314 323
314 324
314 325
314 326
314 327
314 328
314 329
314 408
314 497
314 498
314 499
314 502
314 503
314 504
314 505
314 506
314 507
314 653
314 655
314 656
314 657
314 658
314 659
314 660
314 662
314 663
314 664
314 665
314 666
314 667
314 669
314 670
314 671
314 672
314 673
314 674
314 675
314 676
314 677
314 678
314 679
314 736
314 739
314 740
314 741
314 742
314 743
314 744
314 745
314 746
314 747
314 748
314 749
314 750
314 751
314 868
314 869
314 873
314 875
314 876
314 877
314 878
314 880
314 881
314 882
314 883
314 884
314 885
314 886
314 887
314 963
314 964
314 965
314 966
314 967
314 968
314 969
314 970
314 971
314 972
314 973
314 974
315 316
315 317
315 318
315 319
315 320
315 321
315 322
315 323
315 324
315 326
315 327
315 328
315 499
315 501
315 502
315 504
315 505
315 506
315 507
315 508
315 653
315 654
315 656
315 657
315 658
315 659
315 660
315 662
315 663
315 664
315 665
315 666
315 667
315 668
315 669
315 671
315 672
315 673
315 674
315 675
315 676
315 677
315 678
315 679
315 737
315 739
315 741
315 742
315 745
315 746
315 747
315 748
315 749
315 750
315 751
315 871
315 872
315 873
315 874
315 876
315 877
315 879
315 880
315 881
315 882
315 883
315 884
315 885
315 886
315 887
315 957
315 958
315 959
315 962
315 963
315 965
315 966
315 967
315 968
315 969
315 971
315 972
315 973
315 974
315 975
316 317
316 318
316 319
316 320
316 321
316 322
316 324
316 325
316 326
316 327
316 329
316 408
316 409
316 501
316 502
316 503
316 505
316 506
316 653
316 655
316 656
316 657
316 658
316 659
316 660
316 661
316 662
316 663
316 664
316 665
316 666
316 667
316 668
316 669
316 671
316 672
316 673
316 674
316 675
316 676
316 677
316 678
316 679
316 735
316 737
316 739
316 741
316 742
316 743
316 744
316 745
316 746
316 747
316 748
316 749
316 750
316 751
316 866
316 867
316 869
316 870
316 871
316 872
316 873
316 874
316 875
316 877
316 878
316 879
316 880
316 881
316 883
316 884
316 886
316 887
316 888
316 959
316 964
316 965
316 966
316 967
316 968
316 969
316 970
316 971
316 973
316 974
316 975
316 976
317 318
317 320
317 321
317 322
317 323
317 325
317 326
317 327
317 342
317 406
317 496
317 497
317 498
317 499
317 500
317 501
317 502
317 503
317 504
317 505
317 533
317 655
317 656
317 657
317 658
317 659
317 660
317 661
317 662
317 663
317 664
317 665
317 666
317 667
317 668
317 670
317 671
317 672
317 673
317 674
317 675
317 676
317 677
317 678
317 679
317 736
317 739
317 740
317 742
317 743
317 744
317 745
317 746
317 747
317 748
317 749
317 751
317 866
317 869
317 870
317 871
317 872
317 874
317 875
317 876
317 878
317 879
317 880
317 881
317 882
317 883
317 884
317 885
317 886
317 887
317 888
317 889
317 958
317 962
317 963
317 964
317 965
317 967
317 968
317 969
317 970
317 971
317 972
317 973
317 974
318 319
318 320
318 321
318 322
318 323
318 324
318 325
318 326
318 327
318 328
318 330
318 499
318 500
318 503
318 506
318 507
318 651
318 657
318 659
318 660
318 662
318 663
318 664
318 665
318 666
318 667
318 668
318 669
318 670
318 671
318 672
318 674
318 675
318 676
318 677
318 678
318 679
318 736
318 737
318 740
318 741
318 742
318 743
318 744
318 745
318 746
318 747
318 748
318 749
318 750
318 751
318 866
318 867
318 869
318 873
318 874
318 875
318 876
318 879
318 880
318 881
318 882
318 883
318 885
318 886
318 887
318 888
318 958
318 960
318 963
318 964
318 965
318 968
318 969
318 970
318 971
318 973
318 974
318 975
319 320
319 321
319 322
319 323
319 324
319 325
319 326
319 327
319 328
319 329
319 406
319 499
319 500
319 501
319 504
319 505
319 506
319 507
319 510
319 654
319 657
319 659
319 660
319 661
319 662
319 663
319 664
319 665
319 666
319 667
319 668
319 669
319 670
319 671
319 672
319 673
319 674
319 675
319 676
319 677
319 678
319 679
319 736
319 737
319 740
319 741
319 743
319 744
319 745
319 746
319 747
319 748
319 749
319 750
319 751
319 868
319 870
319 873
319 874
319 875
319 876
319 877
319 878
319 879
319 880
319 881
319 882
319 883
319 884
319 885
319 886
319 887
319 962
319 965
319 967
319 968
319 970
319 971
319 972
319 973
319 974
320 321
320 322
320 323
320 324
320 325
320 326
320 327
320 328
320 408
320 497
320 498
320 499
320 500
320 501
320 502
320 503
320 504
320 505
320 506
320 632
320 655
320 658
320 659
320 660
320 661
320 662
320 663
320 664
320 665
320 666
320 667
320 668
320 669
320 670
320 671
320 672
320 673
320 674
320 675
320 676
320 677
320 678
320 679
320 738
320 739
320 740
320 741
320 742
320 743
320 744
320 745
320 747
320 748
320 749
320 750
320 752
320 866
320 869
320 871
320 872
320 873
320 874
320 875
320 876
320 877
320 878
320 880
320 881
320 882
320 883
320 884
320 885
320 886
320 887
320 961
320 962
320 963
320 966
320 967
320 968
320 969
320 970
320 971
320 972
320 973
320 974
320 975
321 322
321 323
321 324
321 325
321 326
321 327
321 328
321 497
321 498
321 500
321 501
321 502
321 503
321 504
321 505
321 507
321 653
321 656
321 658
321 659
321 660
321 661
321 663
321 664
321 665
321 666
321 667
321 668
321 669
321 670
321 671
321 672
321 673
321 674
321 675
321 676
321 677
321 678
321 679
321 738
321 739
321 740
321 741
321 743
321 744
321 745
321 746
321 747
321 748
321 749
321 750
321 868
321 869
321 870
321 871
321 873
321 875
321 876
321 877
321 878
321 879
321 880
321 881
321 882
321 883
321 884
321 885
321 886
321 887
321 960
321 962
321 966
321 967
321 968
321 969
321 970
321 971
321 972
321 973
321 974
322 323
322 324
322 325
322 326
322 327
322 328
322 329
322 410
322 500
322 501
322 502
322 503
322 504
322 505
322 506
322 652
322 654
322 657
322 658
322 659
322 661
322 662
322 663
322 664
322 666
322 667
322 668
322 669
322 670
322 671
322 672
322 673
322 674
322 675
322 676
322 677
322 678
322 679
322 740
322 741
322 742
322 743
322 744
322 745
322 746
322 747
322 748
322 749
322 750
322 751
322 871
322 875
322 876
322 877
322 878
322 879
322 880
322 881
322 882
322 883
322 884
322 885
322 886
322 887
322 888
322 959
322 962
322 963
322 964
322 965
322 966
322 967
322 968
322 969
322 970
322 971
322 972
322 973
322 974
322 975
323 324
323 325
323 326
323 327
323 328
323 408
323 496
323 498
323 499
323 500
323 502
323 503
323 504
323 505
323 506
323 507
323 652
323 653
323 656
323 657
323 659
323 660
323 661
323 662
323 663
323 664
323 665
323 666
323 667
323 668
323 669
323 670
323 671
323 672
323 673
323 674
323 675
323 676
323 677
323 678
323 679
323 738
323 739
323 740
323 741
323 742
323 745
323 746
323 747
323 748
323 749
323 750
323 751
323 752
323 865
323 866
323 870
323 871
323 872
323 875
323 876
323 877
323 878
323 879
323 880
323 881
323 882
323 883
323 884
323 885
323 886
323 887
323 958
323 960
323 963
323 964
323 965
323 966
323 967
323 969
323 970
323 971
323 972
323 973
323 974
323 976
324 325
324 326
324 327
324 328
324 407
324 408
324 496
324 498
324 500
324 501
324 502
324 503
324 505
324 506
324 508
324 651
324 656
324 657
324 659
324 660
324 661
324 662
324 663
324 664
324 665
324 666
324 667
324 668
324 669
324 670
324 671
324 672
324 673
324 674
324 675
324 676
324 677
324 678
324 679
324 735
324 737
324 740
324 741
324 742
324 743
324 744
324 745
324 746
324 747
324 748
324 749
324 750
324 869
324 870
324 871
324 872
324 873
324 874
324 875
324 876
324 877
324 878
324 879
324 880
324 881
324 882
324 883
324 884
324 885
324 886
324 887
324 965
324 967
324 968
324 969
324 970
324 971
324 972
324 973
324 974
324 975
325 326
325 327
325 328
325 329
325 341
325 498
325 499
325 500
325 501
325 502
325 504
325 505
325 506
325 507
325 631
325 653
325 654
325 656
325 657
325 658
325 660
325 661
325 662
325 663
325 664
325 665
325 666
325 667
325 668
325 669
325 670
325 671
325 672
325 673
325 674
325 675
325 676
325 677
325 678
325 679
325 736
325 738
325 739
325 741
325 742
325 743
325 744
325 747
325 748
325 749
325 750
325 751
325 868
325 871
325 872
325 874
325 875
325 876
325 877
325 878
325 879
325 880
325 881
325 882
325 883
325 884
325 885
325 886
325 887
325 961
325 962
325 965
325 968
325 969
325 970
325 971
325 972
325 973
325 974
325 975
326 327
326 328
326 330
326 406
326 409
326 499
326 500
326 505
326 506
326 652
326 653
326 655
326 657
326 659
326 660
326 661
326 662
326 664
326 665
326 666
326 667
326 668
326 669
326 670
326 671
326 672
326 673
326 674
326 675
326 676
326 677
326 678
326 679
326 680
326 735
326 737
326 738
326 739
326 741
326 742
326 743
326 744
326 745
326 746
326 747
326 748
326 749
326 750
326 751
326 868
326 870
326 872
326 873
326 874
326 875
326 876
326 877
326 878
326 879
326 880
326 881
326 882
326 883
326 884
326 885
326 886
326 887
326 888
326 960
326 961
326 962
326 964
326 965
326 966
326 968
326 969
326 971
326 972
326 973
326 974
326 975
326 976
327 328
327 410
327 497
327 499
327 500
327 503
327 504
327 505
327 506
327 507
327 514
327 557
327 655
327 656
327 657
327 658
327 659
327 660
327 661
327 662
327 663
327 664
327 665
327 666
327 667
327 668
327 669
327 670
327 671
327 672
327 673
327 674
327 675
327 676
327 677
327 678
327 679
327 740
327 741
327 743
327 744
327 745
327 746
327 747
327 748
327 749
327 750
327 751
327 752
327 868
327 871
327 874
327 875
327 876
327 877
327 878
327 879
327 880
327 881
327 882
327 883
327 884
327 885
327 886
327 887
327 959
327 962
327 964
327 965
327 967
327 968
327 969
327 970
327 971
327 972
327 973
327 974
328 329
328 338
328 495
328 496
328 502
328 503
328 504
328 505
328 506
328 507
328 655
328 656
328 658
328 659
328 660
328 661
328 664
328 665
328 666
328 667
328 668
328 669
328 670
328 671
328 672
328 673
328 674
328 675
328 676
328 677
328 678
328 679
328 737
328 738
328 741
328 742
328 743
328 745
328 746
328 747
328 748
328 749
328 750
328 751
328 866
328 870
328 871
328 872
328 873
328 874
328 875
328 876
328 877
328 878
328 879
328 880
328 881
328 882
328 883
328 884
328 885
328 886
328 887
328 959
328 962
328 964
328 965
328 966
328 968
328 969
328 970
328 971
328 972
328 973
328 974
328 975
329 499
329 505
329 506
329 507
329 661
329 664
329 665
329 666
329 667
329 670
329 671
329 673
329 674
329 675
329 677
329 678
329 679
329 746
329 748
329 869
329 872
329 873
329 875
329 876
329 878
329 879
329 880
329 882
329 883
329 884
329 885
329 886
329 888
329 963
329 967
329 972
329 975
330 673
330 679
330 962
331 498
331 883
332 626
333 680
338 672
338 676
338 876
406 653
406 656
406 669
406 672
406 741
406 971
406 974
407 497
407 498
407 502
407 503
407 506
407 653
407 654
407 659
407 664
407 737
407 738
407 742
407 743
407 745
407 747
407 750
407 751
407 866
407 870
407 879
407 881
407 959
407 960
407 962
408 501
408 502
408 503
408 654
408 658
408 664
408 668
408 671
408 673
408 674
408 679
408 736
408 739
408 740
408 743
408 745
408 871
408 872
408 876
408 879
408 881
408 883
408 885
408 962
408 963
408 966
408 970
408 973
409 500
409 504
409 657
409 660
409 666
409 668
409 671
409 675
409 751
409 870
409 871
409 873
409 879
409 882
409 885
409 960
409 961
409 962
409 964
409 965
409 971
409 972
410 498
410 664
410 665
410 668
410 669
410 739
410 745
410 747
410 874
410 877
410 967
410 974
411 502
411 679
411 748
412 665
460 681
483 882
485 851
488 848
489 676
491 681
492 516
493 921
494 696
494 978
495 501
495 505
495 654
495 666
495 675
495 742
495 869
495 878
495 958
495 972
496 498
496 501
496 504
496 505
496 509
496 661
496 662
496 663
496 666
496 667
496 736
496 738
496 740
496 744
496 869
496 873
496 877
496 879
496 881
496 885
496 887
496 963
496 966
496 970
496 971
497 498
497 499
497 500
497 502
497 503
497 505
497 507
497 652
497 654
497 655
497 656
497 658
497 660
497 663
497 665
497 667
497 678
497 736
497 742
497 744
497 747
497 748
497 750
497 867
497 868
497 872
497 876
497 878
497 879
497 882
497 884
497 885
497 886
497 887
497 964
497 965
497 966
497 968
497 969
497 971
497 972
498 499
498 501
498 503
498 504
498 505
498 506
498 653
498 655
498 657
498 658
498 659
498 661
498 665
498 666
498 668
498 669
498 670
498 673
498 674
498 676
498 678
498 679
498 736
498 737
498 738
498 739
498 740
498 742
498 743
498 745
498 747
498 748
498 750
498 867
498 868
498 869
498 871
498 873
498 874
498 875
498 877
498 882
498 886
498 887
498 959
498 962
498 965
498 967
498 972
498 973
499 500
499 501
499 503
499 654
499 659
499 660
499 661
499 663
499 666
499 667
499 668
499 671
499 675
499 677
499 678
499 739
499 740
499 743
499 748
499 749
499 750
499 867
499 871
499 873
499 874
499 875
499 877
499 879
499 880
499 882
499 886
499 887
499 960
499 963
499 964
499 967
499 968
499 972
499 973
500 502
500 504
500 505
500 506
500 653
500 655
500 657
500 659
500 660
500 661
500 662
500 663
500 664
500 667
500 668
500 670
500 671
500 673
500 675
500 676
500 677
500 737
500 738
500 741
500 743
500 744
500 746
500 750
500 873
500 874
500 876
500 878
500 880
500 881
500 882
500 883
500 884
500 885
500 886
500 959
500 960
500 961
500 963
500 964
500 966
500 968
500 969
500 974
501 502
501 504
501 505
501 509
501 652
501 653
501 654
501 655
501 660
501 662
501 663
501 664
501 665
501 666
501 667
501 668
501 670
501 671
501 674
501 675
501 676
501 677
501 678
501 679
501 736
501 737
501 738
501 739
501 740
501 742
501 744
501 745
501 747
501 748
501 749
501 750
501 752
501 868
501 869
501 870
501 871
501 873
501 874
501 876
501 877
501 879
501 881
501 882
501 884
501 886
501 887
501 960
501 962
501 964
501 967
501 968
501 970
501 971
501 973
501 974
501 975
501 976
502 503
502 504
502 505
502 506
502 554
502 654
502 655
502 657
502 658
502 659
502 660
502 662
502 663
502 664
502 665
502 666
502 667
502 668
502 669
502 671
502 672
502 674
502 675
502 677
502 678
502 736
502 737
502 738
502 739
502 741
502 743
502 744
502 745
502 746
502 747
502 748
502 749
502 868
502 869
502 872
502 873
502 877
502 879
502 880
502 881
502 883
502 884
502 885
502 886
502 887
502 888
502 962
502 963
502 966
502 968
502 969
502 970
502 971
502 973
502 974
503 506
503 507
503 653
503 654
503 658
503 659
503 660
503 661
503 662
503 663
503 664
503 665
503 666
503 667
503 668
503 669
503 670
503 671
503 672
503 675
503 676
503 677
503 736
503 737
503 739
503 740
503 743
503 746
503 747
503 748
503 749
503 750
503 868
503 870
503 871
503 872
503 874
503 875
503 877
503 878
503 879
503 882
503 883
503 884
503 885
503 886
503 887
503 960
503 961
503 962
503 965
503 966
503 967
503 968
503 969
503 971
503 973
503 974
504 505
504 506
504 653
504 655
504 658
504 659
504 661
504 662
504 663
504 664
504 665
504 666
504 667
504 668
504 669
504 671
504 672
504 673
504 674
504 676
504 677
504 678
504 679
504 736
504 739
504 740
504 743
504 744
504 746
504 747
504 748
504 749
504 750
504 751
504 866
504 867
504 868
504 870
504 871
504 872
504 874
504 875
504 876
504 877
504 878
504 879
504 881
504 882
504 883
504 884
504 886
504 887
504 960
504 962
504 963
504 965
504 966
504 967
504 968
504 969
504 970
504 971
504 972
504 973
504 974
505 506
505 507
505 544
505 654
505 656
505 657
505 659
505 660
505 661
505 662
505 663
505 666
505 667
505 668
505 669
505 670
505 672
505 673
505 676
505 677
505 678
505 679
505 736
505 738
505 740
505 741
505 743
505 744
505 745
505 746
505 747
505 748
505 749
505 750
505 866
505 867
505 869
505 870
505 873
505 874
505 875
505 877
505 878
505 879
505 880
505 881
505 883
505 884
505 885
505 886
505 887
505 962
505 964
505 965
505 966
505 968
505 970
505 971
505 973
506 507
506 508
506 655
506 657
506 658
506 659
506 660
506 661
506 664
506 665
506 667
506 668
506 669
506 670
506 671
506 672
506 673
506 674
506 675
506 676
506 677
506 678
506 679
506 739
506 740
506 741
506 742
506 744
506 745
506 747
506 748
506 749
506 750
506 867
506 869
506 871
506 872
506 873
506 874
506 876
506 877
506 878
506 879
506 881
506 882
506 883
506 885
506 886
506 887
506 958
506 959
506 963
506 964
506 965
506 966
506 967
506 969
506 970
506 971
506 972
506 973
506 974
506 975
507 652
507 661
507 663
507 666
507 667
507 669
507 670
507 673
507 674
507 675
507 676
507 678
507 739
507 740
507 741
507 744
507 745
507 746
507 749
507 869
507 870
507 873
507 874
507 875
507 876
507 878
507 879
507 880
507 881
507 882
507 884
507 885
507 889
507 961
507 966
507 968
507 971
508 665
508 672
508 674
508 678
508 735
508 748
508 751
508 881
508 885
508 968
508 974
509 663
509 675
509 678
509 742
509 917
509 971
510 511
510 676
512 908
524 878
539 719
551 747
554 658
556 576
556 679
556 681
567 920
605 676
607 993
620 973
624 744
630 882
631 890
632 669
638 877
651 654
651 741
651 973
652 654
652 659
652 661
652 664
652 670
652 677
652 738
652 868
652 879
652 959
652 967
652 973
653 658
653 659
653 660
653 661
653 662
653 664
653 665
653 666
653 668
653 672
653 674
653 678
653 738
653 740
653 742
653 867
653 874
653 875
653 885
653 886
653 887
653 968
653 970
653 971
653 972
653 973
654 656
654 657
654 658
654 659
654 660
654 661
654 663
654 665
654 667
654 670
654 672
654 673
654 676
654 741
654 744
654 867
654 868
654 871
654 872
654 874
654 876
654 881
654 884
654 885
654 886
654 959
654 961
654 963
654 965
654 966
654 969
654 970
654 972
654 973
654 974
655 656
655 657
655 658
655 661
655 665
655 666
655 667
655 668
655 670
655 672
655 673
655 674
655 678
655 679
655 735
655 738
655 739
655 740
655 741
655 742
655 743
655 744
655 745
655 746
655 747
655 748
655 749
655 866
655 867
655 868
655 870
655 872
655 873
655 874
655 875
655 876
655 877
655 879
655 880
655 882
655 883
655 884
655 885
655 887
655 961
655 963
655 965
655 966
655 971
655 974
656 658
656 660
656 663
656 664
656 665
656 666
656 668
656 671
656 672
656 674
656 677
656 734
656 736
656 738
656 741
656 742
656 743
656 744
656 747
656 748
656 749
656 750
656 869
656 870
656 871
656 873
656 875
656 877
656 878
656 879
656 880
656 881
656 883
656 885
656 886
656 887
656 962
656 964
656 965
656 966
656 967
656 968
656 969
656 971
656 972
656 973
656 974
656 976
657 658
657 659
657 660
657 663
657 666
657 667
657 670
657 671
657 673
657 674
657 676
657 678
657 740
657 741
657 743
657 744
657 749
657 750
657 867
657 868
657 872
657 873
657 874
657 876
657 877
657 878
657 880
657 883
657 885
657 886
657 887
657 964
657 965
657 966
657 968
657 969
657 971
657 973
657 975
658 659
658 661
658 662
658 663
658 664
658 665
658 666
658 667
658 668
658 669
658 670
658 671
658 672
658 674
658 676
658 677
658 678
658 736
658 738
658 739
658 740
658 741
658 742
658 744
658 745
658 746
658 747
658 748
658 749
658 750
658 752
658 868
658 871
658 872
658 874
658 876
658 877
658 878
658 879
658 880
658 881
658 886
658 887
658 960
658 962
658 963
658 966
658 967
658 968
658 970
658 971
658 972
658 973
658 974
659 660
659 661
659 662
659 663
659 664
659 665
659 666
659 667
659 668
659 669
659 670
659 671
659 672
659 673
659 674
659 675
659 676
659 677
659 678
659 679
659 737
659 739
659 740
659 741
659 742
659 746
659 748
659 749
659 750
659 751
659 868
659 869
659 871
659 872
659 873
659 874
659 875
659 876
659 877
659 878
659 880
659 881
659 882
659 883
659 884
659 885
659 961
659 962
659 964
659 965
659 966
659 968
659 969
659 971
659 972
659 973
659 974
660 661
660 662
660 663
660 664
660 665
660 666
660 667
660 668
660 669
660 671
660 672
660 673
660 674
660 675
660 676
660 677
660 678
660 679
660 734
660 737
660 738
660 739
660 740
660 742
660 743
660 744
660 745
660 746
660 747
660 748
660 749
660 750
660 866
660 868
660 869
660 872
660 873
660 874
660 875
660 876
660 877
660 878
660 879
660 880
660 881
660 882
660 883
660 884
660 885
660 886
660 887
660 961
660 963
660 964
660 966
660 967
660 968
660 969
660 971
660 972
660 973
660 974
661 663
661 664
661 666
661 667
661 668
661 669
661 670
661 671
661 672
661 673
661 674
661 675
661 676
661 677
661 678
661 679
661 737
661 739
661 742
661 743
661 744
661 745
661 747
661 748
661 750
661 866
661 867
661 871
661 875
661 876
661 877
661 878
661 879
661 880
661 881
661 882
661 883
661 884
661 885
661 886
661 887
661 961
661 962
661 963
661 964
661 965
661 966
661 967
661 968
661 969
661 970
661 971
661 972
661 973
661 974
662 663
662 664
662 665
662 666
662 667
662 668
662 669
662 670
662 671
662 672
662 673
662 675
662 676
662 677
662 678
662 679
662 736
662 737
662 738
662 740
662 741
662 742
662 743
662 744
662 745
662 746
662 747
662 748
662 749
662 750
662 867
662 868
662 871
662 872
662 873
662 874
662 875
662 876
662 877
662 878
662 879
662 881
662 882
662 883
662 884
662 885
662 886
662 887
662 958
662 962
662 965
662 966
662 969
662 970
662 971
662 972
662 973
662 974
663 664
663 665
663 666
663 667
663 668
663 669
663 670
663 671
663 672
663 673
663 674
663 675
663 676
663 677
663 678
663 679
663 740
663 742
663 743
663 744
663 745
663 746
663 747
663 748
663 749
663 750
663 867
663 871
663 873
663 875
663 876
663 877
663 878
663 879
663 880
663 881
663 882
663 883
663 884
663 885
663 886
663 887
663 963
663 964
663 965
663 966
663 967
663 968
663 969
663 971
663 972
663 973
663 974
663 975
664 665
664 666
664 667
664 668
664 669
664 670
664 671
664 672
664 673
664 674
664 675
664 676
664 677
664 678
664 679
664 736
664 737
664 738
664 740
664 741
664 743
664 744
664 745
664 746
664 747
664 748
664 749
664 751
664 868
664 870
664 871
664 872
664 873
664 876
664 877
664 878
664 879
664 880
664 881
664 882
664 883
664 884
664 885
664 886
664 887
664 964
664 965
664 966
664 967
664 968
664 969
664 970
664 971
664 972
664 973
664 974
664 975
665 666
665 667
665 668
665 669
665 670
665 671
665 672
665 673
665 674
665 675
665 677
665 678
665 679
665 736
665 737
665 739
665 740
665 741
665 742
665 743
665 744
665 745
665 746
665 748
665 749
665 868
665 870
665 871
665 872
665 873
665 875
665 876
665 877
665 878
665 879
665 880
665 881
665 882
665 883
665 884
665 885
665 886
665 887
665 932
665 958
665 960
665 964
665 966
665 968
665 969
665 970
665 971
665 972
665 973
665 974
665 975
666 667
666 668
666 669
666 670
666 671
666 672
666 673
666 674
666 675
666 676
666 677
666 678
666 679
666 739
666 741
666 743
666 744
666 745
666 746
666 747
666 748
666 749
666 751
666 866
666 867
666 872
666 873
666 874
666 875
666 876
666 877
666 878
666 879
666 880
666 881
666 882
666 883
666 884
666 885
666 886
666 887
666 888
666 959
666 963
666 964
666 966
666 967
666 968
666 969
666 970
666 971
666 972
666 973
666 974
667 668
667 669
667 670
667 671
667 672
667 673
667 674
667 675
667 676
667 677
667 678
667 679
667 737
667 740
667 742
667 743
667 744
667 745
667 746
667 747
667 748
667 749
667 750
667 751
667 866
667 869
667 870
667 872
667 873
667 875
667 876
667 877
667 878
667 879
667 880
667 881
667 882
667 883
667 884
667 886
667 887
667 960
667 961
667 965
667 966
667 971
667 972
667 973
667 974
668 669
668 670
668 671
668 672
668 673
668 674
668 675
668 676
668 677
668 678
668 679
668 735
668 737
668 739
668 741
668 742
668 744
668 746
668 747
668 748
668 749
668 750
668 866
668 867
668 870
668 871
668 872
668 873
668 874
668 875
668 877
668 878
668 879
668 880
668 881
668 882
668 883
668 884
668 885
668 886
668 887
668 889
668 963
668 964
668 967
668 968
668 969
668 970
668 971
668 972
668 973
668 974
668 975
669 670
669 671
669 672
669 673
669 674
669 675
669 676
669 677
669 678
669 679
669 714
669 739
669 740
669 741
669 742
669 746
669 747
669 748
669 749
669 750
669 800
669 869
669 871
669 872
669 873
669 874
669 875
669 876
669 877
669 878
669 879
669 880
669 881
669 882
669 883
669 884
669 885
669 886
669 887
669 960
669 961
669 963
669 965
669 967
669 968
669 969
669 970
669 971
669 972
669 973
669 975
670 671
670 672
670 673
670 674
670 675
670 676
670 677
670 678
670 679
670 737
670 738
670 740
670 741
670 742
670 743
670 744
670 745
670 747
670 748
670 749
670 750
670 865
670 870
670 873
670 874
670 875
670 876
670 877
670 878
670 880
670 881
670 882
670 883
670 884
670 885
670 886
670 887
670 959
670 963
670 966
670 968
670 969
670 970
670 971
670 972
670 974
670 975
670 977
671 672
671 673
671 674
671 675
671 676
671 677
671 678
671 679
671 693
671 738
671 742
671 743
671 745
671 746
671 747
671 748
671 749
671 750
671 751
671 865
671 867
671 869
671 870
671 872
671 873
671 874
671 875
671 876
671 878
671 879
671 880
671 881
671 882
671 883
671 884
671 885
671 886
671 887
671 888
671 933
671 962
671 963
671 965
671 966
671 967
671 969
671 970
671 971
671 972
671 973
671 974
671 975
672 673
672 674
672 675
672 676
672 677
672 678
672 679
672 708
672 737
672 738
672 739
672 740
672 742
672 743
672 744
672 745
672 746
672 747
672 748
672 749
672 750
672 751
672 870
672 871
672 873
672 874
672 877
672 878
672 879
672 880
672 881
672 882
672 883
672 884
672 885
672 886
672 887
672 888
672 889
672 961
672 963
672 965
672 967
672 968
672 969
672 970
672 971
672 972
672 973
672 974
672 975
673 674
673 675
673 676
673 677
673 678
673 679
673 688
673 699
673 734
673 738
673 739
673 740
673 741
673 742
673 743
673 744
673 745
673 746
673 747
673 748
673 749
673 751
673 752
673 869
673 870
673 872
673 873
673 875
673 876
673 877
673 878
673 879
673 880
673 881
673 882
673 883
673 884
673 885
673 886
673 887
673 958
673 963
673 965
673 967
673 968
673 969
673 970
673 971
673 972
673 973
673 974
673 975
673 990
674 675
674 676
674 677
674 678
674 679
674 680
674 735
674 736
674 737
674 740
674 741
674 742
674 743
674 744
674 745
674 746
674 747
674 748
674 749
674 750
674 865
674 866
674 867
674 868
674 870
674 871
674 872
674 873
674 875
674 876
674 877
674 878
674 879
674 880
674 881
674 882
674 883
674 884
674 885
674 886
674 887
674 888
674 919
674 931
674 960
674 961
674 962
674 965
674 966
674 969
674 970
674 971
674 972
674 973
674 974
675 676
675 677
675 678
675 679
675 737
675 738
675 740
675 743
675 744
675 745
675 746
675 747
675 748
675 749
675 750
675 752
675 814
675 868
675 870
675 871
675 872
675 873
675 874
675 875
675 876
675 877
675 878
675 879
675 880
675 881
675 882
675 883
675 884
675 885
675 886
675 887
675 888
675 959
675 961
675 963
675 964
675 965
675 966
675 967
675 968
675 969
675 970
675 971
675 972
675 973
675 974
675 975
675 976
676 677
676 678
676 680
676 736
676 737
676 739
676 742
676 743
676 744
676 745
676 746
676 747
676 748
676 749
676 750
676 751
676 752
676 867
676 869
676 870
676 871
676 872
676 873
676 874
676 875
676 877
676 878
676 879
676 880
676 881
676 882
676 883
676 884
676 885
676 886
676 887
676 888
676 960
676 962
676 963
676 964
676 967
676 968
676 969
676 971
676 972
676 973
676 974
676 975
677 678
677 679
677 680
677 735
677 737
677 741
677 742
677 743
677 745
677 747
677 748
677 749
677 750
677 752
677 763
677 868
677 870
677 871
677 872
677 873
677 874
677 875
677 876
677 877
677 878
677 879
677 880
677 881
677 882
677 883
677 884
677 885
677 886
677 887
677 963
677 966
677 967
677 968
677 969
677 970
677 971
677 972
677 973
677 975
677 976
678 679
678 680
678 738
678 739
678 740
678 741
678 743
678 744
678 746
678 747
678 748
678 749
678 750
678 751
678 821
678 869
678 870
678 871
678 872
678 874
678 875
678 876
678 877
678 878
678 879
678 881
678 882
678 883
678 884
678 885
678 886
678 887
678 888
678 916
678 960
678 963
678 964
678 965
678 966
678 967
678 968
678 969
678 970
678 971
678 972
678 973
679 737
679 738
679 739
679 740
679 742
679 745
679 746
679 747
679 749
679 750
679 764
679 869
679 870
679 871
679 872
679 874
679 876
679 877
679 878
679 879
679 881
679 882
679 883
679 884
679 885
679 886
679 887
679 888
679 963
679 964
679 966
679 967
679 968
679 969
679 970
679 972
679 973
679 974
679 977
680 739
680 748
680 749
680 773
680 872
680 873
680 884
680 886
680 887
681 754
682 696
688 885
721 885
722 989
726 976
730 919
734 736
734 743
735 749
735 751
735 866
735 867
735 877
735 883
735 885
735 960
735 961
735 969
736 739
736 744
736 866
736 870
736 873
736 877
736 880
736 882
736 885
736 960
736 961
736 962
736 972
736 974
737 739
737 741
737 743
737 748
737 750
737 866
737 867
737 868
737 871
737 874
737 876
737 879
737 880
737 882
737 884
737 885
737 959
737 961
737 971
737 974
738 741
738 742
738 743
738 744
738 747
738 749
738 750
738 751
738 866
738 869
738 871
738 874
738 875
738 876
738 877
738 878
738 882
738 886
738 887
738 959
738 961
738 964
738 966
738 968
738 969
738 970
738 971
738 972
738 973
738 975
739 741
739 742
739 743
739 744
739 748
739 749
739 750
739 867
739 870
739 871
739 873
739 874
739 876
739 877
739 878
739 880
739 881
739 882
739 885
739 960
739 964
739 966
739 968
739 969
739 970
739 971
739 972
739 973
740 741
740 742
740 743
740 745
740 746
740 748
740 749
740 751
740 871
740 872
740 873
740 877
740 878
740 879
740 880
740 881
740 882
740 883
740 884
740 885
740 958
740 959
740 961
740 963
740 964
740 965
740 966
740 967
740 968
740 970
740 971
740 974
741 742
741 744
741 745
741 746
741 747
741 749
741 867
741 868
741 871
741 872
741 873
741 874
741 878
741 879
741 880
741 881
741 883
741 884
741 885
741 886
741 961
741 963
741 964
741 965
741 966
741 967
741 968
741 969
741 971
741 973
741 974
742 743
742 745
742 746
742 747
742 750
742 869
742 870
742 871
742 872
742 873
742 874
742 876
742 877
742 878
742 879
742 880
742 881
742 884
742 885
742 886
742 959
742 961
742 964
742 966
742 967
742 968
742 969
742 970
742 971
742 973
742 974
743 744
743 745
743 746
743 747
743 748
743 749
743 750
743 751
743 869
743 871
743 872
743 873
743 874
743 875
743 876
743 877
743 879
743 881
743 882
743 883
743 884
743 885
743 886
743 887
743 960
743 964
743 965
743 966
743 968
743 969
743 970
743 971
743 973
743 974
743 975
744 745
744 746
744 747
744 748
744 749
744 750
744 866
744 867
744 870
744 874
744 875
744 876
744 877
744 878
744 879
744 880
744 881
744 882
744 883
744 884
744 885
744 886
744 887
744 959
744 961
744 962
744 965
744 967
744 968
744 969
744 970
744 971
744 972
744 973
744 974
744 975
745 746
745 747
745 748
745 749
745 750
745 869
745 872
745 873
745 874
745 875
745 876
745 877
745 878
745 879
745 880
745 881
745 883
745 884
745 885
745 886
745 887
745 917
745 959
745 960
745 961
745 964
745 965
745 967
745 968
745 970
745 971
745 972
745 973
745 974
746 747
746 748
746 749
746 750
746 868
746 871
746 872
746 873
746 874
746 875
746 876
746 877
746 878
746 879
746 880
746 881
746 882
746 883
746 884
746 886
746 887
746 961
746 963
746 965
746 966
746 968
746 969
746 971
746 972
746 973
746 974
747 748
747 749
747 750
747 870
747 874
747 877
747 878
747 879
747 880
747 881
747 882
747 883
747 884
747 885
747 886
747 887
747 960
747 961
747 962
747 965
747 966
747 967
747 968
747 969
747 970
747 971
747 972
747 973
748 749
748 750
748 870
748 871
748 872
748 876
748 877
748 879
748 880
748 881
748 882
748 883
748 884
748 885
748 886
748 887
748 961
748 963
748 964
748 965
748 966
748 968
748 969
748 970
748 971
748 972
748 973
748 974
748 975
749 750
749 866
749 867
749 868
749 870
749 871
749 872
749 873
749 874
749 875
749 876
749 877
749 878
749 879
749 880
749 881
749 882
749 883
749 884
749 885
749 886
749 887
749 960
749 962
749 963
749 964
749 965
749 966
749 967
749 969
749 970
749 971
749 972
749 973
749 974
749 975
750 751
750 867
750 868
750 869
750 871
750 873
750 874
750 875
750 876
750 877
750 879
750 880
750 881
750 882
750 883
750 884
750 885
750 886
750 887
750 888
750 963
750 964
750 965
750 968
750 970
750 971
750 972
750 973
750 974
751 873
751 876
751 877
751 878
751 881
751 882
751 883
751 887
751 969
751 970
751 971
751 972
751 973
752 887
753 889
754 777
763 876
765 859
768 961
786 887
804 947
823 948
839 890
865 876
865 881
865 965
865 969
866 873
866 874
866 878
866 962
866 965
866 969
866 973
867 868
867 871
867 875
867 876
867 878
867 879
867 882
867 887
867 960
867 965
867 966
867 968
867 969
867 973
868 874
868 877
868 880
868 882
868 884
868 885
868 959
868 960
868 962
868 963
868 965
868 966
868 969
868 973
869 871
869 874
869 877
869 879
869 881
869 882
869 884
869 886
869 962
869 964
869 966
869 968
869 970
869 971
869 973
870 871
870 872
870 873
870 877
870 881
870 882
870 883
870 885
870 886
870 887
870 964
870 966
870 967
870 971
870 972
870 973
871 876
871 877
871 879
871 880
871 881
871 885
871 886
871 887
871 960
871 961
871 963
871 964
871 965
871 969
871 970
871 971
871 972
871 973
872 873
872 874
872 875
872 877
872 878
872 883
872 884
872 886
872 962
872 963
872 965
872 966
872 967
872 968
872 969
872 970
872 971
872 972
872 974
872 975
873 874
873 875
873 876
873 878
873 880
873 881
873 883
873 884
873 886
873 887
873 960
873 961
873 964
873 965
873 966
873 968
873 969
873 970
873 971
873 973
873 974
874 875
874 876
874 877
874 878
874 879
874 880
874 882
874 883
874 884
874 886
874 962
874 964
874 966
874 967
874 968
874 969
874 970
874 971
874 972
874 974
875 876
875 877
875 878
875 879
875 880
875 881
875 882
875 883
875 884
875 885
875 886
875 887
875 962
875 963
875 964
875 966
875 970
875 971
875 972
875 973
875 975
876 877
876 878
876 879
876 880
876 881
876 882
876 883
876 884
876 885
876 886
876 887
876 960
876 961
876 962
876 963
876 964
876 966
876 967
876 968
876 970
876 971
876 972
876 973
876 974
876 975
877 878
877 879
877 881
877 882
877 885
877 886
877 887
877 963
877 964
877 966
877 967
877 968
877 969
877 970
877 971
877 972
877 973
877 974
878 879
878 880
878 881
878 882
878 883
878 884
878 885
878 886
878 887
878 959
878 961
878 962
878 963
878 965
878 966
878 967
878 968
878 969
878 970
878 971
878 972
878 973
878 974
879 880
879 881
879 882
879 883
879 884
879 885
879 886
879 958
879 962
879 964
879 967
879 968
879 969
879 970
879 971
879 972
879 974
880 881
880 882
880 883
880 884
880 885
880 886
880 887
880 962
880 963
880 964
880 966
880 967
880 968
880 969
880 970
880 971
880 972
880 973
880 974
880 975
881 882
881 883
881 884
881 885
881 886
881 887
881 888
881 962
881 964
881 967
881 968
881 969
881 970
881 971
881 972
881 973
881 974
881 975
882 883
882 884
882 885
882 886
882 887
882 906
882 960
882 962
882 963
882 964
882 965
882 966
882 967
882 968
882 969
882 970
882 971
882 972
882 973
882 974
882 975
882 976
883 884
883 885
883 886
883 887
883 961
883 962
883 963
883 964
883 965
883 967
883 968
883 969
883 970
883 971
883 972
883 973
883 974
884 885
884 886
884 887
884 949
884 961
884 966
884 969
884 970
884 971
884 972
884 973
884 974
885 886
885 887
885 962
885 963
885 965
885 966
885 967
885 968
885 970
885 971
885 972
885 973
885 974
886 887
886 962
886 965
886 967
886 968
886 970
886 971
886 972
886 973
886 974
887 959
887 962
887 963
887 964
887 965
887 966
887 968
887 969
887 970
887 971
887 972
887 973
887 974
888 971
888 972
889 907
890 973
958 971
959 960
959 963
959 965
959 966
959 971
960 962
960 964
960 965
960 967
960 972
961 966
961 967
961 968
961 969
961 971
961 973
961 974
962 965
962 966
962 969
962 970
962 971
962 973
963 964
963 965
963 969
963 970
963 971
963 972
963 973
963 974
964 966
964 967
964 968
964 969
964 971
964 974
965 966
965 967
965 968
965 970
965 971
965 973
965 975
966 968
966 969
966 970
966 971
966 973
966 974
967 968
967 969
967 970
967 971
967 972
967 973
967 975
967 976
968 969
968 970
968 972
968 973
968 974
969 971
969 972
969 973
969 974
970 971
970 972
970 973
970 974
970 975
971 972
971 973
971 974
971 976
972 973
972 974
972 975
973 974
973 975
