1 395
1 482
1 483
2 479
2 484
2 515
3 398
3 710
4 485
5 482
6 482
7 483
8 477
8 482
9 391
9 483
9 485
9 984
10 400
10 481
11 185
11 532
12 629
17 479
18 480
22 481
24 625
34 482
35 395
51 480
52 481
53 483
54 481
59 163
76 395
80 483
83 483
84 400
84 481
86 154
86 463
86 480
86 622
87 477
87 478
87 479
87 979
88 479
88 480
89 479
90 397
92 480
93 485
94 390
96 480
97 330
100 482
102 397
120 396
127 481
128 398
131 661
135 384
145 483
146 474
146 479
147 343
147 976
148 156
148 174
148 389
148 473
148 476
148 622
149 152
149 154
149 155
149 156
149 157
149 158
149 386
149 389
149 394
149 395
149 464
149 475
149 476
149 477
149 480
149 481
149 483
149 484
149 617
149 618
149 624
149 625
149 626
149 972
149 974
149 975
149 976
149 977
149 978
149 979
150 151
150 153
150 154
150 155
150 158
150 160
150 380
150 381
150 382
150 383
150 384
150 385
150 387
150 388
150 390
150 392
150 393
150 462
150 464
150 466
150 467
150 468
150 471
150 472
150 475
150 478
150 480
150 620
150 624
150 972
150 973
150 975
150 978
150 979
150 980
151 153
151 156
151 383
151 387
151 388
151 389
151 391
151 392
151 393
151 395
151 396
151 465
151 467
151 468
151 469
151 472
151 474
151 476
151 477
151 478
151 479
151 480
151 481
151 482
151 483
151 484
151 616
151 618
151 620
151 621
151 622
151 623
151 625
151 626
151 686
151 973
151 974
151 975
151 976
151 977
151 978
151 979
151 980
151 981
152 156
152 158
152 159
152 160
152 318
152 380
152 383
152 384
152 386
152 388
152 389
152 392
152 393
152 394
152 395
152 396
152 397
152 464
152 465
152 467
152 469
152 471
152 472
152 473
152 474
152 476
152 477
152 479
152 481
152 482
152 483
152 484
152 531
152 577
152 616
152 617
152 618
152 619
152 620
152 621
152 623
152 624
152 625
152 656
152 971
152 972
152 973
152 975
152 976
152 980
153 154
153 155
153 156
153 157
153 158
153 159
153 160
153 380
153 382
153 383
153 384
153 386
153 387
153 388
153 389
153 390
153 391
153 392
153 393
153 394
153 395
153 396
153 397
153 462
153 463
153 464
153 466
153 468
153 469
153 471
153 472
153 473
153 474
153 475
153 476
153 477
153 478
153 479
153 480
153 482
153 483
153 484
153 530
153 615
153 616
153 617
153 619
153 620
153 621
153 622
153 623
153 624
153 625
153 686
153 732
153 971
153 972
153 973
153 974
153 975
153 976
153 977
153 978
153 979
153 980
154 155
154 157
154 158
154 159
154 160
154 318
154 319
154 380
154 381
154 382
154 383
154 384
154 385
154 386
154 387
154 388
154 389
154 391
154 392
154 393
154 394
154 395
154 396
154 397
154 464
154 466
154 467
154 468
154 469
154 470
154 471
154 472
154 474
154 475
154 476
154 477
154 478
154 479
154 480
154 481
154 482
154 484
154 616
154 617
154 618
154 619
154 621
154 622
154 624
154 626
154 974
154 975
154 976
154 977
154 978
154 979
154 980
154 981
155 156
155 157
155 158
155 160
155 161
155 173
155 174
155 360
155 380
155 382
155 383
155 384
155 385
155 386
155 387
155 388
155 389
155 390
155 391
155 392
155 393
155 394
155 395
155 396
155 398
155 463
155 464
155 465
155 466
155 467
155 468
155 469
155 470
155 471
155 472
155 475
155 476
155 477
155 478
155 480
155 481
155 482
155 483
155 484
155 615
155 616
155 617
155 618
155 619
155 620
155 621
155 622
155 623
155 624
155 625
155 627
155 972
155 973
155 976
155 977
155 978
155 979
155 981
156 157
156 158
156 159
156 160
156 381
156 383
156 384
156 385
156 386
156 387
156 388
156 390
156 391
156 392
156 393
156 394
156 395
156 396
156 397
156 398
156 464
156 466
156 467
156 468
156 469
156 471
156 472
156 473
156 474
156 475
156 476
156 477
156 478
156 479
156 480
156 481
156 482
156 483
156 614
156 616
156 617
156 618
156 619
156 620
156 621
156 622
156 623
156 624
156 625
156 971
156 972
156 973
156 974
156 975
156 976
156 977
156 978
156 979
156 980
157 158
157 159
157 160
157 161
157 318
157 379
157 381
157 382
157 383
157 385
157 386
157 387
157 388
157 389
157 390
157 391
157 392
157 393
157 394
157 395
157 396
157 397
157 462
157 464
157 465
157 466
157 467
157 468
157 469
157 470
157 471
157 472
157 473
157 474
157 475
157 476
157 477
157 478
157 479
157 480
157 481
157 482
157 483
157 484
157 485
157 532
157 614
157 617
157 618
157 619
157 620
157 621
157 622
157 623
157 624
157 625
157 626
157 667
157 734
157 775
157 777
157 973
157 976
157 977
157 978
157 979
157 980
157 981
157 982
158 159
158 160
158 318
158 382
158 383
158 384
158 385
158 386
158 387
158 388
158 389
158 390
158 391
158 392
158 393
158 394
158 395
158 396
158 397
158 462
158 465
158 466
158 467
158 468
158 469
158 470
158 471
158 472
158 473
158 474
158 475
158 476
158 477
158 478
158 479
158 480
158 481
158 482
158 483
158 484
158 617
158 618
158 620
158 621
158 622
158 623
158 625
158 626
158 972
158 973
158 974
158 975
158 976
158 977
158 978
158 979
158 980
159 160
159 200
159 318
159 381
159 382
159 383
159 384
159 385
159 386
159 387
159 388
159 389
159 390
159 391
159 392
159 393
159 394
159 395
159 396
159 397
159 463
159 464
159 465
159 466
159 467
159 468
159 469
159 470
159 471
159 472
159 473
159 475
159 476
159 477
159 478
159 479
159 480
159 481
159 482
159 483
159 484
159 485
159 614
159 615
159 616
159 617
159 618
159 620
159 621
159 622
159 623
159 624
159 625
159 626
159 687
159 733
159 971
159 974
159 975
159 976
159 977
159 978
159 979
159 980
160 161
160 316
160 319
160 383
160 384
160 385
160 386
160 387
160 388
160 389
160 391
160 392
160 393
160 394
160 395
160 396
160 397
160 414
160 463
160 464
160 465
160 466
160 467
160 470
160 471
160 472
160 474
160 475
160 476
160 477
160 479
160 480
160 481
160 482
160 483
160 484
160 617
160 618
160 619
160 620
160 621
160 622
160 624
160 625
160 626
160 733
160 973
160 974
160 975
160 976
160 977
160 978
160 979
160 981
161 382
161 387
161 388
161 389
161 393
161 394
161 395
161 396
161 397
161 463
161 464
161 467
161 469
161 470
161 472
161 475
161 476
161 477
161 479
161 480
161 481
161 482
161 483
161 484
161 614
161 733
161 972
161 975
161 977
161 978
161 979
162 384
162 388
162 391
162 394
162 396
162 465
162 473
162 475
162 476
162 478
162 479
162 480
162 481
162 482
162 483
162 776
163 329
163 393
163 476
163 481
163 482
163 483
163 799
163 983
164 411
164 485
164 766
170 483
172 388
172 389
172 390
173 396
173 476
173 477
173 478
173 482
173 485
173 979
174 394
174 474
174 475
174 481
174 482
174 483
175 363
175 396
175 479
175 480
175 484
176 199
176 223
176 481
177 665
184 397
185 481
195 200
197 480
198 480
201 471
201 474
201 480
202 483
202 486
203 628
204 486
210 484
211 660
212 880
215 392
216 617
221 478
221 616
221 977
222 483
222 624
226 767
238 481
240 478
241 370
245 911
246 481
251 478
252 478
252 484
253 531
259 336
260 395
260 709
263 485
268 623
269 397
271 482
272 399
277 482
277 624
278 478
283 630
284 483
288 478
304 483
306 480
316 483
317 384
317 389
317 390
317 461
317 462
317 464
317 472
317 483
317 615
317 616
317 618
317 973
318 379
318 390
318 394
318 395
318 464
318 466
318 474
318 475
318 478
318 479
318 484
318 619
318 980
319 383
319 392
319 394
319 395
319 466
319 467
319 472
319 475
319 477
319 478
319 479
319 480
319 481
319 619
319 621
319 974
319 976
320 394
320 395
320 396
320 477
320 479
320 481
320 485
321 474
321 481
321 483
321 484
322 396
322 399
322 477
323 910
324 482
325 399
329 978
330 393
330 660
331 870
334 481
335 482
344 354
351 385
351 481
352 387
352 480
353 390
353 481
353 483
360 977
361 791
362 482
362 483
362 484
368 480
369 480
369 482
378 620
378 974
378 980
379 384
379 387
379 388
379 389
379 462
379 468
379 469
379 477
379 479
379 480
379 484
379 614
379 615
379 616
379 621
379 622
379 624
379 974
379 978
379 979
380 383
380 384
380 386
380 387
380 388
380 389
380 391
380 392
380 393
380 394
380 396
380 466
380 469
380 470
380 473
380 474
380 475
380 476
380 478
380 479
380 480
380 483
380 484
380 616
380 618
380 621
380 622
380 625
380 971
380 980
381 384
381 385
381 389
381 390
381 391
381 392
381 393
381 394
381 395
381 396
381 465
381 466
381 467
381 468
381 469
381 470
381 471
381 472
381 473
381 474
381 475
381 476
381 477
381 479
381 480
381 481
381 482
381 617
381 618
381 621
381 623
381 624
381 627
381 972
381 973
381 974
381 976
381 978
381 979
381 980
382 385
382 386
382 387
382 388
382 389
382 391
382 392
382 393
382 394
382 395
382 396
382 464
382 465
382 466
382 467
382 468
382 469
382 470
382 472
382 473
382 475
382 476
382 477
382 478
382 479
382 480
382 481
382 482
382 484
382 614
382 616
382 618
382 619
382 620
382 621
382 622
382 623
382 624
382 625
382 973
382 974
382 975
382 977
382 979
382 980
382 981
383 384
383 385
383 386
383 387
383 388
383 389
383 390
383 391
383 392
383 393
383 394
383 395
383 396
383 464
383 465
383 467
383 469
383 470
383 471
383 472
383 473
383 475
383 476
383 477
383 478
383 479
383 480
383 481
383 482
383 483
383 484
383 613
383 614
383 615
383 618
383 619
383 620
383 621
383 623
383 624
383 625
383 688
383 708
383 972
383 973
383 974
383 975
383 976
383 977
383 978
383 979
383 980
384 385
384 386
384 388
384 389
384 390
384 391
384 393
384 394
384 395
384 396
384 463
384 465
384 466
384 467
384 468
384 469
384 470
384 471
384 472
384 473
384 475
384 476
384 477
384 478
384 479
384 480
384 481
384 482
384 483
384 484
384 615
384 616
384 617
384 618
384 619
384 620
384 621
384 622
384 623
384 624
384 625
384 971
384 973
384 974
384 975
384 976
384 977
384 979
384 980
385 386
385 387
385 388
385 389
385 390
385 391
385 392
385 393
385 394
385 395
385 396
385 400
385 463
385 464
385 465
385 466
385 467
385 468
385 472
385 473
385 474
385 475
385 476
385 477
385 478
385 479
385 480
385 481
385 482
385 483
385 484
385 532
385 614
385 615
385 616
385 617
385 618
385 619
385 620
385 621
385 623
385 624
385 625
385 626
385 657
385 733
385 975
385 976
385 977
385 978
385 979
385 980
386 387
386 388
386 389
386 390
386 391
386 392
386 393
386 394
386 395
386 396
386 401
386 465
386 466
386 467
386 468
386 469
386 470
386 471
386 472
386 473
386 474
386 475
386 476
386 477
386 478
386 479
386 480
386 481
386 482
386 483
386 484
386 531
386 615
386 616
386 617
386 619
386 620
386 621
386 622
386 623
386 624
386 625
386 626
386 656
386 972
386 973
386 974
386 975
386 977
386 979
386 980
387 388
387 389
387 390
387 391
387 392
387 393
387 394
387 395
387 396
387 397
387 465
387 467
387 468
387 469
387 470
387 471
387 472
387 473
387 474
387 475
387 476
387 477
387 478
387 479
387 480
387 481
387 482
387 483
387 484
387 485
387 616
387 617
387 618
387 619
387 620
387 621
387 622
387 623
387 624
387 625
387 626
387 972
387 973
387 974
387 975
387 976
387 977
387 978
387 979
387 980
387 981
388 389
388 390
388 391
388 392
388 393
388 394
388 395
388 396
388 397
388 462
388 463
388 464
388 465
388 466
388 467
388 468
388 469
388 470
388 471
388 472
388 473
388 474
388 475
388 476
388 477
388 478
388 479
388 480
388 481
388 482
388 483
388 484
388 616
388 617
388 618
388 619
388 620
388 621
388 622
388 623
388 624
388 625
388 656
388 657
388 809
388 925
388 971
388 975
388 976
388 977
388 978
388 979
388 980
388 981
389 390
389 391
389 392
389 393
389 394
389 395
389 396
389 397
389 398
389 402
389 462
389 463
389 464
389 465
389 466
389 467
389 468
389 469
389 470
389 471
389 472
389 473
389 474
389 475
389 476
389 477
389 478
389 479
389 480
389 481
389 482
389 483
389 484
389 485
389 520
389 614
389 615
389 617
389 618
389 619
389 620
389 621
389 622
389 623
389 624
389 625
389 626
389 973
389 974
389 975
389 976
389 977
389 978
389 979
389 980
389 981
390 391
390 392
390 393
390 394
390 395
390 396
390 397
390 402
390 412
390 463
390 466
390 467
390 468
390 469
390 470
390 471
390 472
390 473
390 474
390 475
390 476
390 477
390 478
390 479
390 480
390 481
390 482
390 483
390 484
390 485
390 532
390 533
390 614
390 616
390 617
390 618
390 619
390 620
390 621
390 622
390 623
390 624
390 625
390 626
390 658
390 733
390 777
390 971
390 973
390 974
390 975
390 976
390 977
390 978
390 979
390 980
391 392
391 393
391 394
391 395
391 396
391 397
391 398
391 402
391 462
391 464
391 465
391 466
391 467
391 468
391 469
391 470
391 471
391 472
391 473
391 474
391 475
391 476
391 477
391 478
391 479
391 480
391 481
391 482
391 483
391 484
391 485
391 614
391 615
391 616
391 617
391 618
391 620
391 621
391 622
391 623
391 624
391 625
391 626
391 972
391 973
391 974
391 975
391 976
391 977
391 978
391 979
391 980
391 981
391 982
392 393
392 394
392 395
392 396
392 397
392 398
392 464
392 465
392 466
392 467
392 468
392 469
392 470
392 471
392 472
392 473
392 474
392 475
392 476
392 477
392 478
392 479
392 480
392 481
392 482
392 483
392 484
392 485
392 615
392 616
392 617
392 618
392 619
392 620
392 621
392 622
392 623
392 624
392 625
392 626
392 630
392 646
392 659
392 687
392 719
392 733
392 734
392 769
392 879
392 900
392 971
392 972
392 973
392 975
392 976
392 977
392 978
392 979
392 980
392 981
393 394
393 395
393 396
393 397
393 434
393 465
393 466
393 467
393 468
393 469
393 470
393 471
393 472
393 473
393 474
393 475
393 476
393 477
393 478
393 479
393 480
393 481
393 482
393 483
393 484
393 615
393 617
393 618
393 619
393 620
393 621
393 622
393 623
393 624
393 625
393 627
393 741
393 773
393 779
393 792
393 971
393 972
393 974
393 975
393 977
393 978
393 979
393 980
393 982
394 395
394 396
394 397
394 398
394 403
394 462
394 464
394 465
394 467
394 468
394 469
394 470
394 471
394 472
394 473
394 474
394 475
394 476
394 477
394 478
394 479
394 480
394 481
394 482
394 483
394 484
394 485
394 526
394 532
394 613
394 614
394 615
394 616
394 618
394 619
394 622
394 623
394 624
394 625
394 626
394 627
394 636
394 658
394 688
394 909
394 970
394 973
394 974
394 975
394 976
394 977
394 978
394 979
394 980
394 981
394 982
395 396
395 397
395 398
395 408
395 461
395 462
395 463
395 464
395 466
395 467
395 468
395 469
395 470
395 471
395 472
395 473
395 474
395 475
395 476
395 477
395 478
395 479
395 480
395 481
395 482
395 483
395 484
395 485
395 513
395 527
395 531
395 532
395 594
395 601
395 615
395 616
395 617
395 618
395 619
395 620
395 621
395 622
395 623
395 624
395 625
395 626
395 656
395 657
395 689
395 775
395 776
395 879
395 880
395 972
395 974
395 975
395 976
395 977
395 978
395 979
395 980
396 397
396 401
396 403
396 409
396 463
396 464
396 465
396 466
396 467
396 468
396 469
396 470
396 471
396 472
396 473
396 474
396 475
396 476
396 477
396 478
396 479
396 480
396 481
396 482
396 483
396 484
396 485
396 531
396 612
396 615
396 618
396 619
396 620
396 621
396 622
396 623
396 624
396 625
396 626
396 627
396 636
396 657
396 658
396 688
396 690
396 720
396 735
396 814
396 815
396 973
396 975
396 976
396 977
396 978
396 980
396 981
396 982
396 983
397 399
397 431
397 465
397 466
397 467
397 468
397 470
397 471
397 472
397 473
397 474
397 475
397 476
397 477
397 478
397 479
397 480
397 481
397 482
397 483
397 484
397 485
397 533
397 613
397 615
397 619
397 620
397 621
397 622
397 623
397 624
397 625
397 688
397 690
397 695
397 719
397 975
397 976
397 977
397 978
397 979
397 980
397 990
398 470
398 471
398 473
398 477
398 479
398 480
398 481
398 482
398 483
398 484
398 625
398 747
398 815
398 982
399 481
399 482
399 483
399 811
400 970
401 469
401 478
401 480
401 483
401 615
401 616
402 469
402 479
402 480
402 481
402 620
402 621
403 474
403 477
403 480
403 481
403 482
403 484
403 973
404 475
404 477
404 481
404 482
404 691
405 481
405 534
407 477
410 619
410 856
412 482
413 482
413 485
414 535
415 916
416 486
423 485
424 483
429 647
452 482
461 481
461 620
462 464
462 465
462 473
462 477
462 478
462 480
462 483
462 615
462 621
462 623
462 971
462 972
462 973
462 980
463 465
463 466
463 467
463 469
463 470
463 471
463 475
463 476
463 477
463 479
463 481
463 482
463 484
463 619
463 620
463 621
463 622
463 624
463 625
463 975
463 976
463 977
463 978
463 979
464 468
464 469
464 471
464 474
464 475
464 477
464 481
464 483
464 484
464 615
464 616
464 617
464 619
464 620
464 621
464 622
464 623
464 624
464 973
464 974
464 975
464 976
464 977
464 978
464 979
465 466
465 467
465 469
465 470
465 471
465 472
465 473
465 475
465 476
465 477
465 478
465 480
465 481
465 482
465 483
465 616
465 617
465 618
465 619
465 621
465 622
465 623
465 624
465 625
465 973
465 975
465 976
465 977
465 978
465 979
466 467
466 468
466 469
466 470
466 471
466 472
466 473
466 474
466 475
466 476
466 477
466 478
466 479
466 480
466 481
466 482
466 484
466 616
466 619
466 620
466 621
466 622
466 623
466 624
466 625
466 626
466 685
466 973
466 974
466 975
466 977
466 978
466 979
466 980
466 981
467 468
467 469
467 470
467 471
467 472
467 473
467 474
467 475
467 476
467 477
467 478
467 479
467 480
467 481
467 482
467 483
467 484
467 531
467 614
467 615
467 617
467 618
467 619
467 620
467 621
467 622
467 623
467 624
467 627
467 972
467 973
467 974
467 976
467 977
467 978
467 979
467 980
468 469
468 470
468 471
468 472
468 473
468 474
468 475
468 476
468 477
468 478
468 479
468 480
468 481
468 482
468 483
468 484
468 615
468 617
468 618
468 619
468 620
468 621
468 622
468 623
468 624
468 625
468 626
468 973
468 975
468 976
468 977
468 978
468 979
468 980
469 470
469 471
469 472
469 473
469 474
469 475
469 476
469 477
469 478
469 479
469 480
469 481
469 482
469 483
469 484
469 529
469 617
469 619
469 620
469 621
469 622
469 623
469 624
469 625
469 670
469 686
469 868
469 973
469 974
469 975
469 976
469 977
469 978
469 979
469 980
469 981
470 471
470 472
470 473
470 474
470 475
470 476
470 477
470 478
470 479
470 480
470 481
470 482
470 483
470 484
470 615
470 616
470 617
470 618
470 619
470 620
470 621
470 622
470 623
470 624
470 625
470 626
470 658
470 972
470 973
470 974
470 975
470 976
470 978
470 979
470 980
470 981
471 472
471 473
471 474
471 475
471 476
471 477
471 478
471 479
471 480
471 481
471 482
471 483
471 484
471 614
471 615
471 616
471 617
471 618
471 619
471 620
471 621
471 622
471 623
471 624
471 625
471 626
471 973
471 974
471 975
471 976
471 977
471 978
471 979
471 980
472 473
472 474
472 475
472 476
472 477
472 478
472 479
472 480
472 481
472 482
472 483
472 484
472 532
472 560
472 614
472 615
472 617
472 618
472 619
472 620
472 621
472 622
472 623
472 624
472 625
472 626
472 775
472 776
472 922
472 971
472 972
472 975
472 976
472 977
472 978
472 979
472 980
472 981
472 982
473 474
473 475
473 476
473 477
473 478
473 479
473 480
473 481
473 482
473 483
473 484
473 615
473 618
473 619
473 620
473 621
473 622
473 623
473 624
473 625
473 626
473 627
473 657
473 686
473 975
473 976
473 977
473 978
473 979
473 980
473 981
474 475
474 476
474 477
474 478
474 479
474 480
474 481
474 482
474 483
474 484
474 532
474 616
474 617
474 618
474 619
474 620
474 621
474 622
474 623
474 624
474 625
474 626
474 627
474 636
474 671
474 733
474 973
474 974
474 975
474 976
474 977
474 978
474 979
474 980
474 981
475 476
475 477
475 478
475 479
475 480
475 481
475 482
475 483
475 484
475 485
475 530
475 615
475 618
475 619
475 620
475 621
475 622
475 623
475 624
475 625
475 626
475 627
475 668
475 851
475 972
475 975
475 976
475 977
475 978
475 979
475 980
475 981
476 477
476 478
476 479
476 480
476 481
476 482
476 483
476 484
476 486
476 527
476 530
476 531
476 614
476 617
476 619
476 620
476 621
476 622
476 623
476 624
476 625
476 626
476 627
476 689
476 734
476 973
476 974
476 975
476 976
476 977
476 978
476 979
476 980
476 981
477 478
477 479
477 480
477 481
477 482
477 483
477 484
477 485
477 532
477 533
477 575
477 617
477 618
477 619
477 620
477 621
477 622
477 623
477 624
477 625
477 626
477 627
477 635
477 658
477 735
477 774
477 909
477 920
477 971
477 972
477 973
477 974
477 975
477 976
477 977
477 978
477 979
477 980
477 981
478 479
478 480
478 481
478 482
478 483
478 484
478 485
478 615
478 616
478 617
478 618
478 619
478 620
478 621
478 622
478 623
478 624
478 625
478 626
478 627
478 687
478 688
478 708
478 792
478 798
478 869
478 880
478 971
478 973
478 975
478 976
478 977
478 978
478 979
478 980
478 981
478 982
478 983
479 480
479 481
479 482
479 483
479 484
479 485
479 530
479 561
479 615
479 616
479 617
479 618
479 619
479 620
479 621
479 622
479 623
479 624
479 625
479 626
479 627
479 628
479 629
479 657
479 659
479 720
479 721
479 722
479 734
479 770
479 775
479 821
479 890
479 908
479 972
479 973
479 974
479 976
479 977
479 978
479 980
479 981
479 982
480 481
480 482
480 483
480 484
480 485
480 509
480 528
480 529
480 531
480 533
480 542
480 587
480 615
480 616
480 617
480 618
480 619
480 620
480 621
480 622
480 623
480 624
480 625
480 626
480 627
480 628
480 686
480 689
480 734
480 735
480 736
480 774
480 775
480 776
480 809
480 971
480 972
480 974
480 975
480 976
480 977
480 978
480 979
480 980
480 981
480 982
480 983
481 482
481 483
481 484
481 485
481 503
481 510
481 519
481 528
481 529
481 614
481 615
481 616
481 617
481 618
481 619
481 620
481 621
481 622
481 623
481 624
481 625
481 626
481 627
481 637
481 657
481 659
481 672
481 687
481 688
481 689
481 721
481 733
481 735
481 736
481 776
481 777
481 793
481 798
481 866
481 909
481 910
481 970
481 971
481 972
481 973
481 974
481 975
481 976
481 977
481 978
481 979
481 980
481 981
482 483
482 484
482 485
482 534
482 550
482 562
482 604
482 614
482 616
482 617
482 618
482 619
482 620
482 621
482 622
482 623
482 624
482 625
482 626
482 627
482 628
482 631
482 658
482 659
482 660
482 687
482 688
482 689
482 690
482 694
482 720
482 734
482 735
482 746
482 777
482 778
482 797
482 818
482 852
482 861
482 879
482 907
482 921
482 923
482 939
482 973
482 974
482 975
482 976
482 978
482 979
482 980
482 981
482 982
483 484
483 485
483 504
483 523
483 528
483 533
483 563
483 580
483 615
483 616
483 617
483 618
483 619
483 620
483 621
483 622
483 623
483 624
483 625
483 626
483 627
483 629
483 658
483 666
483 669
483 689
483 734
483 735
483 750
483 774
483 777
483 924
483 972
483 973
483 974
483 975
483 976
483 977
483 978
483 979
483 980
483 981
483 982
483 983
483 996
484 485
484 502
484 530
484 532
484 615
484 616
484 617
484 618
484 619
484 620
484 621
484 622
484 623
484 624
484 625
484 626
484 627
484 628
484 631
484 657
484 659
484 688
484 690
484 722
484 726
484 734
484 736
484 751
484 778
484 910
484 971
484 972
484 973
484 974
484 975
484 976
484 977
484 978
484 979
484 980
485 597
485 620
485 622
485 978
486 530
486 556
486 624
486 628
486 648
486 695
487 937
487 985
500 657
505 638
512 624
529 624
530 619
531 624
531 979
533 623
578 983
602 951
611 618
613 974
614 617
614 621
614 622
614 971
614 979
615 618
615 619
615 620
615 621
615 624
615 656
615 971
615 973
615 974
615 975
616 617
616 618
616 620
616 623
616 625
616 686
616 722
616 972
616 973
616 974
616 975
616 976
616 978
616 979
616 980
617 618
617 619
617 621
617 622
617 623
617 624
617 625
617 687
617 881
617 971
617 974
617 975
617 976
617 979
617 980
618 619
618 620
618 622
618 623
618 625
618 973
618 974
618 975
618 976
618 977
618 978
618 979
619 620
619 621
619 622
619 623
619 624
619 625
619 626
619 627
619 971
619 972
619 973
619 974
619 975
619 976
619 980
620 621
620 622
620 623
620 624
620 625
620 626
620 687
620 971
620 972
620 973
620 974
620 975
620 976
620 977
620 978
620 979
620 980
620 982
621 622
621 623
621 624
621 625
621 626
621 687
621 733
621 971
621 973
621 974
621 975
621 976
621 977
621 978
621 979
621 980
621 981
622 623
622 624
622 625
622 973
622 975
622 976
622 977
622 978
622 979
622 980
623 624
623 625
623 749
623 972
623 973
623 974
623 975
623 976
623 977
623 978
623 979
624 625
624 971
624 972
624 973
624 974
624 975
624 976
624 977
624 978
624 979
624 980
625 973
625 974
625 975
625 976
625 977
625 978
625 980
626 973
626 978
627 978
628 982
637 696
657 977
657 979
658 972
662 744
671 984
673 983
686 977
709 810
723 780
725 980
727 978
732 981
736 862
737 766
753 837
814 976
816 984
878 970
879 978
970 973
970 976
971 979
972 973
972 974
972 975
972 977
972 978
972 980
973 974
973 975
973 978
973 979
974 975
974 976
974 977
974 978
974 979
975 976
975 977
975 978
975 979
975 980
976 977
976 978
976 979
976 980
977 979
977 980
977 981
978 979
978 980
979 980
979 981
