1 557
12 195
12 269
12 272
13 273
13 756
13 997
14 207
27 201
27 274
27 563
28 273
28 274
28 276
28 277
29 278
29 868
31 274
32 565
33 408
46 568
49 276
49 556
50 262
50 272
51 276
52 721
61 272
66 272
70 190
71 199
77 271
78 185
78 186
78 190
78 201
78 240
78 263
78 268
78 272
78 434
78 436
78 551
78 552
78 561
78 810
79 80
79 81
79 83
79 189
79 190
79 192
79 199
79 202
79 205
79 236
79 240
79 250
79 253
79 254
79 267
79 269
79 270
79 273
79 277
79 278
79 323
79 432
79 551
79 552
79 554
79 566
79 709
79 713
79 717
79 807
79 904
80 81
80 82
80 84
80 85
80 187
80 189
80 191
80 196
80 199
80 200
80 203
80 205
80 206
80 237
80 238
80 239
80 252
80 253
80 254
80 257
80 261
80 262
80 263
80 264
80 266
80 267
80 268
80 269
80 270
80 271
80 273
80 275
80 277
80 278
80 325
80 432
80 433
80 436
80 550
80 551
80 554
80 556
80 557
80 558
80 559
80 561
80 562
80 565
80 566
80 706
80 707
80 711
80 712
80 714
80 808
81 82
81 84
81 85
81 186
81 189
81 190
81 191
81 192
81 195
81 196
81 198
81 200
81 202
81 205
81 206
81 238
81 241
81 251
81 253
81 254
81 257
81 258
81 260
81 261
81 263
81 264
81 267
81 268
81 269
81 271
81 272
81 275
81 277
81 322
81 324
81 431
81 432
81 433
81 435
81 551
81 553
81 554
81 555
81 556
81 557
81 560
81 561
81 562
81 563
81 564
81 708
81 710
81 712
81 715
81 808
81 809
81 810
81 811
82 85
82 184
82 185
82 187
82 188
82 189
82 190
82 191
82 193
82 196
82 197
82 198
82 200
82 201
82 202
82 203
82 204
82 205
82 206
82 234
82 237
82 238
82 241
82 251
82 253
82 254
82 255
82 256
82 257
82 258
82 259
82 260
82 262
82 263
82 265
82 268
82 270
82 271
82 273
82 274
82 275
82 276
82 278
82 324
82 325
82 432
82 434
82 435
82 436
82 437
82 444
82 550
82 551
82 554
82 555
82 557
82 560
82 561
82 562
82 563
82 564
82 566
82 708
82 709
82 710
82 711
82 712
82 713
82 714
82 715
82 716
82 717
82 718
82 808
82 810
82 811
82 812
82 905
82 906
83 84
83 85
83 187
83 188
83 190
83 192
83 193
83 194
83 197
83 198
83 199
83 201
83 202
83 203
83 204
83 205
83 206
83 237
83 238
83 239
83 240
83 251
83 252
83 253
83 255
83 258
83 259
83 261
83 262
83 263
83 264
83 265
83 266
83 267
83 269
83 270
83 272
83 273
83 274
83 275
83 277
83 432
83 434
83 435
83 436
83 437
83 438
83 553
83 554
83 555
83 556
83 557
83 558
83 559
83 560
83 561
83 564
83 565
83 567
83 615
83 708
83 709
83 710
83 711
83 714
83 715
83 716
83 717
83 719
83 807
83 808
83 811
83 904
84 85
84 187
84 188
84 189
84 190
84 193
84 194
84 197
84 198
84 199
84 200
84 201
84 202
84 203
84 204
84 205
84 206
84 207
84 234
84 236
84 239
84 240
84 241
84 251
84 252
84 253
84 254
84 255
84 256
84 257
84 258
84 259
84 260
84 261
84 263
84 265
84 266
84 267
84 268
84 270
84 271
84 273
84 274
84 275
84 277
84 278
84 322
84 323
84 325
84 434
84 435
84 436
84 553
84 554
84 555
84 556
84 557
84 558
84 559
84 560
84 561
84 562
84 563
84 564
84 565
84 566
84 567
84 708
84 709
84 710
84 712
84 713
84 714
84 715
84 716
84 717
84 747
84 808
84 809
84 810
84 811
84 904
85 86
85 190
85 191
85 192
85 193
85 194
85 195
85 196
85 197
85 199
85 200
85 201
85 202
85 203
85 204
85 206
85 235
85 239
85 240
85 241
85 252
85 254
85 255
85 258
85 259
85 260
85 261
85 262
85 263
85 264
85 265
85 266
85 267
85 268
85 270
85 271
85 272
85 273
85 274
85 276
85 277
85 324
85 347
85 430
85 434
85 435
85 436
85 440
85 548
85 551
85 553
85 554
85 555
85 556
85 557
85 559
85 561
85 562
85 563
85 564
85 565
85 567
85 705
85 709
85 711
85 712
85 713
85 715
85 716
85 717
85 718
85 807
85 811
85 906
86 187
86 189
86 190
86 196
86 200
86 203
86 205
86 207
86 238
86 240
86 241
86 256
86 257
86 260
86 261
86 264
86 265
86 266
86 268
86 271
86 274
86 275
86 276
86 322
86 436
86 554
86 559
86 560
86 561
86 563
86 566
86 708
86 712
86 714
86 716
86 810
87 200
87 201
87 204
87 205
87 257
87 259
87 267
87 269
87 270
87 271
87 272
87 273
87 276
87 557
87 565
87 968
88 199
88 268
88 271
88 272
88 274
88 275
88 276
88 277
89 204
89 205
89 273
89 275
89 893
90 327
90 646
99 595
101 277
104 927
108 436
109 275
118 276
123 566
124 276
124 867
125 342
133 565
134 275
134 276
134 439
135 251
135 276
135 277
135 718
136 272
136 274
136 276
137 277
137 968
138 203
141 945
142 549
146 275
150 200
150 274
151 254
151 255
151 270
151 562
152 275
152 276
152 279
153 328
154 717
155 313
156 219
162 276
165 273
165 905
166 645
169 190
169 612
170 333
175 556
178 223
179 200
184 186
184 187
184 190
184 201
184 236
184 558
184 562
184 705
184 708
185 186
185 188
185 191
185 195
185 197
185 203
185 235
185 239
185 240
185 241
185 250
185 258
185 263
185 265
185 268
185 270
185 272
185 273
185 324
185 434
185 551
185 555
185 560
185 565
185 706
185 713
185 811
186 188
186 193
186 194
186 199
186 200
186 201
186 205
186 236
186 238
186 239
186 240
186 253
186 254
186 257
186 258
186 260
186 261
186 264
186 268
186 269
186 270
186 271
186 272
186 277
186 324
186 325
186 431
186 434
186 550
186 556
186 560
186 561
186 563
186 564
186 711
186 715
186 716
186 717
186 718
186 806
186 807
187 189
187 190
187 191
187 192
187 193
187 194
187 196
187 197
187 198
187 199
187 201
187 202
187 205
187 235
187 236
187 237
187 238
187 239
187 244
187 251
187 252
187 253
187 254
187 255
187 256
187 257
187 260
187 262
187 263
187 264
187 266
187 267
187 268
187 276
187 277
187 323
187 432
187 433
187 435
187 437
187 551
187 554
187 555
187 556
187 559
187 562
187 563
187 564
187 566
187 707
187 709
187 711
187 713
187 715
187 718
187 806
187 807
187 809
187 810
188 189
188 190
188 191
188 193
188 194
188 196
188 197
188 198
188 199
188 200
188 201
188 202
188 204
188 205
188 236
188 237
188 239
188 240
188 241
188 255
188 256
188 260
188 261
188 262
188 264
188 265
188 268
188 269
188 270
188 271
188 274
188 275
188 277
188 278
188 430
188 433
188 434
188 435
188 436
188 551
188 552
188 554
188 556
188 557
188 558
188 559
188 563
188 565
188 567
188 707
188 708
188 713
188 715
188 716
188 717
188 718
188 807
188 809
188 810
189 190
189 191
189 192
189 193
189 195
189 196
189 198
189 199
189 201
189 202
189 203
189 204
189 205
189 207
189 235
189 238
189 239
189 240
189 241
189 252
189 253
189 255
189 256
189 257
189 258
189 259
189 260
189 262
189 263
189 264
189 265
189 266
189 267
189 268
189 270
189 271
189 272
189 273
189 274
189 323
189 325
189 431
189 433
189 435
189 436
189 437
189 552
189 553
189 554
189 555
189 557
189 558
189 561
189 562
189 563
189 564
189 565
189 566
189 706
189 708
189 709
189 710
189 711
189 712
189 713
189 714
189 715
189 716
189 808
189 809
189 810
189 811
190 191
190 192
190 193
190 194
190 195
190 196
190 198
190 201
190 202
190 203
190 204
190 205
190 206
190 236
190 239
190 240
190 253
190 255
190 256
190 257
190 259
190 260
190 261
190 262
190 264
190 265
190 267
190 268
190 269
190 272
190 273
190 274
190 275
190 276
190 277
190 278
190 325
190 432
190 433
190 435
190 436
190 549
190 551
190 553
190 554
190 555
190 556
190 557
190 558
190 561
190 562
190 563
190 564
190 565
190 566
190 706
190 708
190 709
190 710
190 711
190 713
190 716
190 717
190 807
190 809
190 810
190 811
190 904
190 966
191 192
191 193
191 194
191 195
191 196
191 197
191 198
191 199
191 200
191 201
191 203
191 204
191 205
191 206
191 238
191 239
191 251
191 253
191 255
191 257
191 258
191 259
191 260
191 261
191 262
191 263
191 264
191 265
191 266
191 267
191 268
191 269
191 270
191 271
191 272
191 273
191 274
191 275
191 276
191 277
191 322
191 324
191 326
191 432
191 434
191 435
191 436
191 438
191 550
191 552
191 554
191 555
191 556
191 557
191 558
191 559
191 560
191 562
191 563
191 564
191 565
191 566
191 567
191 615
191 616
191 707
191 710
191 711
191 713
191 714
191 715
191 716
191 717
191 718
191 807
191 809
191 810
191 811
191 812
192 193
192 194
192 195
192 196
192 197
192 198
192 199
192 200
192 201
192 203
192 204
192 205
192 206
192 207
192 235
192 236
192 237
192 238
192 239
192 240
192 241
192 252
192 254
192 255
192 256
192 258
192 259
192 260
192 261
192 262
192 263
192 264
192 265
192 266
192 267
192 268
192 269
192 270
192 271
192 272
192 273
192 274
192 275
192 276
192 277
192 321
192 322
192 325
192 430
192 433
192 434
192 436
192 437
192 551
192 552
192 553
192 554
192 555
192 556
192 557
192 558
192 559
192 560
192 561
192 562
192 563
192 564
192 565
192 566
192 567
192 569
192 609
192 706
192 707
192 710
192 711
192 712
192 713
192 714
192 715
192 716
192 717
192 720
192 809
192 810
192 811
192 812
192 904
193 194
193 195
193 196
193 197
193 198
193 199
193 200
193 201
193 202
193 203
193 204
193 205
193 206
193 207
193 235
193 238
193 239
193 253
193 256
193 257
193 258
193 259
193 260
193 261
193 262
193 263
193 264
193 265
193 266
193 267
193 268
193 269
193 270
193 271
193 272
193 273
193 274
193 275
193 276
193 277
193 278
193 324
193 325
193 326
193 430
193 431
193 432
193 434
193 435
193 436
193 437
193 549
193 550
193 552
193 553
193 555
193 556
193 557
193 559
193 560
193 561
193 562
193 563
193 564
193 565
193 566
193 710
193 711
193 712
193 713
193 714
193 715
193 716
193 717
193 807
193 809
193 810
193 811
193 812
194 195
194 196
194 197
194 198
194 199
194 200
194 201
194 202
194 203
194 204
194 206
194 207
194 238
194 239
194 240
194 241
194 253
194 254
194 255
194 256
194 257
194 258
194 259
194 260
194 261
194 262
194 263
194 264
194 265
194 266
194 267
194 269
194 270
194 271
194 272
194 273
194 274
194 275
194 276
194 278
194 323
194 325
194 430
194 431
194 432
194 433
194 434
194 435
194 436
194 437
194 438
194 553
194 554
194 555
194 556
194 557
194 558
194 559
194 560
194 561
194 562
194 563
194 564
194 565
194 566
194 708
194 709
194 710
194 711
194 714
194 715
194 716
194 717
194 718
194 809
194 810
194 812
194 905
195 196
195 197
195 198
195 199
195 200
195 201
195 202
195 203
195 204
195 205
195 206
195 238
195 240
195 241
195 250
195 252
195 254
195 256
195 259
195 260
195 261
195 262
195 263
195 264
195 265
195 266
195 267
195 268
195 269
195 270
195 271
195 272
195 273
195 274
195 275
195 276
195 277
195 330
195 431
195 432
195 434
195 435
195 436
195 438
195 553
195 554
195 555
195 556
195 557
195 558
195 559
195 560
195 561
195 562
195 563
195 564
195 565
195 566
195 567
195 708
195 709
195 710
195 712
195 714
195 715
195 716
195 717
195 718
195 808
195 809
195 810
195 811
195 812
195 814
196 197
196 198
196 199
196 200
196 201
196 202
196 203
196 204
196 205
196 206
196 232
196 235
196 237
196 238
196 239
196 240
196 241
196 242
196 254
196 256
196 257
196 259
196 260
196 261
196 262
196 263
196 264
196 265
196 266
196 267
196 268
196 269
196 270
196 271
196 272
196 273
196 274
196 275
196 276
196 277
196 278
196 322
196 323
196 433
196 435
196 437
196 551
196 552
196 554
196 555
196 556
196 557
196 558
196 559
196 560
196 561
196 562
196 563
196 564
196 565
196 566
196 567
196 568
196 708
196 709
196 710
196 711
196 712
196 713
196 714
196 715
196 716
196 717
196 718
196 782
196 808
196 809
196 810
196 811
196 812
196 905
197 198
197 199
197 200
197 201
197 202
197 203
197 204
197 205
197 206
197 207
197 237
197 240
197 241
197 255
197 257
197 258
197 259
197 260
197 261
197 262
197 263
197 264
197 265
197 266
197 267
197 268
197 269
197 270
197 271
197 272
197 273
197 274
197 275
197 276
197 277
197 278
197 432
197 433
197 434
197 435
197 437
197 551
197 553
197 554
197 555
197 556
197 557
197 558
197 559
197 560
197 561
197 562
197 563
197 564
197 565
197 566
197 567
197 709
197 711
197 712
197 713
197 714
197 715
197 716
197 717
197 718
197 808
197 810
197 811
197 812
197 889
197 904
197 905
198 199
198 200
198 201
198 202
198 203
198 204
198 205
198 206
198 207
198 218
198 235
198 238
198 239
198 240
198 241
198 252
198 253
198 254
198 257
198 259
198 260
198 261
198 262
198 263
198 264
198 265
198 266
198 267
198 268
198 269
198 270
198 271
198 272
198 273
198 274
198 275
198 276
198 277
198 432
198 434
198 435
198 436
198 437
198 438
198 551
198 552
198 553
198 556
198 557
198 558
198 559
198 560
198 561
198 562
198 563
198 564
198 565
198 566
198 567
198 613
198 709
198 710
198 711
198 712
198 713
198 714
198 715
198 716
198 717
198 719
198 807
198 809
198 810
198 812
198 903
198 908
198 996
199 200
199 201
199 202
199 203
199 204
199 205
199 206
199 207
199 208
199 238
199 239
199 240
199 241
199 242
199 251
199 253
199 254
199 255
199 256
199 258
199 259
199 260
199 261
199 262
199 263
199 264
199 265
199 266
199 267
199 268
199 269
199 270
199 271
199 272
199 273
199 274
199 275
199 276
199 277
199 278
199 291
199 322
199 430
199 432
199 433
199 436
199 437
199 522
199 551
199 552
199 553
199 554
199 556
199 557
199 559
199 560
199 561
199 562
199 563
199 564
199 565
199 566
199 567
199 614
199 706
199 707
199 708
199 709
199 710
199 711
199 712
199 713
199 714
199 715
199 716
199 717
199 718
199 808
199 809
199 811
199 812
199 813
199 905
200 201
200 202
200 203
200 204
200 205
200 206
200 207
200 235
200 236
200 237
200 238
200 239
200 240
200 241
200 251
200 254
200 255
200 256
200 257
200 258
200 259
200 260
200 261
200 262
200 263
200 264
200 265
200 266
200 267
200 268
200 269
200 270
200 271
200 272
200 273
200 274
200 275
200 276
200 277
200 278
200 323
200 326
200 431
200 432
200 434
200 435
200 436
200 438
200 551
200 552
200 553
200 554
200 556
200 557
200 558
200 559
200 560
200 561
200 562
200 563
200 564
200 565
200 566
200 567
200 611
200 627
200 706
200 707
200 708
200 711
200 712
200 713
200 714
200 715
200 716
200 717
200 811
200 812
200 814
200 905
200 906
200 967
201 202
201 203
201 204
201 205
201 206
201 207
201 218
201 236
201 238
201 239
201 240
201 241
201 242
201 252
201 254
201 255
201 258
201 260
201 261
201 262
201 263
201 264
201 265
201 266
201 267
201 268
201 269
201 270
201 271
201 272
201 273
201 274
201 275
201 276
201 277
201 278
201 279
201 324
201 325
201 433
201 434
201 435
201 436
201 552
201 553
201 555
201 556
201 557
201 558
201 559
201 560
201 561
201 562
201 563
201 564
201 565
201 566
201 708
201 709
201 710
201 712
201 713
201 714
201 715
201 716
201 717
201 718
201 808
201 809
201 810
201 811
201 812
201 902
202 203
202 204
202 205
202 206
202 207
202 208
202 236
202 238
202 239
202 240
202 241
202 242
202 243
202 252
202 253
202 254
202 255
202 256
202 257
202 258
202 259
202 260
202 261
202 262
202 263
202 264
202 265
202 266
202 267
202 268
202 269
202 270
202 271
202 272
202 273
202 274
202 275
202 276
202 277
202 278
202 279
202 323
202 324
202 325
202 326
202 431
202 432
202 433
202 434
202 435
202 436
202 437
202 444
202 551
202 553
202 554
202 555
202 556
202 557
202 558
202 559
202 560
202 561
202 562
202 563
202 564
202 565
202 566
202 567
202 708
202 709
202 711
202 712
202 713
202 714
202 715
202 716
202 717
202 718
202 808
202 810
202 811
202 812
202 813
202 815
202 891
203 204
203 205
203 206
203 207
203 208
203 236
203 238
203 239
203 240
203 241
203 242
203 252
203 253
203 255
203 256
203 257
203 258
203 259
203 260
203 261
203 262
203 263
203 264
203 265
203 266
203 267
203 268
203 269
203 270
203 271
203 272
203 273
203 274
203 275
203 276
203 277
203 278
203 325
203 431
203 432
203 433
203 434
203 435
203 436
203 437
203 552
203 553
203 555
203 556
203 557
203 558
203 559
203 560
203 561
203 562
203 563
203 564
203 565
203 566
203 567
203 568
203 707
203 709
203 710
203 711
203 712
203 713
203 714
203 715
203 716
203 717
203 718
203 746
203 808
203 811
203 867
203 907
204 205
204 206
204 207
204 237
204 239
204 240
204 243
204 253
204 254
204 255
204 256
204 257
204 258
204 259
204 260
204 261
204 262
204 263
204 264
204 265
204 266
204 267
204 268
204 269
204 270
204 271
204 272
204 273
204 274
204 275
204 276
204 277
204 278
204 324
204 326
204 332
204 431
204 432
204 435
204 436
204 437
204 552
204 553
204 554
204 555
204 556
204 557
204 558
204 559
204 560
204 561
204 562
204 563
204 564
204 565
204 566
204 567
204 706
204 707
204 708
204 710
204 711
204 712
204 713
204 714
204 715
204 716
204 717
204 718
204 719
204 807
204 808
204 810
204 812
204 907
204 967
205 206
205 207
205 237
205 238
205 240
205 241
205 250
205 251
205 252
205 253
205 254
205 255
205 256
205 257
205 258
205 259
205 260
205 261
205 262
205 263
205 264
205 265
205 266
205 267
205 268
205 269
205 270
205 271
205 272
205 273
205 274
205 275
205 276
205 277
205 278
205 279
205 303
205 324
205 325
205 435
205 436
205 437
205 438
205 552
205 553
205 554
205 555
205 556
205 558
205 559
205 560
205 561
205 562
205 563
205 564
205 565
205 566
205 708
205 709
205 711
205 712
205 714
205 715
205 716
205 717
205 808
205 809
205 811
205 813
205 814
205 896
206 207
206 208
206 219
206 238
206 239
206 240
206 242
206 252
206 253
206 254
206 255
206 256
206 257
206 258
206 259
206 260
206 261
206 262
206 263
206 264
206 265
206 266
206 267
206 268
206 269
206 270
206 271
206 272
206 273
206 274
206 275
206 276
206 277
206 278
206 279
206 324
206 325
206 377
206 434
206 435
206 551
206 554
206 555
206 557
206 558
206 559
206 560
206 561
206 562
206 563
206 564
206 565
206 566
206 567
206 616
206 711
206 712
206 713
206 714
206 715
206 716
206 717
206 718
206 738
206 761
206 807
206 810
206 811
206 813
206 902
206 904
206 906
207 240
207 241
207 256
207 260
207 261
207 262
207 264
207 265
207 266
207 267
207 268
207 269
207 270
207 271
207 272
207 273
207 274
207 275
207 276
207 277
207 278
207 435
207 437
207 438
207 557
207 558
207 560
207 561
207 562
207 563
207 564
207 565
207 566
207 708
207 711
207 712
207 714
207 715
207 716
207 718
207 719
207 810
207 812
207 892
207 906
207 910
208 261
208 265
208 267
208 268
208 269
208 270
208 271
208 272
208 273
208 274
208 276
208 277
208 562
208 817
208 857
209 272
209 274
209 275
209 276
209 560
209 568
209 720
209 894
209 923
210 275
210 329
210 566
211 697
216 263
216 267
216 268
217 265
217 271
217 274
217 276
217 560
218 269
218 273
218 276
219 272
219 276
220 274
220 900
221 273
221 278
222 276
222 281
225 277
233 270
233 273
234 264
234 272
234 324
234 558
234 561
234 788
234 806
234 807
235 260
235 275
235 276
235 323
235 324
235 431
235 435
235 555
235 556
235 561
235 684
235 708
235 710
235 712
235 807
235 904
236 237
236 239
236 241
236 257
236 258
236 262
236 265
236 266
236 267
236 271
236 276
236 278
236 324
236 433
236 434
236 436
236 554
236 556
236 564
236 565
236 707
236 708
236 713
236 714
236 717
236 807
236 809
236 810
236 812
237 238
237 239
237 252
237 253
237 254
237 255
237 256
237 257
237 258
237 259
237 260
237 261
237 262
237 265
237 267
237 273
237 274
237 275
237 276
237 277
237 325
237 433
237 434
237 435
237 436
237 555
237 558
237 559
237 560
237 562
237 564
237 705
237 707
237 709
237 712
237 713
237 714
237 715
237 805
237 808
237 813
238 252
238 253
238 255
238 256
238 257
238 260
238 261
238 263
238 264
238 265
238 266
238 267
238 269
238 271
238 272
238 275
238 276
238 277
238 323
238 432
238 434
238 435
238 436
238 553
238 554
238 555
238 556
238 557
238 558
238 559
238 560
238 561
238 562
238 564
238 565
238 566
238 705
238 709
238 710
238 712
238 713
238 714
238 715
238 716
238 717
238 808
238 809
238 810
238 811
238 812
239 240
239 241
239 254
239 255
239 256
239 259
239 260
239 261
239 263
239 264
239 265
239 266
239 267
239 269
239 270
239 271
239 272
239 273
239 274
239 275
239 276
239 277
239 278
239 322
239 326
239 369
239 431
239 434
239 435
239 436
239 554
239 555
239 556
239 557
239 558
239 559
239 560
239 561
239 562
239 563
239 564
239 565
239 566
239 567
239 709
239 712
239 713
239 715
239 717
239 718
239 806
239 809
239 810
239 811
240 252
240 254
240 256
240 257
240 259
240 260
240 262
240 263
240 264
240 265
240 266
240 267
240 268
240 269
240 270
240 272
240 273
240 274
240 275
240 276
240 277
240 323
240 324
240 325
240 432
240 435
240 436
240 552
240 553
240 554
240 555
240 557
240 558
240 560
240 561
240 562
240 563
240 564
240 565
240 566
240 706
240 708
240 710
240 711
240 712
240 713
240 714
240 715
240 716
240 717
240 718
240 808
240 809
240 810
240 811
241 251
241 253
241 254
241 257
241 258
241 261
241 263
241 264
241 265
241 266
241 267
241 268
241 269
241 270
241 272
241 273
241 274
241 276
241 277
241 278
241 431
241 433
241 435
241 436
241 437
241 515
241 550
241 551
241 552
241 553
241 554
241 555
241 556
241 557
241 558
241 559
241 560
241 561
241 562
241 563
241 564
241 566
241 710
241 712
241 714
241 715
241 716
241 811
241 812
241 813
242 263
242 264
242 266
242 267
242 269
242 270
242 271
242 272
242 273
242 274
242 275
242 277
242 433
242 563
242 564
242 566
242 706
242 713
242 715
242 717
242 718
243 260
243 271
243 274
243 275
243 277
243 294
243 565
243 566
243 907
244 275
244 279
245 258
249 321
250 262
250 269
250 434
250 553
250 556
250 560
250 561
250 711
250 715
250 716
250 807
251 252
251 254
251 261
251 263
251 265
251 268
251 277
251 323
251 434
251 438
251 550
251 553
251 554
251 561
251 563
251 564
251 706
251 707
251 709
251 715
251 809
251 905
252 254
252 255
252 257
252 260
252 261
252 263
252 266
252 267
252 268
252 273
252 275
252 276
252 324
252 432
252 433
252 435
252 436
252 438
252 439
252 549
252 551
252 554
252 555
252 557
252 558
252 562
252 563
252 564
252 707
252 708
252 709
252 807
252 810
253 256
253 257
253 258
253 260
253 261
253 264
253 265
253 269
253 270
253 271
253 272
253 273
253 277
253 322
253 431
253 433
253 435
253 437
253 438
253 550
253 552
253 553
253 554
253 555
253 556
253 558
253 561
253 562
253 564
253 565
253 711
253 714
253 715
253 716
253 717
253 718
253 809
253 812
254 255
254 256
254 257
254 258
254 259
254 260
254 261
254 262
254 263
254 266
254 268
254 269
254 270
254 271
254 272
254 273
254 274
254 275
254 276
254 277
254 278
254 432
254 433
254 434
254 436
254 437
254 557
254 558
254 559
254 561
254 563
254 564
254 565
254 566
254 706
254 709
254 710
254 711
254 712
254 714
254 715
254 716
254 717
254 718
254 805
254 807
254 810
254 811
254 812
254 903
255 256
255 258
255 259
255 260
255 262
255 263
255 264
255 265
255 267
255 268
255 269
255 271
255 272
255 275
255 276
255 277
255 278
255 280
255 323
255 324
255 325
255 326
255 433
255 435
255 436
255 550
255 552
255 554
255 556
255 558
255 559
255 560
255 561
255 562
255 563
255 564
255 565
255 566
255 567
255 707
255 709
255 710
255 712
255 713
255 714
255 715
255 716
255 717
255 718
255 808
255 811
256 257
256 258
256 259
256 260
256 261
256 262
256 263
256 265
256 266
256 267
256 268
256 269
256 270
256 271
256 272
256 273
256 274
256 275
256 276
256 277
256 278
256 323
256 433
256 435
256 436
256 550
256 553
256 554
256 555
256 556
256 557
256 558
256 559
256 560
256 561
256 562
256 563
256 564
256 566
256 708
256 709
256 710
256 711
256 712
256 713
256 714
256 715
256 716
256 717
256 718
256 808
256 809
256 810
256 811
256 812
256 815
257 258
257 259
257 260
257 261
257 262
257 263
257 264
257 265
257 266
257 267
257 268
257 269
257 270
257 271
257 272
257 273
257 274
257 276
257 277
257 322
257 324
257 434
257 435
257 550
257 551
257 552
257 553
257 554
257 555
257 556
257 557
257 558
257 559
257 560
257 561
257 562
257 563
257 564
257 565
257 566
257 567
257 706
257 708
257 709
257 710
257 711
257 712
257 713
257 714
257 715
257 717
257 809
257 810
257 811
258 259
258 260
258 261
258 262
258 263
258 264
258 265
258 266
258 267
258 268
258 269
258 270
258 271
258 272
258 273
258 274
258 275
258 276
258 277
258 278
258 324
258 432
258 433
258 434
258 435
258 436
258 437
258 550
258 553
258 554
258 555
258 556
258 557
258 559
258 560
258 561
258 562
258 563
258 564
258 565
258 566
258 707
258 708
258 709
258 710
258 711
258 712
258 713
258 714
258 715
258 716
258 717
258 807
258 810
258 812
259 260
259 261
259 262
259 263
259 264
259 265
259 266
259 267
259 268
259 269
259 270
259 271
259 272
259 273
259 274
259 275
259 276
259 277
259 322
259 324
259 325
259 326
259 431
259 433
259 435
259 436
259 437
259 551
259 552
259 553
259 555
259 556
259 557
259 558
259 559
259 560
259 561
259 562
259 563
259 564
259 565
259 566
259 567
259 707
259 709
259 710
259 712
259 713
259 714
259 715
259 716
259 717
259 718
259 809
259 812
259 905
260 261
260 262
260 263
260 264
260 265
260 266
260 267
260 268
260 269
260 270
260 271
260 272
260 273
260 274
260 275
260 276
260 277
260 278
260 322
260 323
260 324
260 431
260 434
260 435
260 436
260 437
260 552
260 553
260 554
260 556
260 557
260 558
260 559
260 560
260 561
260 562
260 563
260 564
260 565
260 566
260 567
260 646
260 707
260 710
260 712
260 713
260 714
260 715
260 716
260 717
260 718
260 806
260 807
260 809
260 810
260 811
261 262
261 263
261 264
261 265
261 266
261 267
261 268
261 269
261 270
261 271
261 272
261 273
261 274
261 275
261 276
261 277
261 278
261 324
261 326
261 434
261 436
261 437
261 551
261 552
261 553
261 554
261 555
261 556
261 557
261 558
261 559
261 560
261 561
261 562
261 563
261 564
261 565
261 566
261 567
261 706
261 709
261 710
261 711
261 712
261 713
261 714
261 715
261 716
261 717
261 809
261 810
261 811
261 812
262 263
262 264
262 265
262 266
262 267
262 268
262 269
262 270
262 271
262 272
262 273
262 274
262 275
262 276
262 277
262 278
262 322
262 323
262 324
262 325
262 431
262 434
262 435
262 436
262 438
262 439
262 551
262 552
262 553
262 554
262 555
262 556
262 557
262 558
262 559
262 560
262 561
262 562
262 563
262 564
262 565
262 566
262 567
262 568
262 706
262 708
262 709
262 710
262 711
262 712
262 713
262 714
262 715
262 716
262 717
262 718
262 720
262 808
262 809
262 810
262 811
262 812
263 264
263 265
263 266
263 267
263 268
263 269
263 270
263 271
263 272
263 273
263 274
263 275
263 276
263 277
263 278
263 279
263 291
263 322
263 432
263 433
263 434
263 435
263 436
263 437
263 503
263 554
263 555
263 556
263 557
263 558
263 559
263 560
263 561
263 562
263 563
263 564
263 565
263 566
263 567
263 612
263 705
263 709
263 710
263 711
263 713
263 714
263 715
263 716
263 717
263 718
263 807
263 809
263 810
263 811
263 812
263 813
264 265
264 266
264 267
264 268
264 269
264 270
264 271
264 272
264 273
264 274
264 275
264 276
264 277
264 278
264 323
264 324
264 325
264 431
264 432
264 433
264 435
264 436
264 552
264 554
264 555
264 556
264 557
264 558
264 559
264 560
264 561
264 562
264 563
264 564
264 565
264 566
264 567
264 568
264 569
264 610
264 612
264 708
264 710
264 711
264 712
264 713
264 714
264 716
264 717
264 807
264 809
264 811
264 812
264 813
264 907
265 266
265 267
265 268
265 269
265 270
265 271
265 272
265 273
265 274
265 275
265 276
265 277
265 278
265 324
265 325
265 394
265 431
265 438
265 554
265 555
265 556
265 557
265 558
265 559
265 560
265 561
265 562
265 563
265 564
265 565
265 566
265 567
265 610
265 706
265 709
265 710
265 711
265 712
265 713
265 714
265 715
265 716
265 717
265 718
265 783
265 808
265 809
265 811
265 812
265 813
265 814
265 903
265 946
266 267
266 268
266 269
266 270
266 271
266 272
266 273
266 274
266 275
266 276
266 277
266 278
266 324
266 432
266 433
266 434
266 435
266 436
266 437
266 550
266 554
266 555
266 556
266 557
266 558
266 559
266 560
266 561
266 562
266 563
266 564
266 565
266 566
266 567
266 604
266 610
266 616
266 706
266 707
266 708
266 709
266 710
266 711
266 712
266 713
266 714
266 715
266 716
266 717
266 718
266 719
266 807
266 808
266 809
266 810
266 811
266 813
267 268
267 269
267 270
267 271
267 272
267 273
267 274
267 275
267 276
267 277
267 278
267 321
267 323
267 325
267 430
267 432
267 435
267 436
267 437
267 438
267 439
267 500
267 553
267 555
267 556
267 557
267 558
267 559
267 560
267 561
267 562
267 563
267 564
267 565
267 566
267 567
267 616
267 710
267 711
267 712
267 713
267 714
267 716
267 717
267 718
267 719
267 807
267 809
267 810
267 811
267 812
267 813
267 814
267 905
267 906
268 269
268 270
268 271
268 272
268 273
268 274
268 275
268 276
268 277
268 278
268 308
268 323
268 433
268 434
268 436
268 437
268 439
268 551
268 552
268 553
268 554
268 555
268 557
268 558
268 559
268 560
268 561
268 562
268 563
268 564
268 565
268 566
268 567
268 568
268 605
268 709
268 710
268 712
268 713
268 714
268 715
268 716
268 717
268 718
268 745
268 806
268 808
268 809
268 810
268 811
268 812
268 814
268 895
268 960
268 966
269 270
269 271
269 272
269 273
269 274
269 275
269 276
269 277
269 278
269 324
269 327
269 394
269 431
269 432
269 433
269 434
269 436
269 438
269 439
269 440
269 441
269 514
269 554
269 555
269 556
269 557
269 558
269 559
269 560
269 561
269 562
269 563
269 564
269 565
269 566
269 567
269 708
269 709
269 710
269 711
269 712
269 713
269 714
269 715
269 716
269 717
269 718
269 719
269 807
269 809
269 810
269 811
269 883
269 906
269 907
270 271
270 272
270 273
270 274
270 275
270 276
270 277
270 278
270 279
270 323
270 326
270 327
270 378
270 430
270 434
270 437
270 438
270 440
270 441
270 521
270 526
270 550
270 552
270 554
270 555
270 556
270 558
270 559
270 560
270 561
270 562
270 563
270 564
270 565
270 566
270 567
270 568
270 615
270 705
270 708
270 709
270 710
270 711
270 712
270 713
270 714
270 715
270 716
270 717
270 718
270 719
270 806
270 809
270 810
270 811
270 812
270 813
270 814
270 815
270 816
270 888
270 906
270 907
270 909
271 272
271 273
271 274
271 275
271 276
271 277
271 278
271 279
271 324
271 419
271 432
271 433
271 434
271 436
271 439
271 552
271 553
271 555
271 556
271 557
271 558
271 559
271 560
271 561
271 562
271 563
271 564
271 565
271 566
271 567
271 568
271 571
271 617
271 707
271 708
271 709
271 710
271 711
271 712
271 713
271 714
271 715
271 716
271 717
271 718
271 719
271 728
271 738
271 761
271 791
271 808
271 809
271 811
271 812
271 813
271 814
271 815
271 868
271 907
271 979
272 273
272 274
272 275
272 276
272 277
272 278
272 279
272 308
272 323
272 326
272 370
272 432
272 436
272 438
272 439
272 440
272 490
272 550
272 551
272 552
272 553
272 554
272 556
272 557
272 558
272 559
272 560
272 561
272 562
272 563
272 564
272 565
272 566
272 567
272 568
272 610
272 617
272 695
272 705
272 708
272 709
272 710
272 711
272 712
272 713
272 714
272 716
272 717
272 718
272 719
272 738
272 784
272 791
272 809
272 810
272 811
272 812
272 813
272 814
272 815
272 857
272 901
272 903
272 905
272 908
272 928
272 929
272 993
273 274
273 275
273 276
273 277
273 278
273 279
273 280
273 295
273 296
273 309
273 325
273 327
273 390
273 395
273 399
273 407
273 432
273 434
273 435
273 437
273 438
273 439
273 443
273 523
273 550
273 552
273 556
273 557
273 558
273 559
273 560
273 561
273 562
273 563
273 564
273 565
273 566
273 567
273 568
273 569
273 588
273 605
273 615
273 617
273 708
273 710
273 711
273 712
273 713
273 714
273 715
273 716
273 717
273 718
273 719
273 720
273 729
273 783
273 809
273 810
273 811
273 812
273 813
273 814
273 815
273 897
273 905
273 907
273 908
273 941
273 963
274 275
274 276
274 277
274 278
274 279
274 292
274 293
274 326
274 388
274 433
274 434
274 436
274 438
274 440
274 449
274 455
274 466
274 494
274 509
274 550
274 552
274 553
274 555
274 556
274 557
274 558
274 559
274 560
274 561
274 562
274 563
274 564
274 565
274 566
274 567
274 568
274 569
274 578
274 592
274 605
274 611
274 616
274 618
274 634
274 695
274 706
274 708
274 709
274 710
274 711
274 712
274 713
274 714
274 715
274 716
274 717
274 718
274 719
274 720
274 721
274 745
274 748
274 783
274 784
274 790
274 810
274 811
274 812
274 814
274 845
274 846
274 868
274 885
274 903
274 904
274 906
274 907
274 909
275 276
275 277
275 278
275 279
275 280
275 292
275 309
275 324
275 325
275 327
275 341
275 371
275 376
275 388
275 432
275 434
275 436
275 437
275 438
275 439
275 440
275 441
275 471
275 491
275 508
275 514
275 521
275 553
275 554
275 555
275 556
275 557
275 558
275 559
275 560
275 561
275 562
275 563
275 564
275 565
275 566
275 567
275 568
275 596
275 604
275 611
275 616
275 617
275 635
275 706
275 707
275 708
275 709
275 710
275 711
275 712
275 713
275 714
275 715
275 716
275 717
275 718
275 719
275 720
275 721
275 722
275 809
275 810
275 811
275 812
275 813
275 814
275 815
275 816
275 856
275 862
275 865
275 866
275 892
275 903
275 907
276 277
276 278
276 279
276 293
276 324
276 326
276 327
276 393
276 395
276 434
276 435
276 436
276 439
276 440
276 448
276 458
276 547
276 553
276 554
276 555
276 556
276 557
276 558
276 559
276 560
276 561
276 562
276 563
276 564
276 565
276 566
276 567
276 568
276 594
276 611
276 616
276 617
276 655
276 700
276 707
276 709
276 710
276 712
276 713
276 714
276 715
276 716
276 717
276 718
276 719
276 720
276 760
276 792
276 807
276 808
276 811
276 812
276 813
276 814
276 815
276 825
276 902
276 904
276 908
276 909
277 278
277 279
277 326
277 330
277 370
277 418
277 430
277 431
277 433
277 435
277 436
277 437
277 441
277 550
277 551
277 553
277 554
277 555
277 556
277 557
277 558
277 559
277 560
277 561
277 562
277 563
277 564
277 565
277 566
277 567
277 568
277 593
277 597
277 612
277 644
277 708
277 709
277 711
277 712
277 714
277 715
277 716
277 717
277 718
277 719
277 720
277 721
277 722
277 752
277 809
277 810
277 811
277 812
277 813
277 814
277 815
277 817
277 839
277 891
277 897
277 904
277 906
277 908
277 914
277 926
278 279
278 394
278 434
278 437
278 438
278 553
278 556
278 558
278 559
278 560
278 562
278 563
278 564
278 565
278 566
278 618
278 635
278 712
278 713
278 714
278 715
278 716
278 717
278 718
278 739
278 755
278 784
278 797
278 811
278 886
278 908
278 909
279 419
279 438
279 552
280 626
280 661
280 890
280 930
281 346
282 722
292 562
296 909
311 525
321 566
322 324
322 434
322 436
322 437
322 550
322 553
322 706
322 714
322 716
322 904
323 435
323 551
323 552
323 554
323 555
323 559
323 560
323 709
323 710
323 713
323 714
323 715
323 716
323 812
324 431
324 432
324 434
324 436
324 551
324 553
324 555
324 556
324 562
324 565
324 708
324 713
324 714
324 716
324 807
324 809
324 811
325 436
325 558
325 562
325 564
325 566
325 707
325 710
325 717
325 811
325 905
326 436
326 556
326 564
326 566
326 714
327 564
327 568
327 718
328 378
328 721
331 753
345 564
388 561
389 678
396 457
406 707
408 557
417 548
419 761
420 701
429 562
430 434
430 559
430 562
430 563
430 564
430 565
430 707
430 713
430 812
431 433
431 555
431 557
431 558
431 561
431 562
431 706
431 715
431 716
431 806
431 812
432 434
432 435
432 436
432 549
432 551
432 553
432 554
432 559
432 561
432 562
432 563
432 707
432 708
432 710
432 712
432 714
432 716
432 808
432 809
433 436
433 437
433 552
433 555
433 558
433 562
433 563
433 706
433 707
433 709
433 710
433 711
433 712
433 713
433 715
433 717
433 809
434 435
434 551
434 552
434 554
434 555
434 557
434 559
434 560
434 561
434 562
434 563
434 564
434 565
434 566
434 567
434 708
434 710
434 711
434 712
434 713
434 715
434 716
434 807
434 808
434 809
434 812
434 907
435 436
435 551
435 552
435 553
435 554
435 555
435 556
435 557
435 558
435 559
435 560
435 561
435 563
435 564
435 565
435 566
435 705
435 707
435 708
435 709
435 710
435 711
435 712
435 713
435 714
435 715
435 716
435 718
435 720
435 807
435 808
435 810
435 811
435 812
435 905
436 437
436 552
436 553
436 555
436 556
436 558
436 559
436 560
436 561
436 562
436 563
436 566
436 708
436 709
436 710
436 712
436 716
436 717
436 718
436 808
436 809
436 810
436 812
437 552
437 555
437 556
437 561
437 562
437 563
437 565
437 566
437 615
437 709
437 711
437 809
437 811
437 905
438 551
438 552
438 556
438 558
438 561
438 567
439 563
439 710
440 564
440 565
441 522
442 458
442 593
466 717
467 570
485 645
490 716
497 966
520 560
520 910
523 559
524 751
524 785
547 563
548 554
548 564
549 557
549 715
549 813
550 552
550 553
550 555
550 556
550 558
550 561
550 564
550 709
550 711
550 717
550 807
550 808
550 904
551 553
551 554
551 555
551 556
551 560
551 562
551 566
551 707
551 708
551 711
551 713
551 714
551 716
551 809
551 810
552 553
552 554
552 556
552 557
552 558
552 561
552 563
552 564
552 565
552 567
552 568
552 707
552 710
552 712
552 713
552 715
552 716
552 717
552 718
552 806
552 808
552 811
552 812
552 904
553 555
553 557
553 558
553 562
553 563
553 564
553 706
553 711
553 712
553 713
553 714
553 715
553 716
553 718
553 811
553 905
554 555
554 556
554 557
554 558
554 559
554 561
554 563
554 564
554 566
554 706
554 709
554 710
554 713
554 714
554 715
554 716
554 717
554 719
554 807
554 808
554 809
554 810
554 811
555 557
555 558
555 560
555 561
555 562
555 563
555 564
555 565
555 567
555 707
555 708
555 709
555 711
555 712
555 713
555 714
555 715
555 716
555 717
555 718
555 806
555 808
555 810
555 811
556 557
556 558
556 559
556 560
556 561
556 563
556 564
556 565
556 566
556 707
556 708
556 709
556 710
556 711
556 712
556 713
556 714
556 715
556 716
556 717
556 718
556 783
556 806
556 808
556 810
556 811
556 906
557 558
557 559
557 560
557 561
557 562
557 563
557 564
557 565
557 566
557 710
557 711
557 712
557 713
557 714
557 715
557 716
557 717
557 718
557 719
557 808
557 809
557 811
557 812
557 813
557 905
558 559
558 560
558 561
558 563
558 564
558 565
558 566
558 567
558 609
558 705
558 709
558 710
558 711
558 712
558 713
558 714
558 715
558 716
558 717
558 807
558 809
558 810
558 811
558 812
558 903
559 560
559 561
559 562
559 563
559 564
559 565
559 566
559 567
559 612
559 706
559 709
559 710
559 711
559 712
559 713
559 714
559 715
559 716
559 717
559 719
559 754
559 807
559 808
559 811
559 813
559 908
559 955
560 561
560 562
560 563
560 564
560 565
560 566
560 567
560 598
560 707
560 708
560 711
560 712
560 713
560 714
560 715
560 716
560 717
560 718
560 719
560 806
560 808
560 809
560 810
560 811
560 813
560 904
560 905
560 906
560 922
561 562
561 563
561 564
561 565
561 566
561 567
561 610
561 709
561 710
561 711
561 712
561 713
561 714
561 715
561 716
561 717
561 718
561 808
561 809
561 810
561 811
561 869
561 904
561 905
561 906
562 563
562 564
562 565
562 566
562 567
562 707
562 708
562 709
562 711
562 712
562 713
562 714
562 715
562 716
562 717
562 718
562 808
562 810
562 811
562 906
563 564
563 565
563 566
563 567
563 568
563 706
563 711
563 712
563 713
563 714
563 715
563 716
563 717
563 718
563 737
563 808
563 809
563 812
563 959
564 565
564 566
564 567
564 616
564 706
564 709
564 710
564 711
564 712
564 713
564 714
564 715
564 716
564 717
564 718
564 806
564 808
564 810
564 811
564 812
565 566
565 567
565 568
565 611
565 615
565 709
565 710
565 711
565 712
565 713
565 714
565 715
565 716
565 718
565 737
565 783
565 808
565 809
565 811
565 812
565 813
566 610
566 611
566 707
566 709
566 710
566 711
566 713
566 714
566 715
566 716
566 717
566 718
566 808
566 809
566 810
566 811
566 812
567 708
567 709
567 710
567 711
567 712
567 713
567 714
567 715
567 717
567 719
567 807
567 811
567 905
568 812
568 955
569 688
569 702
569 816
570 682
570 905
592 715
594 636
596 812
599 743
606 720
610 718
613 619
615 714
616 710
616 717
636 934
682 887
683 925
696 994
703 816
705 706
705 714
706 709
706 807
706 811
706 904
707 712
707 715
707 716
707 717
707 807
707 808
707 811
708 710
708 711
708 712
708 713
708 806
708 809
708 810
708 811
709 710
709 711
709 713
709 714
709 715
709 716
709 717
709 718
709 807
709 809
709 810
709 811
709 812
710 711
710 712
710 713
710 714
710 715
710 716
710 717
710 808
710 809
710 810
710 811
710 812
711 713
711 714
711 715
711 807
711 809
711 811
711 813
711 814
711 882
711 903
712 713
712 714
712 715
712 716
712 717
712 718
712 719
712 810
712 811
712 812
712 905
713 714
713 715
713 716
713 717
713 718
713 806
713 809
713 810
713 811
713 813
713 906
714 715
714 716
714 717
714 808
714 810
714 811
715 716
715 717
715 720
715 809
715 810
715 811
715 812
715 945
716 717
716 719
716 809
716 811
716 813
716 814
717 808
717 809
717 810
717 811
717 812
717 906
718 806
718 807
718 808
718 812
719 812
719 813
741 858
744 961
753 816
762 982
770 922
806 807
807 808
807 810
807 811
807 813
807 903
808 812
809 811
810 811
810 813
811 812
