4 481
9 482
10 403
11 64
17 614
18 482
18 577
27 566
32 480
32 857
33 741
34 478
34 613
35 419
36 475
37 480
38 617
39 296
41 211
42 60
42 469
42 574
43 464
43 474
43 475
43 480
43 613
44 473
44 477
44 480
44 694
45 482
45 509
46 48
46 64
46 164
46 344
46 347
46 353
46 398
46 452
46 463
46 552
46 597
46 611
46 823
46 826
46 850
47 49
47 50
47 69
47 71
47 161
47 202
47 205
47 206
47 292
47 342
47 344
47 347
47 348
47 400
47 404
47 405
47 412
47 450
47 466
47 468
47 471
47 475
47 482
47 550
47 551
47 557
47 559
47 566
47 607
47 612
47 615
47 828
48 54
48 59
48 64
48 70
48 71
48 72
48 74
48 75
48 157
48 158
48 164
48 166
48 209
48 343
48 345
48 346
48 348
48 350
48 352
48 400
48 402
48 403
48 406
48 455
48 461
48 464
48 465
48 467
48 468
48 470
48 472
48 473
48 474
48 479
48 481
48 551
48 554
48 558
48 559
48 563
48 565
48 567
48 568
48 573
48 597
48 601
48 603
48 604
48 607
48 611
48 831
48 851
48 853
49 53
49 54
49 55
49 56
49 62
49 65
49 67
49 160
49 161
49 165
49 166
49 167
49 205
49 207
49 208
49 209
49 293
49 344
49 346
49 347
49 349
49 350
49 402
49 404
49 406
49 407
49 409
49 410
49 413
49 416
49 417
49 418
49 419
49 449
49 451
49 453
49 454
49 455
49 458
49 463
49 464
49 465
49 469
49 477
49 478
49 482
49 483
49 555
49 568
49 572
49 597
49 598
49 599
49 601
49 604
49 605
49 606
49 612
49 613
49 615
49 617
49 618
49 822
49 823
49 824
49 825
49 826
49 852
50 51
50 57
50 60
50 63
50 68
50 69
50 73
50 74
50 77
50 158
50 163
50 166
50 167
50 205
50 206
50 292
50 343
50 344
50 346
50 348
50 349
50 350
50 351
50 352
50 402
50 404
50 406
50 407
50 411
50 414
50 417
50 418
50 419
50 452
50 454
50 462
50 468
50 469
50 470
50 475
50 476
50 479
50 549
50 552
50 554
50 555
50 556
50 558
50 561
50 563
50 565
50 569
50 572
50 573
50 574
50 597
50 600
50 601
50 603
50 605
50 607
50 608
50 610
50 611
50 612
50 613
50 615
50 617
50 821
50 822
50 825
50 853
51 54
51 64
51 66
51 67
51 68
51 70
51 71
51 72
51 74
51 75
51 76
51 156
51 157
51 158
51 159
51 161
51 162
51 163
51 169
51 205
51 208
51 292
51 347
51 348
51 351
51 402
51 403
51 406
51 407
51 409
51 411
51 412
51 414
51 415
51 416
51 418
51 419
51 453
51 455
51 456
51 458
51 459
51 460
51 461
51 466
51 467
51 468
51 469
51 470
51 471
51 475
51 476
51 478
51 480
51 481
51 482
51 554
51 557
51 558
51 561
51 563
51 564
51 565
51 567
51 572
51 573
51 574
51 598
51 599
51 600
51 601
51 602
51 603
51 604
51 607
51 608
51 610
51 611
51 821
51 823
51 824
51 851
51 852
51 853
52 54
52 55
52 57
52 58
52 59
52 60
52 61
52 63
52 64
52 65
52 66
52 67
52 68
52 70
52 71
52 72
52 73
52 74
52 75
52 76
52 77
52 160
52 161
52 163
52 166
52 168
52 207
52 208
52 292
52 294
52 344
52 347
52 350
52 351
52 353
52 400
52 404
52 405
52 406
52 407
52 408
52 409
52 411
52 412
52 413
52 414
52 416
52 418
52 419
52 452
52 456
52 457
52 458
52 461
52 462
52 463
52 465
52 466
52 467
52 468
52 469
52 473
52 474
52 481
52 482
52 496
52 550
52 552
52 553
52 554
52 555
52 558
52 559
52 561
52 562
52 563
52 564
52 565
52 566
52 567
52 569
52 570
52 571
52 573
52 574
52 599
52 601
52 602
52 603
52 604
52 608
52 609
52 610
52 611
52 613
52 614
52 615
52 618
52 619
52 823
52 824
52 828
52 851
53 54
53 57
53 58
53 59
53 60
53 61
53 63
53 64
53 67
53 68
53 69
53 70
53 71
53 72
53 73
53 74
53 75
53 76
53 159
53 161
53 162
53 163
53 165
53 166
53 168
53 205
53 209
53 292
53 293
53 294
53 345
53 347
53 350
53 351
53 401
53 403
53 405
53 407
53 408
53 409
53 413
53 414
53 416
53 417
53 419
53 450
53 451
53 453
53 455
53 456
53 458
53 459
53 461
53 462
53 465
53 466
53 468
53 469
53 472
53 473
53 474
53 475
53 476
53 477
53 478
53 479
53 480
53 481
53 549
53 550
53 551
53 552
53 553
53 554
53 560
53 564
53 565
53 566
53 568
53 569
53 571
53 573
53 599
53 600
53 601
53 602
53 604
53 606
53 607
53 609
53 610
53 611
53 615
53 617
53 823
53 825
53 826
53 827
53 830
53 850
53 851
54 55
54 56
54 58
54 59
54 60
54 64
54 65
54 66
54 67
54 70
54 71
54 72
54 73
54 74
54 75
54 156
54 161
54 163
54 164
54 166
54 167
54 202
54 205
54 207
54 208
54 210
54 211
54 293
54 347
54 348
54 349
54 350
54 351
54 405
54 406
54 407
54 409
54 411
54 412
54 414
54 415
54 416
54 417
54 418
54 419
54 453
54 456
54 457
54 458
54 459
54 460
54 462
54 463
54 464
54 466
54 467
54 468
54 469
54 470
54 471
54 472
54 473
54 474
54 475
54 476
54 477
54 478
54 479
54 480
54 481
54 482
54 552
54 556
54 557
54 558
54 559
54 560
54 562
54 563
54 564
54 565
54 566
54 567
54 568
54 569
54 570
54 572
54 573
54 574
54 597
54 598
54 599
54 600
54 602
54 603
54 606
54 607
54 608
54 609
54 610
54 611
54 612
54 613
54 614
54 615
54 616
54 617
54 618
54 821
54 825
54 827
54 829
54 854
55 56
55 58
55 59
55 60
55 61
55 62
55 63
55 65
55 67
55 68
55 71
55 72
55 73
55 74
55 75
55 77
55 162
55 163
55 165
55 166
55 167
55 168
55 169
55 204
55 291
55 292
55 344
55 345
55 348
55 349
55 351
55 352
55 398
55 402
55 405
55 406
55 407
55 411
55 412
55 413
55 414
55 415
55 416
55 417
55 418
55 419
55 451
55 452
55 453
55 456
55 460
55 461
55 463
55 464
55 465
55 466
55 467
55 468
55 469
55 470
55 471
55 472
55 474
55 475
55 476
55 477
55 478
55 479
55 480
55 481
55 551
55 552
55 553
55 555
55 556
55 557
55 559
55 560
55 562
55 563
55 564
55 565
55 566
55 567
55 568
55 569
55 570
55 571
55 572
55 574
55 602
55 603
55 604
55 605
55 606
55 607
55 608
55 609
55 611
55 612
55 614
55 615
55 616
55 617
55 618
55 822
55 823
55 824
55 827
55 852
55 853
56 57
56 58
56 67
56 70
56 71
56 72
56 73
56 74
56 77
56 157
56 159
56 160
56 161
56 162
56 163
56 164
56 166
56 167
56 168
56 205
56 209
56 214
56 344
56 348
56 349
56 350
56 400
56 403
56 404
56 405
56 407
56 408
56 409
56 410
56 411
56 412
56 413
56 414
56 415
56 416
56 417
56 418
56 419
56 420
56 451
56 455
56 457
56 459
56 463
56 464
56 465
56 466
56 467
56 468
56 469
56 470
56 471
56 472
56 473
56 474
56 475
56 476
56 477
56 478
56 479
56 550
56 551
56 553
56 554
56 555
56 556
56 557
56 558
56 559
56 561
56 562
56 563
56 564
56 565
56 567
56 568
56 569
56 570
56 571
56 572
56 574
56 575
56 600
56 601
56 603
56 604
56 605
56 606
56 607
56 608
56 609
56 610
56 611
56 614
56 615
56 616
56 617
56 760
56 826
56 827
56 830
56 853
56 855
57 59
57 60
57 61
57 62
57 63
57 64
57 65
57 66
57 67
57 68
57 70
57 71
57 72
57 73
57 74
57 75
57 77
57 158
57 162
57 164
57 165
57 166
57 167
57 168
57 202
57 207
57 209
57 292
57 293
57 344
57 345
57 347
57 348
57 349
57 350
57 351
57 402
57 404
57 405
57 406
57 408
57 409
57 410
57 411
57 412
57 413
57 414
57 415
57 416
57 417
57 419
57 420
57 450
57 456
57 457
57 458
57 459
57 460
57 461
57 462
57 463
57 464
57 465
57 466
57 468
57 469
57 470
57 471
57 473
57 474
57 475
57 476
57 477
57 479
57 480
57 481
57 550
57 553
57 554
57 555
57 556
57 557
57 558
57 559
57 560
57 561
57 563
57 564
57 565
57 566
57 567
57 569
57 570
57 573
57 574
57 599
57 601
57 602
57 603
57 604
57 605
57 606
57 607
57 608
57 609
57 610
57 611
57 613
57 614
57 616
57 617
57 618
57 619
57 670
57 822
57 825
57 826
57 827
57 828
57 831
57 850
57 851
57 887
58 59
58 60
58 61
58 67
58 68
58 69
58 70
58 71
58 72
58 73
58 74
58 75
58 77
58 157
58 159
58 160
58 161
58 162
58 164
58 165
58 166
58 169
58 206
58 207
58 208
58 209
58 292
58 346
58 348
58 350
58 351
58 352
58 403
58 404
58 406
58 408
58 409
58 410
58 411
58 412
58 413
58 414
58 415
58 417
58 418
58 419
58 452
58 453
58 454
58 455
58 456
58 457
58 458
58 459
58 460
58 461
58 462
58 463
58 464
58 465
58 466
58 467
58 468
58 469
58 470
58 471
58 472
58 473
58 474
58 475
58 476
58 477
58 478
58 479
58 480
58 481
58 495
58 507
58 553
58 554
58 555
58 556
58 558
58 559
58 560
58 561
58 562
58 564
58 565
58 566
58 567
58 568
58 569
58 570
58 571
58 572
58 573
58 574
58 598
58 599
58 600
58 602
58 603
58 604
58 605
58 607
58 608
58 609
58 610
58 611
58 612
58 613
58 614
58 615
58 616
58 617
58 618
58 822
58 826
58 827
58 831
58 852
58 854
58 860
59 60
59 61
59 63
59 64
59 65
59 66
59 67
59 68
59 71
59 72
59 73
59 74
59 75
59 76
59 157
59 160
59 161
59 162
59 164
59 165
59 166
59 168
59 169
59 207
59 209
59 293
59 346
59 347
59 348
59 350
59 351
59 354
59 400
59 402
59 404
59 407
59 408
59 409
59 410
59 411
59 412
59 413
59 414
59 415
59 416
59 417
59 418
59 451
59 452
59 453
59 454
59 455
59 456
59 458
59 459
59 461
59 462
59 463
59 464
59 465
59 466
59 468
59 470
59 471
59 472
59 473
59 474
59 475
59 476
59 477
59 478
59 479
59 480
59 481
59 482
59 548
59 552
59 554
59 556
59 557
59 558
59 559
59 560
59 561
59 562
59 564
59 565
59 566
59 567
59 568
59 569
59 570
59 571
59 572
59 574
59 596
59 597
59 599
59 601
59 603
59 604
59 605
59 606
59 607
59 608
59 609
59 610
59 611
59 613
59 614
59 615
59 616
59 617
59 618
59 693
59 822
59 823
59 825
59 826
59 827
60 62
60 63
60 65
60 66
60 67
60 70
60 71
60 73
60 74
60 75
60 76
60 157
60 158
60 163
60 164
60 165
60 166
60 167
60 208
60 209
60 293
60 296
60 344
60 348
60 349
60 352
60 402
60 403
60 405
60 406
60 408
60 409
60 410
60 411
60 413
60 414
60 415
60 416
60 417
60 418
60 419
60 454
60 455
60 456
60 458
60 459
60 460
60 461
60 462
60 463
60 464
60 465
60 466
60 468
60 469
60 470
60 471
60 472
60 473
60 474
60 475
60 476
60 477
60 478
60 479
60 480
60 481
60 482
60 551
60 554
60 555
60 557
60 558
60 562
60 563
60 564
60 565
60 567
60 569
60 570
60 571
60 572
60 573
60 596
60 597
60 598
60 599
60 600
60 603
60 604
60 605
60 606
60 607
60 609
60 610
60 611
60 613
60 614
60 615
60 616
60 617
60 618
60 647
60 817
60 823
60 826
60 827
60 855
61 62
61 63
61 65
61 68
61 69
61 157
61 159
61 164
61 167
61 168
61 209
61 292
61 344
61 347
61 349
61 350
61 352
61 402
61 404
61 409
61 412
61 414
61 415
61 417
61 418
61 460
61 463
61 464
61 468
61 469
61 472
61 473
61 474
61 475
61 476
61 478
61 480
61 481
61 482
61 551
61 552
61 553
61 556
61 560
61 562
61 563
61 565
61 569
61 571
61 572
61 573
61 598
61 599
61 602
61 607
61 608
61 611
61 614
61 615
61 826
61 854
61 856
62 76
62 156
62 165
62 167
62 205
62 209
62 292
62 329
62 349
62 351
62 401
62 402
62 403
62 404
62 407
62 408
62 409
62 411
62 412
62 413
62 415
62 416
62 418
62 419
62 453
62 455
62 464
62 466
62 467
62 469
62 472
62 473
62 474
62 475
62 476
62 477
62 478
62 479
62 480
62 481
62 554
62 557
62 559
62 561
62 564
62 570
62 571
62 572
62 573
62 598
62 610
62 612
62 613
62 821
62 824
62 826
62 828
63 65
63 69
63 70
63 73
63 158
63 163
63 203
63 208
63 293
63 348
63 352
63 375
63 399
63 402
63 403
63 404
63 406
63 407
63 411
63 418
63 419
63 451
63 452
63 453
63 455
63 456
63 457
63 460
63 462
63 465
63 466
63 470
63 474
63 475
63 478
63 479
63 480
63 481
63 553
63 554
63 556
63 566
63 567
63 597
63 599
63 603
63 607
63 608
63 610
63 611
63 613
63 618
63 800
63 823
63 824
63 826
63 851
63 853
64 68
64 70
64 72
64 75
64 157
64 162
64 163
64 164
64 202
64 207
64 208
64 210
64 212
64 343
64 350
64 352
64 353
64 402
64 403
64 410
64 413
64 415
64 418
64 444
64 450
64 452
64 453
64 457
64 459
64 462
64 466
64 467
64 468
64 469
64 470
64 474
64 476
64 479
64 481
64 495
64 551
64 553
64 554
64 558
64 559
64 560
64 562
64 563
64 565
64 571
64 572
64 574
64 575
64 600
64 602
64 603
64 604
64 605
64 607
64 612
64 614
64 615
64 617
64 618
64 823
64 825
64 827
64 852
64 853
65 66
65 69
65 70
65 73
65 74
65 76
65 158
65 159
65 161
65 162
65 167
65 202
65 205
65 206
65 208
65 210
65 293
65 295
65 345
65 346
65 348
65 349
65 354
65 398
65 401
65 402
65 406
65 408
65 409
65 410
65 413
65 414
65 415
65 416
65 417
65 418
65 419
65 451
65 453
65 455
65 456
65 457
65 459
65 460
65 461
65 463
65 464
65 465
65 467
65 469
65 473
65 475
65 478
65 479
65 480
65 481
65 552
65 553
65 554
65 555
65 556
65 557
65 560
65 562
65 563
65 564
65 565
65 569
65 571
65 573
65 599
65 600
65 601
65 605
65 607
65 608
65 610
65 612
65 613
65 615
65 618
65 822
65 823
65 825
65 827
66 67
66 70
66 71
66 73
66 75
66 80
66 157
66 158
66 160
66 164
66 165
66 166
66 167
66 168
66 170
66 206
66 208
66 209
66 293
66 346
66 347
66 350
66 351
66 355
66 406
66 407
66 408
66 410
66 411
66 412
66 413
66 414
66 416
66 417
66 418
66 419
66 454
66 455
66 457
66 458
66 460
66 462
66 463
66 464
66 465
66 466
66 467
66 469
66 470
66 472
66 473
66 474
66 475
66 477
66 481
66 497
66 552
66 554
66 557
66 559
66 560
66 561
66 563
66 564
66 565
66 566
66 567
66 569
66 570
66 571
66 572
66 599
66 600
66 602
66 604
66 605
66 606
66 607
66 612
66 613
66 616
66 617
66 618
66 825
66 827
66 829
67 68
67 69
67 70
67 71
67 72
67 73
67 74
67 75
67 76
67 78
67 160
67 162
67 163
67 164
67 165
67 166
67 168
67 205
67 206
67 207
67 208
67 293
67 294
67 345
67 348
67 350
67 402
67 404
67 406
67 408
67 409
67 410
67 412
67 413
67 414
67 415
67 416
67 417
67 419
67 454
67 457
67 458
67 459
67 460
67 463
67 464
67 467
67 469
67 470
67 471
67 472
67 473
67 474
67 475
67 476
67 477
67 478
67 479
67 480
67 481
67 555
67 556
67 557
67 558
67 559
67 561
67 562
67 563
67 564
67 566
67 567
67 568
67 569
67 570
67 571
67 572
67 573
67 595
67 598
67 599
67 601
67 603
67 604
67 605
67 606
67 607
67 608
67 609
67 610
67 611
67 612
67 613
67 614
67 616
67 617
67 618
67 822
67 824
67 826
67 829
67 853
68 69
68 70
68 71
68 72
68 158
68 161
68 162
68 163
68 164
68 165
68 166
68 168
68 204
68 205
68 293
68 294
68 344
68 346
68 347
68 349
68 350
68 351
68 352
68 399
68 402
68 405
68 406
68 407
68 408
68 409
68 410
68 414
68 415
68 416
68 417
68 418
68 419
68 451
68 453
68 455
68 457
68 458
68 459
68 461
68 462
68 465
68 466
68 468
68 469
68 470
68 471
68 472
68 473
68 474
68 476
68 477
68 478
68 479
68 480
68 482
68 550
68 554
68 556
68 557
68 558
68 559
68 561
68 562
68 563
68 564
68 565
68 566
68 567
68 569
68 571
68 572
68 573
68 574
68 575
68 598
68 600
68 601
68 602
68 603
68 605
68 606
68 607
68 608
68 609
68 610
68 611
68 613
68 614
68 615
68 616
68 617
68 618
68 822
68 823
68 824
68 825
68 827
68 854
69 71
69 72
69 74
69 76
69 77
69 160
69 161
69 162
69 163
69 164
69 165
69 167
69 168
69 202
69 208
69 209
69 213
69 348
69 349
69 350
69 351
69 400
69 403
69 404
69 406
69 407
69 408
69 409
69 410
69 411
69 414
69 415
69 417
69 419
69 451
69 452
69 454
69 455
69 457
69 458
69 459
69 460
69 461
69 462
69 463
69 465
69 469
69 470
69 471
69 472
69 473
69 475
69 476
69 477
69 478
69 479
69 481
69 482
69 553
69 554
69 555
69 557
69 559
69 560
69 561
69 563
69 564
69 565
69 566
69 570
69 571
69 572
69 573
69 600
69 601
69 603
69 604
69 605
69 606
69 608
69 609
69 610
69 611
69 612
69 613
69 614
69 615
69 616
69 618
69 822
69 823
69 825
69 851
69 875
70 71
70 72
70 73
70 74
70 75
70 77
70 158
70 160
70 161
70 164
70 165
70 166
70 167
70 168
70 169
70 204
70 206
70 208
70 209
70 210
70 346
70 347
70 349
70 350
70 351
70 403
70 404
70 405
70 406
70 407
70 408
70 409
70 411
70 412
70 414
70 416
70 417
70 418
70 419
70 453
70 456
70 457
70 458
70 459
70 460
70 461
70 462
70 463
70 464
70 465
70 466
70 467
70 468
70 469
70 470
70 472
70 473
70 474
70 475
70 476
70 477
70 478
70 479
70 480
70 507
70 551
70 553
70 554
70 555
70 556
70 557
70 558
70 559
70 561
70 562
70 563
70 564
70 565
70 566
70 567
70 568
70 569
70 570
70 571
70 572
70 573
70 595
70 601
70 603
70 604
70 605
70 606
70 607
70 608
70 609
70 610
70 612
70 613
70 614
70 615
70 616
70 617
70 618
70 619
70 732
70 824
70 825
70 826
70 853
70 854
71 73
71 75
71 76
71 160
71 161
71 162
71 163
71 166
71 167
71 168
71 203
71 204
71 206
71 207
71 209
71 210
71 292
71 294
71 346
71 347
71 348
71 349
71 350
71 351
71 402
71 403
71 404
71 405
71 406
71 408
71 409
71 410
71 411
71 412
71 413
71 414
71 415
71 416
71 417
71 418
71 419
71 450
71 451
71 452
71 454
71 456
71 458
71 459
71 460
71 461
71 462
71 463
71 464
71 465
71 467
71 468
71 469
71 470
71 471
71 472
71 473
71 474
71 475
71 476
71 477
71 478
71 479
71 480
71 481
71 482
71 552
71 555
71 556
71 558
71 559
71 560
71 561
71 562
71 563
71 564
71 565
71 566
71 567
71 568
71 569
71 570
71 571
71 572
71 573
71 574
71 597
71 598
71 601
71 602
71 603
71 604
71 605
71 606
71 607
71 609
71 610
71 612
71 613
71 614
71 615
71 616
71 617
71 666
71 824
71 825
71 826
71 830
71 851
71 852
71 853
72 73
72 74
72 75
72 76
72 156
72 157
72 160
72 165
72 166
72 167
72 168
72 170
72 203
72 206
72 207
72 208
72 210
72 294
72 344
72 349
72 350
72 351
72 402
72 403
72 405
72 406
72 408
72 409
72 410
72 411
72 412
72 413
72 414
72 415
72 416
72 417
72 418
72 419
72 451
72 452
72 453
72 454
72 455
72 456
72 457
72 458
72 459
72 460
72 461
72 462
72 463
72 464
72 465
72 466
72 467
72 468
72 469
72 470
72 471
72 472
72 473
72 474
72 475
72 476
72 477
72 478
72 480
72 481
72 482
72 518
72 551
72 556
72 557
72 558
72 559
72 560
72 561
72 562
72 563
72 564
72 565
72 566
72 567
72 568
72 569
72 570
72 571
72 572
72 573
72 574
72 595
72 601
72 602
72 603
72 604
72 606
72 607
72 608
72 609
72 610
72 611
72 612
72 613
72 615
72 616
72 617
72 618
72 822
72 823
72 825
72 829
72 853
72 854
72 855
73 74
73 75
73 76
73 162
73 163
73 164
73 165
73 166
73 167
73 168
73 169
73 202
73 203
73 204
73 207
73 208
73 209
73 293
73 346
73 347
73 348
73 350
73 351
73 352
73 405
73 406
73 407
73 408
73 409
73 410
73 411
73 412
73 413
73 414
73 415
73 416
73 417
73 418
73 419
73 453
73 455
73 456
73 457
73 459
73 460
73 461
73 462
73 463
73 464
73 465
73 466
73 467
73 469
73 470
73 471
73 472
73 473
73 474
73 475
73 476
73 477
73 478
73 480
73 481
73 482
73 495
73 552
73 554
73 557
73 558
73 559
73 560
73 561
73 562
73 563
73 564
73 565
73 566
73 567
73 568
73 569
73 570
73 571
73 572
73 573
73 574
73 601
73 602
73 605
73 606
73 607
73 608
73 609
73 611
73 612
73 613
73 614
73 615
73 616
73 617
73 618
73 821
73 822
73 823
73 826
73 851
73 853
73 854
74 75
74 76
74 162
74 164
74 165
74 166
74 167
74 168
74 169
74 202
74 206
74 207
74 210
74 292
74 344
74 347
74 348
74 349
74 350
74 351
74 400
74 403
74 405
74 406
74 407
74 408
74 409
74 410
74 411
74 412
74 413
74 414
74 415
74 416
74 417
74 418
74 419
74 450
74 452
74 456
74 457
74 458
74 459
74 461
74 462
74 463
74 464
74 465
74 466
74 467
74 468
74 469
74 471
74 472
74 473
74 474
74 475
74 476
74 477
74 478
74 479
74 480
74 481
74 482
74 496
74 549
74 556
74 557
74 558
74 559
74 560
74 561
74 562
74 563
74 564
74 565
74 566
74 567
74 568
74 569
74 570
74 571
74 572
74 573
74 574
74 597
74 598
74 599
74 600
74 601
74 603
74 604
74 605
74 606
74 607
74 608
74 609
74 610
74 611
74 612
74 613
74 614
74 615
74 616
74 617
74 618
74 824
74 825
74 827
74 851
74 852
74 853
74 876
75 76
75 77
75 158
75 159
75 160
75 162
75 163
75 164
75 165
75 166
75 167
75 168
75 169
75 201
75 204
75 209
75 210
75 346
75 347
75 348
75 350
75 351
75 400
75 403
75 404
75 405
75 406
75 407
75 408
75 409
75 410
75 411
75 412
75 413
75 414
75 415
75 416
75 417
75 418
75 419
75 452
75 453
75 454
75 455
75 456
75 457
75 459
75 460
75 461
75 462
75 463
75 464
75 465
75 466
75 467
75 468
75 469
75 470
75 471
75 472
75 473
75 474
75 475
75 476
75 477
75 478
75 479
75 480
75 481
75 482
75 552
75 553
75 554
75 555
75 556
75 557
75 559
75 561
75 562
75 564
75 565
75 566
75 567
75 568
75 569
75 570
75 571
75 572
75 573
75 574
75 575
75 598
75 599
75 601
75 602
75 603
75 604
75 605
75 606
75 607
75 609
75 610
75 611
75 612
75 613
75 614
75 615
75 616
75 617
75 618
75 796
75 820
75 822
75 823
75 825
76 77
76 158
76 159
76 160
76 161
76 163
76 165
76 166
76 167
76 168
76 170
76 204
76 207
76 209
76 292
76 294
76 343
76 349
76 350
76 351
76 352
76 399
76 403
76 405
76 406
76 407
76 408
76 409
76 410
76 411
76 412
76 413
76 414
76 415
76 416
76 417
76 418
76 419
76 450
76 451
76 453
76 455
76 456
76 458
76 459
76 460
76 461
76 462
76 463
76 464
76 465
76 466
76 467
76 468
76 469
76 470
76 471
76 472
76 473
76 474
76 475
76 476
76 477
76 478
76 479
76 480
76 481
76 482
76 496
76 508
76 550
76 552
76 555
76 556
76 557
76 558
76 559
76 560
76 561
76 562
76 563
76 564
76 565
76 566
76 567
76 568
76 569
76 570
76 571
76 572
76 573
76 574
76 589
76 598
76 599
76 602
76 603
76 604
76 605
76 607
76 608
76 609
76 610
76 611
76 612
76 613
76 614
76 615
76 616
76 617
76 618
76 620
76 822
76 825
76 826
76 854
77 161
77 163
77 166
77 167
77 205
77 206
77 269
77 295
77 344
77 346
77 349
77 350
77 351
77 352
77 400
77 402
77 403
77 405
77 406
77 407
77 409
77 411
77 412
77 413
77 414
77 415
77 416
77 418
77 453
77 458
77 461
77 462
77 463
77 464
77 468
77 469
77 471
77 472
77 473
77 474
77 475
77 476
77 477
77 478
77 479
77 480
77 481
77 550
77 555
77 558
77 560
77 561
77 562
77 563
77 565
77 566
77 567
77 568
77 569
77 570
77 571
77 572
77 573
77 574
77 596
77 598
77 599
77 601
77 604
77 606
77 607
77 610
77 611
77 612
77 613
77 614
77 615
77 616
77 618
77 825
77 850
77 853
78 407
78 414
78 415
78 416
78 418
78 464
78 466
78 475
78 476
78 477
78 478
78 479
78 480
78 481
78 482
78 570
78 574
78 606
78 610
78 613
78 615
78 826
79 419
79 420
79 421
79 422
79 478
79 481
79 483
79 555
79 855
80 357
80 475
80 797
81 775
81 862
94 177
96 576
98 480
107 472
107 480
107 605
107 613
108 474
108 615
108 651
109 477
109 479
110 477
112 479
113 479
120 456
121 480
140 475
142 480
146 577
149 419
149 472
150 478
155 482
155 574
155 601
156 168
156 408
156 416
156 418
156 454
156 456
156 461
156 557
156 558
156 572
156 595
156 601
156 603
156 607
156 613
156 826
156 853
157 160
157 162
157 163
157 164
157 166
157 168
157 204
157 294
157 343
157 344
157 349
157 400
157 402
157 407
157 410
157 413
157 452
157 455
157 457
157 458
157 465
157 466
157 469
157 478
157 481
157 550
157 554
157 556
157 558
157 560
157 561
157 564
157 597
157 600
157 609
157 822
157 828
157 853
158 159
158 163
158 168
158 205
158 206
158 209
158 291
158 343
158 350
158 351
158 400
158 401
158 402
158 407
158 408
158 409
158 411
158 414
158 415
158 418
158 454
158 458
158 459
158 471
158 472
158 474
158 478
158 480
158 551
158 554
158 560
158 561
158 563
158 564
158 566
158 567
158 570
158 573
158 599
158 600
158 601
158 604
158 606
158 610
158 612
158 613
158 614
158 616
158 617
158 822
158 827
158 852
158 853
158 854
159 163
159 164
159 165
159 167
159 202
159 205
159 209
159 293
159 347
159 351
159 403
159 405
159 406
159 407
159 410
159 411
159 415
159 416
159 417
159 450
159 451
159 453
159 455
159 459
159 460
159 461
159 465
159 466
159 468
159 469
159 470
159 471
159 475
159 477
159 549
159 551
159 552
159 554
159 555
159 556
159 557
159 558
159 559
159 560
159 561
159 571
159 572
159 573
159 574
159 598
159 599
159 600
159 605
159 606
159 608
159 610
159 612
159 613
159 616
159 617
159 618
159 670
159 823
159 824
159 825
159 851
159 853
159 854
159 886
160 161
160 162
160 163
160 164
160 165
160 167
160 168
160 207
160 208
160 209
160 291
160 294
160 347
160 352
160 398
160 400
160 402
160 403
160 404
160 407
160 408
160 412
160 415
160 417
160 418
160 419
160 452
160 453
160 454
160 455
160 456
160 457
160 458
160 459
160 460
160 465
160 470
160 474
160 475
160 476
160 477
160 479
160 480
160 481
160 500
160 551
160 553
160 554
160 557
160 559
160 560
160 562
160 563
160 564
160 565
160 566
160 568
160 572
160 573
160 596
160 599
160 600
160 602
160 604
160 605
160 606
160 608
160 610
160 611
160 612
160 614
160 615
160 616
160 823
160 825
160 826
160 827
160 853
161 162
161 167
161 168
161 205
161 206
161 209
161 348
161 349
161 350
161 352
161 399
161 400
161 404
161 407
161 409
161 412
161 415
161 417
161 419
161 455
161 457
161 458
161 460
161 464
161 465
161 466
161 468
161 470
161 471
161 473
161 475
161 476
161 479
161 551
161 552
161 554
161 555
161 556
161 558
161 559
161 560
161 561
161 562
161 563
161 564
161 565
161 566
161 568
161 569
161 570
161 572
161 573
161 574
161 599
161 600
161 602
161 605
161 607
161 610
161 612
161 613
161 615
161 617
161 618
161 823
161 825
161 827
161 828
161 852
161 853
162 165
162 166
162 168
162 205
162 207
162 293
162 295
162 345
162 347
162 349
162 351
162 352
162 403
162 404
162 405
162 406
162 408
162 409
162 410
162 411
162 412
162 413
162 414
162 415
162 416
162 455
162 456
162 461
162 464
162 466
162 468
162 469
162 470
162 472
162 473
162 474
162 475
162 476
162 477
162 478
162 479
162 480
162 549
162 553
162 554
162 557
162 559
162 560
162 561
162 563
162 567
162 568
162 569
162 570
162 571
162 572
162 573
162 574
162 596
162 598
162 601
162 602
162 603
162 604
162 605
162 607
162 608
162 611
162 612
162 615
162 616
162 617
162 825
162 826
162 827
162 829
162 854
163 164
163 165
163 166
163 167
163 203
163 207
163 208
163 209
163 229
163 291
163 293
163 296
163 347
163 348
163 349
163 350
163 351
163 352
163 400
163 403
163 406
163 408
163 409
163 410
163 411
163 415
163 417
163 418
163 452
163 454
163 455
163 458
163 459
163 461
163 462
163 463
163 464
163 466
163 467
163 469
163 471
163 472
163 473
163 474
163 475
163 476
163 477
163 478
163 479
163 483
163 551
163 555
163 558
163 559
163 560
163 562
163 563
163 564
163 565
163 566
163 567
163 569
163 570
163 572
163 573
163 574
163 596
163 598
163 600
163 601
163 602
163 603
163 604
163 605
163 606
163 607
163 608
163 611
163 612
163 613
163 614
163 615
163 616
163 617
163 618
163 823
163 824
163 825
163 827
163 853
163 855
164 166
164 168
164 204
164 205
164 207
164 265
164 294
164 345
164 346
164 347
164 349
164 350
164 351
164 403
164 404
164 405
164 407
164 408
164 409
164 410
164 411
164 413
164 414
164 415
164 455
164 458
164 459
164 460
164 461
164 462
164 463
164 464
164 465
164 467
164 471
164 472
164 473
164 474
164 475
164 476
164 477
164 478
164 479
164 480
164 481
164 482
164 551
164 555
164 557
164 558
164 560
164 562
164 563
164 566
164 567
164 568
164 569
164 570
164 572
164 573
164 600
164 601
164 602
164 604
164 605
164 606
164 607
164 609
164 610
164 611
164 612
164 615
164 616
164 617
164 618
164 823
164 825
164 826
164 827
164 853
165 166
165 167
165 168
165 203
165 204
165 207
165 208
165 209
165 211
165 292
165 296
165 350
165 351
165 352
165 353
165 399
165 404
165 405
165 406
165 407
165 408
165 409
165 410
165 411
165 412
165 414
165 415
165 416
165 417
165 418
165 419
165 451
165 453
165 455
165 456
165 458
165 460
165 461
165 462
165 463
165 464
165 465
165 469
165 470
165 471
165 472
165 473
165 474
165 475
165 476
165 477
165 478
165 479
165 480
165 482
165 555
165 556
165 557
165 559
165 560
165 561
165 562
165 563
165 564
165 565
165 566
165 567
165 568
165 569
165 570
165 571
165 572
165 573
165 574
165 598
165 601
165 603
165 604
165 605
165 606
165 607
165 608
165 610
165 612
165 613
165 614
165 615
165 617
165 618
165 620
165 823
165 824
165 825
165 826
165 827
165 853
166 167
166 168
166 203
166 208
166 294
166 348
166 349
166 351
166 352
166 353
166 402
166 403
166 405
166 406
166 407
166 409
166 411
166 412
166 413
166 414
166 415
166 416
166 419
166 454
166 455
166 456
166 457
166 458
166 459
166 460
166 461
166 462
166 463
166 464
166 465
166 466
166 467
166 468
166 469
166 471
166 472
166 473
166 474
166 475
166 477
166 478
166 479
166 480
166 481
166 482
166 552
166 553
166 556
166 557
166 558
166 559
166 560
166 562
166 564
166 565
166 566
166 568
166 569
166 570
166 571
166 572
166 573
166 574
166 595
166 598
166 600
166 601
166 603
166 604
166 605
166 606
166 607
166 608
166 609
166 610
166 611
166 612
166 613
166 614
166 615
166 616
166 617
166 618
166 619
166 823
166 824
166 825
166 828
166 852
166 853
167 168
167 169
167 208
167 209
167 292
167 295
167 345
167 346
167 347
167 348
167 350
167 399
167 400
167 402
167 403
167 404
167 405
167 406
167 408
167 409
167 410
167 411
167 412
167 413
167 414
167 415
167 416
167 417
167 418
167 452
167 457
167 459
167 460
167 462
167 463
167 464
167 465
167 466
167 467
167 468
167 469
167 470
167 471
167 472
167 473
167 474
167 475
167 476
167 477
167 478
167 479
167 480
167 481
167 550
167 552
167 556
167 557
167 558
167 559
167 560
167 561
167 562
167 563
167 564
167 565
167 566
167 567
167 568
167 569
167 570
167 571
167 572
167 573
167 574
167 597
167 602
167 603
167 604
167 606
167 607
167 608
167 609
167 610
167 611
167 612
167 613
167 614
167 615
167 616
167 617
167 618
167 827
167 828
167 850
167 851
167 853
167 854
168 204
168 206
168 293
168 344
168 346
168 348
168 349
168 350
168 351
168 352
168 353
168 405
168 406
168 407
168 408
168 409
168 410
168 411
168 412
168 413
168 414
168 415
168 416
168 417
168 418
168 419
168 451
168 452
168 454
168 455
168 456
168 457
168 458
168 459
168 460
168 461
168 462
168 463
168 464
168 465
168 466
168 467
168 468
168 469
168 470
168 471
168 472
168 473
168 474
168 475
168 476
168 477
168 478
168 479
168 480
168 481
168 482
168 551
168 552
168 554
168 556
168 557
168 558
168 559
168 560
168 561
168 562
168 563
168 564
168 565
168 566
168 567
168 569
168 570
168 571
168 572
168 573
168 574
168 602
168 603
168 605
168 606
168 607
168 608
168 609
168 610
168 611
168 612
168 613
168 614
168 615
168 616
168 617
168 618
168 822
168 823
168 825
168 826
168 830
168 851
168 852
169 204
169 210
169 348
169 351
169 352
169 401
169 407
169 408
169 410
169 411
169 412
169 413
169 414
169 415
169 417
169 419
169 457
169 459
169 462
169 464
169 468
169 469
169 470
169 471
169 472
169 474
169 475
169 476
169 477
169 478
169 479
169 480
169 481
169 482
169 556
169 558
169 560
169 564
169 565
169 567
169 569
169 570
169 571
169 573
169 605
169 607
169 609
169 611
169 613
169 617
169 824
169 853
170 356
170 408
170 410
170 415
170 472
170 474
170 476
170 477
170 478
170 479
170 480
170 481
170 559
170 560
170 562
170 573
170 615
171 213
171 476
171 478
171 479
171 480
171 481
171 569
172 481
172 510
172 620
173 260
173 472
176 477
176 481
201 409
201 481
201 599
202 206
202 293
202 352
202 410
202 419
202 453
202 455
202 464
202 482
202 553
202 574
202 598
202 601
202 607
202 609
203 204
203 205
203 209
203 292
203 346
203 349
203 352
203 400
203 401
203 408
203 410
203 413
203 416
203 457
203 472
203 556
203 557
203 565
203 566
203 570
203 572
203 574
203 599
203 605
203 608
203 610
203 823
204 208
204 210
204 291
204 350
204 351
204 399
204 400
204 401
204 403
204 405
204 407
204 411
204 413
204 455
204 458
204 460
204 466
204 469
204 472
204 479
204 482
204 556
204 558
204 559
204 560
204 561
204 562
204 565
204 570
204 572
204 573
204 577
204 596
204 597
204 601
204 607
204 611
204 613
204 616
204 824
204 825
204 826
205 209
205 291
205 293
205 344
205 347
205 348
205 350
205 403
205 404
205 407
205 450
205 451
205 454
205 457
205 461
205 463
205 470
205 472
205 474
205 476
205 551
205 554
205 557
205 563
205 572
205 599
205 603
205 605
205 611
205 612
205 615
205 616
205 824
205 825
205 827
205 877
206 291
206 293
206 345
206 347
206 348
206 351
206 352
206 398
206 403
206 408
206 412
206 413
206 414
206 415
206 416
206 417
206 419
206 452
206 455
206 456
206 459
206 461
206 462
206 463
206 464
206 465
206 467
206 472
206 473
206 477
206 480
206 482
206 550
206 554
206 557
206 558
206 559
206 561
206 562
206 563
206 564
206 567
206 572
206 573
206 574
206 596
206 597
206 600
206 601
206 602
206 603
206 605
206 607
206 614
206 615
206 826
206 853
207 208
207 209
207 292
207 294
207 342
207 343
207 344
207 346
207 347
207 350
207 353
207 403
207 405
207 407
207 408
207 409
207 410
207 414
207 416
207 417
207 420
207 452
207 453
207 455
207 456
207 458
207 461
207 463
207 464
207 465
207 466
207 467
207 468
207 471
207 473
207 474
207 476
207 478
207 480
207 481
207 550
207 552
207 554
207 555
207 559
207 560
207 561
207 563
207 564
207 565
207 567
207 571
207 572
207 574
207 598
207 599
207 600
207 602
207 606
207 608
207 609
207 610
207 611
207 612
207 613
207 614
207 616
207 617
207 618
207 821
207 826
207 853
207 854
208 209
208 292
208 294
208 348
208 349
208 351
208 352
208 399
208 400
208 404
208 405
208 406
208 409
208 410
208 411
208 412
208 414
208 415
208 416
208 417
208 418
208 419
208 452
208 459
208 460
208 462
208 464
208 466
208 470
208 474
208 476
208 477
208 478
208 480
208 482
208 553
208 554
208 555
208 556
208 557
208 558
208 560
208 562
208 563
208 564
208 565
208 569
208 570
208 571
208 572
208 573
208 574
208 597
208 598
208 599
208 601
208 602
208 603
208 604
208 606
208 607
208 608
208 609
208 610
208 611
208 613
208 614
208 616
208 617
208 618
208 822
208 824
208 853
209 293
209 348
209 350
209 351
209 401
209 404
209 405
209 407
209 408
209 410
209 411
209 412
209 413
209 416
209 417
209 418
209 457
209 460
209 465
209 469
209 472
209 476
209 477
209 481
209 552
209 553
209 554
209 555
209 556
209 561
209 562
209 563
209 564
209 565
209 569
209 570
209 571
209 572
209 573
209 599
209 601
209 602
209 603
209 604
209 610
209 612
209 614
209 615
209 617
209 822
209 823
210 347
210 352
210 401
210 405
210 406
210 410
210 412
210 414
210 416
210 417
210 418
210 451
210 455
210 461
210 463
210 465
210 466
210 467
210 468
210 470
210 472
210 473
210 474
210 475
210 550
210 556
210 561
210 562
210 563
210 569
210 573
210 605
210 607
210 609
210 614
210 615
210 618
210 824
210 887
211 410
211 413
211 467
211 468
211 471
211 472
211 475
211 476
211 477
211 478
211 551
211 558
211 569
211 573
211 605
211 612
211 613
212 413
212 464
212 475
212 478
212 481
212 571
212 600
212 615
212 617
213 476
213 482
213 483
219 617
220 877
221 530
226 476
236 354
237 918
244 480
245 481
254 472
255 484
265 477
265 479
266 352
266 478
268 479
269 477
270 911
273 482
282 473
283 415
283 473
283 477
283 571
284 477
284 480
285 299
286 348
290 400
290 464
290 550
290 559
290 853
291 346
291 348
291 402
291 416
291 454
291 457
291 462
291 464
291 471
291 477
291 478
291 563
291 566
291 596
291 597
291 606
291 612
291 618
291 825
292 294
292 349
292 353
292 404
292 408
292 410
292 413
292 417
292 453
292 459
292 462
292 466
292 467
292 468
292 469
292 472
292 478
292 479
292 550
292 555
292 564
292 567
292 570
292 598
292 605
292 607
292 613
292 615
292 823
292 824
292 825
292 851
293 347
293 349
293 353
293 399
293 400
293 401
293 406
293 407
293 415
293 416
293 417
293 418
293 419
293 451
293 453
293 454
293 456
293 457
293 460
293 462
293 467
293 469
293 471
293 472
293 475
293 476
293 478
293 481
293 482
293 551
293 558
293 560
293 561
293 563
293 567
293 571
293 572
293 601
293 603
293 605
293 607
293 609
293 610
293 612
293 615
293 617
293 619
293 822
293 823
293 824
293 828
293 852
294 346
294 347
294 349
294 350
294 364
294 404
294 405
294 406
294 407
294 409
294 410
294 411
294 417
294 418
294 419
294 455
294 458
294 460
294 463
294 465
294 467
294 468
294 469
294 471
294 478
294 479
294 482
294 552
294 560
294 561
294 574
294 599
294 602
294 603
294 605
294 606
294 610
294 613
295 297
295 347
295 399
295 413
295 461
295 465
295 476
295 477
295 478
295 479
295 481
295 554
295 555
295 562
295 563
295 573
295 602
295 612
295 615
295 799
295 824
296 413
296 417
296 478
296 479
296 480
296 559
296 571
296 613
296 616
297 475
297 476
297 483
297 544
297 569
297 570
298 417
298 480
298 481
298 482
298 864
299 358
327 481
328 417
328 481
329 481
330 481
331 996
341 475
341 480
342 346
342 350
342 465
342 476
342 479
342 480
342 481
342 548
342 549
342 828
343 349
343 350
343 362
343 398
343 400
343 405
343 411
343 418
343 454
343 462
343 466
343 471
343 475
343 478
343 481
343 554
343 555
343 557
343 558
343 568
343 607
343 612
343 823
343 852
343 853
344 350
344 351
344 352
344 400
344 407
344 408
344 416
344 451
344 454
344 465
344 466
344 468
344 470
344 471
344 475
344 482
344 550
344 562
344 566
344 574
344 599
344 605
344 608
344 612
344 615
344 617
344 824
344 827
344 852
344 898
345 348
345 349
345 350
345 352
345 399
345 409
345 412
345 413
345 414
345 454
345 456
345 459
345 462
345 468
345 472
345 474
345 475
345 482
345 552
345 553
345 556
345 559
345 561
345 562
345 570
345 598
345 603
345 604
345 606
345 608
345 609
345 611
345 614
345 617
345 826
345 830
345 852
345 853
345 854
346 347
346 349
346 351
346 352
346 402
346 405
346 406
346 410
346 414
346 416
346 418
346 419
346 450
346 455
346 458
346 460
346 461
346 463
346 465
346 466
346 468
346 469
346 470
346 471
346 473
346 475
346 478
346 479
346 480
346 549
346 551
346 554
346 555
346 559
346 561
346 562
346 563
346 566
346 567
346 569
346 572
346 574
346 598
346 599
346 600
346 605
346 606
346 608
346 609
346 611
346 612
346 613
346 617
346 806
346 821
346 824
346 827
346 853
346 876
347 348
347 349
347 350
347 351
347 352
347 401
347 404
347 405
347 406
347 410
347 411
347 412
347 414
347 416
347 418
347 419
347 453
347 455
347 456
347 458
347 459
347 460
347 461
347 463
347 468
347 469
347 470
347 471
347 473
347 476
347 477
347 478
347 480
347 551
347 553
347 554
347 555
347 556
347 560
347 563
347 565
347 566
347 567
347 569
347 570
347 572
347 573
347 574
347 598
347 599
347 600
347 602
347 603
347 607
347 609
347 610
347 611
347 612
347 613
347 616
347 820
347 823
347 825
348 349
348 351
348 399
348 403
348 405
348 406
348 407
348 408
348 409
348 410
348 411
348 412
348 413
348 414
348 415
348 418
348 451
348 454
348 456
348 457
348 461
348 462
348 463
348 464
348 466
348 467
348 471
348 472
348 474
348 475
348 476
348 477
348 478
348 480
348 481
348 530
348 551
348 553
348 556
348 557
348 558
348 560
348 561
348 562
348 565
348 567
348 569
348 571
348 572
348 574
348 599
348 602
348 603
348 604
348 605
348 608
348 609
348 611
348 612
348 613
348 614
348 616
348 617
348 618
348 824
348 825
348 826
349 350
349 351
349 352
349 354
349 401
349 404
349 405
349 406
349 408
349 410
349 411
349 412
349 413
349 415
349 416
349 417
349 418
349 419
349 451
349 452
349 454
349 455
349 456
349 458
349 459
349 461
349 462
349 463
349 464
349 465
349 467
349 468
349 470
349 471
349 472
349 473
349 474
349 475
349 476
349 477
349 479
349 480
349 481
349 496
349 549
349 552
349 554
349 555
349 556
349 557
349 558
349 559
349 560
349 561
349 562
349 563
349 564
349 571
349 596
349 599
349 602
349 603
349 604
349 606
349 609
349 610
349 611
349 612
349 614
349 615
349 618
349 798
350 351
350 352
350 401
350 402
350 403
350 405
350 406
350 407
350 408
350 409
350 410
350 411
350 413
350 415
350 416
350 417
350 418
350 419
350 449
350 453
350 456
350 457
350 458
350 459
350 460
350 462
350 463
350 464
350 465
350 466
350 468
350 469
350 470
350 474
350 475
350 478
350 479
350 481
350 482
350 554
350 555
350 557
350 558
350 560
350 561
350 562
350 564
350 565
350 567
350 568
350 569
350 570
350 572
350 574
350 575
350 598
350 603
350 604
350 605
350 606
350 608
350 609
350 610
350 611
350 612
350 613
350 617
350 827
350 851
351 352
351 404
351 405
351 406
351 407
351 408
351 409
351 410
351 411
351 412
351 413
351 414
351 415
351 417
351 418
351 419
351 454
351 455
351 457
351 458
351 459
351 460
351 461
351 463
351 465
351 466
351 467
351 468
351 470
351 471
351 473
351 474
351 477
351 478
351 479
351 480
351 481
351 482
351 550
351 551
351 553
351 554
351 557
351 558
351 559
351 560
351 561
351 562
351 564
351 565
351 566
351 567
351 568
351 569
351 570
351 571
351 573
351 574
351 597
351 598
351 599
351 600
351 601
351 602
351 603
351 604
351 605
351 606
351 607
351 608
351 611
351 612
351 613
351 615
351 616
351 617
351 618
351 821
351 823
351 824
351 826
351 855
352 401
352 403
352 404
352 405
352 406
352 407
352 410
352 411
352 412
352 415
352 417
352 418
352 452
352 458
352 459
352 461
352 463
352 465
352 466
352 467
352 469
352 471
352 474
352 476
352 477
352 481
352 482
352 553
352 557
352 558
352 559
352 560
352 561
352 562
352 563
352 564
352 565
352 567
352 568
352 569
352 570
352 571
352 572
352 573
352 575
352 598
352 599
352 600
352 601
352 602
352 605
352 606
352 607
352 608
352 609
352 613
352 616
352 618
352 619
352 822
352 823
352 824
352 825
352 827
352 829
352 852
352 853
353 400
353 401
353 404
353 406
353 407
353 412
353 413
353 415
353 417
353 418
353 463
353 466
353 471
353 472
353 475
353 476
353 477
353 478
353 479
353 480
353 481
353 482
353 494
353 551
353 558
353 562
353 563
353 568
353 610
353 611
353 612
353 613
353 614
353 615
353 618
353 826
354 413
354 419
354 460
354 461
354 463
354 466
354 473
354 474
354 475
354 476
354 477
354 480
354 481
354 482
354 601
354 605
354 616
355 406
355 415
355 474
355 477
355 479
355 483
355 701
356 479
356 482
356 831
356 997
357 477
360 413
360 465
361 474
361 477
361 480
361 570
361 620
362 420
362 878
363 478
363 485
378 477
389 480
392 621
397 616
398 400
398 412
398 472
398 475
398 478
398 556
398 598
399 405
399 418
399 454
399 470
399 474
399 479
399 480
399 557
399 560
399 565
399 598
399 601
399 609
399 615
400 401
400 402
400 404
400 407
400 413
400 452
400 454
400 457
400 459
400 460
400 462
400 468
400 471
400 473
400 475
400 556
400 559
400 560
400 602
400 606
400 612
400 821
400 826
400 852
400 853
401 407
401 410
401 411
401 412
401 418
401 452
401 455
401 457
401 458
401 460
401 461
401 463
401 464
401 468
401 471
401 472
401 474
401 476
401 477
401 481
401 553
401 557
401 563
401 566
401 568
401 569
401 572
401 573
401 597
401 601
401 604
401 606
401 607
401 608
401 612
401 613
401 822
401 824
401 825
401 851
401 852
402 403
402 404
402 408
402 411
402 415
402 416
402 452
402 454
402 455
402 459
402 461
402 463
402 464
402 465
402 467
402 468
402 471
402 472
402 476
402 478
402 482
402 496
402 550
402 556
402 557
402 558
402 560
402 562
402 563
402 564
402 568
402 569
402 570
402 572
402 573
402 597
402 600
402 603
402 608
402 610
402 612
402 613
402 615
402 618
402 741
402 823
402 824
402 851
402 852
402 857
403 405
403 406
403 407
403 409
403 413
403 415
403 416
403 418
403 419
403 453
403 455
403 460
403 461
403 466
403 467
403 468
403 469
403 473
403 474
403 475
403 477
403 479
403 481
403 496
403 550
403 551
403 552
403 553
403 562
403 563
403 566
403 567
403 568
403 569
403 571
403 599
403 604
403 605
403 606
403 607
403 608
403 609
403 614
403 615
403 617
403 825
403 827
403 852
403 853
404 405
404 408
404 410
404 412
404 413
404 415
404 416
404 417
404 418
404 419
404 455
404 456
404 459
404 461
404 462
404 463
404 466
404 467
404 468
404 469
404 471
404 472
404 473
404 474
404 475
404 476
404 477
404 479
404 481
404 549
404 550
404 551
404 555
404 556
404 558
404 560
404 561
404 563
404 564
404 569
404 572
404 573
404 598
404 599
404 600
404 604
404 605
404 607
404 608
404 610
404 612
404 614
404 615
404 618
404 826
404 827
404 851
405 406
405 407
405 408
405 411
405 413
405 414
405 415
405 417
405 418
405 419
405 455
405 456
405 457
405 458
405 459
405 461
405 462
405 464
405 466
405 467
405 468
405 470
405 472
405 473
405 474
405 475
405 476
405 477
405 478
405 479
405 480
405 481
405 551
405 552
405 555
405 556
405 558
405 561
405 562
405 565
405 566
405 567
405 568
405 569
405 570
405 572
405 573
405 574
405 575
405 597
405 599
405 600
405 601
405 602
405 604
405 606
405 608
405 609
405 610
405 611
405 612
405 613
405 614
405 615
405 616
405 618
405 823
405 826
405 827
405 853
405 875
406 407
406 408
406 409
406 411
406 413
406 414
406 415
406 416
406 417
406 418
406 419
406 453
406 456
406 457
406 458
406 459
406 460
406 462
406 463
406 464
406 465
406 467
406 468
406 469
406 471
406 472
406 473
406 474
406 475
406 477
406 478
406 479
406 480
406 550
406 555
406 556
406 557
406 559
406 561
406 562
406 563
406 565
406 566
406 567
406 568
406 569
406 570
406 571
406 572
406 573
406 595
406 596
406 598
406 599
406 600
406 601
406 602
406 604
406 605
406 607
406 608
406 609
406 610
406 611
406 612
406 613
406 614
406 615
406 617
406 823
406 824
406 825
406 853
407 411
407 412
407 413
407 416
407 418
407 419
407 420
407 450
407 455
407 456
407 457
407 460
407 461
407 462
407 463
407 464
407 465
407 466
407 467
407 468
407 469
407 470
407 471
407 472
407 473
407 474
407 475
407 476
407 477
407 478
407 479
407 480
407 481
407 482
407 554
407 555
407 556
407 557
407 558
407 560
407 561
407 562
407 563
407 564
407 565
407 566
407 567
407 568
407 569
407 570
407 571
407 572
407 573
407 574
407 595
407 599
407 600
407 602
407 603
407 604
407 605
407 607
407 608
407 609
407 611
407 612
407 613
407 614
407 615
407 616
407 617
407 619
407 666
407 821
407 822
407 824
407 825
407 827
408 409
408 410
408 411
408 412
408 414
408 415
408 416
408 417
408 418
408 451
408 454
408 455
408 456
408 457
408 458
408 459
408 460
408 461
408 462
408 464
408 465
408 466
408 467
408 468
408 469
408 470
408 471
408 472
408 473
408 474
408 475
408 476
408 477
408 478
408 479
408 480
408 481
408 551
408 553
408 554
408 555
408 556
408 557
408 559
408 560
408 561
408 562
408 563
408 564
408 565
408 566
408 567
408 568
408 570
408 571
408 572
408 598
408 601
408 602
408 603
408 605
408 606
408 607
408 608
408 610
408 612
408 613
408 614
408 615
408 616
408 617
408 618
408 821
408 823
408 824
408 825
408 827
408 853
408 876
409 410
409 411
409 412
409 413
409 414
409 415
409 416
409 417
409 418
409 419
409 420
409 454
409 457
409 459
409 460
409 461
409 462
409 465
409 467
409 468
409 470
409 471
409 473
409 474
409 475
409 476
409 477
409 478
409 479
409 480
409 482
409 549
409 552
409 553
409 554
409 556
409 557
409 558
409 559
409 560
409 561
409 562
409 563
409 564
409 565
409 567
409 568
409 569
409 570
409 571
409 572
409 573
409 574
409 584
409 602
409 603
409 604
409 605
409 606
409 608
409 609
409 610
409 611
409 612
409 613
409 614
409 615
409 616
409 617
409 618
409 824
409 825
409 826
409 827
409 852
410 411
410 412
410 413
410 414
410 415
410 416
410 417
410 418
410 450
410 451
410 452
410 454
410 455
410 456
410 457
410 460
410 461
410 462
410 463
410 464
410 465
410 466
410 467
410 468
410 469
410 470
410 471
410 472
410 473
410 474
410 475
410 476
410 477
410 478
410 479
410 480
410 481
410 496
410 550
410 551
410 553
410 556
410 557
410 558
410 559
410 560
410 561
410 562
410 563
410 564
410 565
410 566
410 567
410 568
410 569
410 570
410 571
410 572
410 573
410 597
410 599
410 601
410 602
410 603
410 604
410 605
410 606
410 607
410 608
410 609
410 610
410 611
410 612
410 613
410 614
410 615
410 616
410 617
410 822
410 824
410 826
410 827
410 828
410 853
411 412
411 413
411 414
411 415
411 416
411 417
411 418
411 419
411 451
411 453
411 455
411 456
411 457
411 459
411 460
411 461
411 462
411 463
411 464
411 465
411 466
411 467
411 468
411 469
411 470
411 471
411 472
411 473
411 474
411 475
411 476
411 477
411 478
411 479
411 481
411 482
411 552
411 553
411 554
411 555
411 556
411 557
411 558
411 559
411 560
411 561
411 562
411 563
411 564
411 565
411 566
411 567
411 568
411 569
411 570
411 571
411 572
411 573
411 574
411 575
411 599
411 600
411 601
411 602
411 603
411 606
411 607
411 608
411 609
411 610
411 611
411 612
411 613
411 614
411 615
411 616
411 617
411 618
411 622
411 824
411 826
411 838
412 413
412 414
412 415
412 416
412 417
412 418
412 419
412 449
412 452
412 454
412 455
412 457
412 458
412 461
412 462
412 463
412 464
412 465
412 466
412 467
412 468
412 469
412 470
412 471
412 472
412 473
412 474
412 475
412 476
412 477
412 478
412 479
412 480
412 481
412 482
412 496
412 552
412 553
412 554
412 555
412 556
412 557
412 558
412 559
412 560
412 561
412 562
412 563
412 564
412 565
412 566
412 567
412 568
412 569
412 570
412 571
412 572
412 573
412 574
412 598
412 601
412 602
412 603
412 604
412 606
412 607
412 608
412 609
412 610
412 611
412 612
412 613
412 614
412 615
412 616
412 617
412 618
412 667
412 828
412 829
412 853
413 414
413 415
413 416
413 417
413 418
413 419
413 452
413 454
413 455
413 457
413 459
413 460
413 461
413 462
413 463
413 464
413 465
413 466
413 467
413 468
413 469
413 470
413 471
413 472
413 473
413 474
413 475
413 476
413 477
413 478
413 479
413 480
413 481
413 548
413 550
413 553
413 556
413 557
413 558
413 560
413 561
413 562
413 564
413 565
413 566
413 567
413 568
413 569
413 570
413 571
413 572
413 573
413 574
413 597
413 598
413 599
413 601
413 603
413 605
413 606
413 607
413 608
413 609
413 610
413 611
413 612
413 613
413 614
413 615
413 616
413 617
413 618
413 619
413 666
413 821
413 827
413 828
413 853
413 896
414 415
414 416
414 417
414 418
414 419
414 451
414 452
414 453
414 454
414 456
414 457
414 458
414 459
414 460
414 461
414 462
414 463
414 464
414 465
414 466
414 467
414 468
414 469
414 470
414 471
414 472
414 473
414 474
414 475
414 476
414 477
414 478
414 479
414 480
414 481
414 482
414 552
414 556
414 557
414 558
414 559
414 560
414 561
414 562
414 563
414 564
414 565
414 566
414 567
414 568
414 569
414 570
414 571
414 572
414 573
414 574
414 596
414 598
414 603
414 604
414 605
414 606
414 607
414 608
414 609
414 610
414 611
414 612
414 613
414 614
414 615
414 616
414 617
414 618
414 619
414 668
414 824
414 825
414 826
414 827
414 830
414 852
414 853
414 856
415 416
415 417
415 418
415 419
415 454
415 455
415 456
415 458
415 459
415 460
415 461
415 462
415 463
415 464
415 465
415 466
415 467
415 468
415 469
415 470
415 471
415 472
415 473
415 474
415 475
415 476
415 477
415 478
415 479
415 480
415 481
415 482
415 549
415 550
415 552
415 553
415 554
415 556
415 558
415 559
415 560
415 561
415 562
415 563
415 564
415 565
415 566
415 567
415 568
415 569
415 570
415 571
415 572
415 573
415 574
415 595
415 600
415 603
415 604
415 605
415 606
415 607
415 608
415 609
415 610
415 611
415 612
415 613
415 614
415 615
415 616
415 617
415 618
415 826
415 827
415 853
415 854
415 963
416 417
416 418
416 419
416 453
416 455
416 457
416 458
416 459
416 460
416 461
416 463
416 464
416 465
416 466
416 467
416 468
416 469
416 470
416 471
416 472
416 473
416 474
416 475
416 476
416 477
416 478
416 479
416 480
416 481
416 482
416 551
416 553
416 554
416 556
416 557
416 558
416 559
416 560
416 561
416 562
416 563
416 564
416 565
416 566
416 567
416 568
416 569
416 570
416 571
416 572
416 573
416 574
416 575
416 576
416 598
416 601
416 602
416 603
416 604
416 605
416 606
416 607
416 608
416 609
416 611
416 612
416 613
416 614
416 615
416 616
416 617
416 618
416 666
416 670
416 684
416 822
416 823
416 824
416 825
416 826
416 875
416 876
417 418
417 419
417 451
417 452
417 453
417 454
417 455
417 456
417 458
417 459
417 461
417 462
417 463
417 464
417 465
417 466
417 467
417 468
417 469
417 470
417 471
417 472
417 473
417 474
417 475
417 476
417 477
417 478
417 479
417 480
417 481
417 482
417 485
417 549
417 551
417 556
417 558
417 559
417 560
417 561
417 562
417 563
417 564
417 565
417 566
417 567
417 568
417 569
417 570
417 571
417 572
417 573
417 574
417 596
417 598
417 600
417 602
417 604
417 605
417 606
417 607
417 608
417 609
417 610
417 611
417 612
417 613
417 614
417 615
417 616
417 617
417 618
417 619
417 620
417 797
417 823
417 824
417 826
417 827
417 829
417 852
417 853
417 854
417 855
417 876
418 420
418 451
418 457
418 458
418 460
418 461
418 462
418 463
418 464
418 465
418 466
418 467
418 468
418 469
418 470
418 471
418 472
418 473
418 474
418 475
418 476
418 477
418 478
418 479
418 480
418 481
418 482
418 507
418 550
418 551
418 552
418 554
418 556
418 557
418 558
418 560
418 561
418 562
418 563
418 564
418 565
418 566
418 567
418 568
418 569
418 570
418 571
418 572
418 573
418 574
418 575
418 599
418 600
418 601
418 602
418 603
418 604
418 605
418 607
418 608
418 609
418 610
418 611
418 612
418 613
418 614
418 615
418 616
418 617
418 618
418 823
418 824
418 825
418 827
418 828
418 853
418 854
418 856
418 962
419 449
419 454
419 456
419 457
419 459
419 460
419 462
419 463
419 464
419 465
419 466
419 468
419 469
419 470
419 471
419 472
419 473
419 474
419 475
419 476
419 477
419 478
419 479
419 480
419 481
419 482
419 549
419 551
419 553
419 554
419 555
419 556
419 559
419 560
419 561
419 562
419 564
419 565
419 566
419 567
419 568
419 569
419 570
419 571
419 572
419 573
419 574
419 575
419 599
419 600
419 601
419 604
419 605
419 607
419 608
419 609
419 610
419 611
419 612
419 613
419 614
419 615
419 616
419 617
419 618
419 822
419 823
419 825
419 852
419 910
420 472
420 473
420 474
420 475
420 476
420 477
420 478
420 479
420 480
420 481
420 560
420 564
420 568
420 570
420 572
420 573
420 604
420 613
420 614
420 616
420 619
420 696
420 825
420 853
421 477
421 478
421 479
421 480
421 481
421 482
421 483
421 559
421 572
421 606
422 466
422 480
422 481
422 572
422 832
423 481
423 658
423 904
424 839
425 875
442 476
443 480
443 481
443 976
450 454
450 456
450 474
450 479
450 480
450 598
450 599
450 605
450 612
451 453
451 454
451 457
451 458
451 466
451 556
451 559
451 566
451 567
451 574
451 598
451 601
451 602
451 603
451 605
451 610
451 612
451 613
451 824
451 850
451 851
451 852
452 453
452 455
452 457
452 465
452 475
452 477
452 549
452 553
452 558
452 559
452 561
452 562
452 563
452 564
452 565
452 572
452 598
452 600
452 601
452 602
452 603
452 604
452 607
452 609
452 611
452 612
452 613
452 823
452 827
452 852
452 853
453 454
453 457
453 460
453 463
453 464
453 469
453 470
453 471
453 472
453 473
453 474
453 478
453 479
453 482
453 550
453 555
453 557
453 558
453 561
453 562
453 565
453 567
453 570
453 573
453 602
453 603
453 606
453 609
453 611
453 612
453 614
453 615
453 617
453 731
453 822
453 825
454 455
454 457
454 459
454 461
454 463
454 464
454 466
454 468
454 472
454 473
454 479
454 481
454 482
454 548
454 551
454 553
454 554
454 555
454 556
454 557
454 558
454 559
454 560
454 562
454 563
454 566
454 567
454 568
454 570
454 572
454 573
454 574
454 595
454 599
454 602
454 606
454 607
454 611
454 612
454 613
454 614
454 618
454 825
454 827
455 456
455 458
455 459
455 461
455 463
455 464
455 465
455 469
455 470
455 471
455 472
455 473
455 474
455 475
455 476
455 477
455 478
455 479
455 482
455 549
455 551
455 552
455 553
455 555
455 560
455 562
455 563
455 564
455 566
455 568
455 569
455 570
455 571
455 575
455 599
455 600
455 604
455 606
455 607
455 609
455 610
455 611
455 613
455 614
455 615
455 616
455 617
455 822
455 824
455 825
455 851
456 458
456 459
456 461
456 463
456 465
456 466
456 467
456 469
456 470
456 471
456 472
456 473
456 474
456 475
456 476
456 479
456 480
456 550
456 552
456 554
456 556
456 557
456 558
456 559
456 561
456 562
456 563
456 564
456 565
456 566
456 567
456 568
456 569
456 570
456 571
456 573
456 574
456 599
456 600
456 602
456 603
456 605
456 606
456 607
456 608
456 609
456 610
456 613
456 614
456 615
456 616
456 617
456 618
456 823
456 825
456 826
456 827
456 851
456 854
457 460
457 461
457 462
457 464
457 465
457 466
457 468
457 470
457 471
457 472
457 475
457 477
457 479
457 480
457 482
457 495
457 548
457 553
457 554
457 555
457 556
457 557
457 559
457 560
457 561
457 562
457 564
457 565
457 566
457 567
457 570
457 571
457 574
457 596
457 597
457 599
457 600
457 601
457 602
457 603
457 606
457 607
457 609
457 610
457 611
457 612
457 613
457 614
457 615
457 617
457 618
457 824
457 825
457 826
457 827
457 828
457 829
457 852
457 853
457 854
458 459
458 462
458 463
458 464
458 466
458 467
458 468
458 469
458 470
458 471
458 474
458 475
458 476
458 477
458 478
458 479
458 480
458 481
458 553
458 555
458 556
458 557
458 558
458 559
458 560
458 562
458 563
458 564
458 565
458 566
458 568
458 569
458 570
458 571
458 572
458 573
458 599
458 601
458 602
458 604
458 605
458 606
458 607
458 608
458 609
458 610
458 611
458 612
458 613
458 614
458 615
458 616
458 618
458 852
458 853
459 461
459 462
459 463
459 464
459 465
459 466
459 468
459 469
459 470
459 471
459 472
459 473
459 474
459 475
459 476
459 478
459 479
459 480
459 481
459 496
459 551
459 554
459 555
459 556
459 557
459 558
459 559
459 560
459 561
459 562
459 563
459 565
459 566
459 567
459 569
459 570
459 572
459 573
459 574
459 596
459 597
459 598
459 601
459 602
459 603
459 604
459 605
459 606
459 607
459 608
459 610
459 611
459 612
459 613
459 615
459 616
459 618
459 824
459 825
459 851
459 855
460 461
460 462
460 463
460 464
460 465
460 466
460 467
460 468
460 469
460 470
460 471
460 472
460 473
460 474
460 475
460 476
460 477
460 478
460 479
460 480
460 481
460 482
460 548
460 550
460 552
460 553
460 555
460 556
460 557
460 558
460 559
460 560
460 561
460 563
460 564
460 565
460 567
460 568
460 569
460 570
460 571
460 572
460 573
460 574
460 597
460 600
460 601
460 602
460 604
460 605
460 606
460 607
460 608
460 609
460 611
460 612
460 613
460 614
460 616
460 617
460 821
460 826
460 828
460 853
460 855
461 462
461 463
461 464
461 465
461 466
461 467
461 468
461 469
461 470
461 471
461 472
461 473
461 474
461 475
461 476
461 477
461 478
461 479
461 480
461 481
461 552
461 553
461 554
461 555
461 556
461 557
461 558
461 559
461 560
461 561
461 562
461 565
461 566
461 567
461 568
461 570
461 571
461 572
461 573
461 574
461 597
461 600
461 602
461 604
461 605
461 606
461 607
461 609
461 610
461 611
461 612
461 613
461 614
461 615
461 616
461 618
461 619
461 826
461 829
461 851
461 852
461 854
462 463
462 464
462 465
462 466
462 467
462 468
462 469
462 470
462 471
462 472
462 473
462 474
462 475
462 476
462 477
462 478
462 479
462 480
462 481
462 482
462 497
462 550
462 553
462 554
462 556
462 557
462 558
462 559
462 560
462 561
462 562
462 563
462 564
462 565
462 566
462 567
462 568
462 569
462 570
462 571
462 572
462 573
462 574
462 599
462 600
462 601
462 602
462 603
462 604
462 605
462 606
462 607
462 608
462 609
462 610
462 611
462 612
462 613
462 614
462 615
462 617
462 618
462 666
462 824
462 826
462 850
462 853
462 900
463 464
463 465
463 466
463 467
463 468
463 469
463 470
463 471
463 473
463 474
463 475
463 476
463 477
463 478
463 479
463 480
463 481
463 482
463 497
463 551
463 553
463 554
463 556
463 557
463 558
463 559
463 560
463 561
463 562
463 563
463 564
463 565
463 566
463 567
463 568
463 569
463 570
463 571
463 572
463 573
463 574
463 596
463 598
463 599
463 601
463 602
463 604
463 605
463 606
463 607
463 608
463 609
463 610
463 611
463 612
463 613
463 614
463 615
463 616
463 617
463 618
463 822
463 825
463 826
464 465
464 466
464 467
464 468
464 469
464 470
464 471
464 472
464 473
464 474
464 475
464 476
464 477
464 478
464 479
464 480
464 481
464 482
464 497
464 550
464 551
464 554
464 556
464 557
464 559
464 560
464 561
464 562
464 563
464 564
464 565
464 566
464 567
464 568
464 569
464 570
464 571
464 572
464 573
464 574
464 597
464 598
464 599
464 600
464 601
464 602
464 603
464 604
464 605
464 606
464 607
464 608
464 609
464 610
464 611
464 612
464 613
464 614
464 615
464 616
464 617
464 821
464 823
464 824
464 825
464 826
464 827
464 850
464 852
465 466
465 467
465 468
465 469
465 470
465 471
465 472
465 473
465 474
465 475
465 476
465 477
465 478
465 479
465 480
465 481
465 482
465 550
465 552
465 553
465 554
465 556
465 557
465 558
465 559
465 560
465 561
465 562
465 563
465 564
465 565
465 566
465 567
465 568
465 569
465 570
465 571
465 572
465 573
465 574
465 598
465 601
465 603
465 604
465 605
465 606
465 607
465 608
465 609
465 610
465 611
465 612
465 613
465 614
465 615
465 616
465 617
465 619
465 826
465 828
465 851
466 467
466 468
466 469
466 470
466 471
466 472
466 473
466 474
466 475
466 476
466 477
466 478
466 479
466 480
466 481
466 482
466 495
466 516
466 556
466 557
466 558
466 559
466 560
466 561
466 562
466 563
466 564
466 565
466 566
466 567
466 568
466 569
466 570
466 571
466 572
466 573
466 574
466 575
466 597
466 599
466 600
466 601
466 602
466 604
466 605
466 606
466 607
466 608
466 609
466 610
466 611
466 612
466 613
466 614
466 615
466 616
466 617
466 618
466 823
466 824
466 825
466 827
466 852
466 853
467 468
467 469
467 470
467 471
467 472
467 473
467 474
467 475
467 476
467 477
467 478
467 479
467 480
467 481
467 482
467 488
467 551
467 552
467 553
467 555
467 556
467 557
467 558
467 559
467 560
467 561
467 562
467 563
467 564
467 565
467 566
467 567
467 568
467 569
467 570
467 571
467 572
467 573
467 574
467 598
467 599
467 600
467 601
467 602
467 604
467 605
467 606
467 607
467 608
467 609
467 610
467 611
467 612
467 613
467 614
467 615
467 616
467 617
467 618
467 619
467 646
467 686
467 825
467 826
467 827
467 828
467 852
468 469
468 470
468 471
468 472
468 473
468 474
468 475
468 476
468 477
468 478
468 479
468 480
468 481
468 482
468 551
468 552
468 554
468 555
468 556
468 557
468 558
468 559
468 561
468 562
468 563
468 564
468 565
468 566
468 567
468 568
468 569
468 570
468 571
468 572
468 573
468 575
468 597
468 600
468 602
468 604
468 605
468 606
468 607
468 608
468 609
468 610
468 611
468 612
468 613
468 614
468 615
468 616
468 617
468 618
468 822
468 827
468 828
468 852
468 853
468 854
469 470
469 471
469 472
469 473
469 474
469 475
469 476
469 477
469 478
469 479
469 480
469 481
469 482
469 508
469 549
469 551
469 554
469 556
469 557
469 558
469 559
469 560
469 561
469 562
469 563
469 564
469 565
469 566
469 567
469 568
469 569
469 570
469 571
469 572
469 573
469 574
469 596
469 599
469 600
469 603
469 604
469 605
469 606
469 607
469 608
469 609
469 610
469 611
469 612
469 613
469 614
469 615
469 616
469 617
469 618
469 807
469 821
469 822
469 823
469 825
469 828
469 829
469 851
469 852
469 875
470 471
470 472
470 473
470 474
470 475
470 476
470 477
470 478
470 479
470 480
470 481
470 482
470 483
470 496
470 551
470 553
470 555
470 556
470 557
470 558
470 559
470 560
470 561
470 562
470 563
470 564
470 565
470 566
470 567
470 568
470 569
470 570
470 571
470 572
470 573
470 574
470 575
470 597
470 598
470 600
470 601
470 602
470 603
470 605
470 606
470 607
470 608
470 610
470 611
470 612
470 613
470 614
470 615
470 616
470 617
470 618
470 666
470 669
470 822
470 825
470 828
470 830
470 852
470 854
471 472
471 473
471 474
471 475
471 476
471 477
471 478
471 479
471 480
471 481
471 482
471 498
471 552
471 554
471 555
471 556
471 557
471 559
471 560
471 561
471 562
471 563
471 564
471 565
471 566
471 567
471 568
471 569
471 570
471 571
471 572
471 573
471 574
471 600
471 601
471 602
471 603
471 604
471 605
471 606
471 607
471 608
471 609
471 610
471 611
471 612
471 613
471 614
471 615
471 616
471 617
471 618
471 667
471 820
471 824
471 825
471 828
471 855
472 473
472 474
472 475
472 476
472 477
472 478
472 479
472 480
472 481
472 482
472 518
472 550
472 553
472 554
472 555
472 556
472 557
472 558
472 559
472 560
472 561
472 562
472 563
472 564
472 565
472 566
472 567
472 568
472 569
472 570
472 571
472 572
472 573
472 574
472 575
472 585
472 599
472 601
472 602
472 603
472 604
472 605
472 606
472 607
472 608
472 609
472 610
472 611
472 612
472 613
472 614
472 615
472 616
472 617
472 618
472 619
472 667
472 794
472 823
472 826
472 827
472 828
472 923
473 474
473 475
473 476
473 477
473 478
473 479
473 480
473 481
473 482
473 483
473 552
473 554
473 555
473 557
473 558
473 559
473 560
473 561
473 562
473 563
473 564
473 565
473 566
473 567
473 568
473 569
473 570
473 571
473 572
473 573
473 574
473 575
473 598
473 601
473 603
473 604
473 605
473 606
473 607
473 608
473 609
473 610
473 611
473 612
473 613
473 614
473 615
473 616
473 617
473 618
473 621
473 666
473 668
473 825
473 826
473 827
473 828
473 829
473 831
473 897
473 962
474 475
474 476
474 477
474 478
474 479
474 480
474 481
474 482
474 483
474 519
474 550
474 552
474 556
474 557
474 558
474 559
474 560
474 561
474 562
474 563
474 564
474 565
474 566
474 567
474 568
474 569
474 570
474 571
474 572
474 573
474 574
474 575
474 596
474 598
474 599
474 601
474 602
474 604
474 605
474 607
474 609
474 610
474 611
474 612
474 613
474 614
474 615
474 616
474 617
474 618
474 619
474 620
474 656
474 698
474 825
474 826
474 827
474 828
474 853
474 854
475 476
475 477
475 478
475 479
475 480
475 481
475 482
475 483
475 495
475 497
475 499
475 519
475 553
475 555
475 557
475 561
475 562
475 563
475 564
475 565
475 566
475 567
475 568
475 569
475 570
475 571
475 572
475 573
475 574
475 575
475 576
475 599
475 600
475 602
475 603
475 604
475 605
475 607
475 608
475 609
475 610
475 611
475 612
475 613
475 614
475 615
475 616
475 617
475 618
475 619
475 693
475 695
475 805
475 826
475 827
475 828
475 829
475 831
475 853
475 854
475 874
475 876
475 877
476 477
476 478
476 479
476 480
476 481
476 482
476 483
476 494
476 498
476 518
476 519
476 525
476 550
476 551
476 552
476 554
476 555
476 557
476 559
476 560
476 561
476 562
476 563
476 564
476 565
476 566
476 567
476 568
476 569
476 570
476 571
476 572
476 573
476 574
476 575
476 577
476 600
476 601
476 602
476 603
476 605
476 606
476 607
476 608
476 609
476 610
476 611
476 612
476 613
476 614
476 615
476 616
476 617
476 618
476 619
476 622
476 668
476 686
476 716
476 796
476 821
476 826
476 827
476 828
476 829
476 830
476 832
476 851
476 855
476 882
476 995
477 478
477 479
477 480
477 481
477 482
477 483
477 489
477 496
477 507
477 508
477 548
477 550
477 553
477 554
477 555
477 556
477 558
477 559
477 560
477 561
477 562
477 563
477 564
477 565
477 566
477 567
477 568
477 569
477 570
477 571
477 572
477 573
477 574
477 576
477 597
477 598
477 599
477 600
477 601
477 603
477 604
477 605
477 606
477 607
477 608
477 609
477 610
477 611
477 612
477 613
477 614
477 615
477 616
477 617
477 618
477 619
477 667
477 668
477 699
477 797
477 799
477 823
477 825
477 826
477 827
477 828
477 829
477 830
477 854
477 860
477 861
477 871
477 881
477 901
477 963
478 479
478 480
478 481
478 482
478 483
478 488
478 499
478 509
478 513
478 526
478 551
478 552
478 555
478 556
478 557
478 558
478 559
478 560
478 561
478 562
478 563
478 564
478 565
478 566
478 567
478 568
478 569
478 570
478 571
478 572
478 573
478 574
478 575
478 576
478 590
478 599
478 602
478 603
478 604
478 605
478 606
478 607
478 608
478 609
478 610
478 611
478 612
478 613
478 614
478 615
478 616
478 617
478 618
478 619
478 620
478 621
478 640
478 741
478 774
478 821
478 825
478 826
478 828
478 829
478 850
478 855
478 856
478 861
478 875
478 950
479 480
479 481
479 482
479 483
479 486
479 498
479 508
479 519
479 550
479 553
479 554
479 555
479 556
479 557
479 558
479 560
479 561
479 562
479 564
479 565
479 566
479 567
479 568
479 569
479 570
479 571
479 572
479 573
479 574
479 575
479 576
479 597
479 602
479 603
479 604
479 605
479 606
479 607
479 608
479 609
479 610
479 611
479 612
479 613
479 614
479 615
479 616
479 617
479 618
479 619
479 620
479 668
479 669
479 685
479 687
479 694
479 695
479 700
479 705
479 717
479 740
479 761
479 795
479 796
479 802
479 824
479 826
479 827
479 829
479 830
479 831
479 836
479 853
479 854
479 855
479 856
479 862
479 863
479 865
479 866
479 877
479 878
479 889
479 897
479 928
479 954
479 964
480 481
480 482
480 483
480 499
480 507
480 525
480 529
480 552
480 554
480 555
480 556
480 557
480 558
480 559
480 560
480 561
480 562
480 563
480 565
480 566
480 567
480 568
480 569
480 570
480 571
480 572
480 573
480 574
480 575
480 576
480 599
480 601
480 603
480 605
480 606
480 607
480 608
480 609
480 610
480 611
480 612
480 613
480 614
480 615
480 616
480 617
480 618
480 619
480 620
480 656
480 661
480 667
480 668
480 669
480 695
480 698
480 699
480 742
480 823
480 828
480 829
480 830
480 832
480 859
480 877
480 878
480 996
481 482
481 483
481 492
481 499
481 507
481 508
481 520
481 545
481 549
481 552
481 556
481 557
481 558
481 559
481 560
481 561
481 562
481 563
481 564
481 565
481 566
481 567
481 568
481 569
481 570
481 571
481 572
481 573
481 574
481 575
481 576
481 577
481 597
481 599
481 600
481 601
481 604
481 605
481 606
481 607
481 608
481 609
481 610
481 611
481 612
481 613
481 614
481 615
481 616
481 617
481 618
481 619
481 620
481 650
481 651
481 668
481 669
481 671
481 699
481 717
481 718
481 768
481 808
481 823
481 824
481 826
481 827
481 831
481 832
481 833
481 850
481 852
481 853
481 854
481 855
481 856
481 857
481 861
481 876
481 877
481 884
482 483
482 484
482 496
482 549
482 551
482 554
482 555
482 557
482 559
482 560
482 561
482 562
482 563
482 564
482 565
482 566
482 567
482 568
482 569
482 570
482 571
482 572
482 573
482 574
482 575
482 576
482 577
482 597
482 598
482 599
482 601
482 602
482 603
482 604
482 605
482 607
482 608
482 609
482 610
482 611
482 612
482 613
482 614
482 615
482 616
482 617
482 618
482 619
482 650
482 657
482 696
482 697
482 798
482 816
482 822
482 823
482 824
482 840
482 850
482 927
483 572
483 613
483 732
483 798
483 831
483 899
484 578
484 686
484 819
487 564
495 549
495 550
495 603
495 604
495 605
495 609
495 612
495 828
496 509
496 610
496 612
497 571
497 610
497 614
498 572
498 573
498 607
498 616
498 618
500 706
508 615
508 700
509 574
513 571
517 574
518 607
519 856
520 618
521 908
548 550
548 561
548 566
548 571
549 550
549 561
549 564
549 573
549 598
549 600
549 602
549 824
549 827
549 853
549 854
550 555
550 558
550 559
550 569
550 570
550 573
550 574
550 601
550 602
550 605
550 606
550 610
550 612
550 613
550 615
550 823
550 824
550 828
551 555
551 556
551 561
551 562
551 563
551 565
551 566
551 573
551 595
551 601
551 611
551 612
551 614
551 823
552 553
552 554
552 555
552 556
552 561
552 564
552 565
552 566
552 567
552 569
552 570
552 572
552 599
552 600
552 603
552 606
552 607
552 608
552 611
552 613
552 615
552 619
552 824
552 825
552 826
552 827
552 828
553 555
553 556
553 557
553 558
553 563
553 567
553 571
553 572
553 600
553 601
553 602
553 603
553 604
553 605
553 606
553 611
553 612
553 613
553 614
553 615
553 616
553 617
553 618
553 825
553 826
554 556
554 557
554 558
554 559
554 560
554 561
554 563
554 564
554 566
554 569
554 570
554 572
554 574
554 600
554 601
554 602
554 603
554 604
554 605
554 606
554 607
554 608
554 609
554 612
554 613
554 614
554 615
554 616
554 617
554 618
554 821
554 822
554 823
554 824
554 826
554 827
554 828
554 852
554 871
555 556
555 557
555 558
555 559
555 560
555 561
555 565
555 566
555 568
555 570
555 571
555 572
555 573
555 574
555 596
555 598
555 599
555 600
555 601
555 602
555 603
555 604
555 605
555 606
555 611
555 612
555 613
555 614
555 615
555 617
555 618
555 825
555 826
556 558
556 559
556 560
556 561
556 562
556 563
556 564
556 566
556 569
556 570
556 572
556 573
556 574
556 597
556 598
556 599
556 602
556 603
556 604
556 605
556 607
556 608
556 609
556 610
556 611
556 612
556 613
556 614
556 616
556 617
556 618
556 824
556 826
556 827
556 829
556 853
557 558
557 560
557 561
557 562
557 563
557 566
557 567
557 569
557 570
557 571
557 572
557 573
557 574
557 597
557 599
557 601
557 603
557 604
557 605
557 606
557 607
557 608
557 609
557 611
557 612
557 613
557 614
557 616
557 617
557 824
557 826
557 851
558 561
558 562
558 563
558 564
558 565
558 566
558 567
558 568
558 569
558 570
558 572
558 573
558 574
558 595
558 596
558 597
558 598
558 599
558 600
558 602
558 603
558 605
558 606
558 607
558 608
558 609
558 610
558 611
558 612
558 613
558 614
558 615
558 617
558 826
558 828
558 854
558 855
559 560
559 561
559 562
559 563
559 564
559 565
559 566
559 567
559 568
559 570
559 571
559 572
559 573
559 574
559 598
559 600
559 602
559 604
559 605
559 606
559 607
559 608
559 609
559 611
559 612
559 614
559 615
559 616
559 617
559 618
559 822
559 824
559 827
559 828
559 851
559 852
560 561
560 562
560 563
560 564
560 565
560 566
560 567
560 568
560 569
560 570
560 571
560 572
560 573
560 574
560 596
560 602
560 603
560 604
560 605
560 606
560 607
560 608
560 609
560 610
560 611
560 612
560 613
560 614
560 615
560 616
560 617
560 822
560 823
560 825
560 827
560 829
561 563
561 564
561 565
561 566
561 567
561 568
561 569
561 570
561 571
561 572
561 573
561 574
561 575
561 598
561 601
561 602
561 603
561 604
561 605
561 606
561 607
561 608
561 609
561 610
561 611
561 612
561 613
561 614
561 615
561 616
561 617
561 618
561 667
561 821
561 822
561 824
561 853
561 854
562 563
562 564
562 565
562 567
562 568
562 569
562 570
562 571
562 572
562 573
562 574
562 598
562 600
562 602
562 603
562 604
562 606
562 607
562 608
562 609
562 610
562 611
562 612
562 613
562 614
562 615
562 616
562 617
562 618
562 821
562 826
562 827
562 852
562 854
563 564
563 565
563 566
563 567
563 568
563 569
563 571
563 572
563 573
563 574
563 596
563 602
563 603
563 604
563 605
563 606
563 607
563 608
563 609
563 610
563 612
563 613
563 614
563 615
563 616
563 617
563 618
563 824
563 825
563 826
563 827
563 828
563 851
563 854
563 928
564 565
564 566
564 567
564 568
564 569
564 570
564 571
564 572
564 573
564 574
564 575
564 597
564 598
564 599
564 600
564 603
564 604
564 605
564 606
564 607
564 608
564 609
564 610
564 611
564 612
564 613
564 614
564 615
564 616
564 617
564 618
564 620
564 824
564 826
564 829
564 853
564 854
564 855
565 567
565 568
565 569
565 570
565 571
565 572
565 573
565 596
565 600
565 602
565 603
565 604
565 605
565 606
565 607
565 608
565 609
565 611
565 612
565 613
565 614
565 615
565 616
565 617
565 618
565 619
565 823
565 825
565 826
565 827
565 828
565 853
565 854
565 855
566 567
566 568
566 569
566 570
566 571
566 572
566 573
566 574
566 575
566 598
566 602
566 603
566 604
566 605
566 606
566 607
566 608
566 609
566 610
566 611
566 612
566 613
566 614
566 615
566 616
566 617
566 618
566 743
566 823
566 825
566 826
566 828
566 854
567 568
567 569
567 570
567 571
567 572
567 573
567 574
567 596
567 597
567 599
567 600
567 601
567 602
567 603
567 604
567 605
567 606
567 607
567 608
567 609
567 610
567 611
567 612
567 613
567 614
567 615
567 616
567 617
567 618
567 773
567 822
567 825
567 826
567 828
567 829
567 851
567 852
567 855
567 876
568 569
568 570
568 571
568 572
568 573
568 574
568 597
568 599
568 600
568 601
568 602
568 603
568 604
568 605
568 606
568 608
568 609
568 610
568 611
568 612
568 613
568 614
568 615
568 616
568 617
568 618
568 821
568 823
568 826
568 828
568 829
568 853
569 570
569 571
569 572
569 573
569 574
569 596
569 599
569 601
569 603
569 604
569 605
569 606
569 609
569 610
569 611
569 612
569 613
569 614
569 615
569 616
569 617
569 618
569 619
569 823
569 825
569 827
570 571
570 572
570 573
570 602
570 604
570 605
570 606
570 607
570 608
570 609
570 610
570 611
570 612
570 613
570 614
570 615
570 616
570 617
570 618
570 619
570 824
570 825
570 826
570 850
570 852
570 853
570 854
571 572
571 573
571 574
571 576
571 595
571 597
571 598
571 599
571 604
571 605
571 606
571 607
571 608
571 609
571 610
571 611
571 612
571 613
571 614
571 615
571 616
571 617
571 618
571 824
571 825
571 828
571 829
571 852
571 861
571 877
572 573
572 574
572 575
572 596
572 600
572 601
572 602
572 603
572 604
572 605
572 606
572 607
572 608
572 609
572 610
572 611
572 612
572 613
572 614
572 615
572 616
572 617
572 692
572 824
572 825
572 826
572 827
572 832
572 852
572 853
573 574
573 586
573 597
573 600
573 603
573 604
573 605
573 606
573 607
573 608
573 609
573 610
573 611
573 612
573 613
573 614
573 615
573 616
573 617
573 618
573 798
573 820
573 825
573 826
573 827
573 828
573 829
573 877
574 575
574 597
574 598
574 601
574 603
574 604
574 607
574 608
574 609
574 610
574 611
574 612
574 613
574 614
574 615
574 616
574 617
574 618
574 824
574 825
574 827
575 601
575 608
575 616
575 827
577 961
578 620
585 830
591 833
595 596
595 600
595 602
595 612
595 613
595 853
596 597
596 607
596 608
596 610
596 612
596 820
596 821
596 823
596 826
596 827
597 599
597 600
597 602
597 603
597 604
597 605
597 607
597 613
597 615
597 617
597 822
597 823
597 824
597 850
597 853
598 599
598 600
598 601
598 602
598 603
598 604
598 605
598 606
598 607
598 611
598 612
598 618
598 619
598 852
599 600
599 602
599 604
599 607
599 610
599 612
599 616
599 617
599 618
599 667
599 824
599 826
600 606
600 608
600 612
600 613
600 615
600 616
600 617
600 618
600 826
600 852
600 854
600 855
601 602
601 603
601 604
601 605
601 606
601 607
601 610
601 612
601 613
601 615
601 616
601 617
601 618
601 821
601 823
601 824
601 825
601 826
601 827
601 851
601 852
602 603
602 604
602 605
602 606
602 607
602 608
602 609
602 610
602 611
602 613
602 614
602 615
602 616
602 617
602 618
602 823
602 825
602 826
602 827
602 851
602 853
603 604
603 605
603 606
603 610
603 612
603 613
603 616
603 617
603 618
603 821
603 825
603 826
603 827
603 851
603 853
604 605
604 606
604 607
604 608
604 609
604 610
604 612
604 613
604 614
604 615
604 617
604 618
604 823
604 825
604 852
605 607
605 609
605 610
605 611
605 612
605 613
605 614
605 615
605 616
605 618
605 825
605 827
605 828
605 852
606 608
606 609
606 610
606 611
606 612
606 613
606 614
606 615
606 616
606 617
606 619
606 822
606 823
606 826
606 827
606 828
606 831
606 853
606 874
607 608
607 609
607 610
607 611
607 612
607 613
607 614
607 615
607 616
607 617
607 618
607 822
607 823
607 824
607 825
607 827
607 828
607 851
607 852
607 854
608 609
608 610
608 611
608 612
608 613
608 614
608 615
608 616
608 617
608 618
608 619
608 668
608 767
608 823
608 824
608 825
608 827
608 853
609 610
609 611
609 612
609 613
609 614
609 615
609 616
609 617
609 618
609 619
609 823
609 824
609 825
609 827
609 828
610 611
610 612
610 613
610 614
610 615
610 616
610 617
610 618
610 619
610 822
610 824
610 825
610 826
610 828
611 612
611 613
611 614
611 615
611 616
611 617
611 618
611 619
611 822
611 823
611 826
611 827
611 851
611 853
611 854
611 855
612 613
612 614
612 615
612 616
612 617
612 828
613 614
613 615
613 616
613 617
613 618
613 825
613 827
614 615
614 616
614 617
614 618
614 619
614 622
614 667
614 795
614 827
614 828
614 830
614 854
615 616
615 617
615 618
615 821
615 822
615 823
615 824
615 825
615 826
615 853
615 855
615 900
616 617
616 618
616 619
616 821
616 824
616 825
616 826
616 827
616 829
616 830
616 851
616 852
616 853
616 854
617 618
617 827
617 828
617 853
618 620
618 623
618 826
618 828
619 826
619 828
619 856
619 938
621 796
655 926
742 981
751 871
755 832
801 831
820 851
821 828
822 850
823 852
823 854
825 827
826 827
827 828
829 876
850 852
851 853
852 854
853 854
858 897
872 885
