8 505
9 255
17 396
30 400
31 816
35 663
36 594
44 732
49 581
50 901
57 165
63 961
67 254
71 897
72 605
78 443
78 815
84 870
85 474
86 961
87 476
89 897
91 126
94 921
99 898
110 390
114 733
120 418
123 549
124 965
125 549
126 920
127 503
132 587
151 366
166 550
174 550
175 900
176 475
187 602
208 635
209 943
210 951
244 652
244 964
245 816
256 448
305 587
307 899
319 974
349 927
351 499
362 546
364 596
365 504
365 511
372 497
391 471
397 505
412 616
413 855
423 833
444 818
448 662
449 637
473 512
473 550
474 817
477 642
480 900
481 513
498 636
498 817
502 548
506 636
511 551
511 991
512 617
512 635
519 585
520 586
539 897
547 586
548 693
549 711
549 816
550 586
551 595
574 980
580 796
584 962
585 586
724 829
800 816
815 979
816 915
817 970
849 898
885 966
965 992
