1 651
1 976
2 653
2 978
3 65
6 53
7 652
12 651
13 233
22 651
23 638
24 60
26 581
32 40
32 45
32 60
32 361
32 639
32 680
32 977
33 36
33 42
33 49
33 61
33 197
33 227
33 360
33 368
33 620
33 622
33 623
33 624
33 626
33 634
33 636
33 640
33 672
33 675
33 954
33 956
33 958
33 961
33 963
33 970
33 979
34 46
34 50
34 55
34 58
34 59
34 61
34 197
34 199
34 201
34 202
34 362
34 365
34 375
34 619
34 623
34 624
34 625
34 626
34 627
34 629
34 636
34 638
34 639
34 641
34 646
34 649
34 650
34 652
34 653
34 668
34 671
34 672
34 676
34 677
34 678
34 680
34 951
34 954
34 956
34 962
34 965
34 967
34 969
34 973
34 976
34 979
35 36
35 45
35 46
35 47
35 48
35 49
35 51
35 52
35 58
35 60
35 199
35 330
35 359
35 362
35 364
35 366
35 367
35 369
35 374
35 618
35 619
35 621
35 623
35 624
35 625
35 627
35 628
35 629
35 630
35 631
35 632
35 634
35 635
35 636
35 637
35 639
35 645
35 646
35 647
35 650
35 652
35 660
35 666
35 669
35 671
35 673
35 674
35 677
35 680
35 682
35 949
35 951
35 952
35 954
35 955
35 960
35 964
35 966
35 967
35 968
35 969
35 971
35 972
35 977
35 980
36 38
36 39
36 40
36 43
36 44
36 46
36 48
36 49
36 52
36 53
36 54
36 55
36 59
36 61
36 194
36 197
36 202
36 361
36 363
36 364
36 365
36 366
36 367
36 370
36 372
36 374
36 375
36 473
36 539
36 619
36 620
36 621
36 623
36 628
36 629
36 630
36 632
36 633
36 634
36 635
36 639
36 641
36 642
36 643
36 645
36 647
36 648
36 649
36 650
36 653
36 654
36 667
36 673
36 674
36 676
36 678
36 679
36 680
36 950
36 953
36 957
36 959
36 963
36 964
36 966
36 967
36 968
36 970
36 971
36 972
36 973
36 975
36 976
36 979
37 38
37 40
37 43
37 45
37 46
37 47
37 48
37 49
37 50
37 51
37 53
37 54
37 57
37 58
37 59
37 60
37 62
37 195
37 196
37 197
37 198
37 199
37 202
37 227
37 361
37 362
37 363
37 365
37 368
37 370
37 371
37 372
37 373
37 374
37 375
37 618
37 623
37 624
37 626
37 627
37 629
37 630
37 632
37 633
37 634
37 635
37 638
37 639
37 640
37 641
37 642
37 643
37 644
37 645
37 647
37 648
37 649
37 651
37 665
37 668
37 670
37 674
37 676
37 678
37 680
37 682
37 949
37 952
37 953
37 954
37 955
37 956
37 957
37 958
37 960
37 961
37 962
37 964
37 966
37 968
37 970
37 971
37 972
37 973
37 974
37 975
37 978
38 40
38 41
38 42
38 43
38 47
38 48
38 49
38 51
38 52
38 53
38 54
38 55
38 57
38 61
38 178
38 194
38 196
38 198
38 199
38 201
38 203
38 278
38 363
38 364
38 366
38 368
38 369
38 370
38 372
38 374
38 375
38 411
38 622
38 623
38 624
38 626
38 629
38 631
38 632
38 634
38 635
38 636
38 637
38 638
38 639
38 640
38 642
38 645
38 646
38 649
38 651
38 652
38 653
38 666
38 668
38 671
38 672
38 673
38 674
38 675
38 677
38 678
38 680
38 683
38 690
38 953
38 954
38 955
38 956
38 957
38 958
38 960
38 966
38 967
38 969
38 970
38 971
38 972
38 975
38 977
38 978
39 40
39 41
39 43
39 44
39 45
39 46
39 47
39 49
39 51
39 52
39 54
39 55
39 56
39 57
39 58
39 59
39 60
39 62
39 197
39 198
39 199
39 201
39 202
39 226
39 360
39 361
39 362
39 364
39 366
39 367
39 368
39 369
39 370
39 371
39 372
39 373
39 374
39 375
39 472
39 591
39 620
39 622
39 626
39 627
39 628
39 629
39 632
39 633
39 634
39 635
39 636
39 639
39 640
39 641
39 642
39 643
39 644
39 646
39 648
39 649
39 651
39 653
39 665
39 668
39 669
39 670
39 672
39 673
39 674
39 675
39 678
39 679
39 680
39 681
39 683
39 951
39 952
39 953
39 954
39 956
39 957
39 958
39 960
39 961
39 962
39 964
39 965
39 966
39 969
39 970
39 971
39 972
39 973
39 975
39 976
39 978
39 980
40 41
40 42
40 43
40 44
40 45
40 46
40 47
40 48
40 49
40 51
40 52
40 53
40 54
40 55
40 56
40 58
40 60
40 196
40 197
40 199
40 200
40 201
40 202
40 225
40 227
40 363
40 364
40 365
40 366
40 367
40 368
40 370
40 371
40 374
40 375
40 376
40 472
40 619
40 620
40 624
40 626
40 629
40 630
40 631
40 632
40 633
40 634
40 635
40 636
40 639
40 640
40 641
40 642
40 643
40 644
40 645
40 646
40 647
40 648
40 649
40 651
40 652
40 653
40 654
40 671
40 672
40 673
40 675
40 680
40 681
40 952
40 953
40 957
40 958
40 959
40 960
40 961
40 963
40 964
40 965
40 966
40 967
40 968
40 969
40 970
40 973
40 974
40 975
40 976
40 977
40 978
40 979
41 42
41 44
41 45
41 46
41 47
41 48
41 49
41 52
41 53
41 54
41 56
41 57
41 58
41 59
41 61
41 62
41 195
41 197
41 198
41 199
41 200
41 201
41 202
41 226
41 361
41 363
41 364
41 365
41 366
41 367
41 369
41 370
41 372
41 373
41 374
41 375
41 622
41 623
41 624
41 625
41 626
41 628
41 629
41 630
41 631
41 632
41 633
41 634
41 635
41 636
41 637
41 638
41 640
41 642
41 643
41 645
41 646
41 648
41 649
41 650
41 653
41 654
41 666
41 668
41 669
41 671
41 672
41 673
41 674
41 675
41 676
41 677
41 678
41 679
41 680
41 681
41 682
41 683
41 949
41 953
41 954
41 955
41 957
41 958
41 959
41 960
41 961
41 962
41 964
41 965
41 967
41 968
41 969
41 970
41 971
41 974
41 975
41 976
41 977
41 978
41 980
42 43
42 44
42 45
42 46
42 47
42 48
42 49
42 50
42 51
42 52
42 53
42 54
42 55
42 56
42 57
42 59
42 60
42 61
42 62
42 193
42 194
42 195
42 198
42 199
42 200
42 201
42 202
42 203
42 225
42 227
42 361
42 362
42 363
42 365
42 367
42 368
42 369
42 371
42 372
42 373
42 375
42 619
42 622
42 623
42 624
42 626
42 627
42 629
42 630
42 632
42 634
42 635
42 636
42 638
42 640
42 641
42 642
42 643
42 644
42 645
42 646
42 647
42 648
42 649
42 650
42 651
42 652
42 653
42 654
42 670
42 671
42 673
42 674
42 675
42 676
42 677
42 678
42 679
42 680
42 681
42 682
42 683
42 949
42 951
42 954
42 955
42 956
42 957
42 958
42 959
42 960
42 961
42 962
42 963
42 964
42 965
42 966
42 967
42 968
42 969
42 971
42 972
42 974
42 975
42 977
42 978
42 979
42 980
43 44
43 45
43 46
43 47
43 48
43 49
43 50
43 51
43 52
43 53
43 54
43 55
43 56
43 57
43 58
43 59
43 60
43 62
43 194
43 195
43 196
43 198
43 199
43 200
43 201
43 202
43 205
43 226
43 330
43 358
43 360
43 362
43 363
43 364
43 365
43 367
43 368
43 369
43 370
43 371
43 372
43 373
43 374
43 375
43 473
43 579
43 623
43 624
43 625
43 626
43 627
43 628
43 629
43 630
43 631
43 632
43 633
43 634
43 635
43 637
43 638
43 639
43 640
43 641
43 642
43 643
43 644
43 645
43 647
43 649
43 650
43 651
43 652
43 653
43 654
43 665
43 668
43 670
43 671
43 672
43 673
43 674
43 675
43 676
43 677
43 678
43 679
43 681
43 682
43 683
43 951
43 953
43 956
43 958
43 959
43 960
43 961
43 962
43 963
43 964
43 965
43 966
43 968
43 969
43 970
43 971
43 972
43 974
43 975
43 977
43 978
43 979
43 980
44 46
44 47
44 48
44 49
44 50
44 51
44 52
44 53
44 56
44 57
44 58
44 60
44 61
44 195
44 197
44 198
44 199
44 200
44 202
44 203
44 359
44 363
44 364
44 365
44 366
44 367
44 368
44 369
44 370
44 371
44 372
44 373
44 374
44 375
44 471
44 624
44 626
44 628
44 629
44 630
44 631
44 632
44 633
44 634
44 635
44 636
44 637
44 638
44 639
44 640
44 642
44 643
44 644
44 645
44 646
44 647
44 648
44 649
44 650
44 651
44 652
44 653
44 654
44 667
44 669
44 670
44 671
44 672
44 673
44 674
44 676
44 677
44 678
44 679
44 680
44 681
44 682
44 951
44 953
44 954
44 955
44 956
44 957
44 959
44 961
44 963
44 964
44 965
44 966
44 967
44 968
44 969
44 970
44 971
44 972
44 973
44 974
44 975
44 977
44 978
44 979
45 46
45 47
45 48
45 49
45 50
45 51
45 52
45 53
45 54
45 55
45 56
45 57
45 58
45 59
45 60
45 61
45 62
45 194
45 195
45 197
45 198
45 199
45 200
45 201
45 202
45 203
45 361
45 362
45 363
45 366
45 368
45 369
45 370
45 371
45 372
45 373
45 374
45 375
45 622
45 623
45 626
45 627
45 628
45 629
45 630
45 631
45 632
45 633
45 634
45 635
45 636
45 637
45 638
45 639
45 640
45 641
45 642
45 643
45 644
45 645
45 646
45 647
45 648
45 649
45 650
45 651
45 652
45 653
45 654
45 667
45 668
45 670
45 671
45 672
45 673
45 674
45 675
45 676
45 677
45 678
45 679
45 680
45 682
45 683
45 707
45 951
45 953
45 955
45 956
45 957
45 958
45 960
45 961
45 962
45 963
45 964
45 965
45 966
45 967
45 968
45 969
45 970
45 971
45 972
45 973
45 974
45 975
45 976
45 977
45 978
45 980
46 47
46 48
46 49
46 50
46 51
46 52
46 53
46 54
46 55
46 56
46 57
46 58
46 59
46 60
46 61
46 62
46 196
46 198
46 203
46 204
46 228
46 229
46 362
46 363
46 364
46 367
46 368
46 369
46 370
46 371
46 372
46 373
46 374
46 375
46 376
46 384
46 471
46 619
46 622
46 623
46 624
46 625
46 626
46 627
46 629
46 631
46 632
46 633
46 634
46 635
46 636
46 637
46 638
46 639
46 640
46 641
46 642
46 643
46 644
46 646
46 647
46 648
46 649
46 650
46 651
46 652
46 653
46 654
46 666
46 667
46 671
46 673
46 674
46 675
46 676
46 677
46 678
46 679
46 680
46 681
46 682
46 683
46 952
46 954
46 955
46 958
46 959
46 960
46 961
46 962
46 963
46 964
46 965
46 966
46 967
46 968
46 969
46 970
46 971
46 972
46 973
46 975
46 976
46 977
46 978
46 979
46 990
47 48
47 49
47 50
47 51
47 52
47 53
47 54
47 55
47 56
47 57
47 58
47 59
47 60
47 61
47 62
47 195
47 198
47 199
47 201
47 202
47 203
47 226
47 228
47 361
47 363
47 365
47 366
47 367
47 368
47 369
47 370
47 371
47 372
47 373
47 374
47 375
47 376
47 621
47 622
47 626
47 627
47 628
47 629
47 630
47 631
47 632
47 633
47 634
47 635
47 636
47 638
47 639
47 640
47 641
47 642
47 643
47 644
47 645
47 646
47 647
47 648
47 649
47 650
47 651
47 652
47 653
47 654
47 656
47 668
47 671
47 672
47 673
47 674
47 675
47 676
47 677
47 678
47 679
47 680
47 681
47 682
47 683
47 955
47 956
47 957
47 958
47 959
47 960
47 961
47 962
47 963
47 964
47 965
47 966
47 967
47 968
47 969
47 970
47 971
47 972
47 973
47 974
47 975
47 976
47 977
47 978
47 979
48 49
48 50
48 51
48 52
48 53
48 54
48 55
48 56
48 57
48 58
48 59
48 60
48 61
48 196
48 198
48 201
48 202
48 226
48 227
48 228
48 361
48 365
48 366
48 367
48 368
48 369
48 370
48 371
48 372
48 373
48 374
48 472
48 620
48 621
48 622
48 624
48 625
48 626
48 627
48 628
48 631
48 632
48 633
48 635
48 636
48 637
48 638
48 639
48 640
48 641
48 642
48 643
48 644
48 645
48 646
48 647
48 648
48 649
48 650
48 651
48 652
48 653
48 654
48 668
48 669
48 670
48 671
48 672
48 673
48 674
48 675
48 676
48 677
48 678
48 679
48 680
48 681
48 682
48 683
48 874
48 951
48 952
48 953
48 955
48 956
48 957
48 960
48 961
48 962
48 963
48 964
48 965
48 966
48 967
48 968
48 969
48 970
48 971
48 972
48 973
48 974
48 975
48 976
48 977
48 978
48 979
49 50
49 51
49 52
49 53
49 54
49 55
49 56
49 57
49 58
49 59
49 60
49 61
49 62
49 193
49 196
49 197
49 198
49 199
49 200
49 202
49 228
49 359
49 360
49 363
49 364
49 365
49 366
49 367
49 368
49 369
49 370
49 371
49 372
49 373
49 374
49 375
49 376
49 620
49 626
49 629
49 630
49 631
49 632
49 633
49 634
49 635
49 636
49 637
49 638
49 639
49 640
49 641
49 642
49 643
49 644
49 645
49 646
49 647
49 648
49 649
49 650
49 651
49 652
49 653
49 654
49 655
49 666
49 667
49 668
49 669
49 670
49 671
49 672
49 673
49 676
49 678
49 679
49 680
49 681
49 682
49 683
49 684
49 706
49 950
49 954
49 955
49 957
49 958
49 959
49 960
49 961
49 962
49 963
49 964
49 965
49 966
49 967
49 968
49 969
49 970
49 971
49 972
49 973
49 974
49 975
49 976
49 977
49 978
49 979
50 51
50 52
50 53
50 54
50 55
50 56
50 57
50 58
50 59
50 60
50 61
50 62
50 63
50 197
50 200
50 201
50 202
50 203
50 204
50 230
50 359
50 360
50 364
50 367
50 368
50 369
50 370
50 371
50 372
50 373
50 374
50 375
50 471
50 620
50 621
50 622
50 625
50 626
50 627
50 628
50 629
50 630
50 631
50 632
50 634
50 635
50 636
50 637
50 638
50 639
50 640
50 641
50 642
50 643
50 644
50 645
50 646
50 647
50 648
50 649
50 650
50 651
50 652
50 653
50 654
50 666
50 667
50 669
50 671
50 672
50 673
50 675
50 676
50 677
50 678
50 679
50 680
50 681
50 682
50 683
50 952
50 953
50 955
50 957
50 958
50 960
50 961
50 962
50 963
50 964
50 965
50 966
50 967
50 968
50 969
50 970
50 971
50 972
50 973
50 974
50 975
50 976
50 977
50 978
50 979
51 52
51 53
51 54
51 55
51 56
51 57
51 58
51 59
51 60
51 61
51 62
51 196
51 198
51 199
51 200
51 201
51 227
51 228
51 360
51 361
51 365
51 366
51 367
51 368
51 370
51 371
51 372
51 373
51 374
51 375
51 385
51 411
51 471
51 473
51 619
51 622
51 623
51 624
51 626
51 629
51 630
51 631
51 632
51 633
51 634
51 635
51 636
51 637
51 638
51 639
51 640
51 641
51 642
51 643
51 644
51 645
51 646
51 647
51 648
51 649
51 650
51 651
51 652
51 653
51 654
51 655
51 670
51 671
51 672
51 673
51 674
51 676
51 677
51 678
51 680
51 681
51 682
51 683
51 805
51 951
51 952
51 954
51 955
51 958
51 959
51 960
51 961
51 962
51 963
51 964
51 965
51 966
51 967
51 968
51 969
51 970
51 971
51 972
51 973
51 974
51 975
51 976
51 977
51 978
51 979
52 53
52 54
52 55
52 56
52 57
52 58
52 59
52 60
52 61
52 195
52 198
52 199
52 200
52 201
52 202
52 227
52 359
52 363
52 365
52 366
52 367
52 368
52 369
52 370
52 371
52 372
52 373
52 374
52 375
52 376
52 581
52 621
52 622
52 624
52 626
52 628
52 629
52 630
52 631
52 632
52 633
52 635
52 636
52 637
52 638
52 639
52 640
52 641
52 642
52 643
52 644
52 645
52 646
52 647
52 648
52 649
52 650
52 651
52 652
52 653
52 654
52 667
52 670
52 672
52 673
52 674
52 675
52 677
52 678
52 679
52 680
52 681
52 682
52 683
52 692
52 875
52 954
52 955
52 956
52 957
52 958
52 959
52 960
52 961
52 962
52 963
52 964
52 965
52 966
52 967
52 968
52 969
52 970
52 971
52 972
52 973
52 974
52 975
52 976
52 977
52 978
52 979
53 54
53 55
53 56
53 57
53 58
53 59
53 60
53 61
53 62
53 63
53 94
53 196
53 198
53 199
53 201
53 202
53 203
53 225
53 226
53 364
53 365
53 366
53 367
53 368
53 369
53 370
53 371
53 372
53 374
53 375
53 385
53 622
53 623
53 625
53 626
53 627
53 628
53 629
53 631
53 632
53 633
53 634
53 635
53 636
53 637
53 638
53 639
53 640
53 641
53 642
53 643
53 644
53 645
53 646
53 647
53 648
53 649
53 650
53 651
53 652
53 653
53 654
53 655
53 665
53 666
53 667
53 670
53 671
53 672
53 673
53 674
53 675
53 676
53 677
53 678
53 679
53 680
53 681
53 682
53 683
53 707
53 791
53 951
53 953
53 954
53 955
53 956
53 957
53 959
53 960
53 961
53 962
53 963
53 964
53 965
53 966
53 967
53 968
53 969
53 970
53 971
53 972
53 973
53 974
53 975
53 976
53 977
53 978
53 979
54 55
54 56
54 57
54 58
54 59
54 60
54 61
54 62
54 196
54 197
54 199
54 200
54 201
54 202
54 203
54 204
54 227
54 266
54 359
54 360
54 361
54 362
54 364
54 365
54 366
54 367
54 369
54 370
54 371
54 372
54 373
54 374
54 375
54 376
54 471
54 579
54 621
54 623
54 625
54 626
54 627
54 629
54 630
54 631
54 632
54 633
54 634
54 635
54 636
54 637
54 638
54 639
54 640
54 641
54 642
54 643
54 644
54 645
54 646
54 647
54 648
54 649
54 650
54 651
54 652
54 653
54 654
54 667
54 668
54 669
54 670
54 671
54 672
54 673
54 674
54 675
54 676
54 677
54 678
54 679
54 680
54 681
54 682
54 683
54 684
54 686
54 950
54 952
54 954
54 955
54 956
54 957
54 958
54 959
54 960
54 961
54 962
54 963
54 964
54 965
54 966
54 967
54 968
54 969
54 970
54 971
54 972
54 973
54 974
54 975
54 976
54 977
54 978
54 979
54 980
55 56
55 57
55 58
55 59
55 60
55 61
55 62
55 65
55 194
55 197
55 199
55 200
55 201
55 203
55 206
55 230
55 364
55 365
55 366
55 367
55 368
55 369
55 370
55 371
55 372
55 373
55 374
55 375
55 471
55 472
55 622
55 624
55 625
55 626
55 628
55 629
55 630
55 631
55 632
55 634
55 635
55 636
55 637
55 638
55 639
55 640
55 641
55 642
55 643
55 644
55 645
55 646
55 647
55 648
55 649
55 650
55 651
55 652
55 653
55 654
55 666
55 668
55 669
55 670
55 671
55 672
55 673
55 674
55 676
55 677
55 678
55 679
55 680
55 681
55 682
55 683
55 875
55 951
55 952
55 953
55 954
55 955
55 956
55 957
55 958
55 959
55 960
55 961
55 962
55 963
55 964
55 965
55 966
55 967
55 968
55 969
55 970
55 971
55 972
55 973
55 974
55 975
55 976
55 977
55 978
55 979
55 980
56 57
56 58
56 59
56 60
56 61
56 62
56 196
56 197
56 198
56 199
56 200
56 201
56 203
56 204
56 225
56 226
56 227
56 363
56 364
56 365
56 367
56 368
56 369
56 370
56 371
56 372
56 373
56 374
56 375
56 377
56 581
56 620
56 623
56 624
56 626
56 627
56 628
56 629
56 630
56 631
56 632
56 633
56 634
56 635
56 636
56 637
56 638
56 639
56 640
56 641
56 642
56 643
56 644
56 645
56 646
56 647
56 648
56 649
56 650
56 651
56 652
56 653
56 654
56 655
56 666
56 667
56 669
56 670
56 672
56 673
56 674
56 675
56 676
56 677
56 678
56 679
56 680
56 681
56 682
56 683
56 948
56 953
56 956
56 957
56 958
56 959
56 961
56 962
56 963
56 964
56 965
56 966
56 967
56 968
56 969
56 970
56 971
56 972
56 973
56 974
56 975
56 976
56 977
56 978
56 979
56 980
57 58
57 59
57 60
57 61
57 62
57 197
57 198
57 199
57 200
57 201
57 202
57 203
57 229
57 230
57 263
57 359
57 362
57 365
57 366
57 367
57 368
57 369
57 370
57 371
57 372
57 373
57 374
57 375
57 376
57 377
57 471
57 591
57 620
57 622
57 624
57 626
57 627
57 629
57 630
57 631
57 632
57 633
57 634
57 635
57 636
57 637
57 638
57 639
57 640
57 641
57 642
57 643
57 644
57 645
57 646
57 647
57 648
57 649
57 650
57 651
57 652
57 653
57 654
57 655
57 666
57 668
57 669
57 670
57 672
57 673
57 674
57 675
57 676
57 677
57 678
57 679
57 680
57 681
57 682
57 683
57 684
57 708
57 950
57 951
57 953
57 954
57 955
57 956
57 958
57 959
57 960
57 961
57 962
57 963
57 964
57 965
57 966
57 967
57 968
57 969
57 970
57 971
57 972
57 973
57 974
57 975
57 976
57 977
57 978
57 979
57 980
58 59
58 60
58 61
58 62
58 150
58 195
58 198
58 201
58 203
58 358
58 359
58 362
58 363
58 365
58 366
58 367
58 369
58 370
58 371
58 372
58 373
58 374
58 375
58 376
58 474
58 620
58 623
58 624
58 626
58 627
58 628
58 629
58 631
58 632
58 633
58 634
58 635
58 636
58 637
58 638
58 639
58 640
58 641
58 642
58 643
58 644
58 645
58 646
58 647
58 648
58 649
58 650
58 651
58 652
58 653
58 654
58 667
58 668
58 670
58 672
58 673
58 674
58 675
58 676
58 677
58 678
58 679
58 680
58 681
58 682
58 683
58 952
58 953
58 954
58 955
58 956
58 958
58 959
58 960
58 961
58 962
58 963
58 964
58 965
58 966
58 967
58 968
58 969
58 970
58 971
58 972
58 973
58 974
58 975
58 976
58 977
58 978
58 979
59 60
59 61
59 62
59 77
59 197
59 198
59 199
59 201
59 202
59 203
59 225
59 230
59 264
59 360
59 362
59 363
59 364
59 365
59 366
59 367
59 368
59 369
59 370
59 371
59 372
59 373
59 374
59 375
59 384
59 414
59 580
59 624
59 626
59 627
59 628
59 629
59 630
59 631
59 632
59 633
59 634
59 635
59 636
59 637
59 638
59 639
59 640
59 641
59 642
59 643
59 644
59 645
59 646
59 647
59 648
59 649
59 650
59 651
59 652
59 653
59 654
59 655
59 670
59 671
59 672
59 673
59 674
59 676
59 677
59 678
59 679
59 680
59 681
59 682
59 683
59 784
59 952
59 953
59 954
59 956
59 957
59 958
59 959
59 960
59 961
59 962
59 963
59 964
59 965
59 966
59 967
59 968
59 969
59 970
59 971
59 972
59 973
59 974
59 975
59 976
59 977
59 978
59 979
59 980
60 61
60 62
60 195
60 197
60 198
60 199
60 201
60 202
60 203
60 228
60 360
60 363
60 364
60 365
60 368
60 369
60 370
60 371
60 372
60 373
60 374
60 375
60 473
60 621
60 622
60 623
60 624
60 626
60 627
60 628
60 629
60 630
60 631
60 632
60 634
60 635
60 636
60 637
60 638
60 639
60 640
60 641
60 642
60 643
60 644
60 645
60 646
60 647
60 648
60 649
60 650
60 651
60 652
60 653
60 654
60 656
60 669
60 670
60 671
60 672
60 674
60 675
60 676
60 677
60 678
60 679
60 680
60 681
60 682
60 683
60 949
60 950
60 952
60 953
60 954
60 955
60 956
60 958
60 959
60 960
60 961
60 962
60 963
60 964
60 965
60 966
60 967
60 968
60 969
60 970
60 971
60 972
60 973
60 974
60 975
60 976
60 977
60 978
60 979
60 980
61 62
61 150
61 194
61 195
61 196
61 200
61 201
61 203
61 204
61 228
61 351
61 361
61 364
61 365
61 366
61 367
61 368
61 369
61 370
61 371
61 372
61 373
61 374
61 375
61 474
61 539
61 620
61 621
61 623
61 624
61 625
61 628
61 629
61 632
61 633
61 634
61 635
61 636
61 637
61 638
61 639
61 640
61 641
61 642
61 643
61 644
61 645
61 646
61 647
61 648
61 649
61 650
61 651
61 652
61 653
61 654
61 655
61 663
61 666
61 670
61 672
61 673
61 674
61 675
61 676
61 677
61 678
61 679
61 680
61 681
61 682
61 683
61 693
61 708
61 876
61 952
61 954
61 955
61 957
61 958
61 959
61 960
61 961
61 963
61 964
61 965
61 966
61 967
61 968
61 969
61 970
61 971
61 972
61 973
61 974
61 975
61 976
61 977
61 978
61 979
61 980
62 199
62 200
62 201
62 202
62 203
62 331
62 363
62 366
62 367
62 368
62 370
62 371
62 374
62 486
62 619
62 622
62 623
62 632
62 633
62 634
62 636
62 637
62 638
62 639
62 640
62 641
62 642
62 643
62 644
62 645
62 646
62 647
62 648
62 649
62 650
62 651
62 652
62 653
62 654
62 655
62 672
62 674
62 675
62 676
62 678
62 679
62 680
62 681
62 956
62 957
62 959
62 960
62 961
62 962
62 963
62 965
62 966
62 968
62 969
62 970
62 971
62 973
62 974
62 975
62 976
62 977
62 978
62 979
62 980
62 981
63 365
63 370
63 625
63 641
63 648
63 649
63 650
63 651
63 652
63 653
63 654
63 655
63 757
63 920
63 961
63 963
63 969
63 972
63 976
63 978
63 979
63 980
64 412
64 604
64 639
64 650
64 651
64 652
64 653
64 981
65 208
66 983
68 651
77 782
78 96
78 653
80 654
81 653
83 678
87 373
88 653
91 636
93 651
94 653
94 969
95 645
95 648
95 650
104 652
128 976
142 650
150 637
150 650
151 649
151 652
151 653
151 654
152 204
152 228
152 651
153 615
164 651
183 647
192 664
192 955
192 964
193 197
193 198
193 202
193 230
193 361
193 371
193 375
193 620
193 621
193 624
193 636
193 638
193 640
193 649
193 651
193 667
193 669
193 949
193 964
193 967
193 970
194 195
194 199
194 200
194 203
194 359
194 362
194 365
194 366
194 373
194 620
194 623
194 624
194 627
194 631
194 632
194 639
194 643
194 644
194 654
194 665
194 666
194 670
194 671
194 672
194 673
194 675
194 676
194 677
194 679
194 683
194 685
194 953
194 957
194 958
194 962
194 979
195 197
195 199
195 201
195 225
195 359
195 360
195 364
195 365
195 369
195 374
195 619
195 622
195 624
195 626
195 628
195 629
195 630
195 633
195 634
195 635
195 638
195 642
195 646
195 650
195 666
195 669
195 670
195 671
195 674
195 675
195 678
195 680
195 682
195 683
195 953
195 954
195 955
195 957
195 959
195 961
195 963
195 967
195 968
195 972
195 974
195 975
195 976
195 978
196 197
196 199
196 203
196 361
196 362
196 367
196 370
196 371
196 623
196 624
196 625
196 627
196 628
196 629
196 630
196 631
196 632
196 633
196 634
196 635
196 640
196 642
196 643
196 645
196 647
196 666
196 667
196 668
196 669
196 670
196 671
196 677
196 679
196 680
196 951
196 954
196 957
196 958
196 959
196 960
196 961
196 962
196 963
196 967
196 968
196 969
196 970
196 973
196 975
196 977
197 198
197 199
197 200
197 201
197 202
197 225
197 226
197 360
197 361
197 362
197 365
197 367
197 369
197 370
197 371
197 372
197 374
197 375
197 618
197 623
197 624
197 626
197 628
197 629
197 630
197 631
197 633
197 634
197 635
197 643
197 645
197 646
197 647
197 648
197 650
197 652
197 653
197 668
197 669
197 670
197 673
197 674
197 675
197 679
197 949
197 951
197 953
197 954
197 957
197 959
197 960
197 961
197 962
197 963
197 964
197 965
197 966
197 967
197 968
197 970
197 971
197 974
197 975
197 978
197 979
198 199
198 200
198 201
198 202
198 226
198 360
198 361
198 363
198 364
198 366
198 367
198 369
198 370
198 371
198 373
198 374
198 375
198 619
198 620
198 624
198 625
198 626
198 627
198 628
198 629
198 630
198 631
198 632
198 633
198 634
198 635
198 636
198 637
198 638
198 639
198 641
198 643
198 644
198 646
198 647
198 649
198 650
198 653
198 665
198 666
198 667
198 668
198 670
198 671
198 672
198 673
198 674
198 675
198 676
198 677
198 678
198 680
198 681
198 682
198 683
198 951
198 952
198 953
198 955
198 956
198 958
198 959
198 960
198 961
198 962
198 963
198 964
198 966
198 967
198 968
198 969
198 970
198 973
198 975
198 976
198 977
199 200
199 225
199 226
199 359
199 362
199 364
199 367
199 368
199 369
199 370
199 371
199 372
199 373
199 375
199 473
199 619
199 620
199 621
199 622
199 623
199 624
199 625
199 626
199 627
199 628
199 629
199 630
199 631
199 632
199 633
199 635
199 636
199 638
199 639
199 640
199 642
199 643
199 644
199 645
199 646
199 647
199 648
199 649
199 651
199 652
199 654
199 668
199 669
199 670
199 671
199 672
199 675
199 676
199 677
199 678
199 679
199 680
199 681
199 682
199 683
199 952
199 955
199 956
199 958
199 959
199 960
199 962
199 963
199 964
199 965
199 967
199 969
199 971
199 973
199 976
199 977
199 979
200 201
200 202
200 203
200 225
200 227
200 228
200 361
200 362
200 363
200 364
200 365
200 366
200 367
200 368
200 369
200 370
200 372
200 373
200 374
200 375
200 621
200 624
200 625
200 626
200 629
200 630
200 631
200 632
200 633
200 636
200 638
200 639
200 640
200 641
200 642
200 643
200 644
200 645
200 646
200 647
200 653
200 665
200 666
200 667
200 668
200 670
200 671
200 672
200 673
200 674
200 675
200 676
200 677
200 678
200 679
200 680
200 681
200 682
200 683
200 951
200 954
200 955
200 957
200 958
200 960
200 961
200 963
200 964
200 965
200 966
200 968
200 969
200 970
200 971
200 972
200 973
200 975
200 977
200 978
200 979
201 203
201 205
201 225
201 362
201 363
201 367
201 368
201 369
201 370
201 371
201 372
201 373
201 374
201 375
201 376
201 619
201 622
201 625
201 626
201 627
201 628
201 629
201 630
201 632
201 633
201 634
201 635
201 636
201 637
201 639
201 640
201 643
201 644
201 645
201 646
201 647
201 648
201 649
201 650
201 651
201 652
201 654
201 667
201 668
201 670
201 671
201 672
201 674
201 675
201 676
201 677
201 678
201 680
201 681
201 682
201 683
201 740
201 949
201 950
201 951
201 952
201 954
201 955
201 956
201 957
201 958
201 959
201 960
201 962
201 963
201 964
201 965
201 966
201 967
201 968
201 969
201 971
201 972
201 973
201 975
201 976
201 977
201 978
201 979
202 361
202 362
202 363
202 364
202 365
202 366
202 367
202 368
202 369
202 370
202 371
202 373
202 375
202 474
202 580
202 625
202 626
202 627
202 628
202 629
202 630
202 631
202 632
202 633
202 634
202 635
202 636
202 637
202 639
202 640
202 641
202 642
202 643
202 644
202 645
202 646
202 647
202 649
202 650
202 652
202 653
202 666
202 668
202 669
202 670
202 671
202 673
202 674
202 675
202 676
202 677
202 678
202 679
202 680
202 681
202 682
202 683
202 706
202 949
202 954
202 955
202 956
202 957
202 958
202 959
202 960
202 961
202 962
202 963
202 965
202 967
202 968
202 969
202 970
202 971
202 972
202 973
202 974
202 975
202 977
202 978
202 979
203 361
203 362
203 363
203 369
203 370
203 371
203 372
203 374
203 470
203 625
203 627
203 629
203 631
203 633
203 634
203 635
203 636
203 638
203 639
203 640
203 643
203 644
203 645
203 646
203 647
203 650
203 651
203 652
203 653
203 654
203 669
203 672
203 675
203 676
203 677
203 679
203 680
203 954
203 957
203 958
203 962
203 963
203 965
203 967
203 969
203 970
203 971
203 973
203 974
203 975
203 977
203 979
204 365
204 627
204 628
204 638
204 647
204 650
204 653
204 654
204 673
204 677
204 678
204 682
204 966
204 973
204 974
204 976
204 977
204 978
205 373
205 642
205 646
205 648
205 653
205 656
205 664
205 977
205 979
206 651
206 709
206 785
207 553
207 653
210 978
216 653
222 648
223 653
224 359
224 620
224 624
224 675
224 952
225 358
225 360
225 376
225 639
225 640
225 646
225 650
225 674
225 682
225 953
225 960
225 968
225 976
226 360
226 362
226 363
226 365
226 370
226 372
226 373
226 471
226 624
226 627
226 629
226 634
226 635
226 637
226 638
226 643
226 644
226 649
226 650
226 670
226 671
226 672
226 677
226 681
226 949
226 953
226 956
226 958
226 959
227 363
227 366
227 367
227 372
227 624
227 631
227 635
227 650
227 652
227 667
227 669
227 671
227 676
227 679
227 680
227 951
227 952
227 964
227 965
227 972
227 973
227 976
227 979
228 623
228 631
228 644
228 650
228 680
228 950
228 970
228 971
228 972
228 975
229 363
229 369
229 634
229 641
229 644
229 647
229 651
229 955
229 970
229 975
229 979
230 642
230 650
230 651
230 652
230 959
230 975
230 976
231 413
231 648
231 650
231 653
231 668
231 680
231 681
231 976
232 649
232 651
232 652
232 653
232 961
232 977
232 980
233 653
233 983
233 987
234 535
234 677
248 653
249 650
250 653
256 650
263 621
263 649
264 642
264 646
264 648
265 651
265 673
265 979
266 379
266 652
267 653
277 651
279 790
284 976
285 742
286 980
287 653
290 649
293 632
297 541
297 648
300 656
307 654
308 425
317 655
329 960
330 645
330 652
330 967
330 979
331 646
331 650
331 651
332 652
332 654
346 652
352 642
354 653
355 655
356 656
358 970
359 360
359 365
359 369
359 371
359 373
359 622
359 631
359 632
359 642
359 650
359 651
359 654
359 671
359 676
359 679
360 361
360 365
360 369
360 375
360 502
360 618
360 621
360 622
360 625
360 628
360 634
360 635
360 637
360 640
360 641
360 645
360 646
360 647
360 654
360 667
360 668
360 669
360 670
360 672
360 674
360 678
360 683
360 951
360 954
360 957
360 959
360 962
360 963
360 966
360 970
360 973
361 364
361 365
361 368
361 370
361 371
361 377
361 472
361 581
361 630
361 631
361 633
361 640
361 641
361 646
361 647
361 652
361 653
361 657
361 667
361 668
361 670
361 672
361 673
361 678
361 681
361 683
361 953
361 954
361 965
361 966
361 968
361 969
361 972
361 974
362 363
362 364
362 368
362 370
362 372
362 375
362 470
362 620
362 623
362 625
362 628
362 629
362 633
362 635
362 638
362 639
362 640
362 646
362 647
362 648
362 650
362 652
362 654
362 665
362 673
362 674
362 676
362 679
362 680
362 741
362 953
362 957
362 959
362 960
362 961
362 964
362 965
362 966
362 968
362 969
362 973
362 974
362 975
362 976
363 364
363 368
363 371
363 373
363 472
363 619
363 621
363 622
363 625
363 626
363 627
363 628
363 630
363 631
363 632
363 633
363 634
363 635
363 636
363 637
363 638
363 639
363 641
363 642
363 644
363 645
363 646
363 647
363 649
363 650
363 652
363 653
363 654
363 669
363 670
363 671
363 674
363 675
363 676
363 677
363 678
363 680
363 682
363 953
363 954
363 955
363 957
363 960
363 961
363 962
363 963
363 967
363 971
363 973
363 976
363 978
364 365
364 366
364 368
364 369
364 371
364 374
364 375
364 622
364 624
364 626
364 630
364 631
364 635
364 636
364 637
364 639
364 640
364 641
364 642
364 643
364 644
364 645
364 646
364 647
364 648
364 649
364 651
364 653
364 654
364 668
364 671
364 672
364 673
364 674
364 676
364 678
364 679
364 681
364 953
364 955
364 957
364 958
364 959
364 961
364 962
364 964
364 967
364 969
364 971
364 972
364 973
364 974
364 975
364 976
364 977
364 978
364 979
364 980
365 367
365 369
365 370
365 371
365 372
365 375
365 471
365 622
365 624
365 625
365 626
365 627
365 628
365 629
365 630
365 631
365 632
365 633
365 634
365 636
365 638
365 639
365 640
365 643
365 644
365 645
365 646
365 647
365 650
365 651
365 653
365 654
365 665
365 668
365 669
365 670
365 671
365 673
365 675
365 676
365 677
365 678
365 680
365 682
365 683
365 951
365 952
365 954
365 955
365 957
365 958
365 959
365 960
365 961
365 962
365 963
365 964
365 965
365 966
365 968
365 969
365 970
365 971
365 972
365 973
365 974
365 975
365 976
365 978
365 980
366 368
366 369
366 370
366 372
366 373
366 374
366 375
366 619
366 621
366 622
366 623
366 626
366 627
366 629
366 630
366 631
366 632
366 633
366 634
366 635
366 636
366 637
366 638
366 639
366 640
366 641
366 642
366 643
366 644
366 645
366 646
366 647
366 648
366 649
366 650
366 651
366 652
366 653
366 654
366 667
366 668
366 670
366 671
366 672
366 673
366 675
366 676
366 677
366 678
366 679
366 680
366 682
366 952
366 953
366 955
366 956
366 957
366 959
366 961
366 963
366 965
366 967
366 968
366 969
366 971
366 973
366 974
366 975
366 976
366 977
366 978
366 979
366 980
367 368
367 370
367 371
367 373
367 374
367 472
367 511
367 619
367 620
367 623
367 624
367 626
367 627
367 629
367 631
367 632
367 633
367 634
367 635
367 638
367 639
367 640
367 641
367 642
367 643
367 644
367 645
367 646
367 648
367 649
367 651
367 652
367 653
367 654
367 665
367 668
367 669
367 670
367 672
367 675
367 676
367 677
367 678
367 679
367 680
367 682
367 683
367 952
367 953
367 954
367 955
367 956
367 957
367 958
367 960
367 963
367 964
367 966
367 968
367 969
367 970
367 971
367 972
367 973
367 974
367 975
367 976
367 977
367 978
367 979
367 980
368 369
368 370
368 371
368 372
368 373
368 374
368 375
368 378
368 471
368 620
368 621
368 623
368 624
368 625
368 626
368 627
368 628
368 629
368 630
368 631
368 632
368 633
368 634
368 635
368 636
368 637
368 638
368 639
368 640
368 641
368 642
368 643
368 644
368 645
368 646
368 647
368 648
368 649
368 652
368 653
368 654
368 668
368 669
368 670
368 671
368 672
368 673
368 674
368 675
368 676
368 677
368 678
368 679
368 680
368 681
368 682
368 957
368 958
368 959
368 960
368 962
368 963
368 964
368 965
368 966
368 967
368 968
368 969
368 970
368 971
368 972
368 973
368 974
368 977
368 978
368 979
369 370
369 371
369 372
369 373
369 374
369 375
369 581
369 622
369 623
369 624
369 625
369 626
369 627
369 629
369 630
369 631
369 632
369 633
369 634
369 635
369 636
369 637
369 638
369 639
369 640
369 641
369 642
369 643
369 644
369 645
369 646
369 647
369 649
369 650
369 651
369 652
369 653
369 654
369 667
369 668
369 669
369 671
369 672
369 673
369 674
369 675
369 678
369 679
369 680
369 682
369 951
369 952
369 955
369 956
369 958
369 959
369 960
369 961
369 962
369 963
369 964
369 965
369 966
369 968
369 969
369 970
369 971
369 972
369 973
369 974
369 975
369 976
369 977
369 978
369 979
369 980
370 371
370 372
370 373
370 375
370 621
370 623
370 625
370 626
370 627
370 629
370 630
370 631
370 632
370 633
370 634
370 635
370 636
370 637
370 638
370 639
370 640
370 641
370 642
370 643
370 644
370 645
370 647
370 648
370 649
370 650
370 651
370 652
370 653
370 654
370 669
370 670
370 672
370 673
370 674
370 675
370 676
370 677
370 678
370 679
370 680
370 681
370 682
370 683
370 950
370 951
370 956
370 957
370 958
370 960
370 961
370 962
370 963
370 964
370 965
370 966
370 967
370 968
370 969
370 970
370 971
370 972
370 973
370 975
370 976
370 977
370 978
370 979
370 980
371 372
371 373
371 374
371 375
371 472
371 620
371 623
371 625
371 628
371 629
371 630
371 631
371 633
371 634
371 635
371 636
371 637
371 638
371 639
371 640
371 641
371 642
371 643
371 644
371 645
371 646
371 647
371 648
371 649
371 650
371 651
371 652
371 653
371 654
371 667
371 668
371 669
371 670
371 671
371 672
371 673
371 674
371 675
371 676
371 677
371 678
371 679
371 680
371 681
371 682
371 683
371 684
371 952
371 954
371 956
371 957
371 958
371 959
371 960
371 961
371 962
371 963
371 964
371 965
371 966
371 967
371 968
371 970
371 971
371 972
371 973
371 974
371 975
371 976
371 977
371 978
371 979
372 373
372 374
372 375
372 471
372 472
372 473
372 622
372 624
372 625
372 626
372 627
372 628
372 629
372 630
372 631
372 632
372 633
372 634
372 635
372 636
372 637
372 638
372 639
372 640
372 641
372 642
372 643
372 644
372 645
372 646
372 647
372 648
372 649
372 650
372 651
372 652
372 653
372 654
372 666
372 668
372 669
372 671
372 672
372 673
372 674
372 675
372 676
372 677
372 678
372 679
372 680
372 681
372 682
372 683
372 950
372 951
372 952
372 953
372 954
372 956
372 957
372 959
372 960
372 961
372 962
372 963
372 964
372 965
372 966
372 967
372 968
372 969
372 970
372 971
372 972
372 974
372 975
372 976
372 977
372 978
372 979
373 374
373 375
373 620
373 621
373 622
373 625
373 626
373 627
373 628
373 629
373 630
373 631
373 632
373 633
373 634
373 635
373 636
373 637
373 638
373 639
373 640
373 641
373 642
373 643
373 644
373 646
373 647
373 648
373 649
373 650
373 651
373 652
373 653
373 654
373 667
373 669
373 671
373 672
373 673
373 674
373 675
373 676
373 677
373 678
373 679
373 680
373 681
373 683
373 684
373 953
373 954
373 956
373 957
373 959
373 960
373 961
373 962
373 963
373 964
373 965
373 966
373 967
373 968
373 969
373 970
373 971
373 972
373 973
373 974
373 975
373 976
373 977
373 978
373 979
374 620
374 622
374 623
374 624
374 625
374 626
374 628
374 629
374 630
374 631
374 632
374 633
374 634
374 635
374 636
374 637
374 638
374 639
374 640
374 641
374 642
374 643
374 644
374 645
374 646
374 647
374 648
374 649
374 650
374 651
374 652
374 653
374 654
374 667
374 668
374 669
374 670
374 671
374 672
374 673
374 674
374 675
374 676
374 677
374 678
374 679
374 680
374 681
374 682
374 683
374 684
374 951
374 952
374 954
374 955
374 956
374 957
374 958
374 960
374 961
374 962
374 963
374 964
374 965
374 966
374 967
374 968
374 969
374 970
374 972
374 973
374 974
374 975
374 976
374 977
374 978
374 979
375 472
375 621
375 622
375 623
375 625
375 626
375 627
375 628
375 629
375 630
375 632
375 633
375 634
375 635
375 636
375 637
375 638
375 639
375 640
375 641
375 642
375 643
375 644
375 645
375 646
375 647
375 648
375 649
375 651
375 652
375 653
375 654
375 669
375 672
375 673
375 675
375 676
375 677
375 678
375 679
375 680
375 681
375 682
375 690
375 952
375 953
375 954
375 955
375 958
375 959
375 962
375 963
375 964
375 965
375 967
375 968
375 969
375 970
375 972
375 973
375 974
375 975
375 976
375 977
375 978
375 979
376 627
376 632
376 636
376 639
376 640
376 641
376 642
376 643
376 644
376 647
376 648
376 649
376 650
376 651
376 653
376 654
376 676
376 679
376 680
376 681
376 959
376 965
376 966
376 967
376 968
376 969
376 971
376 973
376 974
376 976
376 977
376 978
377 645
377 647
377 648
377 649
377 650
377 651
377 652
377 653
377 654
377 674
377 963
377 964
377 975
378 510
378 627
378 651
378 652
378 653
378 654
379 652
379 654
380 694
381 979
384 631
384 958
384 972
385 652
385 653
385 966
386 647
386 650
386 652
386 653
387 576
387 651
391 982
395 678
398 653
398 974
399 655
405 656
410 652
411 645
411 656
412 651
412 958
415 980
426 653
434 970
446 652
447 646
447 653
448 853
470 654
470 670
470 972
471 619
471 627
471 640
471 645
471 646
471 647
471 648
471 674
471 973
471 978
472 627
472 628
472 635
472 636
472 639
472 648
472 653
472 669
472 674
472 675
472 676
472 680
472 954
472 974
473 630
473 634
473 643
473 644
473 647
473 649
473 651
473 960
473 970
474 631
474 646
474 653
474 963
474 976
474 977
474 978
475 635
475 646
475 650
475 651
475 922
475 961
475 977
476 626
476 957
476 972
477 710
500 654
503 786
505 650
510 645
513 649
513 654
514 649
515 650
516 653
518 651
526 879
533 642
533 979
534 971
535 653
537 646
538 650
538 653
538 957
538 978
540 741
541 654
542 654
543 653
545 653
546 655
552 642
552 652
553 653
555 655
556 711
564 565
564 649
569 647
570 650
570 651
571 652
571 654
574 655
580 627
580 642
580 667
580 672
581 645
581 679
581 954
581 959
581 979
582 647
582 651
582 973
582 980
583 652
583 979
584 594
591 977
592 650
592 651
592 653
593 654
593 979
605 981
607 653
614 962
618 648
618 652
618 654
618 683
618 953
619 621
619 623
619 629
619 634
619 641
619 646
619 667
619 671
619 681
619 953
619 954
619 956
619 958
619 972
620 628
620 629
620 632
620 635
620 637
620 638
620 641
620 643
620 646
620 647
620 651
620 652
620 669
620 671
620 677
620 678
620 679
620 683
620 950
620 954
620 960
620 961
620 963
620 968
620 975
621 622
621 624
621 626
621 627
621 628
621 629
621 630
621 634
621 636
621 639
621 641
621 643
621 645
621 647
621 649
621 652
621 654
621 666
621 668
621 670
621 672
621 676
621 679
621 680
621 952
621 953
621 955
621 956
621 960
621 963
621 964
621 968
621 969
621 975
621 978
621 979
622 624
622 628
622 630
622 631
622 635
622 638
622 639
622 640
622 642
622 651
622 653
622 654
622 666
622 667
622 669
622 670
622 672
622 675
622 676
622 678
622 681
622 950
622 952
622 954
622 956
622 957
622 960
622 961
622 963
622 966
622 967
622 968
622 969
622 970
622 972
622 973
622 974
622 975
623 626
623 629
623 630
623 631
623 632
623 635
623 636
623 638
623 639
623 640
623 641
623 643
623 650
623 651
623 652
623 653
623 654
623 667
623 669
623 670
623 672
623 673
623 674
623 675
623 676
623 677
623 678
623 679
623 680
623 681
623 682
623 799
623 951
623 954
623 955
623 957
623 958
623 959
623 961
623 963
623 965
623 966
623 967
623 968
623 972
623 973
623 977
623 978
624 625
624 626
624 627
624 628
624 631
624 633
624 634
624 635
624 636
624 637
624 639
624 640
624 642
624 643
624 644
624 645
624 646
624 647
624 648
624 650
624 652
624 653
624 666
624 669
624 671
624 672
624 673
624 675
624 676
624 677
624 680
624 681
624 682
624 683
624 860
624 893
624 950
624 951
624 954
624 955
624 956
624 957
624 958
624 959
624 960
624 962
624 963
624 964
624 965
624 966
624 967
624 968
624 969
624 972
624 973
624 974
624 975
624 978
625 626
625 627
625 628
625 629
625 630
625 632
625 634
625 635
625 636
625 637
625 640
625 642
625 643
625 645
625 648
625 649
625 650
625 651
625 652
625 653
625 655
625 665
625 666
625 668
625 672
625 673
625 675
625 676
625 677
625 678
625 681
625 682
625 951
625 952
625 953
625 954
625 955
625 957
625 959
625 962
625 963
625 964
625 965
625 966
625 967
625 969
625 970
625 971
625 972
625 973
625 974
625 975
625 976
625 977
625 978
625 979
625 980
626 627
626 628
626 629
626 630
626 632
626 634
626 635
626 636
626 637
626 639
626 640
626 641
626 643
626 644
626 645
626 646
626 648
626 649
626 650
626 651
626 652
626 653
626 654
626 667
626 669
626 670
626 671
626 672
626 674
626 675
626 676
626 677
626 678
626 679
626 950
626 951
626 953
626 955
626 956
626 957
626 958
626 960
626 962
626 963
626 964
626 966
626 968
626 970
626 971
626 972
626 973
626 974
626 975
626 979
627 628
627 631
627 632
627 633
627 634
627 635
627 637
627 638
627 640
627 642
627 643
627 644
627 645
627 647
627 648
627 649
627 653
627 654
627 666
627 668
627 673
627 675
627 676
627 677
627 680
627 682
627 709
627 951
627 952
627 955
627 956
627 958
627 959
627 960
627 961
627 962
627 963
627 964
627 965
627 966
627 967
627 968
627 970
627 971
627 972
627 973
627 974
627 976
627 977
627 979
628 629
628 630
628 631
628 632
628 634
628 635
628 636
628 637
628 638
628 639
628 640
628 641
628 642
628 643
628 644
628 645
628 646
628 647
628 648
628 649
628 650
628 651
628 652
628 653
628 654
628 664
628 667
628 669
628 672
628 673
628 674
628 675
628 676
628 678
628 679
628 680
628 682
628 952
628 953
628 957
628 958
628 959
628 961
628 962
628 963
628 964
628 965
628 966
628 967
628 968
628 969
628 970
628 972
628 974
628 975
628 976
628 977
628 978
628 979
628 980
629 630
629 631
629 632
629 633
629 634
629 635
629 636
629 637
629 638
629 639
629 640
629 641
629 642
629 643
629 644
629 645
629 646
629 647
629 648
629 649
629 650
629 651
629 652
629 654
629 664
629 669
629 672
629 674
629 675
629 676
629 677
629 678
629 679
629 680
629 681
629 682
629 685
629 949
629 951
629 952
629 953
629 954
629 955
629 956
629 957
629 958
629 959
629 960
629 961
629 962
629 963
629 964
629 965
629 966
629 967
629 968
629 969
629 970
629 971
629 972
629 973
629 974
629 975
629 977
629 978
629 979
630 631
630 632
630 633
630 634
630 635
630 636
630 637
630 638
630 639
630 640
630 641
630 642
630 643
630 645
630 646
630 647
630 648
630 650
630 651
630 652
630 653
630 654
630 655
630 666
630 669
630 670
630 671
630 673
630 674
630 675
630 676
630 677
630 678
630 679
630 680
630 681
630 682
630 683
630 949
630 950
630 951
630 953
630 954
630 956
630 957
630 958
630 959
630 960
630 961
630 962
630 963
630 964
630 965
630 966
630 967
630 968
630 969
630 970
630 971
630 972
630 974
630 975
630 976
630 977
630 978
630 979
630 980
631 632
631 633
631 635
631 636
631 637
631 638
631 639
631 640
631 641
631 642
631 643
631 644
631 645
631 646
631 648
631 649
631 650
631 651
631 652
631 653
631 654
631 668
631 670
631 671
631 672
631 673
631 674
631 675
631 676
631 677
631 678
631 679
631 680
631 681
631 682
631 683
631 952
631 953
631 954
631 955
631 956
631 957
631 958
631 959
631 961
631 963
631 964
631 965
631 966
631 967
631 968
631 969
631 970
631 972
631 973
631 974
631 975
631 976
631 977
631 979
632 633
632 634
632 636
632 637
632 638
632 639
632 640
632 641
632 642
632 644
632 645
632 646
632 647
632 648
632 649
632 650
632 651
632 652
632 653
632 654
632 655
632 667
632 670
632 671
632 672
632 673
632 674
632 675
632 676
632 677
632 678
632 679
632 680
632 681
632 682
632 683
632 685
632 950
632 952
632 953
632 954
632 955
632 958
632 959
632 960
632 962
632 963
632 964
632 965
632 966
632 967
632 968
632 969
632 970
632 971
632 972
632 973
632 974
632 975
632 976
632 978
632 979
632 980
632 990
633 634
633 635
633 636
633 637
633 638
633 639
633 640
633 641
633 642
633 643
633 644
633 645
633 646
633 647
633 648
633 649
633 650
633 651
633 652
633 653
633 654
633 664
633 668
633 671
633 673
633 674
633 675
633 676
633 677
633 678
633 679
633 680
633 681
633 682
633 952
633 954
633 955
633 957
633 958
633 959
633 961
633 962
633 963
633 964
633 965
633 966
633 967
633 969
633 970
633 971
633 972
633 973
633 974
633 975
633 976
633 977
633 978
633 979
634 635
634 636
634 637
634 638
634 639
634 640
634 641
634 642
634 643
634 644
634 645
634 646
634 647
634 648
634 649
634 650
634 651
634 652
634 653
634 654
634 667
634 669
634 670
634 671
634 672
634 674
634 675
634 676
634 677
634 678
634 679
634 680
634 681
634 682
634 683
634 949
634 953
634 954
634 955
634 956
634 957
634 959
634 960
634 961
634 962
634 963
634 964
634 965
634 966
634 967
634 968
634 969
634 970
634 971
634 972
634 973
634 974
634 975
634 976
634 977
634 978
634 979
634 980
635 636
635 637
635 638
635 639
635 640
635 641
635 642
635 643
635 644
635 645
635 646
635 647
635 648
635 649
635 650
635 651
635 652
635 653
635 654
635 669
635 671
635 672
635 673
635 674
635 675
635 676
635 677
635 678
635 679
635 680
635 681
635 682
635 953
635 954
635 955
635 956
635 957
635 958
635 959
635 960
635 961
635 962
635 963
635 964
635 965
635 966
635 967
635 968
635 969
635 970
635 971
635 972
635 973
635 974
635 975
635 976
635 977
635 978
635 979
635 980
636 637
636 638
636 639
636 640
636 641
636 642
636 643
636 644
636 645
636 646
636 647
636 648
636 649
636 650
636 651
636 652
636 653
636 654
636 666
636 669
636 671
636 673
636 674
636 675
636 676
636 677
636 678
636 679
636 680
636 681
636 682
636 683
636 686
636 759
636 950
636 953
636 954
636 955
636 957
636 958
636 959
636 960
636 961
636 962
636 963
636 964
636 965
636 966
636 967
636 968
636 969
636 970
636 971
636 972
636 973
636 974
636 975
636 976
636 977
636 978
636 979
636 980
637 638
637 639
637 640
637 641
637 642
637 643
637 644
637 645
637 646
637 647
637 648
637 649
637 650
637 651
637 652
637 653
637 654
637 669
637 670
637 671
637 672
637 673
637 675
637 676
637 677
637 678
637 679
637 680
637 681
637 682
637 683
637 952
637 953
637 957
637 958
637 959
637 960
637 961
637 962
637 963
637 964
637 965
637 966
637 967
637 968
637 969
637 970
637 971
637 972
637 973
637 974
637 975
637 976
637 977
637 978
637 979
637 980
638 639
638 640
638 641
638 642
638 643
638 644
638 645
638 646
638 647
638 648
638 649
638 650
638 651
638 652
638 653
638 654
638 668
638 669
638 672
638 673
638 674
638 675
638 676
638 677
638 678
638 679
638 680
638 681
638 682
638 954
638 955
638 956
638 957
638 958
638 959
638 960
638 961
638 962
638 963
638 964
638 965
638 966
638 967
638 968
638 969
638 970
638 971
638 972
638 973
638 974
638 975
638 976
638 977
638 978
638 979
638 980
639 640
639 641
639 642
639 643
639 644
639 645
639 646
639 647
639 648
639 649
639 650
639 651
639 652
639 653
639 654
639 655
639 666
639 667
639 668
639 669
639 670
639 671
639 672
639 673
639 674
639 675
639 676
639 677
639 678
639 679
639 680
639 681
639 682
639 683
639 952
639 954
639 955
639 956
639 957
639 960
639 961
639 962
639 963
639 964
639 965
639 966
639 967
639 968
639 969
639 970
639 971
639 972
639 973
639 974
639 975
639 976
639 977
639 978
639 979
640 641
640 642
640 643
640 644
640 645
640 646
640 647
640 648
640 649
640 650
640 651
640 652
640 653
640 654
640 666
640 669
640 672
640 673
640 675
640 676
640 678
640 679
640 680
640 681
640 682
640 683
640 684
640 950
640 952
640 954
640 955
640 956
640 957
640 958
640 959
640 960
640 961
640 962
640 963
640 964
640 965
640 966
640 967
640 968
640 969
640 970
640 971
640 972
640 973
640 974
640 975
640 976
640 977
640 978
640 979
641 642
641 643
641 644
641 645
641 646
641 647
641 648
641 649
641 650
641 651
641 652
641 653
641 654
641 665
641 669
641 670
641 672
641 674
641 676
641 677
641 678
641 679
641 680
641 681
641 682
641 683
641 684
641 953
641 954
641 955
641 957
641 958
641 959
641 960
641 961
641 962
641 963
641 964
641 965
641 966
641 967
641 968
641 969
641 970
641 971
641 972
641 973
641 974
641 975
641 976
641 977
641 978
641 979
641 980
642 643
642 644
642 645
642 646
642 647
642 648
642 649
642 650
642 651
642 652
642 653
642 654
642 666
642 667
642 668
642 670
642 671
642 672
642 674
642 676
642 677
642 678
642 679
642 680
642 681
642 682
642 683
642 707
642 955
642 957
642 958
642 959
642 960
642 961
642 962
642 963
642 964
642 965
642 966
642 967
642 968
642 969
642 970
642 971
642 972
642 973
642 974
642 975
642 976
642 977
642 978
642 979
642 980
643 644
643 645
643 646
643 647
643 648
643 649
643 650
643 651
643 652
643 653
643 654
643 669
643 671
643 674
643 675
643 676
643 677
643 678
643 679
643 680
643 681
643 682
643 683
643 684
643 949
643 953
643 954
643 956
643 957
643 958
643 959
643 960
643 961
643 962
643 963
643 964
643 965
643 966
643 967
643 968
643 969
643 970
643 971
643 972
643 973
643 974
643 975
643 976
643 977
643 978
643 979
643 980
644 645
644 646
644 647
644 648
644 649
644 650
644 651
644 652
644 653
644 654
644 655
644 666
644 669
644 670
644 671
644 672
644 673
644 674
644 675
644 676
644 677
644 678
644 679
644 680
644 681
644 682
644 683
644 684
644 685
644 851
644 954
644 955
644 957
644 958
644 959
644 960
644 961
644 962
644 963
644 964
644 965
644 966
644 967
644 968
644 969
644 970
644 971
644 972
644 973
644 974
644 975
644 976
644 977
644 978
644 979
644 980
645 646
645 647
645 648
645 649
645 650
645 651
645 652
645 653
645 654
645 655
645 670
645 671
645 672
645 673
645 674
645 675
645 676
645 677
645 678
645 679
645 680
645 681
645 682
645 683
645 684
645 950
645 951
645 952
645 953
645 954
645 955
645 956
645 957
645 958
645 959
645 960
645 961
645 962
645 963
645 964
645 965
645 966
645 967
645 968
645 969
645 970
645 971
645 972
645 973
645 974
645 975
645 976
645 977
645 978
645 979
645 980
646 647
646 648
646 649
646 650
646 651
646 652
646 653
646 654
646 666
646 670
646 672
646 674
646 676
646 677
646 678
646 679
646 680
646 681
646 682
646 683
646 684
646 785
646 835
646 949
646 952
646 954
646 955
646 956
646 958
646 959
646 960
646 961
646 962
646 963
646 964
646 965
646 966
646 967
646 968
646 969
646 970
646 971
646 972
646 973
646 974
646 975
646 976
646 977
646 978
646 979
646 980
646 981
647 648
647 649
647 650
647 651
647 652
647 653
647 654
647 655
647 667
647 668
647 669
647 670
647 671
647 672
647 673
647 674
647 675
647 676
647 677
647 678
647 679
647 680
647 681
647 682
647 683
647 684
647 685
647 877
647 952
647 955
647 956
647 959
647 960
647 961
647 962
647 963
647 964
647 965
647 966
647 967
647 968
647 969
647 970
647 971
647 972
647 973
647 974
647 975
647 976
647 977
647 978
647 979
647 980
647 981
648 649
648 650
648 651
648 652
648 653
648 654
648 655
648 666
648 667
648 668
648 669
648 670
648 671
648 672
648 673
648 674
648 675
648 676
648 677
648 678
648 679
648 680
648 681
648 682
648 683
648 685
648 709
648 951
648 952
648 953
648 954
648 955
648 956
648 957
648 960
648 961
648 962
648 963
648 964
648 965
648 966
648 967
648 968
648 969
648 970
648 971
648 972
648 973
648 974
648 975
648 976
648 977
648 978
648 979
648 980
649 650
649 651
649 652
649 653
649 654
649 655
649 656
649 665
649 668
649 670
649 671
649 672
649 674
649 676
649 677
649 678
649 679
649 680
649 681
649 682
649 683
649 684
649 685
649 698
649 781
649 859
649 876
649 878
649 951
649 954
649 955
649 957
649 958
649 959
649 960
649 961
649 962
649 963
649 964
649 965
649 966
649 967
649 968
649 969
649 970
649 971
649 972
649 973
649 974
649 975
649 976
649 977
649 978
649 979
649 980
650 651
650 652
650 653
650 654
650 655
650 656
650 657
650 661
650 666
650 668
650 669
650 670
650 671
650 672
650 673
650 674
650 675
650 676
650 677
650 678
650 679
650 680
650 681
650 682
650 683
650 684
650 685
650 707
650 769
650 800
650 859
650 877
650 878
650 951
650 952
650 953
650 955
650 956
650 957
650 958
650 959
650 960
650 961
650 962
650 963
650 964
650 965
650 966
650 967
650 968
650 969
650 970
650 971
650 972
650 973
650 974
650 975
650 976
650 977
650 978
650 979
650 980
650 981
651 652
651 653
651 654
651 655
651 666
651 668
651 669
651 670
651 671
651 672
651 673
651 675
651 676
651 677
651 678
651 679
651 680
651 681
651 682
651 683
651 684
651 685
651 692
651 693
651 760
651 846
651 852
651 875
651 919
651 952
651 953
651 954
651 955
651 956
651 957
651 958
651 959
651 960
651 961
651 962
651 963
651 964
651 965
651 966
651 967
651 968
651 969
651 970
651 971
651 972
651 973
651 974
651 975
651 976
651 977
651 978
651 979
651 980
651 990
651 991
652 653
652 654
652 655
652 666
652 667
652 669
652 670
652 671
652 672
652 674
652 675
652 676
652 677
652 678
652 679
652 680
652 681
652 682
652 683
652 684
652 685
652 686
652 691
652 692
652 702
652 708
652 709
652 710
652 740
652 779
652 780
652 784
652 790
652 845
652 877
652 950
652 951
652 954
652 955
652 956
652 957
652 958
652 959
652 960
652 961
652 962
652 963
652 964
652 965
652 966
652 967
652 968
652 969
652 970
652 971
652 972
652 973
652 974
652 975
652 976
652 977
652 978
652 979
652 980
652 981
653 654
653 655
653 666
653 670
653 671
653 672
653 673
653 674
653 675
653 676
653 677
653 678
653 679
653 680
653 681
653 682
653 683
653 684
653 685
653 686
653 710
653 740
653 756
653 785
653 800
653 835
653 851
653 852
653 853
653 901
653 953
653 954
653 955
653 956
653 957
653 958
653 959
653 960
653 961
653 962
653 964
653 965
653 966
653 967
653 968
653 969
653 970
653 971
653 972
653 973
653 974
653 975
653 976
653 977
653 978
653 979
653 980
653 981
653 992
654 655
654 665
654 667
654 668
654 669
654 670
654 671
654 672
654 673
654 674
654 675
654 676
654 677
654 678
654 679
654 680
654 681
654 682
654 683
654 684
654 686
654 692
654 693
654 700
654 757
654 776
654 782
654 784
654 790
654 801
654 836
654 847
654 886
654 951
654 952
654 954
654 955
654 956
654 957
654 958
654 959
654 960
654 961
654 962
654 963
654 964
654 965
654 966
654 967
654 968
654 969
654 970
654 971
654 972
654 973
654 974
654 975
654 976
654 977
654 978
654 979
654 980
654 981
655 674
655 678
655 686
655 770
655 771
655 970
655 971
655 975
655 977
655 978
655 980
655 981
656 777
657 718
664 668
664 674
664 976
665 668
665 672
665 673
665 680
665 682
665 948
665 951
665 952
665 961
665 966
665 972
665 973
665 975
666 678
666 679
666 680
666 684
666 951
666 953
666 959
666 963
666 968
666 969
666 971
666 979
667 669
667 670
667 673
667 674
667 675
667 676
667 677
667 678
667 681
667 682
667 949
667 953
667 955
667 957
667 960
667 962
667 966
667 967
667 970
667 971
667 972
667 975
667 978
668 670
668 671
668 672
668 674
668 675
668 676
668 677
668 678
668 680
668 681
668 950
668 953
668 957
668 959
668 962
668 964
668 969
668 970
668 973
668 974
668 975
668 977
669 671
669 672
669 673
669 674
669 677
669 679
669 681
669 683
669 951
669 953
669 954
669 956
669 957
669 959
669 960
669 962
669 964
669 966
669 967
669 968
669 970
669 971
669 973
669 974
669 975
669 976
670 673
670 675
670 676
670 679
670 680
670 951
670 952
670 953
670 956
670 960
670 961
670 963
670 964
670 965
670 966
670 969
670 971
670 972
670 973
670 974
670 975
670 976
670 977
670 979
671 672
671 673
671 674
671 675
671 676
671 679
671 680
671 681
671 682
671 950
671 951
671 952
671 954
671 955
671 956
671 959
671 960
671 961
671 962
671 963
671 965
671 966
671 967
671 968
671 969
671 970
671 971
671 972
671 974
671 976
671 977
671 978
671 979
672 673
672 674
672 675
672 676
672 677
672 678
672 679
672 680
672 681
672 683
672 953
672 954
672 955
672 956
672 957
672 958
672 960
672 961
672 962
672 963
672 965
672 967
672 968
672 969
672 970
672 972
672 973
672 974
672 976
672 977
672 979
673 674
673 675
673 676
673 677
673 678
673 679
673 680
673 682
673 690
673 953
673 954
673 955
673 956
673 958
673 960
673 961
673 962
673 963
673 964
673 965
673 966
673 967
673 969
673 970
673 971
673 972
673 973
673 974
673 975
673 976
673 977
673 978
673 985
674 675
674 676
674 677
674 678
674 679
674 680
674 681
674 682
674 683
674 950
674 951
674 953
674 954
674 955
674 957
674 958
674 959
674 960
674 961
674 963
674 964
674 965
674 966
674 967
674 968
674 969
674 971
674 972
674 973
674 974
674 975
674 976
674 977
674 978
674 979
675 676
675 677
675 678
675 679
675 681
675 682
675 684
675 691
675 721
675 951
675 953
675 957
675 958
675 959
675 960
675 961
675 962
675 963
675 964
675 965
675 966
675 967
675 968
675 969
675 970
675 971
675 972
675 973
675 974
675 975
675 976
675 977
675 978
675 980
676 677
676 678
676 679
676 680
676 681
676 682
676 950
676 953
676 954
676 955
676 956
676 957
676 958
676 959
676 960
676 961
676 962
676 963
676 964
676 965
676 966
676 967
676 968
676 969
676 970
676 971
676 972
676 973
676 974
676 975
676 976
676 977
676 978
676 979
677 678
677 679
677 680
677 681
677 682
677 950
677 951
677 952
677 954
677 955
677 956
677 957
677 958
677 959
677 960
677 961
677 962
677 963
677 964
677 965
677 966
677 967
677 968
677 969
677 970
677 972
677 973
677 975
677 976
677 977
677 978
677 979
678 679
678 680
678 681
678 682
678 949
678 952
678 954
678 955
678 956
678 959
678 960
678 961
678 962
678 963
678 964
678 965
678 966
678 967
678 968
678 969
678 970
678 971
678 972
678 973
678 974
678 975
678 976
678 977
678 978
678 979
679 680
679 681
679 682
679 683
679 693
679 851
679 952
679 953
679 957
679 958
679 959
679 960
679 961
679 962
679 963
679 964
679 965
679 966
679 967
679 968
679 969
679 970
679 971
679 972
679 973
679 974
679 975
679 976
679 977
679 978
679 979
680 681
680 682
680 683
680 948
680 951
680 953
680 954
680 955
680 957
680 958
680 959
680 960
680 961
680 963
680 964
680 965
680 966
680 967
680 968
680 969
680 970
680 971
680 972
680 973
680 974
680 975
680 976
680 977
680 978
680 979
681 682
681 683
681 949
681 950
681 952
681 954
681 955
681 957
681 958
681 959
681 960
681 961
681 962
681 963
681 964
681 965
681 966
681 967
681 968
681 969
681 970
681 971
681 972
681 973
681 974
681 975
681 976
681 977
681 978
681 979
682 683
682 951
682 952
682 953
682 954
682 955
682 957
682 959
682 960
682 961
682 962
682 963
682 964
682 965
682 966
682 967
682 968
682 969
682 970
682 971
682 972
682 973
682 974
682 975
682 976
682 977
682 978
682 979
682 980
683 952
683 954
683 957
683 960
683 962
683 963
683 964
683 966
683 967
683 968
683 971
683 972
683 973
683 974
683 975
683 976
683 977
683 978
683 979
683 980
684 950
684 951
684 954
684 968
684 975
684 977
684 980
685 957
685 971
685 984
687 798
687 926
688 959
690 977
690 982
691 971
691 975
692 976
692 977
703 982
708 787
708 980
709 730
737 978
741 980
755 978
756 791
759 976
783 982
789 970
793 975
844 973
844 979
846 978
850 961
872 974
872 979
873 978
876 953
876 964
876 974
877 977
935 973
949 964
949 965
950 952
950 962
950 965
950 966
950 968
950 972
950 976
950 979
951 953
951 954
951 959
951 960
951 963
951 967
951 968
951 970
951 974
951 976
951 977
952 953
952 955
952 957
952 958
952 961
952 962
952 965
952 966
952 969
952 978
952 980
953 957
953 958
953 959
953 962
953 963
953 964
953 969
953 972
953 976
953 979
954 955
954 956
954 958
954 959
954 960
954 961
954 962
954 963
954 964
954 966
954 967
954 968
954 969
954 970
954 972
954 974
954 975
954 976
954 979
955 956
955 957
955 959
955 960
955 962
955 963
955 964
955 965
955 966
955 969
955 970
955 972
955 973
955 974
955 976
955 977
955 978
956 957
956 958
956 959
956 960
956 961
956 962
956 963
956 964
956 965
956 966
956 967
956 968
956 971
956 972
956 973
956 974
956 975
956 976
956 977
956 979
956 980
957 958
957 959
957 960
957 961
957 962
957 963
957 964
957 965
957 966
957 967
957 968
957 969
957 970
957 971
957 972
957 973
957 974
957 975
957 976
957 977
957 979
957 980
958 959
958 960
958 961
958 962
958 964
958 965
958 966
958 967
958 969
958 970
958 971
958 972
958 973
958 974
958 975
958 976
958 977
958 978
958 979
958 981
959 960
959 961
959 962
959 963
959 964
959 965
959 966
959 967
959 968
959 969
959 970
959 971
959 972
959 973
959 974
959 975
959 976
959 977
959 978
959 979
960 961
960 962
960 963
960 964
960 965
960 966
960 967
960 968
960 969
960 970
960 971
960 973
960 974
960 975
960 976
960 977
960 978
960 979
961 962
961 963
961 964
961 965
961 966
961 967
961 968
961 969
961 970
961 971
961 972
961 973
961 974
961 975
961 976
961 978
961 979
962 963
962 964
962 965
962 966
962 967
962 968
962 969
962 970
962 971
962 972
962 973
962 974
962 975
962 976
962 977
962 978
962 979
962 980
963 964
963 965
963 966
963 967
963 968
963 969
963 970
963 971
963 972
963 973
963 974
963 975
963 976
963 977
963 978
963 979
963 980
964 965
964 966
964 967
964 968
964 969
964 970
964 971
964 972
964 973
964 974
964 975
964 976
964 977
964 978
964 979
965 966
965 967
965 968
965 969
965 970
965 971
965 972
965 973
965 974
965 975
965 976
965 977
965 978
965 979
965 980
965 981
966 967
966 968
966 969
966 970
966 971
966 972
966 974
966 975
966 976
966 977
966 978
966 979
967 968
967 969
967 970
967 971
967 972
967 973
967 974
967 975
967 976
967 977
967 978
967 979
967 980
968 969
968 970
968 971
968 972
968 973
968 974
968 975
968 976
968 977
968 978
968 979
968 980
968 981
969 970
969 971
969 972
969 973
969 974
969 975
969 976
969 977
969 978
969 979
970 971
970 972
970 973
970 974
970 975
970 976
970 977
970 978
970 979
971 972
971 973
971 974
971 975
971 976
971 977
971 978
971 979
971 980
972 973
972 974
972 975
972 976
972 977
972 978
972 979
972 981
973 974
973 975
973 976
973 977
973 978
973 979
973 980
974 975
974 976
974 977
974 978
974 979
974 980
975 976
975 977
975 978
975 979
975 980
976 977
976 978
976 979
977 978
977 979
977 980
978 979
978 980
979 980
979 981
981 991
