6 593
7 945
10 527
16 589
17 592
19 543
31 595
32 876
38 588
39 590
39 592
40 592
47 488
48 856
63 593
64 152
64 436
64 593
64 594
65 593
65 594
65 961
66 591
66 594
67 88
67 153
67 594
68 691
68 708
69 599
73 150
77 591
83 721
84 154
84 588
84 591
84 594
85 150
85 151
85 153
85 587
85 589
85 591
85 592
85 593
86 149
86 151
86 152
86 156
86 589
86 590
86 591
86 592
86 593
86 594
87 150
87 152
87 586
87 590
87 591
87 592
87 593
87 594
87 595
88 157
88 158
88 356
88 594
88 595
89 153
89 596
89 713
93 634
94 594
94 595
95 245
95 423
96 874
100 356
101 719
103 855
104 720
109 154
111 854
119 593
122 878
130 739
137 154
147 148
147 149
147 150
147 151
147 152
147 584
147 589
147 590
147 595
148 149
148 151
148 152
148 446
148 585
148 586
148 587
148 588
148 589
148 590
148 591
148 593
148 594
148 716
149 150
149 151
149 152
149 153
149 154
149 155
149 157
149 485
149 578
149 586
149 587
149 588
149 589
149 590
149 591
149 592
149 593
149 594
149 595
149 632
149 930
150 151
150 152
150 153
150 154
150 155
150 156
150 584
150 585
150 586
150 587
150 588
150 589
150 590
150 591
150 592
150 593
150 594
150 595
150 716
150 719
150 874
151 152
151 153
151 154
151 155
151 580
151 583
151 584
151 585
151 586
151 587
151 588
151 589
151 590
151 591
151 592
151 593
151 594
151 595
151 596
151 717
151 850
151 851
151 852
152 153
152 154
152 155
152 156
152 318
152 355
152 356
152 421
152 457
152 585
152 586
152 587
152 588
152 589
152 590
152 591
152 592
152 593
152 594
152 595
152 671
152 717
152 718
152 726
152 750
152 850
152 871
152 876
152 904
153 154
153 155
153 156
153 279
153 356
153 577
153 582
153 584
153 586
153 587
153 588
153 589
153 590
153 591
153 592
153 593
153 594
153 595
153 677
153 717
153 751
153 753
153 850
153 851
153 872
153 897
153 935
154 155
154 317
154 344
154 586
154 587
154 588
154 589
154 590
154 591
154 592
154 593
154 594
154 595
154 596
154 597
154 713
154 725
154 851
155 460
155 585
155 587
155 588
155 589
155 590
155 591
155 592
155 593
155 594
155 595
155 662
155 852
155 853
156 358
156 585
156 586
156 587
156 589
156 590
156 591
156 592
156 593
156 594
156 595
156 597
156 727
156 807
157 283
157 390
157 592
157 594
157 726
157 852
158 666
158 720
159 320
165 594
170 434
174 693
192 593
193 607
197 592
198 943
199 592
200 593
205 875
216 590
217 482
224 586
228 487
241 581
246 766
246 875
250 592
251 595
252 916
263 593
271 880
275 592
276 466
276 593
293 594
299 350
300 433
304 514
312 591
313 592
314 808
317 594
318 589
318 932
319 592
319 593
320 705
326 591
327 513
328 595
328 609
329 771
342 665
344 594
345 721
346 595
355 588
355 589
355 591
355 592
355 594
356 588
356 589
356 592
356 594
357 387
357 526
357 589
357 592
357 757
358 967
363 915
367 654
374 594
379 594
386 593
387 593
388 815
389 591
395 594
396 592
397 806
402 593
403 435
404 544
405 592
409 586
419 592
421 594
422 594
422 595
423 591
431 594
432 594
434 592
446 591
447 591
447 989
448 682
449 525
449 720
450 589
450 596
451 593
451 955
452 966
456 593
457 596
458 592
458 594
458 595
459 588
459 593
459 595
460 587
460 590
460 597
461 593
461 905
462 592
463 594
464 593
464 596
465 595
473 590
473 594
474 728
480 589
481 881
486 592
486 595
487 593
489 985
497 594
498 593
499 593
500 653
502 592
503 594
504 593
510 593
511 598
512 595
515 591
524 592
524 594
525 591
525 593
525 594
526 592
526 594
526 867
527 580
538 592
543 592
552 593
557 593
558 589
559 899
575 747
577 592
577 594
578 583
578 585
578 594
578 726
578 807
579 590
579 594
579 596
579 748
580 877
583 594
584 586
584 587
584 588
584 592
584 594
584 595
584 633
585 586
585 587
585 588
585 589
585 590
585 591
585 592
585 594
585 595
585 597
585 716
586 587
586 588
586 589
586 590
586 591
586 592
586 593
586 594
586 595
587 588
587 589
587 590
587 591
587 592
587 593
587 594
587 595
587 725
587 806
587 851
587 852
587 913
587 969
588 589
588 590
588 591
588 592
588 593
588 594
588 595
588 596
588 661
588 675
588 715
588 716
588 717
588 718
588 854
588 874
588 931
589 590
589 591
589 592
589 593
589 594
589 595
589 596
589 605
589 649
589 653
589 665
589 676
589 717
589 850
589 851
589 873
589 914
589 956
590 591
590 592
590 593
590 594
590 595
590 596
590 633
590 676
590 711
590 716
590 718
590 751
590 777
590 802
590 813
590 850
590 851
590 852
590 914
590 915
590 916
590 955
590 964
590 985
591 592
591 593
591 594
591 595
591 596
591 597
591 633
591 635
591 653
591 664
591 676
591 714
591 718
591 719
591 806
591 850
591 851
591 852
591 897
591 932
591 960
592 593
592 594
592 595
592 596
592 597
592 634
592 660
592 662
592 672
592 692
592 716
592 717
592 718
592 719
592 726
592 750
592 849
592 850
592 851
592 852
592 853
592 869
592 913
592 914
593 594
593 595
593 596
593 660
593 661
593 662
593 663
593 664
593 685
593 686
593 687
593 717
593 718
593 719
593 725
593 751
593 752
593 803
593 806
593 812
593 851
593 852
593 873
593 874
593 913
593 964
593 976
594 595
594 596
594 597
594 624
594 633
594 690
594 710
594 717
594 718
594 719
594 751
594 752
594 758
594 813
594 851
594 852
594 874
594 879
594 880
594 896
594 905
594 914
594 915
594 961
595 606
595 633
595 661
595 666
595 717
595 719
595 753
595 813
595 814
595 852
595 873
595 898
595 954
596 597
596 663
596 716
596 720
596 814
596 904
597 661
597 792
597 853
598 753
631 720
634 894
634 915
635 662
640 966
664 877
664 990
665 796
667 965
692 917
708 913
709 909
712 986
718 916
719 873
736 841
751 813
752 854
754 999
772 933
814 842
853 898
859 897
875 924
876 916
891 965
909 957
913 915
917 930
918 927
