1 2
1 3
1 4
1 5
1 74
1 247
1 249
1 250
1 252
1 254
1 255
1 257
1 258
1 259
1 260
1 261
1 262
1 263
1 264
1 265
1 266
1 267
1 268
1 269
1 270
1 271
1 384
1 385
1 386
1 387
1 388
1 389
1 390
1 391
1 392
1 393
1 394
1 395
1 396
1 397
1 398
1 399
1 400
1 401
1 435
1 437
1 438
1 439
1 441
1 476
1 478
1 480
1 481
1 482
1 483
1 484
1 485
1 486
1 487
1 488
1 489
1 490
1 503
1 504
1 506
1 507
1 508
1 561
1 605
1 606
1 607
1 608
1 609
1 612
1 613
1 614
1 615
1 616
1 675
1 681
1 728
1 889
1 890
1 892
1 893
1 894
1 895
1 896
1 897
1 898
1 899
1 900
1 901
1 902
1 949
1 950
1 951
1 953
1 954
1 955
1 956
1 958
1 959
1 960
1 961
1 962
1 963
1 964
2 3
2 4
2 5
2 6
2 219
2 249
2 251
2 253
2 254
2 255
2 256
2 257
2 258
2 259
2 260
2 261
2 262
2 263
2 264
2 265
2 266
2 267
2 268
2 269
2 270
2 271
2 380
2 383
2 384
2 385
2 386
2 387
2 389
2 390
2 391
2 392
2 393
2 394
2 395
2 396
2 397
2 398
2 399
2 400
2 401
2 403
2 434
2 435
2 436
2 437
2 440
2 446
2 476
2 477
2 480
2 481
2 482
2 483
2 484
2 485
2 486
2 487
2 488
2 489
2 490
2 498
2 500
2 505
2 507
2 508
2 601
2 606
2 607
2 608
2 609
2 610
2 611
2 612
2 613
2 614
2 615
2 616
2 617
2 618
2 889
2 891
2 892
2 893
2 894
2 895
2 896
2 897
2 898
2 899
2 900
2 901
2 902
2 949
2 950
2 952
2 953
2 954
2 955
2 956
2 957
2 958
2 959
2 960
2 961
2 962
2 963
2 964
3 4
3 5
3 6
3 250
3 251
3 252
3 253
3 254
3 255
3 256
3 257
3 258
3 259
3 260
3 261
3 262
3 263
3 264
3 265
3 266
3 267
3 268
3 269
3 270
3 271
3 365
3 380
3 382
3 383
3 384
3 385
3 386
3 388
3 389
3 390
3 391
3 392
3 393
3 394
3 395
3 396
3 397
3 398
3 399
3 400
3 401
3 413
3 439
3 440
3 441
3 475
3 479
3 480
3 481
3 482
3 483
3 484
3 485
3 486
3 487
3 488
3 489
3 490
3 501
3 502
3 505
3 506
3 507
3 508
3 509
3 563
3 605
3 608
3 609
3 611
3 612
3 613
3 614
3 615
3 616
3 617
3 730
3 889
3 890
3 892
3 893
3 894
3 895
3 896
3 897
3 898
3 899
3 900
3 901
3 902
3 948
3 950
3 951
3 952
3 953
3 954
3 955
3 956
3 957
3 958
3 959
3 960
3 961
3 962
3 963
3 964
4 5
4 224
4 249
4 250
4 251
4 252
4 253
4 254
4 255
4 256
4 257
4 258
4 259
4 260
4 261
4 262
4 263
4 264
4 265
4 266
4 267
4 268
4 269
4 270
4 271
4 378
4 382
4 384
4 385
4 387
4 388
4 389
4 390
4 392
4 393
4 394
4 395
4 396
4 397
4 398
4 399
4 400
4 401
4 402
4 435
4 436
4 437
4 439
4 440
4 442
4 443
4 476
4 477
4 478
4 479
4 480
4 481
4 482
4 483
4 484
4 485
4 486
4 487
4 488
4 489
4 490
4 491
4 502
4 503
4 504
4 506
4 508
4 525
4 559
4 561
4 562
4 603
4 606
4 607
4 608
4 609
4 610
4 611
4 612
4 613
4 614
4 615
4 616
4 617
4 661
4 674
4 683
4 730
4 850
4 887
4 889
4 891
4 893
4 894
4 895
4 896
4 897
4 898
4 899
4 900
4 901
4 902
4 903
4 949
4 950
4 952
4 953
4 954
4 955
4 956
4 957
4 958
4 959
4 960
4 961
4 962
4 963
4 964
5 6
5 248
5 249
5 252
5 253
5 254
5 255
5 256
5 257
5 258
5 259
5 260
5 261
5 262
5 263
5 264
5 265
5 266
5 267
5 268
5 269
5 270
5 271
5 375
5 380
5 382
5 383
5 384
5 385
5 386
5 388
5 389
5 390
5 391
5 392
5 393
5 394
5 395
5 396
5 397
5 398
5 399
5 400
5 402
5 404
5 438
5 439
5 440
5 441
5 474
5 476
5 477
5 479
5 481
5 483
5 484
5 485
5 486
5 487
5 488
5 489
5 490
5 502
5 503
5 505
5 507
5 508
5 510
5 602
5 604
5 605
5 606
5 607
5 608
5 609
5 610
5 611
5 612
5 613
5 614
5 615
5 616
5 617
5 619
5 728
5 733
5 809
5 888
5 890
5 891
5 892
5 893
5 894
5 895
5 896
5 897
5 898
5 899
5 900
5 901
5 902
5 951
5 952
5 953
5 954
5 955
5 956
5 957
5 958
5 959
5 960
5 961
5 962
5 963
5 964
6 225
6 257
6 262
6 264
6 265
6 267
6 268
6 269
6 270
6 386
6 393
6 395
6 396
6 397
6 399
6 400
6 405
6 437
6 479
6 484
6 485
6 490
6 506
6 582
6 613
6 615
6 617
6 655
6 681
6 780
6 895
6 899
6 957
6 958
6 959
6 962
6 965
7 268
7 272
7 375
7 488
7 491
7 494
7 510
7 560
7 811
7 965
8 78
8 115
8 511
8 754
9 984
15 488
15 944
17 904
17 964
18 269
29 961
34 261
51 957
52 269
63 510
75 272
75 507
76 562
77 902
77 904
78 154
78 265
78 270
78 389
79 563
79 906
80 444
81 269
84 953
85 261
85 262
85 270
86 415
86 491
86 944
86 964
87 618
87 965
88 882
89 963
92 792
115 270
124 685
128 506
129 509
135 268
135 271
136 617
146 268
159 568
164 401
171 954
172 810
173 272
188 620
189 484
190 964
191 271
210 213
211 725
212 268
214 949
216 389
216 397
217 270
217 398
217 399
217 485
217 486
217 955
218 263
218 267
218 269
218 400
218 484
218 953
218 964
219 258
219 267
219 269
219 270
219 395
219 899
220 564
220 967
221 636
222 268
229 685
230 621
231 684
239 526
240 938
241 315
247 260
247 267
247 379
247 381
247 399
247 434
247 438
247 442
247 490
247 730
247 892
247 895
247 953
248 253
248 256
248 260
248 261
248 266
248 267
248 269
248 381
248 382
248 388
248 394
248 396
248 399
248 401
248 436
248 442
248 478
248 482
248 485
248 488
248 489
248 499
248 506
248 509
248 563
248 607
248 608
248 614
248 728
248 731
248 887
248 889
248 891
248 892
248 961
248 962
248 963
249 253
249 254
249 257
249 259
249 260
249 261
249 263
249 264
249 266
249 267
249 269
249 270
249 380
249 381
249 382
249 388
249 390
249 393
249 397
249 436
249 438
249 440
249 441
249 474
249 478
249 480
249 481
249 482
249 484
249 485
249 486
249 489
249 506
249 603
249 605
249 610
249 611
249 613
249 614
249 616
249 886
249 889
249 890
249 898
249 899
249 901
249 950
249 953
249 955
249 956
249 957
249 962
249 963
250 253
250 256
250 257
250 258
250 259
250 262
250 264
250 265
250 267
250 268
250 270
250 380
250 382
250 386
250 387
250 388
250 389
250 390
250 391
250 392
250 393
250 394
250 396
250 397
250 400
250 437
250 438
250 439
250 476
250 477
250 479
250 481
250 482
250 486
250 487
250 489
250 490
250 499
250 500
250 501
250 502
250 504
250 507
250 559
250 561
250 603
250 605
250 606
250 607
250 608
250 609
250 610
250 614
250 727
250 889
250 890
250 892
250 893
250 897
250 898
250 901
250 902
250 949
250 950
250 952
250 953
250 954
250 956
250 958
250 959
250 960
250 961
250 962
250 963
251 252
251 253
251 254
251 256
251 260
251 263
251 264
251 265
251 267
251 268
251 269
251 270
251 381
251 383
251 388
251 389
251 391
251 392
251 394
251 396
251 397
251 399
251 401
251 435
251 437
251 438
251 439
251 441
251 475
251 477
251 478
251 480
251 485
251 486
251 487
251 488
251 489
251 500
251 501
251 505
251 506
251 507
251 562
251 605
251 606
251 609
251 611
251 612
251 613
251 614
251 615
251 616
251 727
251 889
251 891
251 892
251 895
251 896
251 900
251 901
251 902
251 949
251 951
251 952
251 953
251 954
251 955
251 956
251 958
251 961
252 253
252 254
252 257
252 258
252 259
252 260
252 261
252 263
252 264
252 265
252 267
252 268
252 269
252 271
252 381
252 385
252 387
252 388
252 391
252 392
252 393
252 394
252 395
252 396
252 399
252 435
252 437
252 439
252 440
252 441
252 442
252 475
252 479
252 480
252 483
252 484
252 486
252 487
252 488
252 490
252 502
252 503
252 505
252 506
252 507
252 559
252 561
252 562
252 603
252 604
252 607
252 608
252 609
252 610
252 611
252 612
252 613
252 614
252 615
252 616
252 886
252 888
252 889
252 890
252 891
252 892
252 893
252 894
252 895
252 896
252 897
252 898
252 901
252 947
252 949
252 951
252 952
252 953
252 955
252 956
252 958
252 960
252 961
252 962
252 963
253 254
253 255
253 256
253 257
253 258
253 260
253 262
253 263
253 264
253 265
253 266
253 267
253 268
253 270
253 382
253 384
253 386
253 389
253 390
253 391
253 392
253 393
253 394
253 395
253 396
253 398
253 399
253 400
253 433
253 436
253 437
253 438
253 439
253 441
253 445
253 479
253 480
253 482
253 483
253 485
253 486
253 488
253 489
253 490
253 491
253 499
253 503
253 504
253 505
253 506
253 602
253 605
253 609
253 610
253 611
253 612
253 613
253 616
253 730
253 887
253 892
253 893
253 894
253 895
253 896
253 897
253 898
253 899
253 900
253 901
253 950
253 951
253 952
253 953
253 954
253 955
253 956
253 957
253 959
253 960
253 961
253 963
253 964
254 255
254 256
254 257
254 258
254 259
254 260
254 262
254 263
254 264
254 265
254 266
254 267
254 268
254 270
254 379
254 385
254 387
254 388
254 390
254 391
254 392
254 393
254 394
254 395
254 396
254 397
254 398
254 399
254 400
254 434
254 435
254 436
254 437
254 438
254 439
254 440
254 441
254 442
254 475
254 476
254 480
254 481
254 482
254 483
254 484
254 485
254 486
254 487
254 488
254 489
254 490
254 491
254 500
254 501
254 503
254 505
254 506
254 507
254 508
254 603
254 604
254 605
254 606
254 607
254 608
254 609
254 611
254 612
254 613
254 614
254 615
254 616
254 617
254 889
254 890
254 893
254 894
254 895
254 896
254 897
254 899
254 900
254 901
254 902
254 949
254 952
254 953
254 954
254 955
254 957
254 958
254 959
254 960
254 961
254 962
254 963
255 256
255 257
255 259
255 260
255 261
255 263
255 264
255 265
255 266
255 267
255 268
255 269
255 270
255 271
255 382
255 385
255 386
255 387
255 388
255 389
255 390
255 391
255 392
255 393
255 394
255 395
255 396
255 397
255 398
255 399
255 400
255 437
255 438
255 439
255 440
255 441
255 475
255 478
255 480
255 481
255 482
255 483
255 484
255 485
255 486
255 488
255 489
255 490
255 500
255 501
255 504
255 505
255 506
255 507
255 561
255 604
255 605
255 607
255 608
255 609
255 610
255 611
255 613
255 614
255 615
255 617
255 887
255 888
255 892
255 893
255 894
255 895
255 896
255 897
255 898
255 899
255 900
255 901
255 902
255 949
255 950
255 953
255 954
255 955
255 956
255 958
255 959
255 960
255 961
255 962
255 963
255 964
256 257
256 258
256 259
256 260
256 261
256 262
256 263
256 264
256 265
256 266
256 267
256 269
256 270
256 290
256 379
256 382
256 383
256 387
256 388
256 389
256 390
256 391
256 392
256 393
256 394
256 395
256 396
256 397
256 398
256 399
256 400
256 433
256 435
256 436
256 437
256 438
256 439
256 440
256 441
256 476
256 478
256 480
256 481
256 482
256 483
256 484
256 485
256 486
256 487
256 488
256 489
256 490
256 499
256 501
256 504
256 505
256 506
256 507
256 562
256 603
256 604
256 605
256 608
256 610
256 611
256 612
256 613
256 614
256 615
256 616
256 617
256 728
256 729
256 890
256 891
256 892
256 894
256 895
256 896
256 897
256 898
256 899
256 900
256 901
256 902
256 948
256 950
256 952
256 953
256 954
256 955
256 956
256 957
256 958
256 960
256 961
256 962
256 963
256 964
257 258
257 259
257 260
257 261
257 262
257 263
257 264
257 265
257 266
257 267
257 268
257 269
257 270
257 271
257 381
257 383
257 384
257 385
257 387
257 388
257 389
257 391
257 392
257 393
257 394
257 395
257 396
257 397
257 398
257 399
257 400
257 435
257 436
257 438
257 439
257 440
257 442
257 475
257 476
257 479
257 480
257 481
257 482
257 483
257 484
257 485
257 486
257 487
257 488
257 489
257 490
257 502
257 503
257 504
257 507
257 508
257 562
257 602
257 606
257 607
257 608
257 609
257 610
257 611
257 612
257 613
257 614
257 615
257 616
257 617
257 680
257 729
257 890
257 891
257 892
257 893
257 894
257 895
257 896
257 897
257 898
257 899
257 900
257 901
257 902
257 949
257 952
257 954
257 955
257 956
257 957
257 958
257 959
257 960
257 961
257 962
257 963
258 259
258 260
258 261
258 262
258 263
258 264
258 265
258 266
258 267
258 268
258 269
258 270
258 376
258 379
258 382
258 383
258 384
258 387
258 388
258 389
258 390
258 391
258 392
258 393
258 394
258 395
258 396
258 397
258 398
258 399
258 400
258 401
258 415
258 435
258 436
258 437
258 438
258 440
258 441
258 478
258 479
258 480
258 481
258 482
258 483
258 484
258 485
258 486
258 487
258 488
258 489
258 490
258 499
258 500
258 501
258 502
258 503
258 504
258 505
258 506
258 507
258 604
258 605
258 606
258 607
258 608
258 609
258 610
258 611
258 612
258 613
258 614
258 616
258 660
258 680
258 889
258 891
258 892
258 893
258 895
258 896
258 897
258 898
258 899
258 900
258 901
258 902
258 903
258 948
258 950
258 951
258 952
258 953
258 954
258 955
258 956
258 957
258 958
258 959
258 960
258 961
258 962
258 963
258 964
258 965
259 260
259 261
259 262
259 263
259 264
259 265
259 266
259 267
259 268
259 269
259 270
259 271
259 383
259 384
259 386
259 388
259 389
259 390
259 391
259 392
259 393
259 394
259 395
259 396
259 397
259 398
259 399
259 400
259 401
259 435
259 436
259 438
259 439
259 440
259 443
259 444
259 477
259 479
259 480
259 482
259 483
259 484
259 485
259 486
259 487
259 488
259 489
259 490
259 500
259 503
259 504
259 505
259 506
259 507
259 509
259 592
259 604
259 606
259 609
259 610
259 611
259 612
259 613
259 614
259 615
259 616
259 617
259 658
259 778
259 892
259 893
259 895
259 896
259 897
259 898
259 899
259 900
259 901
259 902
259 950
259 952
259 954
259 955
259 956
259 957
259 958
259 959
259 960
259 961
259 962
259 963
259 964
260 261
260 262
260 263
260 264
260 265
260 266
260 267
260 268
260 269
260 270
260 292
260 381
260 384
260 385
260 386
260 388
260 389
260 390
260 391
260 392
260 393
260 394
260 395
260 396
260 397
260 398
260 399
260 400
260 401
260 404
260 437
260 440
260 441
260 474
260 476
260 480
260 481
260 482
260 483
260 484
260 485
260 486
260 487
260 488
260 489
260 490
260 491
260 500
260 502
260 503
260 504
260 505
260 506
260 507
260 508
260 606
260 607
260 608
260 609
260 610
260 611
260 612
260 613
260 614
260 615
260 616
260 617
260 679
260 729
260 850
260 888
260 889
260 891
260 893
260 894
260 895
260 897
260 898
260 899
260 900
260 901
260 902
260 949
260 950
260 951
260 952
260 953
260 954
260 955
260 956
260 957
260 958
260 959
260 960
260 961
260 962
260 963
261 262
261 263
261 264
261 265
261 266
261 267
261 268
261 269
261 270
261 380
261 383
261 384
261 385
261 386
261 387
261 388
261 389
261 390
261 391
261 392
261 393
261 394
261 395
261 396
261 397
261 398
261 399
261 400
261 435
261 436
261 475
261 482
261 483
261 484
261 485
261 486
261 487
261 488
261 489
261 490
261 491
261 501
261 502
261 503
261 504
261 505
261 506
261 507
261 508
261 509
261 563
261 604
261 607
261 608
261 610
261 611
261 612
261 613
261 614
261 615
261 616
261 617
261 682
261 810
261 888
261 890
261 891
261 892
261 893
261 895
261 896
261 897
261 899
261 900
261 901
261 902
261 949
261 951
261 953
261 955
261 956
261 957
261 958
261 959
261 960
261 961
261 962
261 963
261 964
262 263
262 264
262 265
262 266
262 267
262 268
262 269
262 270
262 271
262 379
262 380
262 382
262 384
262 385
262 386
262 387
262 388
262 389
262 391
262 392
262 393
262 394
262 395
262 396
262 397
262 398
262 399
262 400
262 401
262 402
262 414
262 436
262 437
262 438
262 440
262 441
262 478
262 479
262 480
262 482
262 483
262 484
262 485
262 486
262 487
262 488
262 489
262 490
262 491
262 500
262 501
262 502
262 503
262 506
262 507
262 602
262 604
262 605
262 606
262 608
262 609
262 610
262 611
262 612
262 613
262 614
262 615
262 616
262 617
262 729
262 888
262 889
262 890
262 891
262 892
262 893
262 894
262 895
262 896
262 897
262 898
262 899
262 900
262 901
262 902
262 947
262 948
262 951
262 952
262 953
262 955
262 956
262 957
262 958
262 959
262 960
262 961
262 962
262 963
263 264
263 265
263 266
263 267
263 268
263 269
263 270
263 271
263 382
263 383
263 386
263 387
263 389
263 390
263 391
263 392
263 393
263 394
263 395
263 396
263 397
263 398
263 399
263 400
263 401
263 402
263 434
263 435
263 436
263 437
263 438
263 440
263 441
263 442
263 443
263 477
263 478
263 480
263 482
263 483
263 484
263 485
263 486
263 487
263 488
263 489
263 490
263 502
263 504
263 506
263 507
263 508
263 536
263 561
263 603
263 605
263 608
263 609
263 610
263 611
263 612
263 613
263 614
263 615
263 616
263 618
263 682
263 723
263 729
263 739
263 891
263 892
263 893
263 894
263 895
263 896
263 897
263 898
263 899
263 900
263 901
263 902
263 949
263 950
263 951
263 952
263 953
263 954
263 955
263 956
263 957
263 958
263 959
263 960
263 961
263 962
263 963
263 964
264 265
264 266
264 267
264 268
264 269
264 270
264 271
264 378
264 383
264 384
264 385
264 386
264 387
264 388
264 389
264 390
264 391
264 392
264 393
264 394
264 395
264 396
264 397
264 398
264 399
264 400
264 403
264 433
264 436
264 438
264 439
264 440
264 441
264 442
264 453
264 476
264 477
264 478
264 479
264 480
264 481
264 482
264 484
264 485
264 486
264 487
264 488
264 489
264 490
264 491
264 500
264 502
264 503
264 504
264 505
264 506
264 507
264 509
264 551
264 560
264 603
264 604
264 605
264 607
264 608
264 609
264 610
264 611
264 612
264 613
264 614
264 615
264 616
264 617
264 618
264 654
264 682
264 727
264 765
264 888
264 889
264 890
264 891
264 892
264 893
264 894
264 895
264 896
264 897
264 898
264 899
264 900
264 901
264 902
264 903
264 943
264 946
264 953
264 954
264 955
264 956
264 957
264 958
264 959
264 960
264 961
264 962
264 963
264 964
264 993
265 266
265 267
265 268
265 269
265 270
265 271
265 364
265 381
265 382
265 383
265 384
265 385
265 386
265 387
265 388
265 389
265 390
265 391
265 392
265 393
265 394
265 395
265 396
265 397
265 398
265 399
265 400
265 401
265 410
265 414
265 415
265 436
265 437
265 439
265 440
265 441
265 476
265 479
265 480
265 482
265 483
265 484
265 485
265 486
265 487
265 488
265 489
265 490
265 491
265 492
265 500
265 501
265 503
265 504
265 505
265 506
265 507
265 508
265 509
265 510
265 548
265 560
265 603
265 604
265 605
265 607
265 608
265 609
265 610
265 611
265 612
265 613
265 614
265 615
265 616
265 617
265 618
265 646
265 675
265 682
265 683
265 726
265 728
265 731
265 851
265 890
265 893
265 894
265 895
265 896
265 897
265 898
265 899
265 900
265 901
265 902
265 903
265 943
265 949
265 951
265 952
265 953
265 954
265 955
265 956
265 957
265 958
265 959
265 960
265 961
265 962
265 963
265 964
265 965
266 267
266 268
266 269
266 270
266 271
266 380
266 383
266 385
266 387
266 388
266 389
266 390
266 391
266 392
266 393
266 394
266 395
266 396
266 397
266 398
266 399
266 400
266 401
266 404
266 434
266 435
266 436
266 437
266 438
266 439
266 440
266 441
266 442
266 443
266 479
266 481
266 482
266 483
266 484
266 485
266 486
266 487
266 488
266 489
266 490
266 491
266 499
266 501
266 503
266 505
266 507
266 508
266 509
266 510
266 548
266 564
266 580
266 602
266 603
266 604
266 605
266 606
266 609
266 610
266 612
266 613
266 614
266 615
266 616
266 617
266 681
266 682
266 727
266 731
266 847
266 888
266 890
266 891
266 892
266 893
266 894
266 895
266 896
266 897
266 898
266 899
266 900
266 901
266 902
266 903
266 950
266 951
266 952
266 953
266 954
266 955
266 956
266 957
266 958
266 959
266 960
266 961
266 962
266 963
266 964
266 965
267 268
267 269
267 270
267 271
267 272
267 381
267 382
267 383
267 384
267 385
267 386
267 387
267 388
267 389
267 390
267 391
267 393
267 394
267 395
267 396
267 397
267 398
267 399
267 400
267 401
267 402
267 435
267 437
267 438
267 440
267 441
267 442
267 443
267 444
267 476
267 477
267 480
267 481
267 482
267 483
267 484
267 485
267 486
267 487
267 488
267 489
267 490
267 491
267 492
267 500
267 504
267 505
267 506
267 507
267 510
267 562
267 565
267 566
267 605
267 606
267 607
267 610
267 611
267 612
267 613
267 614
267 615
267 616
267 617
267 618
267 619
267 661
267 683
267 730
267 732
267 765
267 887
267 891
267 892
267 894
267 895
267 896
267 897
267 898
267 899
267 900
267 901
267 902
267 903
267 904
267 947
267 950
267 951
267 952
267 953
267 954
267 955
267 956
267 957
267 958
267 959
267 960
267 961
267 962
267 963
267 964
267 994
268 269
268 270
268 271
268 272
268 306
268 367
268 382
268 383
268 384
268 386
268 387
268 388
268 389
268 390
268 391
268 392
268 393
268 394
268 395
268 396
268 397
268 398
268 399
268 400
268 403
268 414
268 415
268 435
268 437
268 438
268 439
268 440
268 441
268 442
268 443
268 444
268 446
268 478
268 480
268 481
268 482
268 483
268 484
268 485
268 486
268 487
268 488
268 489
268 490
268 491
268 492
268 500
268 502
268 504
268 505
268 506
268 508
268 509
268 510
268 559
268 562
268 563
268 584
268 605
268 606
268 607
268 608
268 609
268 610
268 611
268 612
268 613
268 614
268 615
268 616
268 617
268 619
268 641
268 680
268 683
268 684
268 729
268 732
268 765
268 766
268 850
268 859
268 870
268 887
268 889
268 890
268 892
268 893
268 894
268 895
268 896
268 897
268 898
268 899
268 900
268 901
268 902
268 903
268 904
268 950
268 951
268 952
268 953
268 954
268 955
268 956
268 957
268 958
268 959
268 960
268 961
268 962
268 963
268 964
268 965
268 966
268 994
269 270
269 271
269 272
269 364
269 381
269 382
269 385
269 386
269 387
269 388
269 389
269 390
269 391
269 393
269 394
269 395
269 396
269 397
269 398
269 399
269 400
269 401
269 403
269 404
269 414
269 434
269 436
269 440
269 441
269 442
269 443
269 444
269 472
269 475
269 479
269 480
269 481
269 482
269 483
269 484
269 485
269 486
269 487
269 488
269 489
269 490
269 491
269 492
269 493
269 499
269 501
269 502
269 503
269 504
269 506
269 507
269 508
269 509
269 510
269 511
269 539
269 560
269 561
269 563
269 564
269 601
269 602
269 603
269 606
269 607
269 608
269 609
269 610
269 612
269 613
269 614
269 615
269 616
269 617
269 618
269 619
269 662
269 681
269 682
269 683
269 726
269 729
269 730
269 731
269 732
269 733
269 851
269 881
269 891
269 892
269 894
269 895
269 896
269 897
269 898
269 899
269 900
269 901
269 902
269 903
269 948
269 949
269 950
269 953
269 954
269 955
269 956
269 957
269 958
269 959
269 960
269 961
269 962
269 963
269 964
269 965
269 966
269 968
269 993
270 271
270 272
270 275
270 276
270 381
270 383
270 384
270 385
270 387
270 388
270 389
270 390
270 391
270 392
270 393
270 394
270 395
270 396
270 397
270 398
270 399
270 400
270 401
270 413
270 414
270 421
270 433
270 436
270 437
270 438
270 439
270 441
270 442
270 443
270 477
270 478
270 479
270 480
270 481
270 482
270 483
270 484
270 485
270 486
270 487
270 488
270 489
270 490
270 491
270 500
270 502
270 504
270 505
270 507
270 508
270 509
270 510
270 511
270 549
270 550
270 561
270 562
270 605
270 606
270 607
270 610
270 611
270 612
270 613
270 614
270 615
270 616
270 617
270 618
270 635
270 662
270 682
270 683
270 725
270 730
270 731
270 732
270 766
270 810
270 888
270 891
270 892
270 893
270 894
270 896
270 897
270 898
270 899
270 900
270 901
270 902
270 903
270 904
270 949
270 952
270 954
270 955
270 956
270 957
270 958
270 959
270 960
270 961
270 962
270 963
270 964
270 965
270 982
271 324
271 365
271 383
271 385
271 387
271 388
271 390
271 394
271 395
271 397
271 400
271 401
271 415
271 441
271 442
271 479
271 483
271 485
271 486
271 487
271 489
271 490
271 493
271 500
271 510
271 511
271 566
271 594
271 609
271 610
271 613
271 614
271 615
271 616
271 617
271 619
271 681
271 806
271 889
271 897
271 898
271 900
271 901
271 902
271 950
271 953
272 398
272 400
272 489
272 587
272 676
272 728
272 961
272 964
273 385
273 493
273 781
273 787
273 905
274 624
291 415
292 961
302 627
313 595
325 551
326 680
337 498
338 732
366 402
366 440
366 561
367 475
368 406
374 401
376 656
377 461
378 384
378 901
379 384
379 385
379 392
379 394
379 435
379 475
379 481
379 482
379 504
379 505
379 605
379 900
379 949
379 951
379 955
379 957
380 387
380 390
380 394
380 434
380 436
380 475
380 477
380 484
380 487
380 489
380 498
380 507
380 602
380 607
380 611
380 613
380 615
380 616
380 728
380 896
380 902
380 946
380 950
380 962
381 384
381 387
381 388
381 392
381 394
381 397
381 398
381 399
381 413
381 475
381 482
381 483
381 485
381 501
381 502
381 503
381 506
381 507
381 508
381 610
381 850
381 894
381 897
381 899
381 900
381 918
381 952
381 954
381 956
381 958
381 963
382 385
382 390
382 393
382 396
382 401
382 413
382 435
382 436
382 437
382 439
382 441
382 443
382 475
382 480
382 481
382 482
382 486
382 489
382 490
382 500
382 502
382 503
382 505
382 506
382 510
382 602
382 603
382 604
382 605
382 608
382 612
382 613
382 614
382 767
382 887
382 888
382 891
382 894
382 897
382 898
382 899
382 950
382 951
382 952
382 953
382 955
382 956
382 957
382 959
382 961
382 963
382 964
383 386
383 387
383 389
383 390
383 392
383 393
383 395
383 396
383 397
383 398
383 400
383 437
383 438
383 439
383 440
383 474
383 475
383 477
383 479
383 480
383 481
383 484
383 486
383 488
383 489
383 502
383 503
383 504
383 505
383 507
383 604
383 607
383 608
383 610
383 612
383 613
383 617
383 677
383 728
383 888
383 889
383 890
383 893
383 894
383 896
383 899
383 901
383 948
383 950
383 951
383 955
383 957
383 958
383 961
383 962
383 964
384 385
384 386
384 387
384 388
384 389
384 390
384 391
384 392
384 396
384 397
384 399
384 401
384 437
384 439
384 475
384 476
384 477
384 478
384 479
384 480
384 481
384 482
384 483
384 484
384 485
384 487
384 489
384 490
384 502
384 504
384 505
384 508
384 561
384 605
384 606
384 607
384 608
384 610
384 611
384 612
384 613
384 615
384 616
384 730
384 888
384 891
384 892
384 893
384 894
384 896
384 897
384 898
384 899
384 901
384 949
384 951
384 952
384 953
384 954
384 957
384 958
384 962
384 966
385 386
385 387
385 388
385 390
385 392
385 393
385 394
385 396
385 397
385 398
385 401
385 433
385 435
385 438
385 440
385 442
385 474
385 478
385 479
385 480
385 481
385 483
385 484
385 486
385 488
385 490
385 491
385 498
385 502
385 503
385 504
385 505
385 506
385 507
385 602
385 603
385 604
385 607
385 608
385 610
385 612
385 616
385 617
385 890
385 893
385 894
385 898
385 899
385 900
385 948
385 950
385 951
385 952
385 953
385 956
385 957
385 958
385 960
385 961
386 389
386 390
386 391
386 392
386 393
386 394
386 396
386 397
386 398
386 399
386 400
386 433
386 436
386 437
386 438
386 439
386 440
386 441
386 476
386 477
386 479
386 480
386 482
386 483
386 485
386 487
386 489
386 490
386 502
386 503
386 504
386 505
386 506
386 586
386 604
386 605
386 606
386 607
386 608
386 609
386 610
386 611
386 613
386 614
386 615
386 616
386 617
386 680
386 727
386 730
386 888
386 890
386 891
386 892
386 893
386 894
386 895
386 896
386 898
386 900
386 901
386 902
386 903
386 949
386 951
386 953
386 954
386 956
386 957
386 958
386 959
386 960
386 961
386 962
386 964
387 388
387 389
387 390
387 391
387 392
387 393
387 394
387 395
387 396
387 397
387 398
387 399
387 400
387 401
387 433
387 435
387 438
387 440
387 478
387 480
387 481
387 482
387 483
387 484
387 485
387 486
387 487
387 489
387 490
387 502
387 504
387 505
387 507
387 508
387 561
387 563
387 604
387 605
387 606
387 607
387 608
387 611
387 612
387 613
387 614
387 615
387 616
387 617
387 655
387 658
387 728
387 888
387 889
387 890
387 893
387 894
387 895
387 896
387 897
387 898
387 899
387 901
387 902
387 948
387 952
387 953
387 954
387 955
387 956
387 957
387 958
387 959
387 960
387 961
387 962
387 963
387 964
388 389
388 392
388 394
388 395
388 397
388 398
388 399
388 400
388 414
388 433
388 434
388 435
388 436
388 438
388 439
388 440
388 441
388 443
388 474
388 478
388 481
388 482
388 483
388 484
388 486
388 487
388 489
388 490
388 499
388 500
388 502
388 503
388 504
388 506
388 507
388 508
388 563
388 605
388 606
388 608
388 609
388 610
388 611
388 612
388 613
388 614
388 615
388 616
388 617
388 889
388 892
388 893
388 894
388 895
388 896
388 897
388 898
388 899
388 900
388 901
388 902
388 943
388 947
388 950
388 954
388 955
388 956
388 957
388 958
388 959
388 961
388 962
388 963
389 390
389 391
389 392
389 393
389 394
389 395
389 396
389 397
389 399
389 400
389 401
389 434
389 435
389 438
389 439
389 440
389 441
389 442
389 476
389 479
389 481
389 482
389 483
389 484
389 485
389 486
389 487
389 488
389 489
389 490
389 499
389 501
389 502
389 503
389 504
389 505
389 506
389 507
389 508
389 561
389 602
389 603
389 605
389 608
389 609
389 610
389 611
389 612
389 613
389 614
389 615
389 616
389 617
389 681
389 889
389 890
389 891
389 892
389 893
389 894
389 895
389 896
389 897
389 898
389 899
389 900
389 901
389 902
389 948
389 949
389 950
389 952
389 953
389 954
389 955
389 956
389 957
389 958
389 959
389 961
389 962
389 963
389 964
390 391
390 392
390 393
390 394
390 395
390 396
390 397
390 398
390 399
390 400
390 401
390 437
390 438
390 439
390 441
390 476
390 479
390 480
390 481
390 482
390 483
390 484
390 485
390 486
390 487
390 488
390 489
390 499
390 500
390 501
390 502
390 504
390 506
390 507
390 508
390 509
390 560
390 563
390 602
390 605
390 606
390 607
390 608
390 609
390 610
390 611
390 612
390 613
390 614
390 615
390 616
390 617
390 674
390 728
390 730
390 888
390 890
390 892
390 893
390 894
390 896
390 897
390 898
390 900
390 901
390 902
390 947
390 949
390 950
390 951
390 952
390 953
390 954
390 955
390 956
390 957
390 958
390 959
390 960
390 961
390 962
390 963
391 393
391 394
391 395
391 396
391 397
391 398
391 399
391 400
391 434
391 437
391 438
391 439
391 440
391 441
391 476
391 481
391 482
391 483
391 484
391 485
391 486
391 487
391 488
391 489
391 490
391 491
391 502
391 503
391 504
391 505
391 506
391 507
391 561
391 562
391 602
391 604
391 606
391 607
391 608
391 609
391 610
391 611
391 612
391 613
391 614
391 615
391 617
391 888
391 889
391 890
391 892
391 893
391 894
391 895
391 896
391 897
391 898
391 899
391 900
391 901
391 902
391 949
391 950
391 952
391 953
391 954
391 955
391 956
391 957
391 958
391 959
391 960
391 961
391 962
391 963
391 964
392 393
392 394
392 395
392 396
392 397
392 398
392 399
392 400
392 433
392 434
392 436
392 437
392 440
392 441
392 443
392 475
392 479
392 480
392 481
392 482
392 483
392 484
392 485
392 486
392 487
392 488
392 489
392 490
392 500
392 503
392 504
392 505
392 506
392 507
392 508
392 561
392 563
392 602
392 605
392 606
392 608
392 609
392 610
392 611
392 612
392 613
392 614
392 615
392 616
392 617
392 680
392 729
392 887
392 890
392 892
392 893
392 894
392 895
392 896
392 897
392 898
392 899
392 900
392 901
392 949
392 950
392 951
392 952
392 953
392 954
392 955
392 956
392 958
392 959
392 960
392 961
392 962
392 963
392 964
393 394
393 395
393 396
393 397
393 398
393 399
393 400
393 401
393 436
393 437
393 438
393 440
393 441
393 442
393 479
393 480
393 481
393 482
393 483
393 484
393 485
393 486
393 487
393 488
393 489
393 490
393 501
393 503
393 504
393 505
393 506
393 507
393 508
393 602
393 605
393 606
393 608
393 609
393 610
393 611
393 612
393 613
393 614
393 615
393 616
393 617
393 683
393 727
393 728
393 729
393 887
393 889
393 890
393 892
393 893
393 894
393 895
393 896
393 897
393 899
393 900
393 901
393 902
393 947
393 951
393 952
393 953
393 954
393 955
393 956
393 957
393 958
393 959
393 960
393 961
393 962
393 963
393 964
393 983
394 395
394 396
394 397
394 398
394 399
394 400
394 434
394 435
394 436
394 437
394 438
394 439
394 440
394 441
394 442
394 476
394 477
394 478
394 479
394 480
394 481
394 482
394 483
394 484
394 485
394 486
394 487
394 488
394 489
394 490
394 501
394 502
394 503
394 504
394 505
394 506
394 507
394 508
394 606
394 608
394 609
394 610
394 611
394 612
394 613
394 614
394 615
394 616
394 617
394 730
394 887
394 892
394 893
394 894
394 895
394 896
394 897
394 898
394 899
394 900
394 901
394 902
394 948
394 949
394 950
394 951
394 954
394 955
394 956
394 957
394 958
394 959
394 960
394 961
394 962
394 963
394 964
395 396
395 397
395 398
395 399
395 400
395 401
395 414
395 434
395 439
395 442
395 475
395 479
395 480
395 481
395 482
395 483
395 484
395 485
395 486
395 487
395 488
395 489
395 490
395 491
395 492
395 500
395 501
395 503
395 504
395 505
395 506
395 507
395 508
395 509
395 560
395 561
395 563
395 564
395 604
395 607
395 609
395 611
395 612
395 613
395 614
395 615
395 616
395 617
395 618
395 682
395 889
395 890
395 892
395 893
395 894
395 895
395 897
395 898
395 899
395 900
395 901
395 902
395 950
395 951
395 953
395 954
395 955
395 956
395 957
395 958
395 959
395 960
395 961
395 962
395 963
395 964
396 397
396 398
396 399
396 400
396 401
396 414
396 433
396 435
396 437
396 438
396 440
396 475
396 477
396 478
396 479
396 480
396 481
396 482
396 483
396 484
396 485
396 487
396 488
396 489
396 490
396 501
396 502
396 503
396 504
396 505
396 506
396 507
396 508
396 509
396 551
396 561
396 604
396 606
396 607
396 608
396 609
396 610
396 611
396 612
396 613
396 614
396 615
396 616
396 618
396 654
396 657
396 674
396 691
396 731
396 889
396 890
396 892
396 893
396 894
396 895
396 896
396 897
396 898
396 899
396 900
396 901
396 902
396 903
396 951
396 953
396 955
396 956
396 957
396 958
396 959
396 960
396 961
396 962
396 963
396 964
396 965
397 398
397 399
397 400
397 435
397 437
397 438
397 439
397 441
397 442
397 443
397 476
397 478
397 479
397 480
397 481
397 482
397 483
397 484
397 485
397 486
397 487
397 488
397 489
397 490
397 498
397 500
397 502
397 503
397 505
397 506
397 507
397 508
397 562
397 604
397 606
397 607
397 609
397 610
397 611
397 612
397 613
397 614
397 615
397 616
397 617
397 680
397 681
397 682
397 731
397 851
397 889
397 890
397 891
397 892
397 893
397 894
397 895
397 896
397 897
397 898
397 899
397 900
397 901
397 902
397 903
397 951
397 952
397 953
397 954
397 956
397 957
397 958
397 959
397 960
397 961
397 962
397 963
397 964
398 399
398 400
398 401
398 434
398 436
398 437
398 438
398 440
398 441
398 442
398 479
398 480
398 481
398 482
398 483
398 484
398 485
398 486
398 487
398 488
398 489
398 490
398 491
398 498
398 500
398 502
398 504
398 505
398 506
398 507
398 508
398 509
398 550
398 561
398 602
398 606
398 608
398 609
398 610
398 611
398 612
398 613
398 614
398 615
398 616
398 617
398 618
398 634
398 683
398 728
398 730
398 851
398 887
398 893
398 894
398 895
398 896
398 897
398 898
398 899
398 900
398 901
398 902
398 903
398 948
398 950
398 951
398 952
398 953
398 954
398 955
398 956
398 957
398 958
398 959
398 960
398 961
398 962
398 963
398 964
398 965
399 400
399 434
399 437
399 438
399 439
399 440
399 441
399 442
399 477
399 478
399 480
399 482
399 483
399 484
399 485
399 486
399 487
399 488
399 489
399 490
399 491
399 499
399 502
399 504
399 505
399 506
399 507
399 508
399 509
399 560
399 561
399 562
399 565
399 605
399 606
399 607
399 608
399 609
399 610
399 611
399 612
399 613
399 614
399 615
399 616
399 617
399 623
399 681
399 682
399 726
399 727
399 729
399 731
399 886
399 889
399 893
399 894
399 895
399 896
399 897
399 898
399 899
399 900
399 901
399 902
399 948
399 950
399 951
399 952
399 953
399 954
399 955
399 956
399 957
399 958
399 959
399 960
399 961
399 962
399 963
399 964
399 965
400 401
400 434
400 437
400 438
400 439
400 440
400 444
400 479
400 480
400 481
400 482
400 483
400 484
400 485
400 486
400 487
400 488
400 489
400 490
400 491
400 498
400 499
400 501
400 503
400 505
400 506
400 507
400 508
400 560
400 583
400 603
400 605
400 606
400 607
400 608
400 609
400 611
400 612
400 613
400 614
400 616
400 617
400 680
400 683
400 727
400 890
400 893
400 894
400 895
400 896
400 897
400 898
400 899
400 900
400 901
400 903
400 940
400 950
400 951
400 952
400 954
400 955
400 956
400 957
400 958
400 959
400 960
400 961
400 962
400 963
400 964
400 965
401 403
401 435
401 437
401 477
401 481
401 482
401 483
401 484
401 488
401 490
401 500
401 505
401 509
401 566
401 593
401 607
401 608
401 609
401 610
401 611
401 612
401 614
401 615
401 616
401 617
401 888
401 891
401 893
401 896
401 898
401 900
401 957
401 959
401 961
401 965
401 983
402 404
402 439
402 441
402 443
402 487
402 491
402 501
402 536
402 567
402 605
402 611
402 898
402 904
402 950
402 952
402 953
402 959
402 963
403 485
403 553
403 605
403 611
403 613
403 806
403 961
404 588
404 902
405 593
405 724
405 892
406 733
411 738
413 480
413 613
413 899
414 609
414 962
414 963
415 618
416 766
416 805
416 995
417 681
422 619
432 502
432 955
433 439
433 441
433 486
433 499
433 728
433 731
433 901
433 902
433 947
434 441
434 482
434 483
434 484
434 500
434 505
434 605
434 610
434 611
434 612
434 615
434 730
434 888
434 893
434 894
434 896
434 899
434 900
434 901
434 947
434 949
434 951
434 958
435 436
435 440
435 441
435 476
435 477
435 481
435 483
435 485
435 486
435 489
435 490
435 500
435 506
435 507
435 602
435 605
435 606
435 891
435 895
435 897
435 899
435 949
435 950
435 952
435 955
435 958
435 960
435 962
436 438
436 441
436 479
436 480
436 482
436 483
436 484
436 487
436 489
436 490
436 499
436 500
436 501
436 504
436 505
436 506
436 508
436 560
436 561
436 603
436 604
436 606
436 607
436 608
436 609
436 610
436 613
436 614
436 615
436 616
436 617
436 680
436 737
436 886
436 889
436 892
436 895
436 897
436 899
436 900
436 902
436 950
436 955
436 957
436 960
436 964
437 438
437 439
437 440
437 479
437 480
437 481
437 482
437 484
437 487
437 489
437 490
437 501
437 504
437 505
437 506
437 507
437 508
437 560
437 605
437 606
437 607
437 610
437 611
437 614
437 615
437 616
437 617
437 729
437 888
437 889
437 891
437 892
437 893
437 894
437 895
437 896
437 902
437 951
437 953
437 954
437 955
437 956
437 957
437 958
437 959
437 961
437 962
437 963
438 439
438 441
438 442
438 478
438 479
438 481
438 484
438 485
438 486
438 487
438 489
438 490
438 491
438 501
438 502
438 503
438 504
438 505
438 506
438 507
438 508
438 560
438 607
438 608
438 609
438 610
438 611
438 613
438 614
438 616
438 729
438 891
438 892
438 893
438 894
438 895
438 896
438 900
438 901
438 902
438 948
438 950
438 952
438 953
438 955
438 956
438 960
438 962
439 440
439 442
439 478
439 479
439 480
439 482
439 483
439 484
439 485
439 488
439 490
439 503
439 504
439 505
439 506
439 507
439 508
439 564
439 603
439 606
439 608
439 609
439 612
439 613
439 614
439 615
439 617
439 890
439 891
439 892
439 893
439 894
439 895
439 896
439 897
439 898
439 899
439 900
439 947
439 949
439 951
439 952
439 953
439 954
439 955
439 956
439 958
439 959
439 960
439 961
439 962
439 964
440 442
440 477
440 478
440 479
440 480
440 481
440 482
440 483
440 484
440 485
440 486
440 488
440 490
440 503
440 504
440 506
440 507
440 508
440 559
440 561
440 603
440 605
440 606
440 607
440 609
440 610
440 611
440 613
440 614
440 615
440 616
440 852
440 887
440 889
440 890
440 891
440 892
440 894
440 897
440 898
440 899
440 900
440 902
440 952
440 956
440 958
440 959
440 960
440 961
440 963
441 475
441 477
441 478
441 479
441 480
441 482
441 484
441 485
441 487
441 489
441 498
441 501
441 503
441 504
441 505
441 506
441 507
441 508
441 601
441 603
441 604
441 605
441 607
441 608
441 609
441 612
441 613
441 614
441 615
441 616
441 728
441 729
441 888
441 890
441 891
441 892
441 894
441 895
441 896
441 898
441 899
441 901
441 902
441 946
441 947
441 952
441 954
441 955
441 956
441 957
441 959
441 960
441 961
441 963
442 490
442 506
442 613
442 614
442 616
442 892
442 895
442 897
442 899
442 902
442 953
442 957
442 959
442 960
442 961
442 963
443 475
443 490
443 492
443 852
443 895
443 898
443 962
444 516
444 727
445 611
445 612
445 660
445 734
445 965
446 740
449 903
455 728
456 620
464 702
472 566
473 479
473 732
474 478
474 480
474 501
474 502
474 604
474 607
474 889
474 891
474 959
475 478
475 481
475 490
475 506
475 560
475 601
475 604
475 612
475 727
475 889
475 895
475 901
475 958
475 960
476 477
476 480
476 481
476 483
476 484
476 489
476 499
476 501
476 503
476 508
476 602
476 604
476 606
476 607
476 610
476 611
476 612
476 615
476 728
476 732
476 892
476 894
476 895
476 899
476 900
476 901
476 903
476 952
476 954
476 957
476 960
476 963
477 479
477 480
477 481
477 484
477 485
477 486
477 487
477 488
477 489
477 499
477 501
477 503
477 504
477 506
477 507
477 560
477 603
477 605
477 606
477 607
477 611
477 613
477 614
477 615
477 616
477 726
477 727
477 887
477 891
477 893
477 894
477 898
477 900
477 902
477 948
477 950
477 952
477 953
477 954
477 955
477 958
477 960
477 963
478 479
478 480
478 481
478 482
478 483
478 485
478 486
478 488
478 490
478 499
478 501
478 503
478 504
478 561
478 602
478 605
478 607
478 608
478 609
478 611
478 613
478 614
478 616
478 728
478 890
478 891
478 892
478 894
478 896
478 901
478 951
478 953
478 954
478 955
478 956
478 957
478 959
478 961
478 963
479 480
479 482
479 484
479 485
479 486
479 487
479 488
479 489
479 490
479 499
479 502
479 506
479 507
479 508
479 604
479 605
479 606
479 607
479 612
479 613
479 614
479 616
479 727
479 889
479 891
479 892
479 894
479 895
479 897
479 898
479 901
479 949
479 951
479 952
479 953
479 956
479 957
479 960
479 961
479 962
480 481
480 482
480 483
480 484
480 485
480 486
480 487
480 488
480 489
480 490
480 501
480 504
480 505
480 506
480 507
480 560
480 603
480 606
480 607
480 609
480 610
480 611
480 612
480 613
480 614
480 615
480 616
480 617
480 729
480 889
480 890
480 891
480 892
480 893
480 895
480 896
480 898
480 902
480 903
480 949
480 952
480 953
480 954
480 955
480 957
480 958
480 960
480 964
481 482
481 484
481 486
481 487
481 489
481 498
481 501
481 502
481 504
481 505
481 506
481 507
481 508
481 605
481 607
481 608
481 609
481 610
481 611
481 612
481 613
481 614
481 616
481 617
481 681
481 682
481 888
481 889
481 890
481 892
481 893
481 894
481 895
481 896
481 897
481 898
481 899
481 900
481 901
481 902
481 949
481 951
481 952
481 953
481 954
481 955
481 956
481 957
481 958
481 959
481 961
481 962
481 963
482 483
482 484
482 485
482 486
482 487
482 488
482 489
482 490
482 491
482 501
482 503
482 505
482 506
482 507
482 508
482 509
482 561
482 562
482 605
482 606
482 607
482 608
482 609
482 611
482 612
482 613
482 614
482 615
482 616
482 729
482 887
482 888
482 889
482 890
482 891
482 892
482 893
482 894
482 895
482 898
482 899
482 900
482 902
482 903
482 949
482 951
482 952
482 953
482 954
482 955
482 956
482 957
482 958
482 959
482 960
482 961
482 962
482 963
483 484
483 485
483 486
483 487
483 488
483 489
483 500
483 503
483 504
483 505
483 506
483 507
483 508
483 565
483 603
483 606
483 608
483 610
483 611
483 612
483 613
483 614
483 615
483 616
483 617
483 765
483 887
483 890
483 892
483 893
483 894
483 895
483 896
483 897
483 898
483 899
483 900
483 901
483 948
483 949
483 953
483 954
483 955
483 956
483 957
483 958
483 959
483 960
483 961
483 962
483 963
484 485
484 486
484 487
484 488
484 489
484 490
484 502
484 503
484 504
484 505
484 506
484 507
484 606
484 607
484 608
484 609
484 610
484 611
484 612
484 613
484 614
484 615
484 616
484 617
484 681
484 729
484 889
484 890
484 892
484 893
484 896
484 897
484 898
484 899
484 900
484 901
484 902
484 947
484 952
484 954
484 955
484 956
484 957
484 958
484 959
484 960
484 961
484 962
484 963
484 964
485 486
485 487
485 488
485 489
485 490
485 501
485 502
485 503
485 504
485 505
485 506
485 507
485 548
485 559
485 604
485 607
485 608
485 609
485 610
485 611
485 612
485 613
485 614
485 615
485 616
485 617
485 681
485 725
485 730
485 731
485 887
485 891
485 893
485 894
485 896
485 897
485 898
485 899
485 900
485 901
485 948
485 950
485 951
485 952
485 953
485 954
485 955
485 956
485 957
485 958
485 959
485 960
485 961
485 962
485 963
485 965
486 487
486 488
486 489
486 490
486 501
486 502
486 503
486 504
486 506
486 507
486 508
486 606
486 608
486 609
486 610
486 611
486 612
486 613
486 614
486 615
486 616
486 887
486 888
486 889
486 890
486 891
486 892
486 894
486 895
486 896
486 897
486 898
486 899
486 900
486 901
486 902
486 949
486 951
486 953
486 954
486 955
486 956
486 957
486 958
486 959
486 960
486 961
486 962
486 963
487 488
487 489
487 490
487 492
487 500
487 502
487 504
487 505
487 506
487 507
487 508
487 563
487 603
487 606
487 607
487 608
487 609
487 610
487 611
487 612
487 613
487 614
487 615
487 616
487 617
487 618
487 889
487 891
487 892
487 894
487 895
487 896
487 897
487 898
487 899
487 900
487 901
487 902
487 947
487 949
487 950
487 951
487 952
487 953
487 954
487 955
487 956
487 957
487 958
487 959
487 960
487 961
487 962
487 963
488 489
488 490
488 491
488 499
488 500
488 501
488 502
488 504
488 505
488 506
488 560
488 606
488 607
488 609
488 610
488 611
488 612
488 613
488 614
488 615
488 616
488 890
488 891
488 892
488 893
488 894
488 896
488 897
488 898
488 899
488 900
488 901
488 902
488 948
488 951
488 952
488 953
488 954
488 955
488 956
488 957
488 958
488 959
488 960
488 961
488 962
488 963
488 964
489 490
489 492
489 501
489 503
489 505
489 506
489 507
489 508
489 509
489 562
489 604
489 605
489 606
489 607
489 608
489 610
489 611
489 612
489 613
489 614
489 615
489 616
489 681
489 891
489 892
489 894
489 896
489 897
489 898
489 899
489 900
489 901
489 950
489 951
489 952
489 954
489 955
489 956
489 957
489 958
489 959
489 960
489 961
489 962
489 963
489 964
490 501
490 502
490 503
490 505
490 506
490 507
490 508
490 509
490 562
490 602
490 603
490 604
490 605
490 606
490 607
490 609
490 610
490 611
490 612
490 613
490 614
490 615
490 616
490 680
490 727
490 730
490 889
490 891
490 892
490 893
490 894
490 895
490 896
490 897
490 898
490 900
490 901
490 902
490 949
490 950
490 953
490 955
490 956
490 957
490 958
490 959
490 960
490 961
490 962
490 963
490 964
491 505
491 892
491 894
491 898
491 901
491 959
491 960
491 961
491 962
491 963
491 964
492 812
492 963
492 995
493 962
497 729
498 504
498 508
498 727
498 892
498 897
498 898
498 946
498 949
498 959
498 962
499 560
499 606
499 609
499 610
499 611
499 888
499 890
499 891
499 896
499 897
499 899
499 902
499 946
499 950
499 953
499 954
499 955
499 956
499 963
500 503
500 504
500 507
500 603
500 610
500 611
500 613
500 614
500 615
500 617
500 880
500 889
500 890
500 892
500 895
500 896
500 897
500 898
500 899
500 900
500 901
500 948
500 955
500 956
500 958
500 960
500 961
500 963
501 502
501 503
501 504
501 505
501 506
501 507
501 560
501 561
501 562
501 563
501 601
501 604
501 609
501 611
501 679
501 682
501 728
501 889
501 890
501 891
501 892
501 894
501 896
501 898
501 899
501 901
501 952
501 953
501 957
501 960
501 962
501 963
502 504
502 506
502 508
502 561
502 602
502 606
502 609
502 610
502 611
502 612
502 613
502 615
502 729
502 766
502 890
502 891
502 892
502 894
502 895
502 896
502 897
502 899
502 900
502 903
502 947
502 948
502 949
502 950
502 951
502 952
502 953
502 955
502 956
502 959
502 960
502 963
503 506
503 562
503 604
503 605
503 606
503 607
503 608
503 611
503 612
503 613
503 614
503 616
503 729
503 889
503 890
503 891
503 892
503 893
503 894
503 895
503 899
503 902
503 949
503 951
503 953
503 955
503 956
503 957
503 959
503 962
503 963
504 505
504 506
504 508
504 549
504 562
504 605
504 606
504 607
504 608
504 609
504 610
504 612
504 613
504 614
504 617
504 890
504 891
504 892
504 893
504 894
504 896
504 897
504 898
504 899
504 900
504 901
504 950
504 951
504 953
504 954
504 955
504 956
504 957
504 958
504 959
504 960
504 961
504 962
504 963
504 964
504 993
505 507
505 560
505 603
505 605
505 606
505 607
505 608
505 609
505 610
505 611
505 612
505 614
505 616
505 617
505 679
505 729
505 888
505 889
505 892
505 893
505 894
505 895
505 896
505 897
505 898
505 899
505 900
505 901
505 902
505 950
505 952
505 953
505 954
505 955
505 956
505 957
505 958
505 959
505 961
505 963
505 964
506 507
506 508
506 603
506 605
506 606
506 608
506 610
506 611
506 612
506 613
506 614
506 615
506 616
506 617
506 655
506 888
506 889
506 891
506 892
506 893
506 894
506 895
506 896
506 897
506 898
506 899
506 900
506 901
506 947
506 950
506 951
506 952
506 953
506 954
506 957
506 958
506 959
506 960
506 961
506 962
506 963
507 559
507 603
507 606
507 607
507 608
507 609
507 611
507 612
507 614
507 615
507 616
507 888
507 891
507 893
507 894
507 895
507 896
507 897
507 898
507 899
507 900
507 901
507 952
507 953
507 954
507 955
507 957
507 958
507 959
507 961
507 962
507 963
508 604
508 606
508 607
508 608
508 609
508 611
508 612
508 614
508 615
508 616
508 728
508 730
508 851
508 894
508 896
508 897
508 898
508 899
508 900
508 901
508 902
508 950
508 953
508 954
508 955
508 956
508 957
508 958
508 959
508 960
508 963
509 614
509 900
509 901
509 958
509 961
510 901
511 676
512 628
514 934
524 962
525 958
526 838
527 537
544 960
546 966
549 561
549 904
550 620
552 961
559 606
559 612
559 616
559 948
560 602
560 607
560 608
560 610
560 611
560 614
560 891
560 898
560 899
560 900
560 949
560 951
560 960
560 961
561 609
561 616
561 617
561 889
561 894
561 898
561 900
561 902
561 951
561 953
561 958
561 959
562 607
562 608
562 659
562 730
562 895
562 900
562 901
562 952
562 959
563 565
563 614
563 893
563 954
563 960
564 611
564 724
564 811
564 890
564 956
564 958
564 961
564 964
565 611
565 941
565 955
566 615
567 863
581 902
583 610
583 919
585 779
587 618
591 892
592 853
598 996
601 605
601 607
601 890
601 895
601 960
601 962
602 603
602 604
602 606
602 607
602 608
602 612
602 729
602 886
602 888
602 892
602 893
602 896
602 900
602 951
602 962
602 963
603 604
603 605
603 611
603 615
603 886
603 890
603 893
603 896
603 900
603 901
603 902
603 950
603 951
603 952
603 956
603 959
603 962
604 607
604 609
604 613
604 616
604 837
604 887
604 888
604 889
604 890
604 892
604 895
604 898
604 900
604 902
604 948
604 949
604 954
604 956
604 959
604 960
604 961
604 962
604 963
605 607
605 608
605 609
605 611
605 612
605 613
605 614
605 615
605 616
605 617
605 682
605 727
605 728
605 891
605 893
605 895
605 896
605 899
605 900
605 901
605 902
605 947
605 950
605 951
605 954
605 956
605 957
605 958
605 962
606 607
606 608
606 609
606 610
606 611
606 612
606 613
606 615
606 616
606 681
606 889
606 893
606 894
606 895
606 897
606 898
606 899
606 900
606 901
606 950
606 951
606 954
606 957
606 958
606 959
606 960
606 961
606 962
607 608
607 609
607 610
607 611
607 612
607 614
607 615
607 616
607 888
607 889
607 891
607 892
607 894
607 895
607 896
607 897
607 899
607 900
607 950
607 951
607 952
607 953
607 954
607 956
607 958
607 959
607 960
607 961
607 962
607 963
608 609
608 610
608 611
608 612
608 613
608 614
608 615
608 616
608 681
608 890
608 892
608 893
608 894
608 895
608 896
608 898
608 899
608 901
608 950
608 952
608 954
608 955
608 956
608 957
608 959
608 960
608 961
608 962
608 963
608 964
609 610
609 611
609 612
609 613
609 614
609 615
609 616
609 617
609 680
609 727
609 729
609 890
609 894
609 895
609 900
609 901
609 902
609 950
609 952
609 953
609 954
609 955
609 956
609 958
609 959
609 960
609 961
609 962
609 963
610 612
610 613
610 614
610 615
610 616
610 617
610 618
610 674
610 678
610 731
610 887
610 890
610 891
610 893
610 894
610 895
610 896
610 897
610 898
610 899
610 900
610 901
610 902
610 949
610 950
610 951
610 952
610 953
610 954
610 955
610 957
610 958
610 959
610 960
610 961
610 962
611 612
611 613
611 614
611 615
611 616
611 617
611 728
611 731
611 765
611 797
611 887
611 889
611 890
611 891
611 893
611 894
611 895
611 896
611 897
611 898
611 899
611 900
611 901
611 951
611 952
611 953
611 954
611 955
611 957
611 958
611 959
611 960
611 961
611 962
611 963
611 964
612 613
612 614
612 615
612 616
612 617
612 618
612 681
612 728
612 729
612 732
612 887
612 888
612 891
612 892
612 893
612 894
612 895
612 896
612 897
612 898
612 899
612 900
612 901
612 902
612 951
612 952
612 953
612 954
612 955
612 956
612 957
612 958
612 959
612 960
612 961
612 962
612 963
612 964
613 614
613 615
613 616
613 683
613 766
613 881
613 889
613 890
613 891
613 892
613 893
613 894
613 895
613 896
613 897
613 898
613 899
613 900
613 901
613 902
613 950
613 951
613 952
613 953
613 954
613 955
613 956
613 957
613 958
613 959
613 960
613 961
613 962
613 963
614 615
614 616
614 887
614 888
614 890
614 891
614 892
614 893
614 894
614 895
614 896
614 898
614 899
614 900
614 901
614 902
614 950
614 953
614 955
614 956
614 957
614 958
614 959
614 960
614 961
614 962
614 963
614 964
615 616
615 617
615 618
615 680
615 681
615 682
615 888
615 890
615 891
615 892
615 893
615 895
615 896
615 898
615 899
615 900
615 901
615 902
615 903
615 948
615 949
615 950
615 951
615 953
615 954
615 955
615 956
615 957
615 958
615 959
615 960
615 961
615 962
615 963
615 964
616 617
616 729
616 731
616 739
616 888
616 890
616 891
616 892
616 893
616 894
616 895
616 896
616 897
616 898
616 899
616 900
616 901
616 902
616 949
616 951
616 952
616 953
616 954
616 955
616 956
616 957
616 958
616 959
616 960
616 961
616 962
616 963
616 964
617 729
617 887
617 889
617 894
617 896
617 898
617 899
617 900
617 901
617 950
617 951
617 954
617 955
617 958
617 959
617 960
617 961
617 962
617 963
618 899
618 901
618 902
618 960
619 684
619 846
619 963
635 955
642 655
647 881
654 958
655 684
656 723
659 839
659 948
673 899
675 791
675 949
675 960
676 852
676 963
679 728
679 951
680 956
680 958
680 960
681 954
681 962
682 960
684 732
685 750
686 734
726 962
727 901
727 952
728 887
728 888
728 889
728 893
728 896
728 900
728 949
728 952
728 957
728 959
728 962
728 963
729 889
729 892
729 893
729 894
729 953
729 954
729 959
729 967
730 898
730 949
730 951
730 953
730 957
730 961
730 962
731 852
731 953
731 957
731 958
731 961
733 779
733 903
766 966
767 967
768 905
791 956
791 966
807 945
830 903
844 852
851 957
879 903
886 894
886 955
886 961
887 891
887 892
887 894
887 950
887 954
887 956
887 960
888 892
888 893
888 895
888 897
888 951
888 957
888 959
888 961
888 964
889 895
889 896
889 898
889 949
889 950
889 951
889 952
889 953
889 954
889 955
889 959
889 960
890 893
890 901
890 948
890 955
890 956
890 959
890 960
891 892
891 893
891 894
891 896
891 897
891 898
891 901
891 902
891 949
891 951
891 952
891 953
891 954
891 955
891 956
891 957
891 959
891 962
891 963
892 893
892 894
892 895
892 898
892 899
892 900
892 901
892 949
892 951
892 952
892 953
892 955
892 956
892 957
892 958
892 959
892 960
892 962
892 963
893 894
893 895
893 897
893 898
893 899
893 901
893 902
893 947
893 951
893 953
893 954
893 955
893 956
893 958
893 959
893 960
893 961
893 962
893 963
893 964
894 895
894 897
894 898
894 899
894 900
894 948
894 951
894 952
894 953
894 954
894 956
894 957
894 958
894 959
894 961
894 963
895 896
895 897
895 899
895 900
895 901
895 947
895 951
895 952
895 953
895 954
895 955
895 956
895 957
895 958
895 959
895 960
895 961
895 962
896 897
896 898
896 899
896 900
896 901
896 902
896 949
896 951
896 952
896 953
896 954
896 955
896 956
896 957
896 958
896 959
896 960
896 961
896 962
896 963
896 964
897 898
897 899
897 900
897 901
897 949
897 950
897 951
897 952
897 953
897 955
897 956
897 957
897 958
897 960
897 961
897 962
897 963
897 964
898 899
898 900
898 901
898 902
898 948
898 952
898 953
898 954
898 955
898 956
898 957
898 958
898 959
898 960
898 963
898 964
899 900
899 901
899 902
899 949
899 950
899 951
899 952
899 953
899 954
899 955
899 956
899 957
899 958
899 959
899 960
899 961
899 962
899 963
899 964
900 901
900 902
900 948
900 949
900 950
900 951
900 952
900 953
900 954
900 955
900 956
900 957
900 958
900 959
900 960
900 961
900 962
900 963
900 964
901 902
901 942
901 948
901 949
901 950
901 951
901 952
901 953
901 954
901 955
901 956
901 957
901 958
901 959
901 960
901 961
901 962
901 963
901 964
902 944
902 949
902 952
902 953
902 954
902 956
902 957
902 959
902 960
902 961
902 962
902 963
902 964
903 960
903 964
904 962
905 978
937 944
947 951
947 954
947 961
948 951
948 955
948 958
948 961
948 963
949 953
949 954
949 958
949 959
949 960
949 962
949 964
950 951
950 952
950 953
950 954
950 955
950 961
950 962
951 952
951 953
951 954
951 956
951 957
951 958
951 960
951 962
951 963
952 954
952 955
952 956
952 957
952 958
952 959
953 955
953 957
953 958
953 959
953 961
953 962
953 963
953 964
953 992
954 956
954 957
954 958
954 959
954 960
954 961
954 962
954 963
955 956
955 957
955 958
955 959
955 960
955 961
955 962
955 963
955 964
956 957
956 959
956 960
956 961
956 962
956 963
956 964
957 958
957 960
957 961
957 962
957 963
957 964
958 959
958 960
958 961
958 962
958 963
958 964
959 960
959 961
959 962
959 963
959 964
960 961
960 962
960 963
961 962
961 963
961 964
962 963
962 964
963 964
965 966
965 968
965 994
