2 656
3 656
8 226
9 658
10 652
11 658
17 390
17 657
22 766
33 658
34 657
35 227
41 658
52 656
53 653
54 676
58 654
68 757
69 653
69 655
70 590
70 655
71 595
72 663
75 652
75 654
76 657
90 658
104 221
108 655
109 224
109 653
110 177
110 653
110 891
111 656
111 657
112 654
124 654
134 453
139 657
145 563
153 519
154 653
155 657
156 649
156 656
156 658
157 226
157 650
157 652
157 656
157 657
157 658
158 222
158 655
158 656
158 657
159 183
159 655
159 656
159 658
160 283
160 367
166 652
168 659
169 505
172 656
172 658
173 651
173 652
173 653
173 654
173 655
173 656
173 658
174 180
174 224
174 225
174 596
174 647
174 648
174 650
174 652
174 653
174 654
174 655
174 656
174 658
174 659
175 176
175 180
175 225
175 514
175 605
175 649
175 650
175 651
175 652
175 653
175 654
175 655
175 656
175 657
175 658
175 659
176 177
176 220
176 221
176 592
176 594
176 604
176 649
176 650
176 651
176 652
176 653
176 654
176 655
176 656
176 657
176 658
176 659
176 660
177 223
177 225
177 515
177 647
177 649
177 650
177 652
177 653
177 654
177 655
177 656
177 657
177 658
177 659
178 225
178 525
178 572
178 606
178 649
178 651
178 652
178 653
178 654
178 655
178 656
178 657
178 658
178 659
179 180
179 220
179 224
179 226
179 604
179 607
179 648
179 649
179 650
179 652
179 654
179 655
179 656
179 657
179 658
180 222
180 224
180 225
180 647
180 650
180 651
180 652
180 653
180 654
180 655
180 656
180 657
180 658
180 659
180 661
181 185
181 224
181 515
181 608
181 648
181 649
181 651
181 652
181 653
181 654
181 655
181 656
181 657
181 658
181 662
182 223
182 594
182 611
182 648
182 649
182 651
182 652
182 653
182 654
182 655
182 656
182 657
182 658
183 430
183 653
183 654
183 655
183 656
183 658
183 659
184 241
184 653
184 655
184 656
184 657
185 942
187 892
191 656
213 657
220 225
220 650
221 593
221 606
221 648
221 649
221 651
221 652
221 654
221 656
221 657
221 658
222 223
222 224
222 593
222 604
222 647
222 648
222 649
222 650
222 651
222 652
222 653
222 655
222 656
222 657
222 658
223 224
223 225
223 592
223 604
223 606
223 607
223 647
223 648
223 649
223 650
223 651
223 652
223 653
223 654
223 655
223 656
223 657
223 658
223 659
224 225
224 226
224 592
224 607
224 647
224 648
224 649
224 650
224 651
224 652
224 653
224 654
224 655
224 656
224 657
224 658
224 659
224 661
225 238
225 239
225 274
225 277
225 515
225 594
225 605
225 606
225 607
225 608
225 648
225 649
225 650
225 651
225 652
225 653
225 654
225 655
225 656
225 657
225 658
225 659
225 755
226 446
226 589
226 605
226 606
226 648
226 649
226 650
226 651
226 652
226 653
226 654
226 655
226 656
226 657
226 658
226 659
226 936
227 390
227 517
227 518
227 606
227 649
227 652
227 653
227 655
227 657
227 658
227 659
227 908
228 504
228 655
228 726
228 937
229 598
229 656
230 388
230 648
231 591
231 655
232 364
232 655
233 518
234 656
238 649
238 650
238 657
238 658
239 656
240 654
240 659
241 658
247 657
263 860
269 651
271 651
272 656
273 311
275 596
275 652
276 650
276 654
276 655
277 648
277 657
277 856
278 662
279 653
280 654
281 656
281 657
282 660
282 661
283 635
287 654
287 657
287 658
288 564
291 605
291 657
292 653
292 657
292 661
293 656
294 655
295 657
296 652
297 659
298 517
298 658
299 633
310 654
313 655
313 657
314 609
315 441
316 659
317 641
319 653
320 657
321 657
326 381
329 846
354 657
355 657
355 659
355 815
356 656
356 657
363 656
365 656
366 655
366 657
372 660
380 658
387 656
388 651
388 655
388 658
389 516
389 654
389 656
389 657
390 608
390 652
390 657
390 658
391 451
391 650
391 653
391 853
392 607
395 654
396 657
412 656
431 658
432 592
433 656
434 697
436 649
436 652
436 653
437 658
446 652
446 656
447 660
450 504
452 655
452 657
454 659
455 758
459 654
460 656
478 654
492 651
493 658
499 652
502 658
503 653
503 659
509 657
510 659
511 740
513 650
513 654
514 593
514 650
514 651
514 653
514 656
515 652
515 653
515 654
515 655
515 656
515 657
515 658
516 604
516 651
516 652
516 653
516 654
516 655
516 657
516 658
516 659
516 660
517 655
517 656
517 657
517 658
517 659
518 658
531 654
531 661
532 655
532 661
533 909
542 658
543 656
544 654
544 656
545 657
545 658
546 950
549 651
552 658
562 652
562 655
562 656
563 654
568 656
569 657
569 658
570 657
571 652
573 659
586 653
587 656
588 652
588 656
588 657
589 657
589 871
590 658
591 604
592 649
592 655
593 648
593 651
593 652
593 653
593 655
593 656
593 658
593 659
594 649
594 652
594 653
594 654
594 655
594 656
594 657
594 658
595 653
595 655
595 656
595 658
595 659
595 880
596 660
597 610
597 656
603 651
603 653
603 658
604 647
604 648
604 649
604 652
604 653
604 654
604 657
604 658
604 659
604 816
605 607
605 647
605 649
605 650
605 651
605 652
605 653
605 654
605 655
605 656
605 657
605 658
605 659
605 660
606 646
606 648
606 649
606 650
606 651
606 652
606 653
606 654
606 655
606 656
606 657
606 658
606 659
606 660
607 650
607 651
607 652
607 653
607 654
607 655
607 656
607 657
607 658
607 659
608 652
608 653
608 654
608 655
608 656
608 657
608 658
608 726
609 650
609 653
609 655
609 658
609 725
609 746
609 775
610 660
632 658
637 660
643 657
644 833
646 648
646 649
646 655
646 657
647 648
647 649
647 650
647 651
647 652
647 653
647 654
647 655
647 657
647 658
647 659
648 649
648 650
648 651
648 652
648 653
648 654
648 655
648 656
648 657
648 658
648 659
649 650
649 651
649 652
649 653
649 654
649 655
649 656
649 657
649 658
649 659
649 765
650 651
650 652
650 653
650 654
650 655
650 656
650 657
650 658
650 659
650 758
650 936
651 652
651 653
651 654
651 655
651 656
651 657
651 658
651 659
651 693
652 653
652 654
652 655
652 656
652 657
652 658
652 659
652 673
652 738
652 766
652 857
652 889
652 960
653 654
653 655
653 656
653 657
653 658
653 659
653 660
653 661
653 766
653 871
653 935
654 655
654 656
654 657
654 658
654 659
654 660
654 767
654 817
654 878
654 935
655 656
655 657
655 658
655 659
655 660
655 673
655 674
655 745
655 817
655 878
655 891
655 940
655 976
656 657
656 658
656 659
656 660
656 687
656 723
656 756
656 786
656 807
656 819
656 852
657 658
657 659
657 660
657 723
657 724
657 727
657 739
657 757
657 766
657 770
657 788
657 790
657 818
657 852
657 853
657 854
657 870
657 907
657 936
657 940
657 941
657 949
658 659
658 660
658 661
658 724
658 725
658 756
658 787
658 832
658 850
658 851
658 879
658 890
658 941
658 994
659 660
659 675
659 694
659 724
659 765
659 767
659 877
660 855
660 920
674 892
696 908
725 879
756 881
