3 154
11 216
11 559
12 460
15 288
16 200
24 110
24 517
25 26
25 269
25 273
25 274
25 275
25 283
25 517
25 525
25 537
25 554
25 560
25 741
25 821
25 825
25 833
25 834
25 974
25 975
25 983
25 984
26 109
26 116
26 120
26 121
26 126
26 266
26 268
26 270
26 279
26 280
26 282
26 290
26 520
26 524
26 527
26 539
26 542
26 545
26 548
26 550
26 551
26 556
26 558
26 560
26 692
26 821
26 823
26 825
26 826
26 827
26 828
26 831
26 835
26 837
26 839
26 840
26 972
26 974
26 978
26 987
26 988
27 110
27 113
27 115
27 116
27 117
27 124
27 127
27 128
27 268
27 274
27 275
27 278
27 280
27 281
27 282
27 284
27 287
27 289
27 290
27 291
27 521
27 522
27 524
27 525
27 527
27 545
27 553
27 556
27 560
27 691
27 692
27 693
27 821
27 822
27 823
27 826
27 828
27 829
27 830
27 832
27 833
27 837
27 838
27 839
27 840
27 973
27 976
27 978
27 979
27 981
27 984
27 985
28 106
28 117
28 124
28 127
28 129
28 267
28 268
28 271
28 273
28 275
28 278
28 283
28 285
28 286
28 289
28 290
28 520
28 521
28 526
28 527
28 540
28 542
28 543
28 549
28 823
28 828
28 829
28 830
28 836
28 837
28 838
28 841
28 842
28 979
28 982
29 115
29 121
29 123
29 278
29 281
29 288
29 289
29 290
29 516
29 522
29 526
29 556
29 558
29 825
29 828
29 830
29 833
29 834
29 839
29 979
29 985
29 987
29 988
29 989
30 110
30 112
30 119
30 223
30 284
30 287
30 289
30 291
30 292
30 463
30 525
30 561
30 742
30 839
30 987
31 119
31 249
31 287
31 365
31 547
31 559
31 582
31 836
31 840
31 844
32 292
32 547
32 556
33 531
34 743
37 183
41 525
73 562
74 288
75 290
75 617
75 696
76 215
77 293
81 289
82 290
84 122
84 283
84 286
85 829
85 984
86 559
87 290
87 445
87 550
94 355
95 291
100 287
101 288
101 560
102 287
102 288
103 843
103 990
104 600
104 713
105 113
105 834
105 970
106 107
106 127
106 268
106 270
106 272
106 274
106 284
106 519
106 522
106 539
106 542
106 549
106 551
106 553
106 557
106 560
106 561
106 693
106 822
106 832
106 836
106 978
106 988
107 110
107 117
107 124
107 267
107 274
107 275
107 279
107 281
107 282
107 284
107 286
107 288
107 289
107 290
107 528
107 540
107 541
107 543
107 545
107 550
107 551
107 556
107 560
107 692
107 695
107 825
107 828
107 832
107 836
107 972
107 974
107 976
107 978
107 984
107 986
107 989
108 110
108 112
108 115
108 117
108 118
108 120
108 122
108 126
108 127
108 128
108 264
108 265
108 266
108 269
108 271
108 272
108 274
108 276
108 280
108 286
108 287
108 289
108 520
108 521
108 522
108 538
108 540
108 542
108 546
108 551
108 553
108 554
108 556
108 558
108 559
108 693
108 821
108 827
108 828
108 829
108 830
108 832
108 834
108 835
108 836
108 841
108 971
108 973
108 975
108 976
108 979
108 983
108 987
108 988
108 989
109 112
109 113
109 114
109 119
109 121
109 123
109 124
109 125
109 265
109 276
109 281
109 287
109 290
109 518
109 519
109 520
109 521
109 523
109 525
109 541
109 543
109 544
109 545
109 549
109 550
109 551
109 553
109 554
109 555
109 556
109 557
109 558
109 559
109 560
109 561
109 693
109 694
109 741
109 820
109 821
109 822
109 823
109 824
109 829
109 831
109 832
109 833
109 834
109 835
109 836
109 839
109 840
109 970
109 974
109 975
109 976
109 978
109 981
109 986
109 987
109 989
110 111
110 112
110 114
110 116
110 117
110 118
110 119
110 121
110 122
110 124
110 127
110 265
110 270
110 273
110 274
110 275
110 278
110 280
110 281
110 282
110 283
110 284
110 286
110 287
110 292
110 516
110 518
110 521
110 523
110 525
110 526
110 540
110 541
110 545
110 549
110 550
110 553
110 554
110 556
110 559
110 560
110 561
110 658
110 695
110 742
110 823
110 824
110 825
110 826
110 827
110 830
110 834
110 836
110 838
110 839
110 840
110 841
110 972
110 975
110 978
110 982
110 983
110 984
110 985
110 988
110 989
111 112
111 115
111 116
111 117
111 118
111 119
111 124
111 128
111 264
111 265
111 267
111 268
111 270
111 272
111 275
111 276
111 277
111 278
111 282
111 284
111 285
111 286
111 287
111 288
111 290
111 293
111 516
111 518
111 519
111 520
111 523
111 524
111 525
111 527
111 540
111 541
111 543
111 545
111 546
111 548
111 551
111 552
111 553
111 554
111 557
111 559
111 691
111 693
111 742
111 743
111 823
111 825
111 826
111 828
111 829
111 830
111 832
111 833
111 834
111 835
111 838
111 841
111 843
111 971
111 975
111 976
111 979
111 980
111 981
111 982
111 983
111 986
111 987
111 988
112 113
112 116
112 117
112 118
112 119
112 120
112 121
112 122
112 123
112 124
112 125
112 126
112 127
112 128
112 265
112 266
112 268
112 270
112 271
112 272
112 274
112 275
112 276
112 277
112 278
112 279
112 280
112 281
112 284
112 285
112 286
112 287
112 289
112 290
112 291
112 519
112 520
112 521
112 523
112 524
112 525
112 526
112 528
112 532
112 541
112 543
112 544
112 545
112 548
112 549
112 551
112 552
112 553
112 554
112 555
112 556
112 557
112 558
112 560
112 561
112 668
112 694
112 741
112 742
112 822
112 823
112 824
112 825
112 826
112 830
112 831
112 833
112 834
112 835
112 836
112 837
112 838
112 840
112 841
112 971
112 973
112 975
112 976
112 978
112 979
112 981
112 982
112 983
112 986
112 987
112 988
112 989
113 114
113 115
113 116
113 117
113 118
113 119
113 120
113 121
113 122
113 123
113 124
113 126
113 127
113 128
113 267
113 269
113 270
113 271
113 274
113 275
113 276
113 277
113 278
113 279
113 280
113 281
113 283
113 285
113 286
113 287
113 288
113 289
113 290
113 291
113 453
113 517
113 520
113 523
113 524
113 526
113 528
113 539
113 540
113 542
113 543
113 544
113 545
113 546
113 548
113 549
113 550
113 551
113 552
113 553
113 554
113 557
113 558
113 559
113 560
113 561
113 566
113 692
113 693
113 749
113 822
113 823
113 826
113 827
113 828
113 830
113 831
113 832
113 833
113 835
113 836
113 837
113 838
113 839
113 840
113 841
113 970
113 972
113 973
113 974
113 976
113 977
113 979
113 980
113 982
113 983
113 985
113 986
113 988
113 990
114 115
114 116
114 117
114 118
114 119
114 120
114 121
114 122
114 123
114 124
114 125
114 126
114 127
114 128
114 265
114 267
114 268
114 269
114 271
114 272
114 273
114 274
114 275
114 276
114 277
114 278
114 279
114 281
114 282
114 283
114 285
114 286
114 288
114 289
114 290
114 291
114 519
114 520
114 521
114 522
114 523
114 524
114 525
114 526
114 527
114 528
114 538
114 541
114 542
114 543
114 545
114 546
114 547
114 548
114 549
114 550
114 551
114 552
114 553
114 554
114 555
114 556
114 557
114 558
114 559
114 560
114 693
114 824
114 825
114 826
114 827
114 828
114 829
114 830
114 831
114 832
114 834
114 835
114 836
114 837
114 839
114 840
114 970
114 971
114 973
114 975
114 976
114 977
114 978
114 979
114 980
114 981
114 982
114 983
114 984
114 985
114 986
114 987
114 988
114 989
115 116
115 117
115 118
115 119
115 120
115 121
115 122
115 123
115 124
115 125
115 126
115 127
115 128
115 265
115 267
115 268
115 269
115 270
115 271
115 272
115 273
115 274
115 275
115 276
115 277
115 278
115 279
115 280
115 281
115 282
115 283
115 284
115 285
115 286
115 287
115 288
115 289
115 290
115 519
115 520
115 521
115 522
115 523
115 525
115 526
115 527
115 540
115 542
115 543
115 544
115 547
115 548
115 549
115 550
115 551
115 552
115 553
115 554
115 555
115 556
115 557
115 558
115 559
115 560
115 561
115 692
115 694
115 821
115 824
115 825
115 827
115 828
115 829
115 830
115 833
115 835
115 836
115 837
115 838
115 839
115 840
115 841
115 842
115 972
115 976
115 977
115 978
115 979
115 980
115 981
115 982
115 983
115 984
115 985
115 986
115 987
115 988
115 989
115 990
116 117
116 118
116 119
116 120
116 121
116 123
116 124
116 125
116 126
116 127
116 128
116 159
116 265
116 267
116 268
116 270
116 271
116 272
116 273
116 274
116 275
116 276
116 278
116 279
116 280
116 281
116 282
116 283
116 284
116 285
116 286
116 287
116 288
116 289
116 290
116 291
116 292
116 436
116 520
116 524
116 526
116 527
116 541
116 542
116 543
116 544
116 545
116 546
116 547
116 548
116 549
116 550
116 551
116 552
116 553
116 555
116 557
116 558
116 559
116 560
116 561
116 562
116 693
116 821
116 824
116 826
116 828
116 829
116 830
116 831
116 832
116 833
116 834
116 835
116 836
116 837
116 838
116 840
116 841
116 973
116 974
116 975
116 976
116 977
116 979
116 980
116 981
116 982
116 983
116 984
116 985
116 986
116 987
116 988
117 118
117 121
117 122
117 123
117 124
117 125
117 126
117 127
117 128
117 264
117 267
117 268
117 270
117 272
117 273
117 274
117 275
117 276
117 277
117 278
117 279
117 280
117 281
117 282
117 283
117 284
117 285
117 286
117 287
117 288
117 289
117 290
117 291
117 292
117 517
117 518
117 520
117 521
117 522
117 523
117 524
117 525
117 526
117 528
117 538
117 539
117 540
117 542
117 544
117 545
117 546
117 547
117 548
117 549
117 550
117 551
117 552
117 553
117 554
117 555
117 556
117 557
117 558
117 559
117 560
117 561
117 691
117 742
117 822
117 823
117 824
117 825
117 826
117 827
117 828
117 829
117 830
117 831
117 832
117 833
117 834
117 835
117 836
117 837
117 838
117 839
117 840
117 841
117 842
117 971
117 972
117 974
117 976
117 977
117 978
117 979
117 980
117 981
117 982
117 984
117 985
117 986
117 987
117 988
117 989
118 119
118 120
118 121
118 122
118 123
118 124
118 125
118 126
118 127
118 128
118 129
118 264
118 265
118 268
118 269
118 270
118 271
118 272
118 273
118 274
118 275
118 276
118 277
118 278
118 279
118 280
118 281
118 282
118 283
118 284
118 285
118 286
118 287
118 288
118 289
118 290
118 291
118 292
118 517
118 520
118 523
118 524
118 525
118 526
118 527
118 540
118 541
118 544
118 546
118 547
118 548
118 549
118 550
118 551
118 552
118 553
118 554
118 555
118 556
118 557
118 558
118 559
118 560
118 561
118 562
118 693
118 694
118 742
118 822
118 823
118 824
118 826
118 827
118 828
118 829
118 831
118 832
118 833
118 834
118 835
118 836
118 837
118 838
118 839
118 840
118 841
118 865
118 971
118 974
118 975
118 976
118 977
118 978
118 979
118 980
118 981
118 982
118 983
118 984
118 985
118 986
118 987
118 988
118 989
119 120
119 121
119 122
119 123
119 124
119 125
119 126
119 127
119 128
119 266
119 268
119 272
119 273
119 275
119 276
119 277
119 278
119 279
119 280
119 281
119 282
119 283
119 284
119 285
119 286
119 287
119 288
119 289
119 290
119 291
119 292
119 516
119 518
119 520
119 521
119 523
119 524
119 525
119 526
119 527
119 528
119 540
119 541
119 542
119 543
119 545
119 546
119 547
119 548
119 549
119 550
119 551
119 552
119 553
119 554
119 555
119 556
119 557
119 558
119 559
119 560
119 561
119 692
119 694
119 741
119 825
119 826
119 828
119 830
119 831
119 832
119 833
119 834
119 835
119 836
119 837
119 838
119 839
119 840
119 841
119 842
119 972
119 974
119 975
119 976
119 978
119 979
119 980
119 981
119 982
119 983
119 984
119 985
119 986
119 987
119 988
119 989
120 121
120 122
120 123
120 124
120 125
120 126
120 127
120 128
120 264
120 267
120 270
120 271
120 272
120 273
120 274
120 275
120 276
120 277
120 278
120 279
120 280
120 281
120 282
120 283
120 284
120 285
120 286
120 287
120 288
120 289
120 290
120 291
120 516
120 518
120 519
120 521
120 522
120 523
120 524
120 525
120 526
120 527
120 528
120 529
120 540
120 542
120 543
120 544
120 545
120 546
120 547
120 548
120 549
120 550
120 551
120 552
120 553
120 554
120 555
120 556
120 557
120 558
120 559
120 560
120 561
120 693
120 694
120 740
120 743
120 744
120 823
120 824
120 825
120 826
120 827
120 829
120 830
120 831
120 832
120 833
120 834
120 835
120 836
120 837
120 838
120 839
120 840
120 841
120 842
120 973
120 976
120 977
120 978
120 979
120 980
120 981
120 982
120 983
120 984
120 985
120 986
120 987
120 989
120 991
121 122
121 123
121 124
121 125
121 126
121 127
121 128
121 265
121 266
121 268
121 271
121 272
121 274
121 275
121 276
121 277
121 278
121 279
121 280
121 281
121 282
121 283
121 284
121 285
121 286
121 287
121 288
121 289
121 290
121 291
121 292
121 293
121 395
121 516
121 517
121 520
121 521
121 522
121 524
121 525
121 526
121 527
121 540
121 541
121 543
121 544
121 545
121 546
121 547
121 548
121 549
121 550
121 551
121 552
121 553
121 554
121 555
121 557
121 558
121 559
121 560
121 561
121 562
121 694
121 695
121 741
121 742
121 823
121 824
121 825
121 828
121 829
121 830
121 831
121 832
121 833
121 834
121 835
121 836
121 837
121 838
121 839
121 840
121 841
121 975
121 976
121 978
121 979
121 980
121 981
121 982
121 983
121 984
121 985
121 986
121 987
121 988
121 989
122 123
122 124
122 125
122 126
122 127
122 128
122 264
122 265
122 267
122 269
122 270
122 271
122 272
122 273
122 274
122 275
122 276
122 277
122 278
122 279
122 280
122 281
122 282
122 283
122 284
122 285
122 286
122 287
122 288
122 289
122 290
122 291
122 453
122 517
122 519
122 520
122 521
122 522
122 524
122 525
122 526
122 527
122 528
122 529
122 538
122 543
122 544
122 545
122 546
122 547
122 548
122 549
122 550
122 551
122 552
122 553
122 554
122 555
122 556
122 557
122 558
122 559
122 560
122 561
122 694
122 695
122 717
122 741
122 743
122 745
122 746
122 823
122 824
122 825
122 826
122 827
122 828
122 829
122 830
122 831
122 832
122 833
122 834
122 835
122 836
122 837
122 838
122 839
122 840
122 841
122 842
122 972
122 975
122 976
122 977
122 978
122 979
122 980
122 981
122 982
122 983
122 984
122 985
122 986
122 987
122 988
122 989
123 124
123 125
123 126
123 127
123 128
123 266
123 267
123 268
123 272
123 273
123 274
123 277
123 278
123 279
123 280
123 281
123 282
123 283
123 284
123 285
123 286
123 287
123 288
123 289
123 290
123 291
123 292
123 519
123 521
123 522
123 523
123 524
123 525
123 526
123 527
123 528
123 542
123 543
123 544
123 546
123 547
123 548
123 549
123 550
123 551
123 552
123 553
123 554
123 555
123 556
123 557
123 558
123 559
123 560
123 561
123 694
123 695
123 742
123 744
123 819
123 824
123 825
123 826
123 827
123 828
123 829
123 830
123 831
123 832
123 833
123 834
123 835
123 836
123 837
123 838
123 839
123 840
123 841
123 974
123 975
123 976
123 977
123 978
123 979
123 980
123 982
123 983
123 984
123 985
123 986
123 987
123 988
123 989
124 125
124 126
124 127
124 128
124 243
124 268
124 269
124 270
124 272
124 274
124 275
124 276
124 277
124 278
124 279
124 280
124 281
124 282
124 283
124 284
124 285
124 286
124 287
124 288
124 289
124 290
124 291
124 292
124 348
124 517
124 518
124 520
124 521
124 522
124 524
124 525
124 526
124 527
124 528
124 541
124 543
124 544
124 545
124 546
124 547
124 548
124 549
124 550
124 551
124 552
124 553
124 554
124 555
124 556
124 557
124 558
124 559
124 560
124 561
124 693
124 696
124 822
124 825
124 826
124 827
124 828
124 829
124 830
124 831
124 832
124 833
124 834
124 835
124 836
124 837
124 838
124 839
124 840
124 841
124 842
124 973
124 974
124 976
124 977
124 978
124 979
124 980
124 981
124 982
124 983
124 984
124 985
124 986
124 987
124 988
124 989
124 990
125 126
125 127
125 128
125 216
125 267
125 268
125 269
125 270
125 271
125 273
125 274
125 275
125 276
125 277
125 278
125 279
125 280
125 281
125 282
125 283
125 284
125 285
125 286
125 287
125 288
125 289
125 290
125 291
125 292
125 519
125 520
125 521
125 522
125 523
125 524
125 525
125 526
125 527
125 528
125 541
125 544
125 545
125 546
125 547
125 548
125 549
125 550
125 551
125 552
125 553
125 554
125 555
125 556
125 557
125 558
125 559
125 560
125 561
125 693
125 695
125 697
125 741
125 742
125 745
125 823
125 824
125 826
125 828
125 829
125 830
125 831
125 832
125 833
125 834
125 835
125 836
125 837
125 838
125 839
125 840
125 841
125 842
125 973
125 974
125 975
125 976
125 977
125 979
125 980
125 981
125 982
125 983
125 984
125 985
125 986
125 987
125 988
125 989
126 127
126 128
126 129
126 178
126 213
126 266
126 268
126 269
126 270
126 271
126 272
126 273
126 275
126 276
126 277
126 278
126 279
126 280
126 281
126 282
126 283
126 284
126 285
126 286
126 287
126 288
126 289
126 290
126 291
126 452
126 462
126 517
126 520
126 525
126 526
126 527
126 528
126 529
126 541
126 542
126 544
126 545
126 546
126 547
126 548
126 549
126 550
126 551
126 552
126 553
126 554
126 555
126 556
126 557
126 558
126 559
126 560
126 561
126 562
126 694
126 712
126 742
126 743
126 745
126 819
126 820
126 821
126 822
126 824
126 825
126 826
126 827
126 828
126 829
126 830
126 831
126 832
126 833
126 834
126 835
126 836
126 837
126 838
126 839
126 840
126 841
126 842
126 971
126 974
126 975
126 976
126 977
126 978
126 979
126 980
126 981
126 982
126 983
126 984
126 985
126 986
126 987
126 988
126 989
126 990
126 991
127 128
127 129
127 266
127 268
127 269
127 270
127 271
127 272
127 274
127 275
127 276
127 277
127 278
127 279
127 280
127 281
127 282
127 283
127 284
127 285
127 286
127 287
127 288
127 289
127 290
127 291
127 518
127 519
127 520
127 521
127 523
127 524
127 525
127 526
127 527
127 528
127 530
127 537
127 539
127 542
127 543
127 544
127 545
127 546
127 547
127 548
127 549
127 550
127 551
127 552
127 553
127 554
127 555
127 556
127 557
127 558
127 559
127 560
127 561
127 692
127 693
127 694
127 695
127 696
127 701
127 743
127 744
127 790
127 821
127 823
127 824
127 826
127 828
127 829
127 830
127 831
127 832
127 833
127 834
127 835
127 836
127 837
127 838
127 839
127 840
127 841
127 842
127 974
127 975
127 976
127 977
127 978
127 979
127 980
127 981
127 982
127 983
127 984
127 985
127 986
127 987
127 988
127 989
128 248
128 266
128 268
128 269
128 274
128 275
128 276
128 277
128 278
128 279
128 280
128 282
128 283
128 284
128 285
128 286
128 287
128 288
128 289
128 290
128 291
128 371
128 435
128 520
128 521
128 522
128 523
128 524
128 525
128 526
128 528
128 538
128 541
128 543
128 544
128 545
128 546
128 547
128 548
128 549
128 550
128 551
128 552
128 553
128 554
128 555
128 556
128 557
128 558
128 559
128 560
128 561
128 562
128 563
128 566
128 615
128 642
128 698
128 745
128 820
128 821
128 822
128 823
128 825
128 827
128 828
128 829
128 830
128 831
128 832
128 833
128 834
128 835
128 836
128 837
128 838
128 839
128 840
128 842
128 973
128 976
128 977
128 979
128 981
128 982
128 983
128 984
128 985
128 986
128 987
128 988
128 989
128 990
128 991
129 214
129 281
129 285
129 286
129 287
129 288
129 289
129 290
129 291
129 292
129 443
129 463
129 546
129 553
129 555
129 559
129 560
129 828
129 835
129 841
129 842
129 896
129 977
130 190
130 249
130 289
130 290
130 346
130 567
130 844
131 364
131 564
131 992
132 601
132 747
133 990
134 744
136 286
137 242
143 561
144 719
152 840
153 378
165 282
165 289
165 290
166 289
166 530
166 692
167 294
174 658
179 217
181 707
182 291
182 583
188 280
189 375
190 286
190 992
191 282
197 485
198 287
198 856
199 288
199 561
199 696
200 289
200 349
201 354
213 280
213 285
214 288
214 289
214 291
214 519
214 552
214 557
214 839
214 988
215 286
215 287
215 288
215 549
215 836
215 837
216 224
216 546
216 550
216 982
217 236
217 551
217 558
217 561
218 286
218 751
223 561
229 290
230 842
235 266
241 552
246 438
247 288
247 290
248 522
248 616
248 988
249 287
250 570
259 278
263 522
263 551
263 740
264 270
264 281
264 282
264 283
264 285
264 289
264 521
264 523
264 525
264 526
264 545
264 550
264 555
264 693
264 823
264 833
264 834
264 835
264 841
264 975
264 981
265 267
265 268
265 270
265 275
265 278
265 281
265 283
265 285
265 286
265 290
265 346
265 517
265 518
265 524
265 525
265 541
265 542
265 547
265 552
265 555
265 556
265 561
265 692
265 693
265 742
265 821
265 824
265 826
265 827
265 833
265 834
265 839
265 973
265 977
265 981
265 982
265 984
265 986
265 989
266 268
266 270
266 272
266 277
266 278
266 280
266 281
266 282
266 283
266 284
266 286
266 287
266 288
266 291
266 517
266 518
266 519
266 520
266 521
266 526
266 527
266 528
266 541
266 543
266 546
266 547
266 550
266 552
266 555
266 557
266 561
266 692
266 694
266 695
266 740
266 741
266 822
266 823
266 825
266 829
266 832
266 833
266 837
266 839
266 840
266 975
266 977
266 979
266 980
266 985
266 986
266 988
267 269
267 272
267 273
267 275
267 276
267 279
267 280
267 281
267 283
267 284
267 286
267 287
267 288
267 289
267 291
267 517
267 519
267 520
267 522
267 526
267 540
267 544
267 547
267 548
267 549
267 552
267 553
267 555
267 557
267 558
267 559
267 560
267 561
267 692
267 694
267 743
267 819
267 821
267 823
267 824
267 825
267 826
267 827
267 830
267 832
267 835
267 837
267 840
267 969
267 971
267 973
267 975
267 976
267 977
267 980
267 983
267 984
267 985
267 986
267 988
268 269
268 275
268 276
268 277
268 278
268 280
268 282
268 283
268 284
268 285
268 286
268 287
268 289
268 290
268 291
268 518
268 519
268 520
268 521
268 522
268 523
268 525
268 539
268 541
268 542
268 544
268 545
268 547
268 548
268 549
268 550
268 552
268 553
268 556
268 558
268 559
268 560
268 742
268 822
268 825
268 826
268 828
268 829
268 831
268 832
268 833
268 835
268 837
268 839
268 840
268 974
268 975
268 979
268 981
268 982
268 986
268 987
268 988
268 989
269 270
269 271
269 272
269 275
269 276
269 277
269 281
269 282
269 285
269 286
269 287
269 288
269 290
269 291
269 516
269 519
269 520
269 521
269 524
269 539
269 542
269 544
269 545
269 546
269 547
269 548
269 549
269 554
269 557
269 558
269 559
269 560
269 561
269 694
269 741
269 822
269 823
269 824
269 826
269 828
269 829
269 830
269 831
269 833
269 834
269 835
269 836
269 837
269 838
269 839
269 840
269 841
269 842
269 974
269 978
269 979
269 980
269 982
269 983
269 984
269 985
269 987
269 989
270 271
270 272
270 273
270 274
270 275
270 276
270 277
270 279
270 281
270 282
270 283
270 284
270 285
270 286
270 287
270 288
270 290
270 516
270 517
270 518
270 522
270 523
270 524
270 525
270 526
270 538
270 539
270 540
270 541
270 542
270 543
270 544
270 545
270 546
270 548
270 549
270 550
270 552
270 555
270 557
270 560
270 561
270 692
270 694
270 742
270 820
270 821
270 822
270 823
270 824
270 825
270 826
270 829
270 830
270 831
270 832
270 833
270 834
270 836
270 838
270 839
270 840
270 841
270 974
270 976
270 978
270 979
270 980
270 982
270 983
270 985
270 986
270 987
270 989
271 272
271 273
271 274
271 275
271 277
271 278
271 279
271 280
271 281
271 284
271 285
271 286
271 287
271 290
271 291
271 292
271 515
271 518
271 520
271 521
271 522
271 524
271 525
271 526
271 527
271 545
271 546
271 547
271 548
271 549
271 550
271 551
271 552
271 553
271 554
271 555
271 556
271 560
271 692
271 693
271 694
271 695
271 741
271 821
271 822
271 823
271 824
271 825
271 826
271 827
271 828
271 829
271 830
271 831
271 832
271 834
271 835
271 836
271 837
271 838
271 839
271 840
271 841
271 842
271 971
271 974
271 975
271 976
271 977
271 978
271 980
271 981
271 983
271 984
271 986
271 987
271 989
272 273
272 275
272 276
272 277
272 278
272 279
272 281
272 282
272 283
272 284
272 285
272 286
272 289
272 290
272 291
272 519
272 520
272 522
272 525
272 526
272 527
272 538
272 542
272 543
272 545
272 546
272 547
272 548
272 549
272 550
272 551
272 552
272 553
272 555
272 558
272 559
272 560
272 561
272 694
272 820
272 825
272 826
272 827
272 828
272 829
272 830
272 831
272 832
272 833
272 834
272 835
272 836
272 837
272 838
272 839
272 840
272 971
272 973
272 976
272 977
272 978
272 979
272 980
272 981
272 982
272 983
272 984
272 987
272 988
273 274
273 275
273 276
273 277
273 279
273 280
273 281
273 284
273 285
273 286
273 287
273 288
273 289
273 290
273 291
273 519
273 520
273 522
273 523
273 524
273 525
273 526
273 527
273 541
273 543
273 544
273 545
273 546
273 547
273 548
273 549
273 550
273 551
273 552
273 553
273 554
273 555
273 556
273 557
273 558
273 559
273 560
273 693
273 821
273 823
273 824
273 825
273 826
273 827
273 828
273 829
273 830
273 831
273 832
273 833
273 834
273 835
273 837
273 839
273 841
273 972
273 974
273 975
273 976
273 977
273 978
273 979
273 980
273 981
273 982
273 983
273 984
273 985
273 986
273 987
273 988
273 989
274 275
274 276
274 277
274 278
274 279
274 280
274 281
274 282
274 283
274 285
274 286
274 287
274 288
274 289
274 290
274 291
274 292
274 518
274 520
274 521
274 522
274 523
274 524
274 525
274 526
274 527
274 540
274 542
274 543
274 544
274 545
274 546
274 547
274 548
274 549
274 550
274 551
274 552
274 553
274 554
274 556
274 557
274 558
274 559
274 560
274 561
274 740
274 822
274 823
274 824
274 825
274 826
274 827
274 828
274 829
274 830
274 831
274 832
274 833
274 834
274 835
274 836
274 838
274 839
274 840
274 841
274 971
274 975
274 976
274 978
274 979
274 980
274 981
274 982
274 984
274 985
274 986
274 987
274 988
275 276
275 277
275 278
275 279
275 280
275 281
275 282
275 283
275 284
275 285
275 286
275 287
275 288
275 289
275 290
275 291
275 485
275 515
275 518
275 519
275 520
275 521
275 522
275 523
275 524
275 525
275 526
275 527
275 542
275 543
275 544
275 545
275 546
275 547
275 548
275 549
275 550
275 551
275 552
275 554
275 555
275 556
275 558
275 559
275 560
275 561
275 694
275 825
275 826
275 827
275 828
275 829
275 830
275 832
275 833
275 834
275 835
275 836
275 837
275 838
275 839
275 840
275 841
275 842
275 928
275 972
275 973
275 975
275 976
275 979
275 980
275 981
275 982
275 983
275 984
275 985
275 986
275 987
275 988
275 989
276 277
276 278
276 279
276 280
276 281
276 282
276 283
276 284
276 285
276 286
276 287
276 288
276 289
276 290
276 291
276 292
276 293
276 516
276 517
276 519
276 520
276 522
276 523
276 524
276 525
276 526
276 527
276 540
276 542
276 543
276 544
276 545
276 546
276 548
276 549
276 550
276 551
276 552
276 553
276 555
276 556
276 557
276 558
276 559
276 560
276 561
276 562
276 692
276 741
276 742
276 821
276 822
276 823
276 825
276 826
276 827
276 829
276 830
276 831
276 832
276 833
276 834
276 835
276 836
276 837
276 838
276 839
276 840
276 841
276 977
276 979
276 980
276 982
276 983
276 984
276 985
276 986
276 987
276 988
276 989
276 990
277 278
277 279
277 280
277 281
277 282
277 283
277 284
277 285
277 286
277 287
277 288
277 289
277 290
277 291
277 518
277 519
277 522
277 523
277 524
277 525
277 526
277 527
277 528
277 541
277 542
277 543
277 544
277 545
277 546
277 547
277 548
277 549
277 550
277 551
277 552
277 553
277 554
277 555
277 556
277 557
277 558
277 559
277 560
277 561
277 566
277 692
277 694
277 740
277 741
277 821
277 824
277 825
277 826
277 827
277 828
277 829
277 830
277 831
277 832
277 833
277 834
277 835
277 836
277 837
277 838
277 839
277 840
277 841
277 842
277 974
277 975
277 976
277 978
277 979
277 980
277 981
277 982
277 983
277 984
277 985
277 986
277 987
277 988
277 989
278 279
278 280
278 281
278 282
278 283
278 284
278 285
278 286
278 287
278 288
278 289
278 290
278 291
278 293
278 521
278 522
278 523
278 524
278 525
278 526
278 527
278 528
278 541
278 543
278 544
278 545
278 546
278 547
278 548
278 549
278 550
278 551
278 552
278 553
278 554
278 555
278 556
278 557
278 558
278 559
278 560
278 561
278 691
278 694
278 695
278 742
278 743
278 745
278 819
278 821
278 824
278 825
278 826
278 827
278 828
278 829
278 830
278 831
278 832
278 833
278 834
278 835
278 836
278 837
278 838
278 839
278 840
278 841
278 842
278 972
278 973
278 974
278 976
278 977
278 978
278 979
278 980
278 981
278 982
278 983
278 984
278 985
278 986
278 987
278 988
278 989
279 280
279 281
279 282
279 283
279 284
279 285
279 286
279 287
279 288
279 289
279 290
279 291
279 518
279 519
279 521
279 522
279 523
279 524
279 525
279 526
279 527
279 539
279 541
279 542
279 544
279 545
279 546
279 547
279 548
279 549
279 550
279 551
279 552
279 553
279 554
279 555
279 556
279 557
279 558
279 559
279 560
279 561
279 692
279 693
279 694
279 696
279 746
279 821
279 824
279 826
279 827
279 828
279 829
279 830
279 831
279 832
279 833
279 834
279 835
279 836
279 837
279 838
279 839
279 840
279 841
279 842
279 974
279 975
279 976
279 977
279 978
279 979
279 980
279 981
279 982
279 983
279 984
279 985
279 986
279 987
279 988
279 989
280 281
280 282
280 283
280 284
280 285
280 286
280 287
280 288
280 289
280 290
280 291
280 436
280 518
280 521
280 525
280 526
280 527
280 528
280 539
280 544
280 545
280 546
280 547
280 548
280 549
280 550
280 551
280 552
280 553
280 554
280 555
280 556
280 557
280 558
280 559
280 560
280 561
280 693
280 694
280 695
280 743
280 792
280 822
280 823
280 824
280 825
280 826
280 827
280 828
280 829
280 830
280 831
280 832
280 833
280 834
280 835
280 836
280 837
280 838
280 839
280 840
280 841
280 842
280 974
280 975
280 977
280 978
280 980
280 981
280 984
280 985
280 986
280 987
280 988
280 989
281 282
281 283
281 284
281 285
281 286
281 287
281 288
281 289
281 290
281 291
281 292
281 482
281 516
281 520
281 521
281 522
281 523
281 524
281 525
281 526
281 527
281 530
281 539
281 542
281 543
281 544
281 545
281 546
281 547
281 548
281 549
281 550
281 551
281 552
281 553
281 554
281 555
281 556
281 557
281 558
281 559
281 560
281 561
281 691
281 695
281 745
281 821
281 822
281 823
281 828
281 829
281 830
281 831
281 832
281 833
281 834
281 835
281 836
281 837
281 838
281 839
281 840
281 841
281 842
281 973
281 974
281 975
281 976
281 977
281 978
281 979
281 980
281 981
281 982
281 983
281 984
281 985
281 986
281 987
281 988
281 989
282 283
282 284
282 285
282 286
282 287
282 288
282 289
282 290
282 291
282 292
282 423
282 519
282 520
282 521
282 522
282 523
282 524
282 525
282 526
282 527
282 528
282 529
282 540
282 542
282 543
282 544
282 545
282 546
282 547
282 548
282 549
282 550
282 551
282 552
282 553
282 554
282 555
282 556
282 557
282 558
282 559
282 560
282 561
282 565
282 695
282 743
282 822
282 823
282 826
282 827
282 828
282 829
282 830
282 831
282 832
282 833
282 834
282 835
282 836
282 837
282 838
282 839
282 840
282 841
282 971
282 974
282 975
282 976
282 977
282 979
282 980
282 981
282 982
282 983
282 984
282 985
282 986
282 987
282 988
282 989
283 284
283 285
283 286
283 287
283 288
283 289
283 290
283 291
283 520
283 521
283 522
283 523
283 524
283 525
283 526
283 527
283 528
283 530
283 539
283 541
283 543
283 544
283 547
283 548
283 549
283 550
283 551
283 552
283 553
283 554
283 555
283 556
283 557
283 558
283 559
283 560
283 561
283 692
283 823
283 824
283 825
283 827
283 828
283 829
283 830
283 831
283 832
283 833
283 834
283 835
283 836
283 837
283 838
283 839
283 840
283 841
283 842
283 970
283 972
283 973
283 974
283 975
283 976
283 977
283 978
283 979
283 980
283 981
283 982
283 983
283 984
283 985
283 986
283 987
283 988
283 989
283 990
284 285
284 286
284 287
284 288
284 289
284 290
284 291
284 292
284 326
284 442
284 518
284 519
284 520
284 522
284 523
284 524
284 525
284 526
284 527
284 529
284 539
284 541
284 542
284 543
284 544
284 547
284 548
284 549
284 550
284 551
284 552
284 553
284 554
284 555
284 556
284 557
284 558
284 559
284 560
284 561
284 614
284 690
284 691
284 693
284 694
284 740
284 742
284 744
284 821
284 822
284 823
284 824
284 825
284 827
284 828
284 829
284 830
284 831
284 832
284 833
284 834
284 835
284 836
284 837
284 838
284 839
284 840
284 841
284 842
284 845
284 972
284 973
284 974
284 976
284 977
284 978
284 979
284 980
284 981
284 982
284 983
284 984
284 985
284 986
284 987
284 988
284 989
285 286
285 287
285 288
285 289
285 290
285 291
285 437
285 443
285 515
285 517
285 518
285 519
285 521
285 522
285 523
285 524
285 525
285 526
285 527
285 528
285 529
285 538
285 540
285 541
285 542
285 543
285 544
285 545
285 546
285 547
285 548
285 549
285 550
285 551
285 552
285 553
285 554
285 555
285 556
285 557
285 558
285 559
285 560
285 561
285 562
285 613
285 614
285 615
285 693
285 694
285 793
285 820
285 821
285 822
285 823
285 825
285 826
285 830
285 831
285 832
285 833
285 834
285 835
285 836
285 837
285 838
285 839
285 840
285 841
285 842
285 844
285 970
285 974
285 976
285 977
285 978
285 979
285 980
285 981
285 982
285 983
285 984
285 985
285 986
285 987
285 988
285 989
286 287
286 288
286 289
286 290
286 291
286 292
286 364
286 496
286 518
286 519
286 522
286 523
286 524
286 525
286 526
286 527
286 528
286 529
286 531
286 539
286 540
286 543
286 546
286 547
286 548
286 549
286 550
286 551
286 552
286 553
286 554
286 555
286 556
286 557
286 558
286 559
286 560
286 561
286 562
286 600
286 613
286 692
286 695
286 723
286 808
286 819
286 821
286 823
286 825
286 827
286 828
286 829
286 830
286 831
286 832
286 833
286 834
286 835
286 836
286 837
286 838
286 839
286 840
286 841
286 842
286 843
286 845
286 953
286 972
286 974
286 975
286 976
286 977
286 978
286 979
286 980
286 981
286 982
286 983
286 984
286 985
286 986
286 987
286 988
286 989
286 990
287 288
287 289
287 290
287 291
287 292
287 522
287 523
287 525
287 526
287 527
287 529
287 530
287 539
287 540
287 542
287 543
287 544
287 545
287 546
287 547
287 548
287 549
287 550
287 551
287 552
287 553
287 554
287 555
287 556
287 557
287 558
287 559
287 560
287 561
287 562
287 567
287 581
287 592
287 694
287 695
287 745
287 747
287 820
287 821
287 822
287 823
287 824
287 825
287 826
287 827
287 828
287 829
287 830
287 831
287 832
287 833
287 834
287 835
287 836
287 837
287 838
287 839
287 840
287 841
287 842
287 843
287 973
287 974
287 975
287 978
287 979
287 980
287 981
287 982
287 983
287 984
287 985
287 986
287 987
287 988
287 989
287 990
287 991
288 289
288 290
288 291
288 292
288 339
288 364
288 437
288 454
288 517
288 520
288 521
288 522
288 523
288 524
288 525
288 526
288 527
288 528
288 541
288 542
288 543
288 545
288 546
288 547
288 548
288 549
288 550
288 551
288 552
288 553
288 554
288 555
288 556
288 557
288 558
288 559
288 560
288 561
288 562
288 614
288 616
288 677
288 695
288 696
288 697
288 700
288 742
288 744
288 746
288 761
288 788
288 803
288 809
288 817
288 822
288 824
288 826
288 827
288 828
288 829
288 831
288 832
288 833
288 834
288 835
288 836
288 837
288 838
288 839
288 840
288 841
288 842
288 843
288 973
288 974
288 975
288 976
288 978
288 979
288 980
288 981
288 982
288 983
288 984
288 985
288 986
288 987
288 988
288 989
288 990
288 991
289 290
289 291
289 292
289 293
289 347
289 374
289 420
289 423
289 436
289 455
289 459
289 516
289 517
289 520
289 522
289 523
289 525
289 527
289 528
289 530
289 541
289 542
289 543
289 544
289 546
289 547
289 548
289 549
289 550
289 551
289 552
289 553
289 554
289 555
289 556
289 557
289 558
289 559
289 560
289 561
289 562
289 563
289 605
289 613
289 695
289 696
289 697
289 698
289 705
289 742
289 743
289 744
289 745
289 794
289 822
289 824
289 825
289 826
289 827
289 828
289 829
289 830
289 831
289 832
289 834
289 835
289 836
289 837
289 838
289 839
289 840
289 841
289 842
289 843
289 846
289 894
289 916
289 939
289 974
289 976
289 978
289 980
289 981
289 982
289 983
289 985
289 986
289 987
289 988
289 989
289 990
289 991
290 291
290 373
290 376
290 398
290 453
290 516
290 517
290 518
290 519
290 520
290 523
290 524
290 526
290 527
290 528
290 529
290 540
290 542
290 543
290 544
290 546
290 547
290 548
290 549
290 550
290 551
290 552
290 553
290 554
290 555
290 556
290 557
290 558
290 559
290 560
290 561
290 562
290 564
290 694
290 697
290 706
290 718
290 742
290 745
290 800
290 822
290 824
290 825
290 826
290 827
290 828
290 829
290 830
290 831
290 832
290 833
290 834
290 835
290 836
290 837
290 838
290 839
290 840
290 841
290 842
290 843
290 844
290 895
290 971
290 974
290 975
290 977
290 978
290 979
290 980
290 981
290 982
290 983
290 984
290 985
290 986
290 987
290 988
290 989
290 990
290 991
291 292
291 401
291 439
291 454
291 516
291 521
291 522
291 523
291 524
291 525
291 526
291 527
291 528
291 529
291 541
291 543
291 544
291 545
291 546
291 547
291 548
291 549
291 550
291 551
291 552
291 553
291 554
291 555
291 556
291 557
291 558
291 559
291 560
291 561
291 562
291 615
291 692
291 696
291 702
291 738
291 741
291 744
291 746
291 803
291 822
291 823
291 824
291 825
291 826
291 827
291 828
291 829
291 830
291 831
291 832
291 833
291 834
291 835
291 836
291 837
291 838
291 839
291 840
291 841
291 842
291 843
291 844
291 881
291 973
291 974
291 976
291 977
291 978
291 979
291 980
291 981
291 982
291 983
291 984
291 985
291 986
291 987
291 988
291 989
291 990
291 991
292 340
292 392
292 464
292 526
292 530
292 548
292 550
292 557
292 558
292 559
292 560
292 562
292 696
292 698
292 825
292 832
292 834
292 836
292 838
292 839
292 840
292 842
292 979
292 981
292 984
292 986
292 987
292 988
293 327
293 559
293 561
293 606
293 843
293 844
293 993
294 453
294 531
294 835
295 566
311 795
329 455
342 824
343 993
345 756
346 832
346 992
347 992
348 530
362 638
363 989
365 819
374 555
374 842
374 990
375 818
375 897
376 639
392 978
392 991
393 550
393 950
394 825
407 836
408 669
416 437
419 990
420 554
421 957
422 645
424 840
434 836
434 987
435 828
435 985
436 558
437 559
438 837
438 880
442 558
442 821
443 555
443 560
444 531
444 594
452 552
452 557
453 525
453 836
453 837
453 988
454 840
454 842
454 984
455 776
456 994
458 526
458 549
459 949
460 830
461 563
462 561
462 693
482 560
483 564
483 586
484 555
484 827
486 563
487 918
492 864
498 525
515 555
515 740
516 542
516 552
516 554
516 691
516 742
516 832
516 837
516 988
517 521
517 523
517 526
517 539
517 546
517 548
517 551
517 552
517 554
517 558
517 560
517 693
517 819
517 820
517 823
517 825
517 836
517 839
517 840
517 970
517 971
517 973
517 975
517 980
517 986
517 988
518 519
518 521
518 522
518 525
518 527
518 540
518 545
518 552
518 554
518 557
518 560
518 692
518 693
518 695
518 820
518 821
518 822
518 823
518 824
518 826
518 827
518 828
518 829
518 830
518 831
518 832
518 833
518 834
518 835
518 837
518 838
518 841
518 971
518 973
518 977
518 978
518 982
518 983
518 985
519 520
519 522
519 523
519 524
519 525
519 526
519 528
519 540
519 541
519 542
519 547
519 548
519 549
519 550
519 551
519 552
519 553
519 554
519 556
519 557
519 561
519 692
519 693
519 741
519 823
519 824
519 826
519 828
519 829
519 835
519 836
519 837
519 888
519 970
519 971
519 974
519 975
519 976
519 977
519 983
519 984
519 985
519 986
519 987
519 988
519 989
520 521
520 522
520 524
520 525
520 526
520 527
520 528
520 540
520 541
520 545
520 546
520 549
520 550
520 552
520 554
520 555
520 557
520 559
520 561
520 694
520 821
520 824
520 827
520 828
520 829
520 830
520 832
520 833
520 834
520 835
520 836
520 838
520 840
520 841
520 972
520 973
520 974
520 975
520 976
520 978
520 980
520 981
520 983
520 984
520 985
520 986
520 987
520 988
521 522
521 523
521 524
521 525
521 526
521 527
521 540
521 541
521 545
521 546
521 548
521 549
521 550
521 552
521 553
521 555
521 556
521 558
521 559
521 560
521 561
521 691
521 692
521 695
521 696
521 744
521 789
521 823
521 824
521 825
521 826
521 829
521 830
521 831
521 833
521 835
521 836
521 837
521 838
521 839
521 840
521 971
521 972
521 973
521 974
521 975
521 976
521 977
521 978
521 980
521 981
521 982
521 983
521 984
521 986
521 988
522 523
522 525
522 526
522 527
522 528
522 540
522 542
522 543
522 544
522 545
522 546
522 547
522 548
522 549
522 550
522 553
522 554
522 555
522 557
522 558
522 559
522 560
522 561
522 695
522 744
522 821
522 822
522 824
522 827
522 828
522 830
522 832
522 834
522 835
522 836
522 837
522 838
522 839
522 840
522 970
522 971
522 974
522 975
522 976
522 977
522 978
522 979
522 980
522 981
522 983
522 984
522 985
522 986
522 987
522 988
522 989
523 524
523 526
523 527
523 540
523 541
523 542
523 543
523 544
523 545
523 546
523 547
523 548
523 549
523 550
523 551
523 552
523 554
523 555
523 556
523 557
523 558
523 559
523 560
523 561
523 562
523 693
523 694
523 742
523 822
523 823
523 825
523 826
523 827
523 828
523 829
523 831
523 832
523 833
523 834
523 835
523 836
523 837
523 838
523 839
523 840
523 841
523 972
523 974
523 976
523 977
523 978
523 979
523 981
523 982
523 983
523 984
523 985
523 986
523 987
524 525
524 527
524 528
524 543
524 544
524 545
524 546
524 547
524 548
524 549
524 550
524 552
524 553
524 554
524 555
524 556
524 558
524 559
524 560
524 561
524 692
524 694
524 742
524 743
524 821
524 822
524 823
524 824
524 825
524 826
524 827
524 829
524 830
524 831
524 832
524 833
524 834
524 836
524 838
524 839
524 840
524 841
524 842
524 972
524 975
524 976
524 977
524 978
524 979
524 980
524 981
524 982
524 983
524 984
524 985
524 986
524 987
524 988
525 526
525 543
525 544
525 546
525 547
525 548
525 549
525 550
525 552
525 553
525 554
525 555
525 556
525 557
525 558
525 559
525 560
525 561
525 691
525 692
525 693
525 741
525 825
525 826
525 827
525 829
525 830
525 831
525 832
525 833
525 834
525 835
525 836
525 837
525 838
525 839
525 840
525 841
525 973
525 977
525 979
525 980
525 982
525 985
525 986
525 987
525 988
525 989
526 527
526 528
526 543
526 544
526 545
526 546
526 547
526 548
526 549
526 550
526 551
526 552
526 553
526 555
526 556
526 557
526 558
526 559
526 560
526 561
526 690
526 693
526 822
526 823
526 824
526 827
526 828
526 829
526 830
526 831
526 832
526 833
526 834
526 835
526 836
526 837
526 838
526 839
526 840
526 841
526 842
526 973
526 974
526 975
526 977
526 979
526 980
526 981
526 982
526 983
526 984
526 985
526 986
526 987
526 988
526 989
527 528
527 538
527 539
527 542
527 543
527 544
527 545
527 546
527 547
527 548
527 549
527 550
527 551
527 552
527 553
527 554
527 556
527 557
527 558
527 559
527 560
527 561
527 694
527 742
527 820
527 821
527 824
527 826
527 827
527 828
527 829
527 830
527 831
527 832
527 833
527 834
527 835
527 836
527 837
527 838
527 839
527 840
527 841
527 842
527 843
527 863
527 946
527 973
527 975
527 976
527 977
527 978
527 979
527 980
527 982
527 983
527 984
527 985
527 986
527 987
527 988
527 989
528 541
528 544
528 545
528 548
528 550
528 551
528 552
528 553
528 554
528 556
528 557
528 558
528 559
528 560
528 561
528 694
528 746
528 829
528 830
528 832
528 834
528 835
528 836
528 840
528 841
528 976
528 978
528 979
528 980
528 987
529 543
529 544
529 558
529 560
529 603
529 747
529 834
529 836
529 839
529 983
529 984
529 986
529 987
529 989
530 561
530 841
530 979
538 547
538 551
538 554
538 558
538 560
538 561
538 826
538 830
538 834
538 970
538 971
538 976
538 978
538 980
539 542
539 546
539 552
539 559
539 560
539 741
539 742
539 820
539 826
539 829
539 831
539 832
539 833
539 835
539 836
539 840
539 972
539 973
539 976
539 977
539 985
539 986
539 987
540 541
540 545
540 546
540 548
540 551
540 555
540 556
540 558
540 559
540 560
540 691
540 693
540 740
540 741
540 823
540 824
540 826
540 832
540 833
540 834
540 836
540 838
540 839
540 840
540 841
540 974
540 976
540 978
540 986
540 989
541 542
541 545
541 547
541 548
541 551
541 552
541 553
541 554
541 555
541 558
541 560
541 820
541 821
541 823
541 824
541 825
541 826
541 827
541 828
541 829
541 830
541 832
541 833
541 835
541 836
541 837
541 838
541 839
541 840
541 841
541 842
541 972
541 973
541 974
541 975
541 976
541 977
541 980
541 981
541 983
541 986
541 988
541 989
542 543
542 544
542 545
542 547
542 548
542 549
542 550
542 551
542 552
542 553
542 554
542 555
542 556
542 557
542 558
542 560
542 561
542 694
542 822
542 826
542 829
542 830
542 831
542 833
542 836
542 837
542 838
542 839
542 840
542 841
542 975
542 976
542 980
542 981
542 982
542 983
542 984
542 986
542 987
542 988
543 544
543 545
543 546
543 547
543 548
543 549
543 550
543 551
543 552
543 553
543 555
543 556
543 557
543 558
543 559
543 560
543 691
543 694
543 745
543 821
543 822
543 823
543 825
543 827
543 828
543 829
543 830
543 831
543 832
543 833
543 834
543 836
543 837
543 838
543 839
543 840
543 971
543 973
543 975
543 976
543 977
543 978
543 979
543 980
543 981
543 985
543 988
543 989
544 545
544 546
544 547
544 549
544 551
544 552
544 553
544 554
544 556
544 558
544 559
544 560
544 561
544 565
544 691
544 694
544 697
544 742
544 744
544 822
544 823
544 824
544 825
544 827
544 828
544 829
544 830
544 831
544 832
544 835
544 837
544 838
544 839
544 840
544 841
544 842
544 971
544 974
544 975
544 976
544 977
544 979
544 980
544 981
544 982
544 983
544 984
544 986
544 987
544 988
544 989
545 546
545 547
545 548
545 550
545 551
545 552
545 553
545 554
545 556
545 557
545 559
545 560
545 693
545 694
545 740
545 741
545 822
545 823
545 824
545 825
545 826
545 827
545 828
545 829
545 830
545 832
545 833
545 834
545 835
545 836
545 837
545 838
545 839
545 840
545 841
545 970
545 973
545 975
545 976
545 977
545 978
545 979
545 980
545 981
545 982
545 983
545 984
545 985
545 986
545 988
545 989
546 547
546 548
546 550
546 551
546 553
546 554
546 555
546 556
546 557
546 558
546 559
546 560
546 561
546 819
546 821
546 822
546 825
546 826
546 827
546 829
546 830
546 831
546 832
546 833
546 835
546 836
546 837
546 838
546 839
546 840
546 841
546 968
546 973
546 974
546 975
546 976
546 977
546 978
546 979
546 980
546 981
546 982
546 983
546 984
546 985
546 986
546 987
546 988
546 989
546 990
547 548
547 549
547 550
547 551
547 552
547 553
547 555
547 556
547 557
547 558
547 559
547 560
547 561
547 693
547 694
547 696
547 742
547 745
547 821
547 824
547 826
547 827
547 828
547 829
547 830
547 831
547 832
547 833
547 834
547 835
547 836
547 837
547 838
547 839
547 840
547 841
547 970
547 971
547 972
547 975
547 976
547 978
547 979
547 980
547 982
547 983
547 984
547 985
547 986
547 987
547 988
547 989
548 549
548 550
548 551
548 552
548 553
548 554
548 555
548 556
548 557
548 558
548 559
548 560
548 561
548 692
548 694
548 741
548 820
548 825
548 827
548 828
548 829
548 830
548 831
548 832
548 833
548 834
548 835
548 836
548 837
548 838
548 839
548 840
548 841
548 842
548 974
548 975
548 976
548 977
548 978
548 979
548 980
548 981
548 982
548 983
548 984
548 985
548 986
548 987
548 988
548 989
549 550
549 551
549 552
549 553
549 554
549 555
549 556
549 557
549 558
549 559
549 560
549 561
549 691
549 821
549 824
549 825
549 826
549 827
549 830
549 831
549 832
549 833
549 834
549 835
549 836
549 837
549 838
549 839
549 840
549 841
549 842
549 974
549 975
549 976
549 977
549 978
549 979
549 980
549 981
549 982
549 983
549 984
549 985
549 986
549 987
549 988
549 989
550 551
550 552
550 553
550 554
550 555
550 556
550 557
550 558
550 559
550 560
550 561
550 741
550 825
550 826
550 827
550 829
550 830
550 831
550 832
550 833
550 834
550 835
550 836
550 837
550 838
550 839
550 840
550 841
550 973
550 974
550 975
550 976
550 978
550 979
550 980
550 981
550 982
550 983
550 984
550 985
550 986
550 987
550 988
551 552
551 553
551 554
551 555
551 556
551 557
551 558
551 559
551 560
551 561
551 692
551 694
551 695
551 742
551 824
551 825
551 826
551 827
551 829
551 830
551 831
551 832
551 833
551 834
551 835
551 836
551 837
551 838
551 839
551 840
551 841
551 842
551 844
551 973
551 974
551 975
551 976
551 978
551 979
551 980
551 981
551 982
551 983
551 984
551 986
551 987
551 988
552 553
552 554
552 555
552 556
552 557
552 558
552 559
552 560
552 561
552 691
552 692
552 743
552 820
552 823
552 825
552 826
552 827
552 828
552 829
552 830
552 831
552 832
552 833
552 834
552 835
552 836
552 837
552 838
552 839
552 840
552 841
552 843
552 971
552 972
552 973
552 974
552 975
552 976
552 977
552 978
552 979
552 980
552 981
552 982
552 983
552 984
552 985
552 986
552 987
552 988
552 989
553 554
553 555
553 556
553 557
553 558
553 559
553 560
553 561
553 605
553 693
553 694
553 740
553 742
553 822
553 824
553 826
553 828
553 829
553 830
553 831
553 833
553 834
553 835
553 836
553 837
553 838
553 839
553 840
553 841
553 842
553 972
553 973
553 974
553 976
553 978
553 980
553 981
553 982
553 983
553 985
553 986
553 987
553 988
553 989
553 990
554 555
554 556
554 557
554 558
554 559
554 560
554 561
554 562
554 565
554 567
554 692
554 693
554 694
554 742
554 743
554 745
554 820
554 824
554 826
554 827
554 828
554 829
554 830
554 831
554 832
554 833
554 834
554 835
554 836
554 837
554 838
554 839
554 840
554 841
554 972
554 974
554 976
554 978
554 979
554 980
554 982
554 983
554 984
554 985
554 986
554 987
554 988
554 989
555 556
555 557
555 558
555 559
555 560
555 561
555 694
555 742
555 822
555 824
555 825
555 826
555 827
555 829
555 830
555 831
555 832
555 833
555 834
555 835
555 836
555 837
555 838
555 839
555 840
555 841
555 843
555 972
555 973
555 974
555 975
555 977
555 978
555 979
555 981
555 982
555 983
555 984
555 985
555 986
555 987
555 988
555 989
555 991
556 557
556 558
556 559
556 560
556 561
556 562
556 563
556 692
556 693
556 695
556 742
556 744
556 821
556 824
556 825
556 826
556 827
556 828
556 829
556 830
556 831
556 832
556 833
556 834
556 835
556 836
556 837
556 838
556 839
556 840
556 841
556 842
556 974
556 975
556 976
556 977
556 978
556 979
556 980
556 981
556 982
556 983
556 984
556 985
556 986
556 987
556 988
556 989
557 558
557 559
557 560
557 561
557 694
557 741
557 744
557 820
557 823
557 825
557 827
557 829
557 830
557 831
557 832
557 833
557 834
557 835
557 836
557 837
557 838
557 839
557 840
557 841
557 842
557 974
557 975
557 976
557 977
557 978
557 979
557 980
557 981
557 982
557 984
557 985
557 986
557 987
557 988
557 989
558 559
558 560
558 561
558 562
558 694
558 695
558 742
558 793
558 821
558 822
558 824
558 825
558 826
558 828
558 829
558 830
558 831
558 832
558 833
558 834
558 835
558 836
558 837
558 838
558 839
558 840
558 841
558 842
558 843
558 973
558 974
558 975
558 976
558 977
558 980
558 981
558 982
558 983
558 984
558 985
558 986
558 987
558 988
558 989
559 560
559 561
559 562
559 695
559 823
559 824
559 825
559 826
559 827
559 828
559 829
559 830
559 831
559 832
559 833
559 834
559 835
559 836
559 837
559 838
559 839
559 840
559 841
559 842
559 894
559 972
559 975
559 976
559 978
559 979
559 980
559 981
559 982
559 983
559 984
559 985
559 986
559 987
559 988
559 989
559 990
560 561
560 566
560 692
560 695
560 696
560 741
560 762
560 821
560 823
560 824
560 825
560 826
560 827
560 828
560 829
560 830
560 831
560 832
560 833
560 834
560 835
560 836
560 837
560 838
560 839
560 840
560 841
560 842
560 970
560 974
560 975
560 976
560 977
560 978
560 979
560 980
560 982
560 983
560 984
560 985
560 986
560 987
560 988
560 989
560 990
561 643
561 692
561 697
561 740
561 743
561 823
561 824
561 825
561 826
561 827
561 828
561 829
561 830
561 831
561 832
561 833
561 834
561 835
561 836
561 837
561 838
561 839
561 840
561 841
561 842
561 973
561 974
561 975
561 976
561 977
561 978
561 979
561 980
561 981
561 982
561 983
561 984
561 985
561 986
561 987
561 988
561 989
561 990
562 568
562 696
562 697
562 829
562 832
562 834
562 839
562 840
562 842
562 949
562 973
562 977
562 990
563 593
563 699
563 818
563 937
565 720
566 832
567 604
568 938
569 818
582 986
587 748
599 841
614 620
615 841
626 719
627 706
657 984
666 840
666 959
667 991
668 825
675 977
690 742
690 827
690 828
690 833
690 842
690 972
691 694
691 824
691 825
691 832
691 833
691 838
691 971
691 972
691 973
691 981
692 694
692 741
692 822
692 823
692 826
692 828
692 830
692 833
692 836
692 971
692 974
692 977
692 983
692 984
692 988
692 989
693 821
693 823
693 825
693 827
693 828
693 829
693 833
693 839
693 972
693 974
693 977
693 979
693 981
693 984
693 985
694 740
694 741
694 820
694 825
694 826
694 827
694 830
694 831
694 835
694 841
694 974
694 978
694 980
694 983
694 986
694 987
694 988
694 990
695 828
695 834
695 835
695 840
695 977
695 986
695 987
696 828
696 832
696 981
696 986
697 748
697 841
697 983
698 843
698 845
699 739
710 746
712 845
717 971
718 837
740 827
740 833
740 839
740 987
741 742
741 743
741 823
741 824
741 834
741 974
741 981
741 982
741 984
741 987
741 989
742 823
742 824
742 826
742 829
742 832
742 839
742 976
742 977
742 986
742 989
743 827
743 829
743 832
743 835
743 836
743 839
743 972
743 973
743 978
743 982
743 983
743 990
744 823
744 829
744 830
744 835
744 841
744 973
744 979
744 981
744 985
744 986
745 838
745 843
746 873
747 917
770 843
792 836
794 801
800 881
804 896
816 827
817 840
819 836
819 982
820 822
820 834
820 837
820 840
820 841
820 974
820 976
820 984
820 985
821 823
821 824
821 829
821 831
821 833
821 835
821 836
821 839
821 974
821 976
821 977
822 825
822 827
822 829
822 830
822 836
822 838
822 839
822 841
822 972
822 974
822 975
822 977
822 982
822 983
822 984
822 985
822 987
823 824
823 828
823 830
823 831
823 832
823 833
823 834
823 835
823 836
823 838
823 840
823 841
823 972
823 976
823 978
823 979
823 983
823 985
823 986
823 987
823 989
824 825
824 826
824 827
824 828
824 830
824 831
824 833
824 834
824 835
824 836
824 837
824 840
824 842
824 977
824 978
824 980
824 981
824 982
824 983
824 984
824 985
824 986
824 987
824 988
825 827
825 829
825 830
825 831
825 832
825 834
825 836
825 837
825 839
825 970
825 972
825 974
825 975
825 976
825 979
825 981
825 982
825 985
825 987
826 827
826 828
826 829
826 830
826 831
826 833
826 834
826 835
826 836
826 839
826 840
826 841
826 970
826 973
826 974
826 975
826 976
826 977
826 978
826 979
826 980
826 983
826 984
826 985
826 987
826 988
826 989
827 828
827 829
827 831
827 833
827 834
827 835
827 837
827 838
827 839
827 840
827 841
827 971
827 975
827 976
827 977
827 978
827 979
827 980
827 981
827 983
827 984
827 985
827 986
827 987
827 988
828 829
828 830
828 831
828 833
828 834
828 835
828 836
828 837
828 838
828 839
828 840
828 841
828 842
828 974
828 975
828 976
828 977
828 978
828 979
828 980
828 981
828 982
828 983
828 985
828 986
828 987
828 988
828 989
828 990
829 830
829 831
829 832
829 833
829 835
829 836
829 837
829 838
829 839
829 841
829 972
829 974
829 975
829 979
829 980
829 981
829 982
829 983
829 984
829 985
829 986
829 987
829 988
829 989
830 831
830 832
830 833
830 834
830 835
830 836
830 837
830 838
830 839
830 840
830 841
830 842
830 948
830 971
830 972
830 973
830 974
830 975
830 976
830 977
830 978
830 979
830 980
830 982
830 983
830 984
830 985
830 986
830 987
830 988
830 989
831 832
831 833
831 834
831 835
831 836
831 837
831 838
831 839
831 840
831 841
831 971
831 974
831 976
831 979
831 980
831 981
831 982
831 983
831 984
831 985
831 986
831 987
831 988
832 833
832 834
832 835
832 836
832 837
832 838
832 839
832 840
832 841
832 842
832 974
832 977
832 978
832 979
832 980
832 981
832 982
832 983
832 984
832 985
832 986
832 988
832 989
833 834
833 835
833 836
833 837
833 838
833 839
833 840
833 841
833 842
833 972
833 973
833 975
833 976
833 978
833 980
833 981
833 982
833 983
833 984
833 985
833 986
833 987
833 988
833 989
834 835
834 836
834 837
834 838
834 839
834 840
834 841
834 974
834 975
834 977
834 979
834 980
834 981
834 982
834 983
834 984
834 985
834 986
834 987
834 988
834 989
835 836
835 837
835 838
835 839
835 840
835 841
835 842
835 971
835 972
835 975
835 977
835 978
835 979
835 980
835 981
835 982
835 983
835 984
835 985
835 986
835 987
835 988
835 989
836 837
836 838
836 839
836 840
836 841
836 842
836 970
836 971
836 974
836 975
836 976
836 978
836 979
836 980
836 981
836 982
836 983
836 984
836 985
836 986
836 987
836 988
836 989
837 838
837 839
837 840
837 841
837 842
837 971
837 972
837 975
837 976
837 977
837 978
837 979
837 980
837 981
837 982
837 983
837 984
837 985
837 986
837 987
837 988
837 989
838 839
838 840
838 841
838 842
838 948
838 974
838 975
838 978
838 979
838 980
838 981
838 982
838 983
838 984
838 985
838 986
838 987
838 988
838 989
838 990
839 840
839 841
839 842
839 973
839 974
839 976
839 977
839 978
839 979
839 980
839 981
839 982
839 983
839 984
839 985
839 986
839 987
839 988
839 989
839 990
840 841
840 842
840 843
840 974
840 976
840 977
840 978
840 979
840 980
840 981
840 982
840 984
840 985
840 986
840 987
840 988
840 989
841 842
841 973
841 976
841 977
841 978
841 979
841 980
841 981
841 982
841 983
841 984
841 985
841 986
841 987
841 988
841 989
842 972
842 978
842 979
842 980
842 982
842 983
842 984
842 985
842 986
842 988
842 989
847 948
849 985
874 882
895 992
936 989
940 958
947 978
947 984
970 975
970 982
971 978
971 983
972 973
972 976
972 979
972 981
972 982
972 984
973 977
973 978
973 979
973 981
973 982
973 983
973 984
974 976
974 977
974 978
974 979
974 981
974 983
974 984
974 985
974 987
974 988
974 989
975 976
975 977
975 979
975 980
975 983
975 985
975 987
975 988
976 978
976 980
976 981
976 982
976 983
976 984
976 985
976 986
976 987
976 988
976 989
977 978
977 979
977 980
977 982
977 983
977 984
977 985
977 987
977 988
977 989
978 980
978 981
978 982
978 984
978 985
978 986
978 987
978 988
979 980
979 981
979 982
979 983
979 984
979 985
979 986
979 987
979 988
979 989
979 990
980 981
980 982
980 983
980 984
980 985
980 987
980 988
980 989
981 982
981 983
981 984
981 985
981 986
981 987
981 988
981 989
982 983
982 984
982 985
982 986
982 987
982 988
982 989
983 984
983 985
983 986
983 987
983 988
983 989
984 985
984 986
984 987
984 988
984 989
984 990
985 986
985 987
985 988
985 989
985 990
986 987
986 988
987 988
987 989
988 989
