3 152
13 81
13 185
14 57
14 65
14 185
15 102
15 444
15 846
16 67
16 103
16 634
17 55
17 99
17 431
18 643
21 100
22 103
23 432
24 214
27 57
29 100
29 183
29 573
29 984
30 100
30 102
30 179
30 937
31 826
35 576
36 102
36 389
37 581
37 855
38 800
43 106
44 62
44 65
44 72
44 73
44 75
44 78
44 85
44 86
44 87
44 91
44 162
44 165
44 175
44 177
44 181
44 188
44 576
44 630
44 632
44 824
44 842
44 853
44 938
45 50
45 52
45 56
45 57
45 66
45 73
45 78
45 83
45 88
45 90
45 94
45 102
45 160
45 162
45 169
45 170
45 172
45 182
45 183
45 186
45 190
45 563
45 565
45 566
45 567
45 568
45 570
45 572
45 578
45 631
45 827
45 836
45 837
45 846
45 852
45 854
45 925
45 927
45 933
45 937
46 47
46 55
46 57
46 59
46 60
46 67
46 70
46 75
46 76
46 80
46 85
46 88
46 89
46 92
46 93
46 101
46 103
46 104
46 166
46 170
46 171
46 175
46 178
46 188
46 564
46 566
46 569
46 570
46 577
46 578
46 579
46 819
46 820
46 826
46 834
46 837
46 840
46 841
46 844
46 848
46 850
46 853
46 932
46 934
46 938
46 939
46 940
47 48
47 51
47 54
47 55
47 61
47 66
47 67
47 68
47 70
47 71
47 72
47 73
47 75
47 77
47 78
47 80
47 85
47 86
47 87
47 92
47 95
47 98
47 99
47 100
47 106
47 161
47 164
47 166
47 168
47 170
47 175
47 180
47 182
47 185
47 187
47 188
47 190
47 215
47 564
47 566
47 575
47 577
47 819
47 820
47 821
47 823
47 825
47 828
47 833
47 836
47 837
47 840
47 844
47 846
47 851
47 925
47 932
47 935
47 939
48 49
48 51
48 52
48 54
48 59
48 61
48 62
48 65
48 69
48 77
48 78
48 81
48 82
48 83
48 84
48 85
48 86
48 87
48 89
48 91
48 93
48 95
48 99
48 100
48 101
48 104
48 105
48 107
48 108
48 162
48 163
48 168
48 169
48 170
48 171
48 172
48 173
48 174
48 176
48 177
48 179
48 180
48 181
48 182
48 184
48 185
48 187
48 188
48 563
48 567
48 568
48 569
48 575
48 577
48 579
48 821
48 822
48 823
48 826
48 827
48 830
48 837
48 839
48 843
48 844
48 850
48 851
48 852
48 853
48 922
48 925
48 927
48 930
48 931
48 933
48 934
48 935
49 50
49 53
49 54
49 56
49 58
49 59
49 61
49 62
49 64
49 65
49 66
49 67
49 75
49 76
49 77
49 80
49 84
49 86
49 88
49 89
49 91
49 93
49 95
49 98
49 99
49 101
49 102
49 103
49 104
49 105
49 106
49 107
49 160
49 162
49 163
49 164
49 165
49 166
49 167
49 168
49 171
49 174
49 178
49 179
49 181
49 182
49 183
49 185
49 186
49 187
49 188
49 189
49 190
49 564
49 565
49 570
49 574
49 577
49 579
49 631
49 824
49 829
49 830
49 832
49 833
49 836
49 838
49 839
49 840
49 841
49 843
49 844
49 850
49 851
49 853
49 927
49 928
49 929
49 930
49 933
49 934
49 936
49 937
49 938
50 51
50 52
50 54
50 55
50 56
50 57
50 60
50 61
50 62
50 64
50 66
50 67
50 69
50 74
50 75
50 78
50 82
50 83
50 84
50 85
50 86
50 87
50 89
50 91
50 92
50 93
50 95
50 98
50 100
50 101
50 102
50 103
50 104
50 106
50 166
50 167
50 170
50 171
50 172
50 173
50 174
50 175
50 176
50 178
50 180
50 181
50 182
50 184
50 185
50 187
50 190
50 191
50 565
50 566
50 567
50 569
50 570
50 572
50 575
50 576
50 577
50 579
50 821
50 822
50 823
50 824
50 827
50 828
50 830
50 831
50 832
50 833
50 834
50 837
50 838
50 839
50 840
50 841
50 842
50 844
50 845
50 847
50 849
50 850
50 851
50 852
50 853
50 854
50 927
50 928
50 930
50 931
50 932
50 933
50 937
50 938
51 52
51 54
51 55
51 56
51 58
51 59
51 60
51 61
51 62
51 63
51 64
51 65
51 66
51 67
51 68
51 70
51 77
51 78
51 79
51 80
51 81
51 82
51 83
51 84
51 85
51 86
51 87
51 88
51 90
51 91
51 92
51 93
51 95
51 96
51 97
51 98
51 100
51 101
51 103
51 105
51 106
51 108
51 161
51 163
51 167
51 169
51 171
51 172
51 174
51 175
51 176
51 177
51 179
51 180
51 181
51 182
51 183
51 184
51 185
51 186
51 187
51 188
51 190
51 566
51 567
51 568
51 569
51 571
51 572
51 574
51 575
51 579
51 632
51 678
51 818
51 819
51 820
51 822
51 823
51 824
51 825
51 826
51 827
51 828
51 829
51 830
51 831
51 833
51 835
51 836
51 837
51 839
51 840
51 842
51 844
51 848
51 849
51 850
51 852
51 853
51 854
51 924
51 929
51 930
51 931
51 932
51 935
51 936
51 937
51 938
52 53
52 54
52 55
52 56
52 58
52 59
52 61
52 62
52 63
52 64
52 66
52 69
52 70
52 71
52 75
52 76
52 77
52 78
52 79
52 80
52 81
52 82
52 85
52 86
52 87
52 88
52 89
52 90
52 92
52 93
52 94
52 95
52 96
52 97
52 98
52 99
52 101
52 102
52 103
52 104
52 106
52 107
52 164
52 166
52 168
52 169
52 170
52 171
52 172
52 173
52 174
52 175
52 177
52 178
52 181
52 183
52 185
52 186
52 187
52 189
52 261
52 566
52 568
52 569
52 570
52 571
52 572
52 573
52 574
52 576
52 577
52 578
52 579
52 632
52 817
52 818
52 824
52 825
52 826
52 827
52 828
52 829
52 831
52 832
52 833
52 834
52 835
52 836
52 837
52 838
52 840
52 841
52 842
52 844
52 845
52 846
52 848
52 850
52 853
52 931
52 933
52 934
52 935
52 936
52 937
52 938
53 54
53 55
53 56
53 57
53 58
53 59
53 60
53 61
53 62
53 63
53 64
53 66
53 67
53 68
53 69
53 70
53 71
53 73
53 75
53 77
53 78
53 80
53 81
53 82
53 83
53 84
53 85
53 86
53 87
53 88
53 89
53 90
53 94
53 95
53 96
53 97
53 98
53 99
53 100
53 101
53 102
53 103
53 104
53 105
53 106
53 107
53 163
53 164
53 167
53 168
53 169
53 171
53 172
53 175
53 177
53 180
53 181
53 182
53 184
53 185
53 187
53 188
53 189
53 566
53 567
53 568
53 569
53 571
53 572
53 574
53 575
53 576
53 577
53 578
53 579
53 631
53 820
53 821
53 822
53 823
53 824
53 825
53 826
53 827
53 828
53 829
53 830
53 831
53 833
53 835
53 836
53 837
53 838
53 839
53 840
53 841
53 842
53 843
53 844
53 847
53 850
53 851
53 852
53 853
53 854
53 926
53 927
53 929
53 931
53 932
53 933
53 934
53 935
53 936
53 937
53 938
54 55
54 56
54 57
54 58
54 59
54 61
54 62
54 64
54 65
54 66
54 67
54 68
54 69
54 70
54 75
54 76
54 78
54 79
54 80
54 81
54 82
54 83
54 85
54 86
54 87
54 88
54 89
54 90
54 92
54 93
54 94
54 95
54 96
54 97
54 98
54 99
54 100
54 101
54 102
54 103
54 104
54 105
54 106
54 107
54 163
54 165
54 166
54 167
54 168
54 169
54 170
54 171
54 172
54 173
54 174
54 176
54 177
54 178
54 179
54 180
54 182
54 183
54 184
54 185
54 186
54 187
54 188
54 189
54 190
54 562
54 565
54 569
54 570
54 571
54 572
54 575
54 576
54 577
54 578
54 579
54 824
54 825
54 827
54 828
54 829
54 832
54 833
54 834
54 835
54 836
54 837
54 838
54 839
54 840
54 841
54 842
54 843
54 845
54 847
54 848
54 849
54 850
54 851
54 852
54 853
54 928
54 929
54 930
54 931
54 932
54 933
54 934
54 935
54 936
54 938
54 940
55 56
55 57
55 58
55 59
55 60
55 61
55 62
55 63
55 64
55 65
55 66
55 67
55 68
55 69
55 73
55 74
55 77
55 78
55 79
55 80
55 81
55 82
55 83
55 85
55 86
55 87
55 88
55 89
55 90
55 91
55 93
55 94
55 95
55 96
55 97
55 99
55 100
55 101
55 102
55 103
55 104
55 105
55 106
55 107
55 161
55 165
55 166
55 167
55 168
55 169
55 170
55 171
55 172
55 173
55 174
55 176
55 177
55 180
55 181
55 184
55 185
55 186
55 187
55 188
55 190
55 566
55 567
55 568
55 570
55 572
55 573
55 574
55 575
55 576
55 577
55 578
55 579
55 818
55 819
55 821
55 822
55 823
55 824
55 825
55 826
55 828
55 829
55 830
55 831
55 832
55 833
55 834
55 835
55 836
55 837
55 838
55 839
55 840
55 841
55 842
55 843
55 844
55 848
55 850
55 851
55 852
55 853
55 923
55 926
55 927
55 928
55 929
55 930
55 931
55 932
55 933
55 934
55 935
55 936
55 937
55 938
55 939
56 57
56 58
56 60
56 61
56 62
56 63
56 64
56 66
56 67
56 69
56 70
56 72
56 74
56 75
56 76
56 77
56 78
56 79
56 80
56 81
56 82
56 83
56 84
56 85
56 87
56 88
56 89
56 90
56 91
56 92
56 93
56 95
56 96
56 97
56 98
56 99
56 100
56 101
56 102
56 103
56 104
56 105
56 107
56 108
56 166
56 169
56 170
56 172
56 173
56 174
56 175
56 176
56 178
56 179
56 180
56 181
56 183
56 184
56 185
56 186
56 187
56 188
56 189
56 190
56 433
56 565
56 569
56 570
56 571
56 572
56 573
56 574
56 576
56 577
56 578
56 630
56 632
56 821
56 823
56 824
56 825
56 826
56 827
56 828
56 829
56 830
56 831
56 832
56 833
56 834
56 835
56 836
56 837
56 838
56 839
56 840
56 841
56 842
56 843
56 844
56 846
56 847
56 848
56 850
56 852
56 853
56 854
56 926
56 927
56 928
56 929
56 930
56 931
56 932
56 933
56 934
56 935
56 936
56 937
56 938
56 939
57 58
57 59
57 60
57 61
57 62
57 63
57 64
57 65
57 66
57 67
57 68
57 70
57 71
57 76
57 78
57 79
57 80
57 81
57 82
57 83
57 84
57 85
57 86
57 87
57 88
57 89
57 90
57 91
57 92
57 93
57 94
57 95
57 96
57 97
57 98
57 99
57 100
57 101
57 102
57 103
57 104
57 105
57 163
57 164
57 165
57 166
57 167
57 168
57 169
57 171
57 172
57 173
57 175
57 176
57 178
57 179
57 180
57 181
57 182
57 183
57 184
57 185
57 186
57 187
57 188
57 189
57 190
57 192
57 564
57 566
57 567
57 569
57 572
57 574
57 575
57 576
57 577
57 578
57 580
57 636
57 820
57 822
57 825
57 826
57 827
57 828
57 829
57 830
57 831
57 832
57 833
57 834
57 835
57 836
57 837
57 838
57 839
57 840
57 841
57 842
57 843
57 844
57 848
57 850
57 852
57 853
57 925
57 927
57 928
57 929
57 930
57 932
57 933
57 934
57 937
57 938
57 939
57 982
58 59
58 60
58 61
58 62
58 63
58 64
58 65
58 66
58 67
58 68
58 69
58 70
58 74
58 77
58 81
58 82
58 83
58 84
58 85
58 86
58 87
58 88
58 89
58 90
58 91
58 92
58 93
58 94
58 95
58 96
58 97
58 98
58 99
58 101
58 102
58 103
58 104
58 105
58 106
58 161
58 162
58 165
58 166
58 168
58 169
58 171
58 172
58 173
58 174
58 175
58 176
58 177
58 179
58 180
58 181
58 182
58 183
58 184
58 185
58 186
58 187
58 188
58 189
58 190
58 191
58 568
58 569
58 570
58 571
58 572
58 573
58 574
58 575
58 577
58 578
58 579
58 630
58 632
58 817
58 820
58 821
58 822
58 823
58 824
58 825
58 826
58 827
58 828
58 829
58 830
58 831
58 832
58 833
58 834
58 835
58 836
58 837
58 838
58 839
58 840
58 841
58 842
58 843
58 844
58 845
58 849
58 850
58 852
58 853
58 854
58 918
58 924
58 925
58 927
58 928
58 929
58 930
58 931
58 933
58 934
58 935
58 936
58 937
58 938
59 60
59 61
59 62
59 63
59 64
59 65
59 66
59 67
59 68
59 70
59 74
59 75
59 76
59 77
59 78
59 79
59 80
59 81
59 82
59 83
59 85
59 86
59 87
59 88
59 89
59 90
59 91
59 92
59 93
59 94
59 95
59 96
59 97
59 98
59 99
59 100
59 101
59 103
59 104
59 105
59 106
59 107
59 162
59 163
59 165
59 166
59 167
59 168
59 169
59 170
59 171
59 172
59 173
59 174
59 175
59 176
59 177
59 179
59 180
59 182
59 183
59 184
59 185
59 186
59 187
59 188
59 189
59 190
59 564
59 567
59 568
59 569
59 570
59 573
59 574
59 575
59 576
59 577
59 578
59 579
59 580
59 633
59 817
59 819
59 821
59 822
59 824
59 825
59 826
59 827
59 828
59 829
59 830
59 831
59 832
59 833
59 834
59 835
59 836
59 837
59 838
59 839
59 840
59 841
59 843
59 845
59 846
59 849
59 850
59 852
59 853
59 854
59 855
59 924
59 926
59 927
59 928
59 929
59 930
59 931
59 932
59 933
59 934
59 935
59 938
59 939
60 62
60 63
60 64
60 65
60 66
60 67
60 68
60 69
60 70
60 76
60 77
60 78
60 79
60 81
60 82
60 83
60 84
60 85
60 86
60 87
60 88
60 89
60 90
60 92
60 93
60 94
60 95
60 96
60 97
60 98
60 99
60 100
60 101
60 102
60 103
60 104
60 105
60 107
60 165
60 167
60 169
60 170
60 171
60 172
60 173
60 174
60 175
60 176
60 177
60 178
60 179
60 180
60 181
60 182
60 183
60 184
60 185
60 186
60 187
60 188
60 189
60 190
60 567
60 568
60 569
60 571
60 572
60 573
60 574
60 575
60 576
60 577
60 578
60 579
60 819
60 820
60 821
60 824
60 825
60 826
60 827
60 828
60 829
60 830
60 831
60 832
60 833
60 834
60 835
60 836
60 837
60 838
60 839
60 841
60 842
60 843
60 844
60 848
60 849
60 850
60 852
60 853
60 854
60 926
60 927
60 928
60 929
60 930
60 931
60 932
60 933
60 934
60 935
60 936
60 937
60 938
60 939
61 62
61 63
61 64
61 65
61 66
61 67
61 68
61 69
61 70
61 71
61 74
61 76
61 77
61 78
61 80
61 81
61 82
61 84
61 85
61 86
61 87
61 88
61 89
61 90
61 91
61 92
61 93
61 94
61 95
61 96
61 97
61 98
61 99
61 100
61 101
61 102
61 103
61 104
61 105
61 106
61 107
61 108
61 163
61 164
61 166
61 169
61 170
61 172
61 173
61 174
61 175
61 176
61 177
61 179
61 180
61 181
61 182
61 183
61 184
61 185
61 186
61 187
61 188
61 189
61 190
61 566
61 567
61 568
61 569
61 570
61 571
61 572
61 573
61 574
61 575
61 576
61 577
61 578
61 579
61 613
61 631
61 632
61 817
61 820
61 821
61 822
61 823
61 824
61 827
61 828
61 829
61 830
61 831
61 832
61 833
61 834
61 835
61 836
61 837
61 838
61 839
61 840
61 841
61 842
61 843
61 844
61 845
61 846
61 847
61 848
61 851
61 853
61 854
61 924
61 930
61 931
61 932
61 933
61 934
61 935
61 936
61 937
61 938
61 988
62 63
62 64
62 65
62 66
62 68
62 69
62 70
62 73
62 75
62 76
62 77
62 80
62 81
62 82
62 83
62 84
62 86
62 87
62 88
62 89
62 90
62 91
62 92
62 93
62 94
62 95
62 96
62 97
62 99
62 100
62 101
62 102
62 103
62 104
62 105
62 106
62 107
62 164
62 165
62 166
62 167
62 169
62 170
62 171
62 172
62 173
62 174
62 175
62 176
62 177
62 178
62 179
62 180
62 181
62 182
62 183
62 184
62 185
62 186
62 187
62 188
62 190
62 191
62 564
62 565
62 566
62 567
62 568
62 569
62 571
62 572
62 573
62 575
62 576
62 577
62 578
62 579
62 820
62 821
62 823
62 824
62 825
62 826
62 828
62 829
62 830
62 831
62 832
62 833
62 834
62 835
62 836
62 837
62 838
62 839
62 840
62 841
62 842
62 843
62 847
62 849
62 850
62 851
62 852
62 854
62 927
62 928
62 929
62 930
62 931
62 932
62 933
62 934
62 935
62 936
62 937
62 938
62 939
63 64
63 65
63 66
63 67
63 68
63 69
63 70
63 76
63 77
63 78
63 80
63 82
63 83
63 84
63 86
63 87
63 88
63 89
63 90
63 91
63 92
63 93
63 94
63 95
63 96
63 97
63 98
63 99
63 100
63 101
63 102
63 103
63 104
63 105
63 106
63 107
63 162
63 163
63 164
63 166
63 167
63 168
63 170
63 171
63 172
63 173
63 174
63 175
63 176
63 177
63 178
63 179
63 180
63 181
63 182
63 183
63 184
63 185
63 186
63 187
63 188
63 189
63 190
63 566
63 569
63 570
63 571
63 572
63 573
63 574
63 575
63 576
63 577
63 578
63 579
63 633
63 821
63 824
63 826
63 827
63 829
63 830
63 831
63 832
63 833
63 834
63 835
63 836
63 837
63 838
63 839
63 840
63 841
63 842
63 843
63 844
63 846
63 848
63 849
63 852
63 853
63 854
63 855
63 924
63 926
63 927
63 929
63 930
63 931
63 932
63 933
63 934
63 935
63 936
63 937
63 938
63 939
64 65
64 66
64 67
64 68
64 69
64 70
64 71
64 76
64 79
64 80
64 81
64 82
64 83
64 84
64 85
64 87
64 88
64 89
64 90
64 91
64 92
64 93
64 94
64 95
64 96
64 97
64 98
64 99
64 100
64 101
64 102
64 103
64 104
64 105
64 106
64 107
64 161
64 166
64 167
64 168
64 169
64 170
64 171
64 172
64 173
64 175
64 176
64 177
64 178
64 179
64 180
64 181
64 182
64 183
64 185
64 186
64 187
64 188
64 189
64 190
64 566
64 569
64 571
64 572
64 573
64 574
64 575
64 576
64 577
64 578
64 579
64 630
64 631
64 633
64 816
64 817
64 822
64 825
64 826
64 827
64 828
64 829
64 830
64 831
64 832
64 833
64 834
64 835
64 836
64 837
64 838
64 839
64 840
64 841
64 842
64 843
64 844
64 845
64 846
64 847
64 848
64 851
64 852
64 924
64 925
64 926
64 927
64 929
64 930
64 931
64 932
64 933
64 934
64 935
64 936
64 937
64 939
64 940
65 66
65 67
65 68
65 69
65 70
65 71
65 75
65 77
65 79
65 80
65 81
65 82
65 83
65 84
65 85
65 86
65 87
65 88
65 89
65 90
65 91
65 92
65 93
65 94
65 95
65 96
65 97
65 98
65 99
65 100
65 101
65 102
65 103
65 104
65 105
65 106
65 107
65 162
65 163
65 165
65 166
65 168
65 169
65 170
65 171
65 172
65 173
65 174
65 175
65 176
65 177
65 178
65 179
65 180
65 181
65 182
65 183
65 184
65 185
65 186
65 187
65 188
65 189
65 190
65 383
65 563
65 564
65 567
65 568
65 571
65 572
65 573
65 574
65 575
65 576
65 577
65 578
65 579
65 680
65 816
65 822
65 823
65 824
65 827
65 828
65 829
65 830
65 831
65 832
65 833
65 834
65 835
65 836
65 837
65 838
65 839
65 840
65 841
65 842
65 843
65 844
65 845
65 846
65 847
65 849
65 850
65 852
65 853
65 854
65 923
65 927
65 928
65 929
65 930
65 931
65 932
65 933
65 934
65 935
65 936
65 937
65 938
65 939
66 67
66 68
66 69
66 70
66 73
66 76
66 79
66 81
66 82
66 83
66 84
66 85
66 86
66 87
66 88
66 89
66 90
66 91
66 92
66 93
66 94
66 95
66 96
66 97
66 98
66 99
66 100
66 101
66 102
66 103
66 104
66 105
66 106
66 107
66 108
66 165
66 168
66 169
66 170
66 171
66 172
66 173
66 174
66 175
66 176
66 177
66 178
66 179
66 180
66 181
66 182
66 183
66 184
66 185
66 186
66 187
66 188
66 189
66 190
66 565
66 566
66 567
66 569
66 570
66 573
66 574
66 575
66 576
66 577
66 578
66 630
66 817
66 819
66 821
66 823
66 824
66 825
66 826
66 827
66 828
66 829
66 832
66 833
66 834
66 835
66 836
66 837
66 838
66 839
66 840
66 841
66 842
66 843
66 844
66 848
66 849
66 850
66 851
66 852
66 853
66 854
66 872
66 925
66 927
66 928
66 930
66 931
66 932
66 934
66 935
66 936
66 937
66 938
66 939
67 68
67 69
67 70
67 71
67 74
67 75
67 77
67 79
67 81
67 82
67 83
67 84
67 85
67 86
67 87
67 88
67 89
67 90
67 91
67 92
67 93
67 94
67 95
67 96
67 97
67 98
67 99
67 100
67 101
67 102
67 103
67 104
67 105
67 106
67 107
67 163
67 164
67 165
67 166
67 167
67 169
67 170
67 171
67 172
67 173
67 174
67 175
67 176
67 177
67 178
67 179
67 180
67 181
67 182
67 183
67 184
67 185
67 186
67 187
67 188
67 189
67 190
67 191
67 562
67 564
67 565
67 567
67 569
67 573
67 574
67 575
67 576
67 577
67 578
67 579
67 580
67 681
67 817
67 819
67 822
67 823
67 824
67 825
67 826
67 827
67 828
67 829
67 830
67 831
67 832
67 833
67 834
67 835
67 836
67 837
67 838
67 839
67 840
67 841
67 842
67 843
67 844
67 845
67 847
67 848
67 849
67 850
67 852
67 853
67 854
67 923
67 924
67 925
67 926
67 927
67 928
67 929
67 931
67 932
67 933
67 934
67 935
67 936
67 937
67 938
67 939
68 69
68 70
68 71
68 72
68 73
68 74
68 75
68 76
68 79
68 80
68 81
68 82
68 84
68 85
68 86
68 87
68 88
68 89
68 90
68 91
68 92
68 93
68 94
68 95
68 96
68 97
68 98
68 99
68 100
68 101
68 102
68 103
68 104
68 105
68 106
68 107
68 111
68 165
68 167
68 168
68 169
68 170
68 171
68 172
68 173
68 174
68 175
68 176
68 177
68 178
68 179
68 180
68 181
68 182
68 183
68 184
68 185
68 186
68 187
68 188
68 189
68 190
68 565
68 566
68 569
68 570
68 572
68 574
68 575
68 576
68 577
68 578
68 579
68 819
68 821
68 822
68 825
68 826
68 827
68 828
68 829
68 830
68 831
68 832
68 833
68 834
68 835
68 836
68 837
68 838
68 839
68 840
68 841
68 842
68 843
68 844
68 848
68 849
68 850
68 851
68 852
68 854
68 855
68 924
68 926
68 927
68 928
68 929
68 930
68 932
68 933
68 934
68 935
68 936
68 937
68 938
68 939
68 940
68 966
69 70
69 73
69 74
69 76
69 78
69 80
69 81
69 82
69 83
69 84
69 85
69 86
69 87
69 88
69 89
69 90
69 91
69 92
69 93
69 94
69 95
69 96
69 97
69 98
69 99
69 100
69 101
69 102
69 103
69 104
69 105
69 106
69 107
69 163
69 164
69 166
69 168
69 169
69 170
69 171
69 172
69 173
69 174
69 175
69 176
69 177
69 178
69 179
69 180
69 181
69 182
69 183
69 184
69 185
69 186
69 187
69 188
69 189
69 190
69 191
69 564
69 566
69 567
69 568
69 569
69 570
69 571
69 572
69 573
69 574
69 575
69 576
69 577
69 578
69 579
69 580
69 631
69 819
69 823
69 824
69 825
69 826
69 828
69 829
69 830
69 831
69 832
69 833
69 834
69 835
69 836
69 837
69 838
69 839
69 840
69 841
69 842
69 843
69 844
69 846
69 847
69 849
69 850
69 852
69 853
69 854
69 856
69 924
69 925
69 927
69 930
69 931
69 932
69 933
69 934
69 935
69 936
69 937
69 938
69 939
70 71
70 76
70 78
70 80
70 81
70 82
70 83
70 84
70 86
70 87
70 88
70 89
70 90
70 92
70 93
70 94
70 95
70 96
70 97
70 98
70 99
70 100
70 101
70 102
70 103
70 104
70 105
70 106
70 107
70 164
70 165
70 166
70 167
70 168
70 169
70 170
70 171
70 172
70 173
70 174
70 175
70 176
70 177
70 178
70 179
70 180
70 181
70 182
70 183
70 184
70 185
70 186
70 187
70 188
70 189
70 190
70 289
70 340
70 565
70 566
70 568
70 569
70 573
70 574
70 575
70 576
70 577
70 578
70 579
70 580
70 772
70 818
70 819
70 821
70 822
70 823
70 825
70 826
70 827
70 828
70 829
70 830
70 831
70 832
70 833
70 834
70 835
70 836
70 837
70 838
70 839
70 840
70 841
70 842
70 843
70 844
70 846
70 849
70 852
70 853
70 854
70 926
70 929
70 930
70 932
70 933
70 934
70 935
70 936
70 937
70 938
70 939
71 75
71 76
71 80
71 82
71 84
71 86
71 89
71 90
71 91
71 92
71 93
71 95
71 96
71 97
71 99
71 101
71 102
71 103
71 104
71 105
71 106
71 161
71 170
71 171
71 173
71 174
71 176
71 178
71 180
71 181
71 183
71 184
71 185
71 186
71 187
71 188
71 189
71 564
71 570
71 571
71 574
71 575
71 578
71 579
71 580
71 700
71 817
71 819
71 821
71 826
71 836
71 837
71 838
71 839
71 840
71 841
71 843
71 844
71 846
71 850
71 855
71 872
71 924
71 929
71 931
71 933
71 934
71 936
71 937
72 73
72 76
72 77
72 88
72 92
72 94
72 96
72 99
72 102
72 103
72 104
72 106
72 107
72 167
72 170
72 173
72 177
72 181
72 182
72 183
72 185
72 187
72 189
72 190
72 238
72 239
72 306
72 562
72 569
72 574
72 575
72 576
72 578
72 631
72 641
72 660
72 818
72 822
72 829
72 836
72 842
72 843
72 845
72 849
72 853
72 923
72 928
72 931
72 932
72 933
72 935
72 937
73 76
73 77
73 78
73 81
73 88
73 90
73 92
73 95
73 96
73 99
73 100
73 102
73 104
73 106
73 161
73 168
73 171
73 174
73 175
73 176
73 178
73 180
73 181
73 182
73 187
73 188
73 190
73 231
73 563
73 566
73 568
73 570
73 573
73 575
73 576
73 577
73 578
73 632
73 681
73 820
73 824
73 832
73 834
73 839
73 840
73 843
73 846
73 847
73 848
73 850
73 925
73 926
73 939
73 944
74 75
74 83
74 86
74 87
74 89
74 92
74 93
74 94
74 97
74 102
74 104
74 105
74 107
74 161
74 162
74 163
74 168
74 169
74 171
74 172
74 175
74 179
74 180
74 181
74 182
74 187
74 188
74 190
74 563
74 566
74 568
74 569
74 570
74 572
74 573
74 574
74 575
74 576
74 578
74 579
74 630
74 632
74 819
74 821
74 822
74 823
74 825
74 827
74 829
74 831
74 836
74 840
74 844
74 847
74 852
74 853
74 924
74 925
74 928
74 929
74 933
74 934
74 936
74 938
74 962
75 76
75 78
75 80
75 81
75 82
75 83
75 86
75 90
75 93
75 94
75 95
75 96
75 98
75 99
75 101
75 103
75 105
75 162
75 163
75 164
75 165
75 166
75 170
75 171
75 173
75 174
75 182
75 183
75 186
75 187
75 188
75 189
75 568
75 569
75 570
75 571
75 575
75 577
75 578
75 579
75 631
75 817
75 818
75 822
75 824
75 829
75 830
75 836
75 837
75 841
75 846
75 847
75 848
75 849
75 852
75 919
75 927
75 928
75 929
75 932
75 934
76 79
76 80
76 81
76 83
76 85
76 86
76 87
76 92
76 96
76 97
76 100
76 101
76 102
76 105
76 106
76 107
76 163
76 166
76 167
76 168
76 170
76 171
76 173
76 179
76 180
76 181
76 182
76 187
76 189
76 190
76 566
76 568
76 569
76 570
76 574
76 578
76 631
76 820
76 821
76 822
76 823
76 826
76 827
76 829
76 830
76 832
76 834
76 835
76 838
76 843
76 844
76 845
76 846
76 847
76 848
76 849
76 927
76 929
76 930
76 934
76 935
76 936
76 938
77 80
77 81
77 82
77 84
77 85
77 86
77 87
77 88
77 92
77 93
77 94
77 95
77 97
77 98
77 99
77 100
77 101
77 102
77 103
77 106
77 107
77 161
77 162
77 163
77 164
77 167
77 168
77 170
77 171
77 172
77 175
77 176
77 177
77 180
77 181
77 182
77 187
77 188
77 190
77 191
77 565
77 568
77 572
77 573
77 574
77 576
77 579
77 818
77 821
77 824
77 825
77 828
77 829
77 831
77 832
77 833
77 835
77 837
77 838
77 839
77 840
77 842
77 844
77 845
77 846
77 847
77 848
77 849
77 850
77 851
77 853
77 924
77 927
77 929
77 932
77 935
77 936
77 937
77 938
78 79
78 80
78 82
78 85
78 88
78 89
78 90
78 91
78 92
78 96
78 97
78 99
78 101
78 102
78 103
78 106
78 107
78 161
78 162
78 164
78 165
78 166
78 167
78 168
78 170
78 171
78 172
78 176
78 178
78 179
78 180
78 181
78 182
78 184
78 185
78 186
78 187
78 188
78 189
78 190
78 445
78 564
78 567
78 568
78 569
78 570
78 571
78 572
78 573
78 574
78 575
78 577
78 578
78 819
78 822
78 826
78 827
78 829
78 830
78 835
78 836
78 837
78 838
78 839
78 841
78 843
78 844
78 845
78 847
78 849
78 850
78 851
78 852
78 853
78 854
78 924
78 925
78 927
78 928
78 929
78 930
78 931
78 932
78 933
78 934
78 935
78 938
79 80
79 82
79 83
79 85
79 86
79 87
79 89
79 90
79 91
79 93
79 94
79 97
79 98
79 99
79 101
79 102
79 108
79 165
79 166
79 167
79 168
79 169
79 170
79 171
79 172
79 173
79 174
79 175
79 176
79 177
79 178
79 179
79 181
79 182
79 183
79 184
79 186
79 188
79 189
79 568
79 569
79 570
79 571
79 572
79 574
79 575
79 576
79 578
79 579
79 818
79 820
79 821
79 822
79 824
79 825
79 826
79 827
79 828
79 829
79 830
79 831
79 834
79 835
79 836
79 838
79 839
79 841
79 842
79 843
79 844
79 845
79 847
79 848
79 849
79 853
79 854
79 924
79 927
79 928
79 929
79 930
79 931
79 932
79 934
79 935
79 936
79 939
80 81
80 83
80 84
80 85
80 86
80 87
80 88
80 89
80 91
80 92
80 93
80 95
80 96
80 97
80 98
80 99
80 100
80 102
80 103
80 104
80 105
80 107
80 108
80 163
80 164
80 165
80 166
80 167
80 168
80 169
80 170
80 171
80 172
80 173
80 174
80 175
80 176
80 177
80 178
80 181
80 182
80 184
80 185
80 186
80 187
80 189
80 461
80 562
80 563
80 565
80 566
80 568
80 571
80 572
80 573
80 574
80 575
80 579
80 821
80 822
80 823
80 824
80 827
80 828
80 829
80 830
80 831
80 834
80 836
80 837
80 838
80 839
80 840
80 841
80 842
80 843
80 844
80 846
80 847
80 851
80 853
80 854
80 927
80 928
80 930
80 931
80 933
80 935
80 936
80 937
80 938
81 83
81 84
81 86
81 87
81 88
81 89
81 90
81 93
81 95
81 96
81 101
81 102
81 103
81 104
81 105
81 106
81 107
81 164
81 165
81 167
81 168
81 169
81 170
81 171
81 172
81 173
81 174
81 175
81 176
81 178
81 179
81 180
81 182
81 183
81 184
81 186
81 187
81 189
81 190
81 564
81 565
81 566
81 567
81 568
81 569
81 572
81 573
81 574
81 576
81 577
81 579
81 630
81 636
81 816
81 819
81 821
81 822
81 823
81 824
81 826
81 828
81 830
81 831
81 832
81 833
81 834
81 835
81 837
81 838
81 839
81 840
81 841
81 843
81 847
81 848
81 851
81 853
81 854
81 926
81 927
81 929
81 931
81 933
81 934
81 935
81 937
81 938
82 83
82 84
82 85
82 86
82 87
82 88
82 89
82 90
82 91
82 92
82 93
82 94
82 95
82 97
82 98
82 99
82 100
82 101
82 102
82 103
82 104
82 105
82 106
82 107
82 165
82 166
82 167
82 168
82 169
82 170
82 171
82 172
82 173
82 174
82 175
82 176
82 177
82 178
82 179
82 180
82 181
82 182
82 183
82 184
82 185
82 186
82 188
82 189
82 190
82 565
82 566
82 568
82 570
82 571
82 572
82 573
82 574
82 575
82 576
82 577
82 579
82 634
82 820
82 822
82 823
82 824
82 825
82 827
82 830
82 831
82 832
82 833
82 834
82 835
82 837
82 838
82 840
82 841
82 842
82 843
82 846
82 847
82 848
82 849
82 850
82 851
82 852
82 853
82 854
82 925
82 926
82 928
82 931
82 932
82 933
82 934
82 935
82 936
82 937
82 938
83 84
83 85
83 86
83 87
83 88
83 89
83 90
83 91
83 92
83 93
83 94
83 95
83 96
83 97
83 98
83 99
83 101
83 102
83 103
83 104
83 105
83 106
83 107
83 162
83 164
83 166
83 167
83 168
83 169
83 170
83 171
83 172
83 173
83 174
83 176
83 178
83 179
83 180
83 181
83 182
83 183
83 184
83 185
83 186
83 187
83 188
83 189
83 190
83 191
83 565
83 568
83 569
83 570
83 571
83 572
83 573
83 574
83 575
83 577
83 578
83 579
83 820
83 821
83 824
83 826
83 827
83 828
83 829
83 830
83 831
83 833
83 834
83 836
83 838
83 839
83 840
83 841
83 842
83 843
83 844
83 846
83 847
83 849
83 852
83 853
83 923
83 927
83 928
83 930
83 931
83 932
83 933
83 934
83 935
83 937
83 938
83 939
84 85
84 86
84 87
84 89
84 90
84 91
84 92
84 93
84 94
84 96
84 97
84 99
84 101
84 102
84 103
84 104
84 105
84 106
84 161
84 162
84 165
84 166
84 167
84 168
84 169
84 170
84 171
84 173
84 174
84 175
84 176
84 177
84 178
84 179
84 180
84 181
84 182
84 183
84 184
84 185
84 186
84 187
84 188
84 190
84 212
84 563
84 565
84 567
84 568
84 569
84 570
84 571
84 572
84 573
84 574
84 575
84 576
84 578
84 820
84 821
84 822
84 823
84 824
84 825
84 826
84 827
84 828
84 829
84 830
84 831
84 833
84 834
84 835
84 836
84 837
84 838
84 839
84 840
84 841
84 843
84 844
84 846
84 847
84 848
84 849
84 851
84 852
84 853
84 854
84 856
84 927
84 928
84 930
84 931
84 932
84 933
84 934
84 935
84 936
84 937
84 939
85 86
85 88
85 89
85 90
85 93
85 94
85 95
85 96
85 97
85 99
85 100
85 101
85 102
85 103
85 104
85 105
85 106
85 107
85 163
85 164
85 168
85 169
85 170
85 172
85 173
85 174
85 175
85 176
85 177
85 178
85 179
85 180
85 181
85 182
85 183
85 184
85 185
85 186
85 187
85 188
85 189
85 190
85 564
85 567
85 568
85 569
85 571
85 572
85 573
85 574
85 575
85 576
85 577
85 578
85 579
85 820
85 821
85 822
85 823
85 824
85 825
85 826
85 827
85 828
85 829
85 830
85 831
85 832
85 833
85 834
85 835
85 836
85 838
85 839
85 840
85 841
85 843
85 844
85 845
85 849
85 852
85 853
85 854
85 926
85 927
85 928
85 929
85 930
85 931
85 932
85 933
85 934
85 935
85 936
85 937
85 938
85 940
86 87
86 88
86 89
86 90
86 91
86 92
86 93
86 94
86 95
86 96
86 97
86 98
86 99
86 100
86 101
86 102
86 103
86 104
86 106
86 107
86 164
86 165
86 168
86 169
86 170
86 171
86 172
86 173
86 174
86 175
86 176
86 177
86 178
86 179
86 180
86 181
86 182
86 183
86 184
86 185
86 186
86 187
86 188
86 189
86 190
86 564
86 568
86 570
86 571
86 572
86 573
86 574
86 575
86 576
86 577
86 578
86 770
86 819
86 821
86 824
86 825
86 826
86 827
86 828
86 829
86 830
86 831
86 832
86 833
86 834
86 836
86 837
86 838
86 839
86 840
86 841
86 846
86 847
86 848
86 849
86 850
86 851
86 852
86 853
86 855
86 925
86 929
86 930
86 931
86 933
86 934
86 935
86 936
86 937
86 938
87 88
87 89
87 90
87 91
87 92
87 93
87 94
87 95
87 96
87 97
87 98
87 99
87 100
87 101
87 102
87 103
87 104
87 105
87 106
87 107
87 161
87 162
87 166
87 167
87 168
87 169
87 170
87 171
87 172
87 173
87 174
87 175
87 176
87 178
87 179
87 180
87 181
87 182
87 183
87 184
87 185
87 186
87 187
87 188
87 189
87 190
87 564
87 566
87 567
87 569
87 570
87 571
87 572
87 573
87 574
87 575
87 576
87 577
87 578
87 579
87 581
87 818
87 822
87 824
87 826
87 827
87 828
87 829
87 830
87 831
87 832
87 833
87 834
87 835
87 836
87 838
87 839
87 840
87 841
87 842
87 843
87 845
87 849
87 850
87 851
87 852
87 853
87 923
87 925
87 927
87 928
87 930
87 931
87 932
87 933
87 934
87 935
87 936
87 938
87 939
88 89
88 90
88 91
88 92
88 93
88 94
88 95
88 96
88 97
88 98
88 99
88 101
88 103
88 104
88 105
88 106
88 164
88 165
88 166
88 167
88 168
88 169
88 170
88 171
88 172
88 173
88 174
88 175
88 176
88 177
88 178
88 179
88 180
88 181
88 182
88 183
88 184
88 185
88 186
88 188
88 189
88 190
88 475
88 565
88 569
88 570
88 571
88 572
88 573
88 574
88 575
88 576
88 577
88 578
88 579
88 634
88 679
88 818
88 819
88 822
88 823
88 825
88 826
88 827
88 828
88 830
88 831
88 832
88 833
88 834
88 835
88 836
88 837
88 838
88 839
88 841
88 842
88 843
88 844
88 845
88 849
88 850
88 851
88 852
88 853
88 854
88 925
88 927
88 928
88 929
88 930
88 931
88 932
88 933
88 934
88 935
88 936
88 937
88 938
88 939
88 940
89 90
89 91
89 92
89 93
89 94
89 95
89 96
89 97
89 98
89 99
89 100
89 101
89 102
89 103
89 104
89 105
89 106
89 107
89 161
89 162
89 163
89 164
89 165
89 166
89 167
89 168
89 169
89 170
89 171
89 172
89 173
89 174
89 175
89 176
89 177
89 178
89 179
89 180
89 181
89 182
89 183
89 184
89 185
89 186
89 187
89 188
89 189
89 190
89 474
89 565
89 566
89 567
89 568
89 570
89 571
89 572
89 573
89 575
89 576
89 577
89 578
89 579
89 818
89 821
89 822
89 824
89 825
89 827
89 828
89 829
89 830
89 831
89 832
89 833
89 834
89 835
89 836
89 837
89 838
89 839
89 840
89 841
89 842
89 843
89 846
89 848
89 849
89 850
89 851
89 852
89 853
89 854
89 928
89 929
89 930
89 931
89 932
89 933
89 934
89 935
89 936
89 937
89 938
89 939
90 91
90 92
90 93
90 94
90 95
90 96
90 97
90 98
90 99
90 100
90 101
90 102
90 103
90 104
90 105
90 106
90 107
90 161
90 162
90 170
90 171
90 172
90 173
90 174
90 175
90 176
90 177
90 178
90 179
90 180
90 181
90 182
90 183
90 184
90 185
90 186
90 187
90 188
90 189
90 190
90 565
90 566
90 569
90 570
90 571
90 572
90 573
90 575
90 577
90 578
90 579
90 580
90 816
90 819
90 820
90 822
90 823
90 824
90 825
90 826
90 827
90 828
90 829
90 830
90 831
90 832
90 833
90 834
90 835
90 836
90 837
90 838
90 839
90 840
90 841
90 842
90 843
90 846
90 848
90 849
90 850
90 852
90 853
90 854
90 926
90 927
90 928
90 929
90 931
90 932
90 933
90 934
90 936
90 937
90 938
91 92
91 93
91 94
91 95
91 96
91 97
91 98
91 99
91 100
91 101
91 102
91 103
91 104
91 105
91 106
91 107
91 160
91 164
91 165
91 166
91 167
91 169
91 170
91 171
91 172
91 173
91 174
91 175
91 176
91 177
91 178
91 179
91 180
91 181
91 182
91 183
91 184
91 185
91 186
91 187
91 188
91 189
91 190
91 238
91 546
91 566
91 567
91 568
91 569
91 572
91 573
91 574
91 575
91 576
91 577
91 578
91 633
91 821
91 822
91 825
91 826
91 827
91 828
91 829
91 830
91 831
91 832
91 833
91 834
91 835
91 836
91 837
91 838
91 839
91 840
91 841
91 842
91 843
91 844
91 846
91 848
91 849
91 850
91 851
91 852
91 853
91 854
91 925
91 928
91 929
91 930
91 931
91 932
91 933
91 934
91 935
91 936
91 937
91 938
91 984
92 93
92 94
92 95
92 96
92 97
92 98
92 99
92 100
92 101
92 102
92 103
92 104
92 105
92 106
92 107
92 108
92 165
92 166
92 167
92 168
92 169
92 170
92 171
92 173
92 174
92 175
92 176
92 177
92 178
92 179
92 180
92 181
92 182
92 183
92 184
92 185
92 186
92 187
92 188
92 189
92 190
92 566
92 569
92 570
92 571
92 572
92 573
92 574
92 575
92 576
92 577
92 578
92 634
92 635
92 817
92 819
92 820
92 823
92 825
92 826
92 827
92 828
92 829
92 830
92 831
92 832
92 833
92 834
92 835
92 836
92 837
92 838
92 839
92 840
92 841
92 842
92 843
92 844
92 849
92 850
92 851
92 852
92 853
92 927
92 929
92 930
92 931
92 932
92 933
92 934
92 935
92 936
92 937
92 938
92 939
93 94
93 95
93 96
93 97
93 98
93 99
93 100
93 101
93 102
93 103
93 104
93 105
93 106
93 107
93 164
93 165
93 166
93 169
93 170
93 171
93 172
93 174
93 175
93 176
93 177
93 178
93 179
93 180
93 181
93 182
93 183
93 184
93 185
93 186
93 187
93 188
93 189
93 190
93 563
93 565
93 568
93 569
93 570
93 571
93 572
93 573
93 574
93 575
93 576
93 577
93 578
93 631
93 632
93 634
93 817
93 823
93 824
93 825
93 826
93 827
93 828
93 829
93 830
93 831
93 832
93 833
93 834
93 835
93 836
93 837
93 838
93 839
93 840
93 841
93 842
93 843
93 844
93 846
93 849
93 850
93 851
93 852
93 853
93 923
93 924
93 929
93 931
93 932
93 933
93 934
93 935
93 936
93 937
93 938
93 974
94 95
94 96
94 97
94 98
94 99
94 100
94 101
94 102
94 103
94 104
94 105
94 106
94 107
94 160
94 166
94 167
94 168
94 169
94 171
94 172
94 173
94 174
94 175
94 176
94 177
94 178
94 179
94 180
94 181
94 182
94 183
94 184
94 185
94 186
94 187
94 188
94 189
94 190
94 191
94 564
94 567
94 568
94 569
94 570
94 571
94 572
94 573
94 574
94 575
94 576
94 577
94 578
94 579
94 631
94 818
94 819
94 821
94 824
94 825
94 826
94 827
94 828
94 829
94 830
94 831
94 832
94 833
94 834
94 835
94 836
94 837
94 838
94 839
94 840
94 841
94 842
94 843
94 844
94 845
94 846
94 847
94 849
94 851
94 852
94 853
94 854
94 856
94 925
94 930
94 931
94 932
94 933
94 934
94 935
94 936
94 937
94 938
94 939
95 96
95 97
95 98
95 99
95 100
95 101
95 102
95 103
95 104
95 105
95 106
95 107
95 164
95 165
95 166
95 167
95 168
95 169
95 170
95 171
95 172
95 173
95 174
95 175
95 176
95 177
95 178
95 179
95 180
95 181
95 182
95 183
95 184
95 185
95 186
95 187
95 188
95 189
95 190
95 565
95 566
95 568
95 570
95 571
95 572
95 573
95 574
95 575
95 576
95 577
95 578
95 579
95 630
95 631
95 819
95 820
95 821
95 823
95 824
95 825
95 826
95 827
95 828
95 829
95 830
95 831
95 832
95 833
95 834
95 835
95 836
95 837
95 838
95 839
95 840
95 841
95 842
95 843
95 844
95 845
95 848
95 850
95 851
95 853
95 854
95 922
95 926
95 927
95 928
95 929
95 930
95 931
95 932
95 933
95 935
95 936
95 938
95 939
96 97
96 98
96 99
96 100
96 101
96 102
96 103
96 104
96 105
96 106
96 107
96 161
96 162
96 164
96 166
96 167
96 168
96 170
96 171
96 172
96 173
96 174
96 175
96 176
96 177
96 178
96 179
96 180
96 181
96 182
96 183
96 184
96 185
96 186
96 187
96 188
96 189
96 190
96 565
96 566
96 569
96 571
96 572
96 573
96 574
96 575
96 576
96 577
96 578
96 579
96 630
96 725
96 819
96 823
96 824
96 825
96 827
96 828
96 829
96 830
96 831
96 832
96 833
96 834
96 835
96 836
96 837
96 838
96 839
96 840
96 841
96 842
96 843
96 844
96 846
96 849
96 850
96 851
96 852
96 853
96 854
96 925
96 927
96 928
96 929
96 930
96 931
96 932
96 933
96 934
96 935
96 937
96 938
96 939
96 969
97 98
97 99
97 100
97 101
97 102
97 103
97 104
97 105
97 106
97 107
97 163
97 164
97 167
97 168
97 169
97 170
97 171
97 173
97 175
97 176
97 177
97 178
97 179
97 180
97 181
97 182
97 183
97 184
97 185
97 186
97 187
97 188
97 189
97 190
97 461
97 564
97 566
97 567
97 568
97 571
97 572
97 574
97 576
97 577
97 578
97 579
97 581
97 632
97 634
97 635
97 678
97 819
97 821
97 822
97 823
97 824
97 825
97 827
97 828
97 829
97 830
97 831
97 832
97 833
97 834
97 835
97 836
97 837
97 838
97 839
97 840
97 841
97 842
97 843
97 844
97 845
97 846
97 849
97 850
97 851
97 853
97 925
97 926
97 927
97 929
97 930
97 932
97 933
97 934
97 935
97 936
97 937
97 938
98 99
98 100
98 101
98 102
98 103
98 104
98 105
98 106
98 107
98 156
98 161
98 163
98 164
98 168
98 169
98 170
98 171
98 172
98 173
98 174
98 175
98 176
98 177
98 178
98 179
98 180
98 181
98 182
98 183
98 184
98 185
98 186
98 187
98 188
98 189
98 190
98 191
98 304
98 563
98 564
98 566
98 567
98 569
98 570
98 571
98 573
98 574
98 575
98 576
98 577
98 578
98 579
98 725
98 771
98 819
98 821
98 823
98 824
98 825
98 826
98 827
98 828
98 829
98 830
98 831
98 832
98 833
98 834
98 835
98 836
98 837
98 838
98 839
98 840
98 841
98 842
98 843
98 844
98 847
98 848
98 849
98 850
98 851
98 852
98 853
98 854
98 924
98 925
98 926
98 927
98 928
98 929
98 930
98 931
98 932
98 933
98 934
98 935
98 936
98 937
98 938
98 939
98 940
98 966
99 100
99 101
99 102
99 103
99 104
99 105
99 106
99 107
99 163
99 165
99 166
99 167
99 168
99 169
99 170
99 171
99 172
99 173
99 174
99 175
99 176
99 177
99 178
99 179
99 180
99 181
99 182
99 183
99 184
99 185
99 186
99 187
99 188
99 189
99 190
99 564
99 567
99 568
99 569
99 571
99 572
99 574
99 575
99 576
99 577
99 578
99 579
99 580
99 581
99 631
99 817
99 819
99 820
99 823
99 824
99 825
99 827
99 828
99 829
99 830
99 831
99 832
99 833
99 834
99 835
99 836
99 837
99 838
99 839
99 840
99 841
99 842
99 843
99 844
99 848
99 851
99 853
99 854
99 924
99 925
99 926
99 927
99 928
99 929
99 930
99 931
99 932
99 933
99 934
99 935
99 936
99 937
99 938
99 939
100 101
100 102
100 103
100 104
100 105
100 106
100 107
100 110
100 161
100 162
100 163
100 168
100 169
100 170
100 171
100 173
100 174
100 175
100 176
100 177
100 178
100 179
100 180
100 181
100 182
100 183
100 184
100 185
100 186
100 187
100 188
100 189
100 190
100 191
100 338
100 461
100 562
100 564
100 568
100 569
100 570
100 571
100 572
100 574
100 575
100 576
100 577
100 578
100 579
100 630
100 634
100 818
100 820
100 822
100 823
100 824
100 825
100 826
100 827
100 828
100 829
100 830
100 831
100 832
100 833
100 834
100 835
100 836
100 837
100 838
100 839
100 840
100 841
100 842
100 843
100 844
100 845
100 850
100 852
100 853
100 854
100 871
100 926
100 927
100 928
100 929
100 930
100 931
100 932
100 933
100 934
100 935
100 936
100 937
100 938
100 939
100 940
101 102
101 103
101 104
101 105
101 106
101 107
101 143
101 164
101 166
101 167
101 168
101 170
101 171
101 172
101 173
101 174
101 175
101 176
101 177
101 178
101 179
101 180
101 181
101 182
101 183
101 184
101 185
101 186
101 187
101 188
101 189
101 190
101 191
101 212
101 390
101 415
101 567
101 569
101 570
101 571
101 573
101 574
101 575
101 577
101 578
101 579
101 580
101 671
101 783
101 784
101 817
101 818
101 820
101 821
101 822
101 824
101 825
101 826
101 827
101 828
101 829
101 830
101 831
101 832
101 833
101 834
101 835
101 836
101 837
101 838
101 839
101 840
101 841
101 842
101 843
101 844
101 848
101 850
101 851
101 852
101 853
101 854
101 872
101 927
101 928
101 930
101 931
101 932
101 933
101 934
101 935
101 936
101 937
101 938
101 939
101 985
101 989
102 103
102 104
102 105
102 106
102 107
102 156
102 164
102 166
102 168
102 169
102 170
102 171
102 172
102 173
102 174
102 175
102 176
102 177
102 178
102 179
102 180
102 181
102 182
102 183
102 184
102 185
102 186
102 187
102 188
102 189
102 190
102 191
102 213
102 264
102 288
102 463
102 499
102 563
102 565
102 566
102 567
102 568
102 569
102 570
102 571
102 572
102 573
102 574
102 575
102 577
102 578
102 579
102 580
102 581
102 582
102 588
102 635
102 637
102 658
102 729
102 783
102 818
102 819
102 822
102 823
102 825
102 826
102 827
102 828
102 829
102 830
102 831
102 832
102 833
102 834
102 835
102 836
102 837
102 838
102 839
102 840
102 841
102 842
102 843
102 844
102 845
102 846
102 848
102 849
102 850
102 851
102 852
102 853
102 855
102 856
102 925
102 926
102 928
102 929
102 930
102 931
102 932
102 933
102 934
102 935
102 936
102 937
102 938
102 939
102 940
102 941
103 104
103 105
103 106
103 107
103 108
103 109
103 164
103 168
103 169
103 170
103 171
103 172
103 173
103 174
103 175
103 176
103 177
103 178
103 179
103 180
103 181
103 182
103 183
103 184
103 185
103 186
103 187
103 188
103 189
103 190
103 191
103 192
103 213
103 331
103 333
103 339
103 432
103 437
103 443
103 460
103 462
103 463
103 500
103 550
103 564
103 565
103 566
103 571
103 573
103 574
103 575
103 576
103 577
103 578
103 579
103 580
103 581
103 582
103 597
103 635
103 650
103 771
103 821
103 822
103 823
103 825
103 826
103 827
103 828
103 829
103 830
103 831
103 832
103 833
103 834
103 835
103 836
103 837
103 838
103 839
103 840
103 841
103 842
103 843
103 844
103 845
103 846
103 851
103 852
103 853
103 854
103 855
103 857
103 896
103 923
103 925
103 926
103 927
103 928
103 929
103 930
103 931
103 933
103 934
103 935
103 936
103 937
103 938
103 939
103 995
104 105
104 106
104 107
104 108
104 164
104 166
104 167
104 168
104 169
104 171
104 172
104 173
104 174
104 175
104 176
104 177
104 178
104 179
104 180
104 181
104 182
104 183
104 184
104 185
104 186
104 187
104 188
104 189
104 190
104 191
104 192
104 213
104 295
104 296
104 341
104 382
104 460
104 537
104 567
104 568
104 569
104 570
104 571
104 572
104 573
104 574
104 575
104 576
104 577
104 578
104 579
104 581
104 582
104 600
104 614
104 631
104 635
104 654
104 678
104 690
104 719
104 725
104 726
104 727
104 820
104 821
104 822
104 823
104 824
104 825
104 827
104 828
104 829
104 830
104 831
104 832
104 833
104 834
104 835
104 836
104 837
104 838
104 839
104 840
104 841
104 842
104 843
104 844
104 845
104 847
104 848
104 849
104 850
104 851
104 852
104 853
104 854
104 855
104 856
104 925
104 927
104 928
104 929
104 930
104 931
104 932
104 933
104 934
104 935
104 937
104 938
104 940
104 959
104 986
105 106
105 107
105 108
105 109
105 111
105 112
105 164
105 165
105 166
105 167
105 168
105 169
105 170
105 171
105 172
105 173
105 174
105 175
105 176
105 177
105 178
105 179
105 180
105 181
105 182
105 183
105 184
105 185
105 186
105 187
105 188
105 189
105 190
105 191
105 212
105 213
105 262
105 339
105 401
105 461
105 539
105 563
105 567
105 568
105 569
105 570
105 571
105 572
105 573
105 574
105 575
105 576
105 577
105 578
105 579
105 581
105 628
105 635
105 636
105 640
105 672
105 679
105 699
105 760
105 784
105 818
105 819
105 820
105 821
105 822
105 823
105 824
105 825
105 826
105 827
105 829
105 830
105 831
105 832
105 833
105 834
105 835
105 836
105 837
105 838
105 839
105 840
105 841
105 842
105 843
105 844
105 845
105 850
105 851
105 852
105 853
105 854
105 855
105 857
105 923
105 924
105 925
105 926
105 927
105 928
105 929
105 930
105 931
105 932
105 933
105 934
105 935
105 936
105 937
105 938
105 939
105 958
105 961
106 107
106 108
106 112
106 143
106 161
106 165
106 166
106 167
106 169
106 170
106 171
106 172
106 174
106 175
106 176
106 177
106 178
106 179
106 180
106 181
106 182
106 183
106 184
106 185
106 186
106 187
106 188
106 189
106 190
106 191
106 212
106 289
106 332
106 371
106 475
106 525
106 538
106 564
106 566
106 568
106 569
106 570
106 571
106 572
106 573
106 574
106 575
106 576
106 577
106 578
106 579
106 581
106 622
106 631
106 632
106 634
106 679
106 801
106 803
106 819
106 820
106 821
106 822
106 823
106 825
106 826
106 827
106 828
106 830
106 831
106 832
106 833
106 834
106 835
106 836
106 837
106 838
106 839
106 840
106 841
106 842
106 843
106 844
106 845
106 846
106 848
106 849
106 850
106 851
106 852
106 853
106 856
106 874
106 884
106 926
106 927
106 928
106 929
106 930
106 931
106 932
106 933
106 934
106 935
106 936
106 937
106 938
106 939
106 940
106 941
106 942
106 948
106 986
107 108
107 109
107 162
107 163
107 165
107 166
107 167
107 168
107 170
107 172
107 173
107 174
107 175
107 176
107 177
107 178
107 179
107 180
107 181
107 182
107 183
107 184
107 185
107 186
107 187
107 188
107 189
107 190
107 214
107 267
107 464
107 564
107 568
107 570
107 571
107 572
107 573
107 574
107 575
107 576
107 577
107 578
107 579
107 788
107 818
107 823
107 824
107 825
107 827
107 828
107 829
107 830
107 831
107 832
107 833
107 834
107 835
107 837
107 838
107 839
107 840
107 841
107 842
107 843
107 844
107 846
107 851
107 852
107 858
107 923
107 924
107 925
107 926
107 927
107 928
107 929
107 930
107 931
107 933
107 935
107 936
107 937
107 938
107 939
107 941
107 942
107 943
107 952
108 113
108 161
108 174
108 180
108 181
108 182
108 183
108 185
108 187
108 188
108 190
108 444
108 574
108 788
108 829
108 835
108 840
108 841
108 845
108 847
108 927
108 940
108 942
108 945
108 955
109 169
109 183
109 186
109 523
109 581
109 681
109 785
109 841
110 188
110 215
110 597
110 958
111 726
112 189
113 696
114 615
127 928
129 841
130 858
143 632
144 856
153 239
157 968
158 201
160 175
160 176
160 579
160 820
160 827
160 831
160 832
160 844
160 852
160 926
161 162
161 175
161 185
161 190
161 567
161 568
161 572
161 579
161 820
161 821
161 845
161 852
161 853
161 930
161 937
162 163
162 165
162 166
162 173
162 175
162 178
162 181
162 183
162 184
162 187
162 565
162 566
162 567
162 570
162 630
162 632
162 817
162 819
162 823
162 824
162 827
162 828
162 833
162 834
162 841
162 844
162 848
162 850
162 852
162 853
162 922
162 924
162 933
162 936
163 165
163 172
163 174
163 175
163 176
163 183
163 188
163 190
163 567
163 571
163 572
163 574
163 575
163 578
163 579
163 819
163 824
163 825
163 826
163 829
163 831
163 833
163 836
163 847
163 850
163 851
163 853
163 928
163 931
163 933
163 934
163 935
164 165
164 166
164 168
164 169
164 170
164 172
164 176
164 178
164 180
164 184
164 185
164 186
164 187
164 189
164 190
164 565
164 566
164 568
164 574
164 577
164 578
164 579
164 630
164 631
164 818
164 820
164 821
164 823
164 824
164 825
164 827
164 828
164 829
164 831
164 832
164 833
164 837
164 839
164 840
164 841
164 842
164 843
164 844
164 848
164 849
164 850
164 853
164 927
164 929
164 935
164 938
165 169
165 170
165 171
165 172
165 174
165 178
165 179
165 181
165 184
165 185
165 187
165 189
165 190
165 563
165 565
165 566
165 568
165 569
165 570
165 573
165 576
165 577
165 818
165 819
165 820
165 821
165 822
165 823
165 824
165 825
165 826
165 827
165 828
165 830
165 832
165 833
165 834
165 835
165 836
165 837
165 839
165 840
165 841
165 842
165 844
165 845
165 847
165 851
165 927
165 928
165 929
165 930
165 934
165 935
165 938
166 169
166 171
166 172
166 173
166 174
166 175
166 176
166 177
166 179
166 180
166 181
166 184
166 185
166 187
166 188
166 189
166 565
166 569
166 572
166 574
166 633
166 818
166 821
166 823
166 824
166 825
166 826
166 828
166 829
166 830
166 831
166 833
166 835
166 836
166 837
166 838
166 839
166 840
166 841
166 842
166 844
166 845
166 847
166 848
166 850
166 851
166 852
166 853
166 927
166 928
166 929
166 930
166 931
166 934
166 935
166 936
166 937
167 168
167 169
167 170
167 171
167 172
167 173
167 176
167 179
167 180
167 181
167 182
167 183
167 185
167 186
167 187
167 188
167 189
167 190
167 388
167 565
167 566
167 569
167 571
167 572
167 576
167 577
167 578
167 818
167 819
167 820
167 821
167 822
167 825
167 826
167 827
167 828
167 830
167 831
167 832
167 834
167 837
167 838
167 839
167 841
167 842
167 843
167 844
167 845
167 846
167 847
167 849
167 850
167 852
167 853
167 854
167 925
167 926
167 928
167 929
167 930
167 932
167 934
167 937
167 938
168 169
168 170
168 171
168 172
168 173
168 174
168 175
168 176
168 177
168 178
168 179
168 181
168 183
168 184
168 185
168 186
168 187
168 189
168 190
168 564
168 565
168 566
168 567
168 568
168 569
168 570
168 573
168 574
168 575
168 576
168 577
168 578
168 579
168 630
168 819
168 821
168 823
168 824
168 825
168 826
168 827
168 828
168 829
168 831
168 832
168 834
168 835
168 837
168 838
168 840
168 841
168 842
168 843
168 845
168 846
168 848
168 849
168 850
168 851
168 852
168 853
168 854
168 924
168 925
168 927
168 928
168 929
168 930
168 932
168 933
168 934
168 936
168 937
168 938
168 939
169 170
169 171
169 172
169 173
169 174
169 175
169 176
169 177
169 178
169 179
169 180
169 181
169 182
169 183
169 184
169 185
169 186
169 187
169 188
169 189
169 190
169 564
169 567
169 568
169 569
169 571
169 572
169 574
169 575
169 576
169 577
169 578
169 579
169 632
169 677
169 818
169 819
169 820
169 824
169 825
169 826
169 827
169 828
169 830
169 832
169 833
169 834
169 835
169 836
169 837
169 838
169 839
169 840
169 842
169 843
169 847
169 848
169 849
169 851
169 852
169 853
169 854
169 855
169 926
169 929
169 931
169 932
169 933
169 934
169 935
169 936
169 938
170 171
170 172
170 173
170 174
170 175
170 176
170 177
170 178
170 179
170 180
170 181
170 182
170 183
170 184
170 185
170 186
170 187
170 188
170 189
170 190
170 191
170 568
170 569
170 570
170 571
170 572
170 573
170 574
170 575
170 576
170 577
170 578
170 579
170 817
170 818
170 820
170 822
170 823
170 824
170 825
170 826
170 827
170 828
170 829
170 830
170 831
170 832
170 833
170 834
170 835
170 836
170 837
170 838
170 839
170 840
170 843
170 846
170 847
170 848
170 850
170 851
170 852
170 854
170 858
170 928
170 929
170 930
170 931
170 932
170 935
170 936
170 937
170 938
170 939
170 951
171 172
171 173
171 174
171 175
171 176
171 177
171 178
171 179
171 180
171 181
171 182
171 183
171 184
171 185
171 186
171 187
171 189
171 190
171 566
171 567
171 569
171 572
171 573
171 575
171 576
171 577
171 578
171 579
171 630
171 818
171 820
171 822
171 823
171 825
171 826
171 828
171 829
171 830
171 831
171 832
171 833
171 834
171 835
171 836
171 837
171 838
171 839
171 840
171 841
171 842
171 843
171 844
171 845
171 848
171 849
171 850
171 852
171 854
171 928
171 929
171 930
171 931
171 932
171 933
171 934
171 935
171 936
171 937
171 939
172 173
172 174
172 175
172 177
172 178
172 180
172 181
172 182
172 183
172 185
172 186
172 187
172 188
172 189
172 190
172 564
172 567
172 568
172 569
172 570
172 571
172 572
172 573
172 574
172 575
172 576
172 578
172 633
172 817
172 819
172 821
172 823
172 824
172 825
172 826
172 827
172 828
172 829
172 832
172 833
172 834
172 835
172 836
172 837
172 838
172 839
172 840
172 841
172 842
172 843
172 844
172 846
172 847
172 848
172 849
172 850
172 851
172 852
172 853
172 854
172 925
172 926
172 927
172 928
172 931
172 932
172 934
172 935
172 936
172 937
172 938
172 939
172 982
173 175
173 177
173 178
173 179
173 180
173 181
173 182
173 183
173 184
173 185
173 186
173 187
173 188
173 189
173 190
173 402
173 567
173 568
173 569
173 570
173 571
173 572
173 573
173 574
173 575
173 576
173 577
173 578
173 579
173 819
173 821
173 823
173 824
173 826
173 827
173 828
173 829
173 830
173 831
173 832
173 833
173 834
173 835
173 836
173 837
173 838
173 839
173 840
173 841
173 842
173 843
173 844
173 848
173 849
173 850
173 851
173 852
173 853
173 854
173 927
173 930
173 931
173 932
173 933
173 934
173 936
173 937
173 938
174 175
174 176
174 177
174 178
174 179
174 180
174 181
174 182
174 183
174 184
174 185
174 186
174 187
174 188
174 189
174 190
174 212
174 241
174 564
174 567
174 569
174 570
174 571
174 572
174 573
174 574
174 575
174 576
174 577
174 578
174 579
174 630
174 634
174 635
174 819
174 821
174 822
174 823
174 824
174 826
174 828
174 829
174 830
174 831
174 832
174 833
174 834
174 835
174 836
174 837
174 838
174 839
174 840
174 841
174 842
174 843
174 844
174 849
174 850
174 851
174 852
174 854
174 926
174 927
174 929
174 930
174 932
174 933
174 934
174 935
174 936
174 937
174 938
174 939
175 176
175 177
175 178
175 179
175 180
175 181
175 182
175 183
175 184
175 185
175 186
175 187
175 188
175 189
175 190
175 519
175 564
175 568
175 569
175 571
175 572
175 574
175 575
175 576
175 577
175 578
175 579
175 580
175 820
175 821
175 822
175 825
175 826
175 827
175 828
175 829
175 830
175 831
175 832
175 833
175 834
175 835
175 836
175 837
175 838
175 839
175 840
175 841
175 842
175 844
175 845
175 846
175 852
175 853
175 854
175 926
175 931
175 933
175 934
175 935
175 936
175 937
175 938
175 939
176 177
176 178
176 179
176 180
176 181
176 182
176 183
176 184
176 185
176 186
176 187
176 188
176 189
176 190
176 526
176 566
176 568
176 569
176 570
176 572
176 573
176 574
176 575
176 576
176 577
176 578
176 579
176 580
176 692
176 819
176 820
176 821
176 823
176 826
176 827
176 828
176 829
176 830
176 831
176 832
176 833
176 834
176 835
176 836
176 837
176 838
176 839
176 840
176 841
176 842
176 843
176 844
176 846
176 847
176 849
176 850
176 851
176 852
176 853
176 924
176 925
176 927
176 929
176 930
176 931
176 933
176 934
176 935
176 936
176 937
176 938
177 178
177 179
177 180
177 181
177 182
177 183
177 184
177 185
177 186
177 187
177 188
177 189
177 565
177 569
177 570
177 571
177 572
177 573
177 574
177 575
177 576
177 577
177 578
177 689
177 822
177 823
177 824
177 825
177 826
177 827
177 828
177 829
177 830
177 831
177 832
177 833
177 834
177 835
177 836
177 837
177 838
177 839
177 840
177 841
177 842
177 843
177 844
177 847
177 851
177 854
177 928
177 929
177 930
177 932
177 934
177 935
177 936
177 937
177 938
177 939
177 940
177 984
178 179
178 180
178 181
178 182
178 183
178 184
178 185
178 186
178 187
178 188
178 189
178 190
178 381
178 563
178 566
178 567
178 568
178 569
178 570
178 571
178 572
178 574
178 575
178 576
178 577
178 578
178 579
178 580
178 633
178 822
178 823
178 824
178 825
178 826
178 827
178 828
178 829
178 830
178 831
178 833
178 834
178 835
178 836
178 837
178 838
178 839
178 840
178 841
178 842
178 843
178 844
178 845
178 846
178 847
178 848
178 850
178 851
178 852
178 853
178 854
178 924
178 926
178 929
178 930
178 931
178 932
178 933
178 934
178 935
178 936
178 937
178 938
178 939
178 940
179 180
179 181
179 182
179 183
179 184
179 185
179 186
179 187
179 188
179 189
179 190
179 444
179 562
179 564
179 566
179 567
179 568
179 570
179 571
179 572
179 573
179 574
179 575
179 576
179 577
179 578
179 579
179 631
179 819
179 820
179 821
179 822
179 824
179 825
179 826
179 827
179 828
179 829
179 830
179 831
179 832
179 833
179 834
179 835
179 836
179 837
179 838
179 839
179 840
179 841
179 842
179 843
179 844
179 847
179 848
179 850
179 852
179 853
179 854
179 926
179 931
179 932
179 933
179 934
179 935
179 936
179 937
179 938
179 940
179 985
180 181
180 182
180 183
180 184
180 185
180 186
180 187
180 188
180 189
180 190
180 198
180 296
180 564
180 567
180 568
180 571
180 572
180 573
180 574
180 575
180 576
180 577
180 578
180 579
180 580
180 817
180 821
180 822
180 824
180 825
180 826
180 827
180 828
180 829
180 830
180 831
180 832
180 833
180 834
180 835
180 836
180 837
180 838
180 839
180 840
180 841
180 842
180 843
180 844
180 848
180 849
180 850
180 852
180 929
180 930
180 931
180 932
180 933
180 934
180 935
180 936
180 937
180 938
180 939
181 182
181 183
181 184
181 185
181 186
181 187
181 188
181 189
181 190
181 191
181 565
181 569
181 570
181 571
181 572
181 573
181 574
181 575
181 576
181 577
181 578
181 580
181 817
181 819
181 821
181 823
181 824
181 825
181 826
181 827
181 828
181 829
181 830
181 831
181 832
181 833
181 834
181 835
181 836
181 837
181 838
181 839
181 840
181 841
181 842
181 843
181 844
181 850
181 851
181 852
181 853
181 854
181 923
181 925
181 927
181 929
181 930
181 931
181 932
181 933
181 935
181 936
181 937
181 938
181 939
182 183
182 184
182 185
182 186
182 187
182 188
182 189
182 190
182 193
182 566
182 569
182 570
182 571
182 572
182 573
182 574
182 575
182 576
182 577
182 578
182 634
182 725
182 799
182 818
182 819
182 820
182 821
182 823
182 824
182 825
182 826
182 827
182 828
182 829
182 830
182 831
182 832
182 833
182 834
182 835
182 836
182 837
182 838
182 839
182 840
182 841
182 842
182 843
182 844
182 845
182 847
182 851
182 852
182 853
182 923
182 925
182 927
182 928
182 929
182 930
182 931
182 932
182 933
182 934
182 935
182 936
182 937
182 938
182 942
183 184
183 185
183 186
183 187
183 188
183 189
183 190
183 568
183 569
183 570
183 571
183 572
183 573
183 574
183 575
183 576
183 577
183 578
183 817
183 819
183 820
183 823
183 826
183 827
183 828
183 829
183 830
183 831
183 832
183 833
183 834
183 835
183 836
183 837
183 838
183 839
183 840
183 841
183 842
183 843
183 844
183 847
183 849
183 850
183 851
183 852
183 853
183 855
183 923
183 926
183 927
183 929
183 930
183 931
183 933
183 934
183 935
183 936
183 937
183 938
183 947
184 185
184 186
184 187
184 188
184 189
184 190
184 191
184 238
184 563
184 568
184 569
184 570
184 571
184 572
184 573
184 574
184 575
184 576
184 577
184 578
184 579
184 580
184 631
184 634
184 771
184 816
184 819
184 820
184 821
184 822
184 823
184 824
184 825
184 826
184 828
184 829
184 830
184 831
184 832
184 833
184 834
184 835
184 836
184 837
184 838
184 839
184 840
184 841
184 842
184 843
184 844
184 845
184 846
184 847
184 848
184 851
184 852
184 853
184 922
184 930
184 931
184 932
184 933
184 934
184 935
184 936
184 937
184 938
184 939
184 940
185 186
185 187
185 188
185 189
185 190
185 389
185 567
185 568
185 570
185 571
185 572
185 573
185 574
185 575
185 576
185 577
185 578
185 579
185 580
185 590
185 630
185 689
185 817
185 818
185 820
185 821
185 823
185 824
185 825
185 827
185 828
185 830
185 831
185 832
185 833
185 834
185 835
185 836
185 837
185 838
185 839
185 840
185 841
185 842
185 843
185 844
185 845
185 848
185 851
185 852
185 853
185 854
185 924
185 925
185 928
185 929
185 930
185 931
185 932
185 933
185 934
185 935
185 936
185 937
185 938
185 940
186 187
186 188
186 189
186 190
186 191
186 211
186 272
186 567
186 569
186 570
186 571
186 573
186 574
186 576
186 577
186 578
186 631
186 632
186 649
186 720
186 820
186 823
186 824
186 825
186 826
186 827
186 828
186 829
186 830
186 831
186 832
186 833
186 834
186 835
186 836
186 837
186 838
186 839
186 840
186 841
186 842
186 843
186 844
186 845
186 846
186 847
186 848
186 849
186 851
186 852
186 853
186 855
186 925
186 927
186 929
186 930
186 931
186 932
186 933
186 934
186 935
186 936
186 937
186 938
186 939
186 987
187 188
187 189
187 190
187 209
187 461
187 462
187 564
187 566
187 567
187 568
187 569
187 570
187 571
187 572
187 573
187 574
187 575
187 576
187 577
187 578
187 579
187 600
187 634
187 821
187 823
187 824
187 825
187 826
187 827
187 828
187 829
187 830
187 831
187 832
187 833
187 834
187 835
187 836
187 837
187 838
187 839
187 840
187 841
187 842
187 843
187 844
187 847
187 850
187 851
187 852
187 853
187 854
187 855
187 923
187 926
187 930
187 931
187 933
187 934
187 935
187 936
187 937
187 938
187 939
187 940
187 984
187 986
188 189
188 190
188 192
188 305
188 462
188 564
188 565
188 567
188 568
188 572
188 573
188 574
188 575
188 576
188 577
188 578
188 579
188 581
188 599
188 631
188 635
188 717
188 784
188 789
188 818
188 820
188 821
188 822
188 825
188 826
188 827
188 828
188 830
188 832
188 833
188 834
188 835
188 836
188 837
188 838
188 839
188 840
188 841
188 842
188 843
188 844
188 845
188 848
188 850
188 851
188 853
188 854
188 863
188 925
188 928
188 929
188 930
188 931
188 932
188 933
188 934
188 935
188 936
188 937
188 938
188 939
188 941
188 951
188 957
188 985
188 996
189 190
189 191
189 214
189 340
189 502
189 567
189 569
189 570
189 571
189 572
189 573
189 574
189 575
189 576
189 577
189 578
189 579
189 580
189 631
189 636
189 775
189 804
189 817
189 818
189 820
189 822
189 825
189 829
189 830
189 831
189 832
189 833
189 834
189 835
189 836
189 837
189 838
189 839
189 840
189 841
189 842
189 843
189 845
189 847
189 848
189 850
189 852
189 853
189 854
189 855
189 927
189 928
189 929
189 930
189 931
189 932
189 934
189 935
189 936
189 937
189 938
189 939
190 191
190 462
190 504
190 562
190 566
190 567
190 568
190 569
190 570
190 571
190 572
190 574
190 575
190 576
190 577
190 578
190 579
190 580
190 642
190 821
190 823
190 825
190 826
190 827
190 828
190 829
190 830
190 831
190 832
190 833
190 834
190 835
190 836
190 837
190 838
190 839
190 840
190 841
190 842
190 843
190 844
190 845
190 847
190 848
190 849
190 850
190 852
190 853
190 854
190 856
190 926
190 929
190 930
190 931
190 932
190 933
190 934
190 936
190 937
190 938
190 939
190 940
190 941
191 193
191 526
191 636
191 827
191 829
191 835
191 839
191 841
191 845
191 851
191 941
191 982
192 476
192 664
192 833
193 199
193 373
194 745
211 836
212 833
222 563
236 845
237 990
243 498
250 839
255 402
261 857
268 802
289 367
289 841
290 942
293 607
293 681
297 845
302 831
307 801
311 578
333 832
334 601
337 853
340 580
341 547
342 989
343 638
356 580
360 465
374 983
377 844
388 843
390 401
402 957
403 833
405 416
417 857
433 680
434 721
443 845
448 875
460 851
461 565
461 574
461 828
461 840
462 566
462 700
463 485
463 825
463 830
464 633
484 637
497 958
503 680
504 845
505 944
523 985
527 773
543 841
546 848
551 786
562 630
562 836
563 677
563 824
563 825
563 826
563 836
563 840
563 923
563 930
563 938
564 573
564 575
564 819
564 820
564 821
564 825
564 827
564 843
564 844
564 852
564 853
564 928
564 929
564 930
564 933
564 937
564 938
565 567
565 569
565 570
565 577
565 578
565 631
565 819
565 822
565 825
565 830
565 833
565 835
565 836
565 837
565 838
565 840
565 841
565 843
565 844
565 845
565 847
565 851
565 924
565 925
565 926
565 927
565 929
565 931
565 932
565 934
565 936
566 568
566 569
566 573
566 574
566 575
566 579
566 818
566 819
566 820
566 821
566 822
566 825
566 828
566 833
566 834
566 835
566 836
566 838
566 840
566 841
566 847
566 848
566 853
566 925
566 926
566 932
567 568
567 570
567 571
567 572
567 573
567 577
567 578
567 631
567 633
567 634
567 816
567 818
567 819
567 821
567 822
567 825
567 827
567 828
567 829
567 831
567 832
567 834
567 836
567 837
567 838
567 840
567 842
567 845
567 846
567 849
567 850
567 851
567 852
567 854
567 923
567 924
567 925
567 926
567 927
567 930
567 931
567 932
567 934
567 938
568 569
568 571
568 572
568 574
568 575
568 576
568 577
568 578
568 579
568 631
568 819
568 820
568 822
568 823
568 824
568 825
568 826
568 828
568 830
568 831
568 832
568 833
568 834
568 836
568 838
568 840
568 842
568 844
568 845
568 847
568 848
568 849
568 850
568 853
568 925
568 930
568 931
568 933
568 936
568 938
568 939
569 570
569 571
569 572
569 573
569 574
569 577
569 819
569 820
569 821
569 822
569 824
569 825
569 826
569 828
569 833
569 834
569 835
569 837
569 838
569 840
569 842
569 843
569 844
569 845
569 847
569 849
569 850
569 853
569 854
569 855
569 927
569 930
569 931
569 932
569 934
569 937
569 938
569 984
570 571
570 572
570 574
570 577
570 578
570 630
570 818
570 821
570 823
570 826
570 827
570 829
570 830
570 831
570 833
570 834
570 835
570 836
570 838
570 839
570 840
570 841
570 842
570 843
570 846
570 848
570 850
570 851
570 852
570 853
570 923
570 926
570 927
570 929
570 932
570 933
570 934
570 935
570 936
570 937
570 939
570 983
571 572
571 574
571 575
571 577
571 578
571 579
571 817
571 819
571 820
571 822
571 823
571 824
571 825
571 826
571 827
571 829
571 833
571 834
571 835
571 836
571 837
571 838
571 840
571 841
571 842
571 843
571 845
571 846
571 847
571 849
571 850
571 851
571 853
571 926
571 929
571 930
571 931
571 932
571 933
571 935
571 936
571 937
571 938
571 983
572 573
572 574
572 575
572 576
572 578
572 631
572 820
572 821
572 822
572 823
572 824
572 825
572 826
572 827
572 828
572 829
572 830
572 831
572 832
572 834
572 835
572 836
572 837
572 838
572 839
572 840
572 841
572 842
572 848
572 849
572 850
572 851
572 852
572 853
572 924
572 925
572 927
572 928
572 929
572 930
572 931
572 932
572 933
572 934
572 935
572 937
572 938
572 939
573 574
573 576
573 577
573 578
573 579
573 632
573 819
573 820
573 821
573 823
573 824
573 825
573 826
573 827
573 828
573 829
573 830
573 831
573 832
573 833
573 834
573 836
573 837
573 838
573 839
573 840
573 842
573 843
573 845
573 846
573 849
573 852
573 853
573 854
573 925
573 926
573 927
573 928
573 929
573 930
573 931
573 932
573 933
573 935
573 936
573 937
573 938
573 967
573 984
574 575
574 576
574 577
574 819
574 820
574 821
574 823
574 824
574 826
574 827
574 828
574 829
574 830
574 831
574 832
574 833
574 834
574 835
574 836
574 837
574 838
574 839
574 840
574 841
574 842
574 844
574 845
574 846
574 847
574 848
574 849
574 850
574 851
574 852
574 853
574 854
574 924
574 925
574 929
574 930
574 931
574 932
574 933
574 934
574 935
574 936
574 937
574 938
574 939
575 576
575 577
575 578
575 630
575 821
575 822
575 823
575 824
575 825
575 826
575 827
575 828
575 829
575 830
575 831
575 832
575 833
575 834
575 835
575 837
575 838
575 839
575 840
575 841
575 842
575 843
575 845
575 846
575 847
575 848
575 849
575 850
575 851
575 853
575 854
575 925
575 927
575 928
575 929
575 931
575 932
575 933
575 934
575 935
575 936
575 937
575 938
575 939
575 981
576 577
576 578
576 818
576 819
576 821
576 824
576 825
576 826
576 828
576 829
576 830
576 831
576 832
576 833
576 834
576 835
576 837
576 838
576 839
576 840
576 841
576 842
576 843
576 844
576 845
576 846
576 847
576 848
576 849
576 850
576 851
576 852
576 853
576 854
576 924
576 929
576 930
576 931
576 932
576 933
576 934
576 935
576 936
576 937
576 938
577 578
577 579
577 580
577 817
577 821
577 822
577 824
577 825
577 826
577 827
577 828
577 829
577 830
577 831
577 832
577 833
577 834
577 835
577 836
577 837
577 838
577 839
577 840
577 841
577 842
577 843
577 844
577 847
577 848
577 849
577 850
577 851
577 852
577 853
577 854
577 855
577 925
577 930
577 931
577 933
577 934
577 935
577 937
577 938
577 983
578 579
578 817
578 821
578 823
578 824
578 825
578 826
578 827
578 828
578 829
578 830
578 832
578 833
578 834
578 835
578 836
578 837
578 838
578 839
578 840
578 841
578 842
578 843
578 845
578 848
578 849
578 850
578 851
578 852
578 853
578 854
578 855
578 925
578 927
578 928
578 930
578 931
578 933
578 934
578 935
578 936
578 937
578 938
578 939
579 818
579 821
579 822
579 823
579 824
579 828
579 832
579 833
579 834
579 835
579 836
579 838
579 839
579 840
579 841
579 842
579 843
579 844
579 845
579 849
579 850
579 852
579 853
579 854
579 926
579 927
579 932
579 933
579 934
579 935
579 937
579 939
580 824
580 832
580 836
580 838
580 840
580 851
580 927
580 931
581 831
582 633
582 680
583 940
583 988
596 841
606 772
612 655
618 855
629 838
629 843
629 928
630 835
630 840
630 930
630 934
631 831
631 837
631 844
631 846
631 851
631 853
631 927
631 929
631 930
632 817
632 828
632 832
632 840
632 841
632 845
632 850
632 851
632 935
633 682
633 820
633 827
633 828
633 837
633 855
633 930
633 934
633 936
634 847
635 826
637 986
642 846
649 829
659 845
671 837
672 984
673 987
679 839
701 943
714 849
724 830
724 837
725 854
726 843
727 985
728 846
771 834
772 835
774 859
775 847
776 845
785 824
787 937
789 846
800 840
802 843
816 817
816 819
816 825
816 835
816 841
816 925
816 932
817 820
817 833
817 838
817 840
817 841
817 847
817 853
817 854
817 925
817 929
817 933
817 937
817 938
818 821
818 823
818 824
818 825
818 828
818 832
818 833
818 834
818 839
818 842
818 844
818 846
818 851
818 852
818 853
818 854
818 873
818 925
818 929
818 931
818 936
819 821
819 822
819 823
819 825
819 826
819 830
819 833
819 834
819 835
819 837
819 838
819 840
819 843
819 846
819 848
819 851
819 852
819 853
819 854
819 924
819 925
819 926
819 928
819 929
819 933
820 821
820 823
820 824
820 828
820 829
820 831
820 833
820 834
820 835
820 838
820 840
820 842
820 843
820 847
820 850
820 851
820 852
820 853
820 925
820 927
820 930
820 932
820 936
821 822
821 828
821 829
821 832
821 833
821 834
821 835
821 836
821 837
821 838
821 840
821 843
821 847
821 849
821 850
821 851
821 853
821 854
821 924
821 928
821 931
821 932
821 933
821 934
821 935
821 936
821 937
821 938
821 957
822 825
822 827
822 830
822 832
822 833
822 834
822 835
822 836
822 838
822 839
822 842
822 843
822 844
822 846
822 847
822 849
822 850
822 851
822 852
822 853
822 854
822 855
822 925
822 928
822 929
822 930
822 933
822 934
822 935
822 937
822 938
823 824
823 825
823 826
823 827
823 828
823 829
823 831
823 832
823 835
823 836
823 837
823 838
823 839
823 840
823 841
823 842
823 843
823 845
823 847
823 848
823 851
823 853
823 925
823 927
823 928
823 929
823 930
823 931
823 932
823 933
823 934
823 935
823 936
823 937
824 825
824 826
824 828
824 829
824 830
824 831
824 833
824 834
824 836
824 837
824 838
824 839
824 840
824 841
824 843
824 845
824 847
824 848
824 849
824 850
824 851
824 852
824 853
824 854
824 927
824 928
824 931
824 932
824 933
824 934
824 935
824 936
824 937
824 938
824 941
825 826
825 827
825 828
825 829
825 830
825 832
825 833
825 834
825 835
825 836
825 838
825 839
825 840
825 841
825 842
825 844
825 846
825 847
825 849
825 850
825 853
825 923
825 924
825 926
825 927
825 928
825 931
825 933
825 935
825 936
825 937
825 938
825 939
826 827
826 829
826 832
826 833
826 835
826 836
826 837
826 839
826 842
826 843
826 844
826 845
826 846
826 847
826 848
826 851
826 852
826 853
826 928
826 929
826 930
826 931
826 932
826 933
826 934
826 935
826 937
826 938
827 828
827 829
827 831
827 832
827 833
827 834
827 835
827 836
827 838
827 839
827 840
827 841
827 842
827 843
827 844
827 846
827 850
827 851
827 852
827 853
827 854
827 926
827 928
827 929
827 930
827 931
827 932
827 933
827 934
827 935
827 938
827 939
828 829
828 830
828 831
828 832
828 833
828 834
828 835
828 836
828 837
828 838
828 839
828 840
828 841
828 842
828 843
828 844
828 846
828 847
828 849
828 850
828 851
828 852
828 853
828 854
828 924
828 926
828 927
828 928
828 929
828 930
828 931
828 932
828 934
828 935
828 936
828 937
828 938
828 939
829 830
829 831
829 832
829 833
829 834
829 835
829 836
829 837
829 838
829 839
829 840
829 841
829 842
829 843
829 844
829 845
829 847
829 849
829 850
829 851
829 853
829 854
829 927
829 928
829 929
829 930
829 932
829 933
829 934
829 935
829 936
829 937
829 938
830 831
830 832
830 833
830 834
830 835
830 836
830 837
830 838
830 839
830 840
830 841
830 842
830 843
830 844
830 847
830 851
830 852
830 853
830 854
830 924
830 925
830 926
830 927
830 928
830 929
830 930
830 932
830 933
830 934
830 935
830 936
830 937
830 938
830 939
830 983
830 987
831 832
831 833
831 834
831 835
831 836
831 837
831 838
831 839
831 840
831 842
831 843
831 844
831 845
831 847
831 848
831 849
831 850
831 851
831 852
831 853
831 930
831 931
831 932
831 934
831 935
831 936
831 937
831 938
831 940
831 941
832 833
832 834
832 835
832 836
832 837
832 838
832 839
832 840
832 841
832 842
832 843
832 844
832 845
832 849
832 850
832 851
832 852
832 853
832 924
832 927
832 929
832 930
832 931
832 932
832 933
832 934
832 935
832 936
832 937
832 938
832 939
833 834
833 835
833 836
833 837
833 838
833 839
833 840
833 841
833 842
833 843
833 844
833 845
833 846
833 847
833 848
833 849
833 850
833 853
833 854
833 925
833 927
833 928
833 929
833 931
833 932
833 933
833 934
833 935
833 936
833 937
833 938
833 939
834 835
834 836
834 837
834 838
834 839
834 840
834 841
834 842
834 843
834 844
834 845
834 847
834 850
834 851
834 852
834 853
834 854
834 924
834 925
834 926
834 927
834 928
834 929
834 930
834 931
834 933
834 934
834 935
834 936
834 937
834 938
834 939
835 836
835 837
835 838
835 839
835 840
835 841
835 842
835 843
835 844
835 845
835 847
835 848
835 849
835 850
835 852
835 853
835 854
835 926
835 927
835 928
835 929
835 930
835 931
835 932
835 933
835 934
835 935
835 936
835 937
835 938
835 939
836 837
836 838
836 839
836 840
836 841
836 842
836 843
836 844
836 845
836 846
836 847
836 848
836 849
836 850
836 852
836 853
836 854
836 924
836 925
836 927
836 928
836 929
836 932
836 933
836 934
836 935
836 937
836 938
836 939
837 838
837 839
837 840
837 841
837 842
837 843
837 844
837 845
837 846
837 847
837 848
837 850
837 851
837 853
837 854
837 925
837 927
837 929
837 930
837 931
837 932
837 933
837 934
837 935
837 936
837 937
837 938
837 940
838 839
838 840
838 841
838 842
838 843
838 844
838 845
838 846
838 847
838 849
838 850
838 851
838 852
838 853
838 924
838 925
838 927
838 928
838 929
838 930
838 931
838 932
838 934
838 935
838 936
838 937
838 938
839 840
839 841
839 842
839 843
839 844
839 847
839 849
839 850
839 851
839 852
839 853
839 925
839 926
839 927
839 928
839 929
839 930
839 931
839 932
839 933
839 934
839 935
839 936
839 937
839 938
839 939
839 941
839 943
840 841
840 842
840 843
840 844
840 846
840 848
840 849
840 850
840 851
840 852
840 853
840 926
840 927
840 929
840 930
840 931
840 932
840 933
840 934
840 935
840 937
840 938
840 939
841 842
841 843
841 844
841 849
841 850
841 851
841 852
841 853
841 854
841 855
841 926
841 927
841 928
841 929
841 930
841 931
841 932
841 933
841 934
841 935
841 936
841 937
841 938
841 939
841 942
841 984
842 843
842 844
842 846
842 847
842 850
842 851
842 852
842 853
842 854
842 855
842 856
842 923
842 924
842 928
842 929
842 930
842 931
842 932
842 933
842 934
842 935
842 936
842 937
842 938
842 958
842 983
842 985
843 844
843 845
843 846
843 848
843 852
843 853
843 854
843 927
843 929
843 931
843 932
843 933
843 935
843 936
843 937
843 938
843 939
843 940
843 941
844 846
844 847
844 848
844 849
844 851
844 854
844 926
844 929
844 930
844 931
844 932
844 933
844 934
844 935
844 936
844 937
844 938
844 939
845 846
845 847
845 848
845 850
845 851
845 852
845 853
845 925
845 926
845 927
845 929
845 930
845 937
845 938
845 940
846 848
846 849
846 851
846 852
846 854
846 855
846 924
846 926
846 928
846 930
846 932
846 933
846 935
846 938
846 939
846 940
847 848
847 850
847 851
847 925
847 927
847 929
847 932
847 933
847 934
847 935
847 938
847 939
848 849
848 850
848 851
848 853
848 924
848 926
848 927
848 928
848 930
848 931
848 932
848 933
848 934
848 935
848 936
849 850
849 853
849 854
849 925
849 926
849 927
849 928
849 930
849 931
849 932
849 933
849 935
849 936
849 937
849 938
850 851
850 853
850 854
850 926
850 927
850 928
850 933
850 935
850 936
850 937
850 938
850 939
851 852
851 853
851 923
851 926
851 928
851 930
851 931
851 932
851 935
851 936
851 938
851 941
852 853
852 854
852 924
852 927
852 928
852 929
852 930
852 931
852 932
852 933
852 934
852 935
852 936
852 937
852 938
852 939
853 922
853 925
853 927
853 928
853 929
853 930
853 931
853 933
853 934
853 935
853 936
853 937
853 938
853 939
854 855
854 924
854 925
854 927
854 928
854 930
854 933
854 935
854 936
854 938
855 939
856 938
860 960
862 894
878 959
924 930
924 934
924 940
925 927
925 930
925 932
925 935
925 938
926 927
926 928
926 930
926 932
927 928
927 930
927 932
927 933
927 938
928 929
928 930
928 932
928 933
928 934
928 935
928 936
928 937
929 930
929 931
929 932
929 933
929 934
929 935
929 936
929 937
929 938
930 931
930 932
930 933
930 934
930 935
930 936
930 937
930 938
931 932
931 933
931 934
931 935
931 936
931 937
932 933
932 934
932 935
932 936
932 937
932 938
932 939
932 941
933 934
933 935
933 937
933 938
934 935
934 936
934 937
934 938
934 940
935 936
935 937
935 939
936 937
936 938
937 938
938 939
938 983
