1 782
1 926
2 198
3 173
11 50
11 779
12 153
12 893
12 901
13 64
17 778
18 103
19 232
26 668
27 516
32 38
32 43
32 60
32 61
32 63
32 618
32 761
32 776
32 779
33 36
33 41
33 44
33 56
33 67
33 73
33 526
33 528
33 529
33 532
33 536
33 616
33 758
33 760
33 761
33 769
33 772
33 773
33 781
33 797
33 799
33 800
33 801
33 912
33 922
33 924
34 36
34 39
34 40
34 41
34 44
34 50
34 58
34 60
34 62
34 63
34 66
34 71
34 72
34 74
34 147
34 528
34 529
34 533
34 534
34 536
34 537
34 539
34 615
34 616
34 617
34 618
34 619
34 760
34 762
34 764
34 765
34 766
34 768
34 770
34 773
34 775
34 780
34 799
34 801
34 803
34 913
34 914
34 915
34 916
34 918
34 924
35 39
35 41
35 43
35 44
35 50
35 56
35 57
35 61
35 62
35 65
35 66
35 69
35 71
35 72
35 73
35 74
35 75
35 148
35 526
35 528
35 529
35 532
35 533
35 536
35 614
35 616
35 621
35 649
35 762
35 763
35 764
35 765
35 766
35 767
35 769
35 770
35 772
35 773
35 774
35 776
35 777
35 778
35 779
35 780
35 783
35 800
35 801
35 803
35 917
35 919
35 920
35 922
35 923
35 924
36 38
36 40
36 41
36 42
36 43
36 44
36 45
36 46
36 47
36 48
36 49
36 60
36 63
36 64
36 65
36 66
36 67
36 68
36 69
36 70
36 72
36 73
36 74
36 150
36 528
36 530
36 531
36 532
36 538
36 539
36 613
36 615
36 617
36 618
36 620
36 621
36 760
36 762
36 763
36 764
36 766
36 770
36 771
36 774
36 775
36 777
36 778
36 779
36 780
36 781
36 801
36 802
36 803
36 911
36 912
36 913
36 915
36 917
36 919
36 920
36 922
36 925
37 38
37 40
37 41
37 42
37 44
37 45
37 47
37 48
37 50
37 60
37 63
37 65
37 66
37 69
37 70
37 71
37 72
37 73
37 148
37 527
37 529
37 530
37 534
37 535
37 536
37 537
37 539
37 612
37 614
37 616
37 617
37 618
37 619
37 620
37 649
37 759
37 762
37 763
37 764
37 765
37 766
37 767
37 769
37 770
37 771
37 772
37 773
37 774
37 775
37 776
37 777
37 778
37 779
37 780
37 781
37 782
37 799
37 803
37 910
37 911
37 913
37 914
37 916
37 917
37 918
37 919
37 920
37 921
37 922
37 923
37 924
38 40
38 42
38 43
38 44
38 45
38 46
38 47
38 48
38 49
38 50
38 51
38 60
38 62
38 65
38 67
38 68
38 69
38 70
38 71
38 72
38 510
38 526
38 528
38 531
38 532
38 533
38 534
38 535
38 536
38 537
38 538
38 539
38 540
38 611
38 612
38 614
38 615
38 616
38 617
38 619
38 621
38 626
38 759
38 760
38 761
38 762
38 763
38 764
38 765
38 766
38 767
38 768
38 769
38 771
38 772
38 773
38 774
38 775
38 777
38 778
38 779
38 780
38 782
38 801
38 805
38 908
38 909
38 912
38 913
38 915
38 916
38 917
38 918
38 919
38 920
38 921
38 922
38 923
38 924
39 41
39 42
39 43
39 44
39 45
39 46
39 47
39 48
39 49
39 50
39 51
39 52
39 58
39 61
39 62
39 63
39 64
39 65
39 67
39 68
39 69
39 70
39 71
39 72
39 74
39 76
39 146
39 149
39 510
39 525
39 526
39 529
39 530
39 531
39 533
39 534
39 535
39 536
39 537
39 538
39 539
39 540
39 615
39 616
39 617
39 618
39 619
39 620
39 759
39 764
39 765
39 766
39 767
39 768
39 769
39 770
39 771
39 772
39 774
39 775
39 776
39 777
39 778
39 779
39 780
39 781
39 782
39 801
39 802
39 804
39 910
39 912
39 913
39 915
39 916
39 917
39 918
39 919
39 920
39 922
39 923
39 924
40 41
40 42
40 43
40 44
40 45
40 46
40 47
40 48
40 49
40 50
40 51
40 59
40 60
40 62
40 63
40 64
40 65
40 67
40 68
40 69
40 70
40 71
40 72
40 73
40 74
40 148
40 510
40 527
40 530
40 531
40 532
40 533
40 534
40 535
40 536
40 537
40 538
40 539
40 614
40 615
40 616
40 617
40 618
40 619
40 620
40 758
40 759
40 761
40 762
40 764
40 765
40 766
40 767
40 768
40 769
40 770
40 771
40 772
40 773
40 774
40 775
40 776
40 777
40 778
40 779
40 780
40 781
40 782
40 800
40 801
40 802
40 900
40 913
40 914
40 915
40 916
40 917
40 918
40 919
40 920
40 921
40 922
40 923
40 924
41 42
41 43
41 44
41 45
41 46
41 47
41 48
41 49
41 50
41 59
41 60
41 61
41 62
41 63
41 64
41 65
41 66
41 67
41 68
41 69
41 70
41 71
41 72
41 101
41 146
41 526
41 528
41 530
41 532
41 533
41 535
41 536
41 537
41 539
41 613
41 616
41 617
41 618
41 619
41 620
41 621
41 642
41 761
41 762
41 763
41 764
41 765
41 766
41 768
41 769
41 770
41 771
41 772
41 773
41 774
41 775
41 776
41 777
41 778
41 779
41 780
41 781
41 782
41 802
41 803
41 804
41 909
41 910
41 911
41 912
41 913
41 914
41 916
41 917
41 918
41 919
41 920
41 921
41 922
41 923
41 924
41 925
42 43
42 44
42 45
42 46
42 47
42 48
42 49
42 50
42 51
42 53
42 59
42 60
42 61
42 62
42 64
42 65
42 66
42 67
42 68
42 69
42 70
42 71
42 72
42 73
42 76
42 148
42 272
42 527
42 528
42 529
42 531
42 532
42 533
42 534
42 535
42 536
42 537
42 538
42 539
42 614
42 615
42 616
42 617
42 618
42 619
42 620
42 653
42 759
42 760
42 761
42 762
42 763
42 764
42 765
42 766
42 767
42 768
42 770
42 771
42 772
42 773
42 774
42 775
42 776
42 777
42 778
42 779
42 780
42 781
42 782
42 799
42 803
42 908
42 911
42 912
42 913
42 914
42 915
42 916
42 917
42 918
42 919
42 920
42 921
42 922
42 923
42 924
43 44
43 45
43 46
43 47
43 48
43 49
43 50
43 51
43 57
43 60
43 61
43 62
43 63
43 64
43 65
43 66
43 67
43 68
43 69
43 70
43 71
43 72
43 73
43 75
43 150
43 511
43 528
43 529
43 530
43 531
43 532
43 533
43 534
43 535
43 536
43 537
43 538
43 539
43 615
43 616
43 617
43 618
43 619
43 620
43 621
43 744
43 761
43 762
43 764
43 766
43 767
43 768
43 769
43 770
43 771
43 772
43 773
43 774
43 775
43 776
43 777
43 778
43 779
43 780
43 781
43 782
43 801
43 804
43 909
43 910
43 913
43 916
43 917
43 918
43 919
43 920
43 921
43 922
43 923
43 924
43 925
44 45
44 46
44 47
44 48
44 49
44 50
44 51
44 58
44 59
44 62
44 63
44 64
44 65
44 66
44 67
44 68
44 69
44 70
44 71
44 72
44 73
44 74
44 75
44 148
44 526
44 527
44 528
44 530
44 531
44 532
44 533
44 534
44 535
44 536
44 537
44 538
44 539
44 540
44 610
44 613
44 614
44 616
44 617
44 618
44 619
44 620
44 621
44 622
44 649
44 669
44 709
44 760
44 764
44 765
44 766
44 767
44 768
44 769
44 770
44 771
44 772
44 773
44 774
44 775
44 776
44 777
44 778
44 779
44 780
44 781
44 782
44 783
44 800
44 801
44 803
44 805
44 908
44 910
44 911
44 912
44 913
44 914
44 915
44 916
44 917
44 918
44 919
44 920
44 921
44 922
44 923
44 924
45 46
45 47
45 48
45 49
45 50
45 51
45 52
45 58
45 60
45 61
45 62
45 63
45 64
45 65
45 66
45 67
45 68
45 69
45 70
45 71
45 72
45 73
45 74
45 147
45 527
45 528
45 529
45 530
45 531
45 532
45 533
45 534
45 535
45 536
45 537
45 538
45 539
45 611
45 614
45 615
45 616
45 617
45 618
45 619
45 620
45 621
45 761
45 762
45 764
45 765
45 766
45 768
45 769
45 770
45 771
45 772
45 773
45 774
45 775
45 776
45 777
45 778
45 779
45 780
45 781
45 782
45 783
45 802
45 911
45 914
45 915
45 917
45 918
45 919
45 920
45 921
45 922
45 923
45 924
45 925
46 47
46 48
46 49
46 50
46 52
46 57
46 59
46 60
46 63
46 64
46 65
46 66
46 67
46 68
46 69
46 70
46 71
46 72
46 73
46 74
46 101
46 147
46 148
46 152
46 531
46 532
46 533
46 534
46 535
46 536
46 537
46 538
46 539
46 613
46 615
46 616
46 617
46 618
46 619
46 620
46 622
46 652
46 759
46 760
46 761
46 762
46 763
46 764
46 765
46 766
46 767
46 768
46 769
46 770
46 771
46 772
46 773
46 774
46 775
46 776
46 777
46 778
46 779
46 780
46 781
46 782
46 783
46 800
46 803
46 805
46 806
46 911
46 913
46 914
46 915
46 916
46 917
46 918
46 919
46 920
46 921
46 922
46 923
46 924
46 925
47 48
47 49
47 50
47 51
47 52
47 58
47 61
47 62
47 63
47 64
47 65
47 66
47 67
47 68
47 69
47 70
47 71
47 72
47 73
47 74
47 75
47 102
47 148
47 526
47 528
47 530
47 531
47 534
47 535
47 536
47 537
47 538
47 539
47 613
47 614
47 615
47 616
47 617
47 618
47 619
47 620
47 621
47 760
47 762
47 764
47 765
47 766
47 767
47 768
47 769
47 770
47 771
47 772
47 773
47 774
47 775
47 776
47 777
47 778
47 779
47 780
47 781
47 782
47 783
47 800
47 802
47 803
47 804
47 910
47 913
47 914
47 915
47 916
47 917
47 918
47 919
47 920
47 921
47 922
47 923
47 924
47 925
48 49
48 50
48 51
48 52
48 60
48 62
48 63
48 64
48 65
48 66
48 67
48 68
48 69
48 70
48 71
48 72
48 73
48 74
48 75
48 102
48 197
48 297
48 425
48 453
48 528
48 529
48 530
48 531
48 532
48 533
48 534
48 535
48 536
48 537
48 538
48 539
48 612
48 615
48 617
48 618
48 619
48 620
48 621
48 650
48 758
48 761
48 762
48 764
48 766
48 767
48 768
48 769
48 770
48 771
48 772
48 773
48 774
48 775
48 776
48 777
48 778
48 779
48 780
48 781
48 782
48 783
48 799
48 800
48 802
48 803
48 876
48 909
48 910
48 912
48 913
48 914
48 915
48 916
48 917
48 918
48 919
48 920
48 921
48 922
48 923
48 924
48 925
49 50
49 51
49 52
49 59
49 60
49 61
49 62
49 63
49 64
49 65
49 66
49 67
49 68
49 69
49 70
49 71
49 72
49 73
49 74
49 76
49 101
49 147
49 148
49 150
49 426
49 511
49 512
49 527
49 528
49 529
49 531
49 534
49 535
49 536
49 537
49 538
49 539
49 612
49 614
49 615
49 616
49 617
49 618
49 619
49 620
49 621
49 641
49 760
49 761
49 762
49 763
49 764
49 765
49 766
49 767
49 769
49 770
49 771
49 772
49 773
49 774
49 775
49 776
49 777
49 778
49 779
49 780
49 781
49 782
49 783
49 784
49 798
49 800
49 801
49 803
49 804
49 806
49 869
49 904
49 908
49 911
49 912
49 914
49 915
49 916
49 917
49 918
49 919
49 920
49 921
49 922
49 923
49 924
49 925
49 993
50 51
50 57
50 58
50 59
50 62
50 63
50 65
50 66
50 67
50 68
50 69
50 70
50 71
50 72
50 73
50 74
50 147
50 148
50 197
50 199
50 526
50 530
50 531
50 532
50 533
50 534
50 535
50 536
50 537
50 538
50 539
50 540
50 594
50 610
50 612
50 613
50 614
50 616
50 617
50 618
50 619
50 620
50 644
50 650
50 759
50 762
50 763
50 764
50 765
50 766
50 767
50 768
50 769
50 770
50 771
50 772
50 773
50 774
50 775
50 776
50 777
50 778
50 779
50 780
50 781
50 782
50 783
50 784
50 798
50 802
50 803
50 804
50 910
50 911
50 912
50 914
50 915
50 916
50 917
50 918
50 919
50 920
50 921
50 922
50 923
50 924
50 925
50 926
50 992
51 59
51 64
51 65
51 66
51 68
51 69
51 71
51 72
51 73
51 75
51 103
51 142
51 174
51 527
51 531
51 532
51 533
51 534
51 535
51 537
51 538
51 539
51 540
51 613
51 615
51 617
51 618
51 619
51 620
51 621
51 623
51 676
51 760
51 762
51 763
51 766
51 767
51 768
51 769
51 770
51 771
51 772
51 773
51 774
51 775
51 776
51 777
51 778
51 779
51 780
51 781
51 782
51 783
51 800
51 851
51 905
51 912
51 913
51 915
51 916
51 917
51 918
51 919
51 920
51 921
51 922
51 923
51 924
51 925
51 926
52 56
52 68
52 71
52 149
52 240
52 528
52 595
52 619
52 755
52 764
52 773
52 776
52 777
52 778
52 779
52 780
52 781
52 785
52 899
52 919
53 360
53 529
53 614
53 680
53 777
53 778
53 780
53 784
53 922
53 963
54 174
54 199
54 993
55 770
55 809
56 65
56 70
56 510
56 615
56 617
56 773
56 777
56 778
56 969
57 67
57 71
57 72
57 147
57 150
57 510
57 527
57 531
57 537
57 610
57 615
57 769
57 772
57 775
57 776
57 777
57 778
57 779
57 780
57 781
57 783
57 916
57 917
57 925
58 61
58 62
58 65
58 67
58 72
58 74
58 527
58 531
58 536
58 538
58 539
58 611
58 612
58 614
58 615
58 616
58 617
58 620
58 759
58 760
58 761
58 763
58 764
58 765
58 767
58 774
58 775
58 780
58 782
58 800
58 803
58 911
58 913
58 914
58 916
58 918
58 921
58 922
58 924
58 946
59 60
59 61
59 64
59 65
59 66
59 67
59 69
59 70
59 71
59 73
59 74
59 149
59 508
59 527
59 528
59 530
59 531
59 534
59 537
59 538
59 539
59 611
59 614
59 615
59 616
59 619
59 620
59 621
59 759
59 760
59 762
59 763
59 764
59 767
59 770
59 771
59 772
59 773
59 778
59 779
59 782
59 783
59 800
59 802
59 912
59 913
59 916
59 924
60 61
60 62
60 63
60 65
60 66
60 67
60 68
60 72
60 149
60 511
60 526
60 528
60 529
60 530
60 531
60 532
60 533
60 534
60 536
60 537
60 539
60 611
60 612
60 613
60 615
60 616
60 617
60 618
60 619
60 620
60 621
60 760
60 768
60 770
60 772
60 773
60 774
60 775
60 778
60 780
60 782
60 783
60 798
60 803
60 804
60 908
60 911
60 914
60 916
60 917
60 919
60 920
60 922
60 924
61 62
61 63
61 64
61 66
61 67
61 68
61 69
61 71
61 72
61 73
61 75
61 146
61 147
61 148
61 511
61 528
61 530
61 531
61 532
61 533
61 534
61 535
61 537
61 538
61 539
61 613
61 614
61 615
61 618
61 619
61 620
61 621
61 760
61 763
61 764
61 765
61 766
61 768
61 769
61 771
61 772
61 773
61 774
61 775
61 777
61 778
61 779
61 780
61 781
61 801
61 802
61 909
61 910
61 911
61 913
61 914
61 915
61 916
61 917
61 918
61 919
61 920
61 921
61 922
61 923
61 924
61 925
62 63
62 64
62 65
62 66
62 67
62 68
62 69
62 70
62 71
62 73
62 74
62 150
62 194
62 525
62 527
62 529
62 531
62 533
62 534
62 535
62 536
62 537
62 538
62 611
62 612
62 614
62 615
62 616
62 617
62 618
62 619
62 620
62 758
62 759
62 760
62 763
62 765
62 766
62 767
62 768
62 769
62 770
62 771
62 774
62 775
62 776
62 777
62 778
62 780
62 781
62 782
62 783
62 800
62 802
62 912
62 913
62 915
62 916
62 918
62 920
62 921
62 923
63 64
63 65
63 66
63 67
63 68
63 69
63 70
63 71
63 72
63 73
63 74
63 148
63 151
63 510
63 528
63 529
63 530
63 532
63 533
63 534
63 535
63 537
63 538
63 539
63 614
63 615
63 617
63 618
63 619
63 620
63 760
63 761
63 762
63 763
63 765
63 766
63 767
63 768
63 769
63 770
63 771
63 773
63 774
63 775
63 776
63 778
63 779
63 780
63 781
63 782
63 799
63 800
63 801
63 802
63 803
63 805
63 910
63 911
63 912
63 913
63 914
63 915
63 916
63 917
63 918
63 919
63 922
64 65
64 66
64 67
64 68
64 69
64 70
64 71
64 72
64 73
64 74
64 511
64 526
64 527
64 528
64 529
64 530
64 531
64 532
64 533
64 534
64 535
64 536
64 537
64 538
64 539
64 611
64 612
64 615
64 616
64 617
64 618
64 619
64 761
64 762
64 763
64 764
64 766
64 767
64 768
64 769
64 770
64 772
64 773
64 774
64 775
64 776
64 777
64 779
64 780
64 781
64 782
64 783
64 799
64 800
64 801
64 803
64 909
64 911
64 913
64 914
64 915
64 916
64 917
64 918
64 919
64 920
64 921
64 922
64 923
64 924
65 66
65 67
65 68
65 69
65 70
65 71
65 72
65 73
65 75
65 147
65 149
65 173
65 530
65 531
65 532
65 533
65 534
65 535
65 536
65 537
65 538
65 539
65 614
65 615
65 616
65 617
65 618
65 619
65 761
65 762
65 763
65 764
65 766
65 767
65 768
65 769
65 770
65 771
65 772
65 773
65 774
65 775
65 776
65 777
65 778
65 779
65 780
65 781
65 782
65 800
65 802
65 804
65 911
65 912
65 914
65 915
65 916
65 917
65 919
65 920
65 922
65 923
65 924
66 67
66 68
66 69
66 70
66 71
66 72
66 74
66 75
66 101
66 149
66 525
66 528
66 530
66 531
66 532
66 533
66 534
66 535
66 536
66 537
66 538
66 539
66 613
66 614
66 615
66 616
66 617
66 618
66 619
66 620
66 621
66 759
66 761
66 762
66 763
66 764
66 765
66 766
66 767
66 768
66 769
66 770
66 771
66 772
66 773
66 774
66 775
66 776
66 777
66 778
66 779
66 780
66 781
66 782
66 783
66 804
66 805
66 909
66 912
66 913
66 914
66 915
66 916
66 917
66 918
66 919
66 920
66 921
66 922
66 923
66 924
67 68
67 69
67 70
67 71
67 72
67 73
67 147
67 333
67 510
67 526
67 527
67 529
67 531
67 532
67 533
67 534
67 535
67 536
67 537
67 538
67 539
67 610
67 614
67 615
67 616
67 618
67 619
67 620
67 638
67 649
67 760
67 762
67 764
67 765
67 766
67 767
67 768
67 769
67 770
67 771
67 772
67 773
67 774
67 775
67 776
67 777
67 778
67 779
67 780
67 781
67 782
67 783
67 799
67 800
67 802
67 803
67 804
67 912
67 913
67 914
67 915
67 916
67 917
67 918
67 919
67 920
67 921
67 922
67 923
67 924
68 69
68 70
68 71
68 72
68 73
68 76
68 148
68 151
68 512
68 527
68 531
68 532
68 533
68 534
68 535
68 536
68 537
68 538
68 539
68 540
68 612
68 613
68 615
68 616
68 617
68 618
68 619
68 620
68 621
68 759
68 763
68 764
68 765
68 766
68 767
68 768
68 769
68 770
68 771
68 772
68 773
68 774
68 775
68 776
68 777
68 778
68 779
68 780
68 781
68 782
68 783
68 800
68 802
68 803
68 807
68 910
68 912
68 913
68 915
68 916
68 917
68 918
68 919
68 920
68 921
68 922
68 923
68 924
68 925
69 70
69 71
69 72
69 73
69 76
69 151
69 511
69 527
69 529
69 530
69 531
69 532
69 533
69 534
69 535
69 536
69 537
69 538
69 539
69 610
69 613
69 614
69 615
69 616
69 617
69 618
69 619
69 620
69 649
69 650
69 758
69 759
69 760
69 761
69 762
69 763
69 764
69 765
69 766
69 768
69 769
69 770
69 771
69 772
69 773
69 774
69 775
69 776
69 777
69 778
69 779
69 780
69 781
69 782
69 785
69 799
69 802
69 803
69 805
69 910
69 911
69 913
69 914
69 915
69 916
69 917
69 918
69 919
69 920
69 921
69 922
69 923
69 924
70 71
70 72
70 73
70 74
70 148
70 149
70 151
70 303
70 310
70 530
70 531
70 532
70 533
70 534
70 535
70 536
70 537
70 538
70 539
70 612
70 613
70 614
70 615
70 616
70 617
70 618
70 619
70 620
70 682
70 758
70 761
70 762
70 763
70 764
70 765
70 766
70 767
70 768
70 769
70 770
70 771
70 772
70 773
70 774
70 775
70 776
70 777
70 778
70 779
70 780
70 781
70 782
70 783
70 802
70 803
70 804
70 908
70 909
70 910
70 912
70 913
70 914
70 915
70 916
70 918
70 919
70 920
70 921
70 922
70 923
70 924
70 925
71 72
71 73
71 74
71 76
71 148
71 149
71 150
71 424
71 527
71 529
71 530
71 533
71 534
71 535
71 536
71 537
71 538
71 539
71 592
71 612
71 614
71 615
71 616
71 617
71 618
71 619
71 620
71 649
71 759
71 760
71 763
71 764
71 765
71 766
71 767
71 768
71 769
71 770
71 771
71 772
71 773
71 774
71 775
71 776
71 777
71 778
71 779
71 780
71 781
71 782
71 783
71 800
71 802
71 803
71 804
71 912
71 913
71 914
71 915
71 916
71 917
71 918
71 919
71 920
71 921
71 922
71 923
71 924
71 925
72 73
72 74
72 128
72 150
72 152
72 530
72 531
72 532
72 533
72 534
72 535
72 536
72 537
72 538
72 539
72 611
72 612
72 614
72 615
72 616
72 617
72 618
72 619
72 620
72 760
72 761
72 762
72 763
72 764
72 765
72 766
72 767
72 768
72 769
72 770
72 771
72 772
72 773
72 774
72 775
72 776
72 777
72 778
72 779
72 780
72 781
72 782
72 783
72 798
72 800
72 801
72 802
72 803
72 805
72 915
72 916
72 917
72 918
72 919
72 920
72 921
72 922
72 923
72 924
72 925
72 927
72 956
73 75
73 76
73 147
73 149
73 165
73 206
73 358
73 527
73 529
73 530
73 532
73 533
73 534
73 536
73 537
73 538
73 539
73 563
73 612
73 615
73 617
73 618
73 619
73 620
73 760
73 762
73 763
73 764
73 765
73 766
73 767
73 768
73 769
73 770
73 771
73 772
73 773
73 774
73 775
73 776
73 777
73 778
73 779
73 780
73 781
73 782
73 783
73 802
73 803
73 804
73 912
73 914
73 916
73 917
73 918
73 920
73 922
73 923
73 924
73 925
74 419
74 527
74 530
74 531
74 532
74 534
74 535
74 536
74 537
74 539
74 613
74 614
74 615
74 617
74 620
74 761
74 764
74 766
74 767
74 769
74 770
74 775
74 776
74 777
74 778
74 779
74 780
74 781
74 782
74 800
74 803
74 804
74 909
74 911
74 913
74 915
74 917
74 918
74 919
74 920
74 922
74 923
75 428
75 528
75 529
75 531
75 535
75 539
75 540
75 619
75 769
75 771
75 775
75 776
75 777
75 778
75 780
75 781
75 801
75 913
75 917
75 920
75 922
75 978
76 175
76 296
76 530
76 766
76 772
76 777
76 779
76 780
76 782
76 920
77 533
77 623
77 778
77 780
77 781
77 782
77 923
77 924
78 228
78 680
78 927
79 786
81 620
81 771
82 646
87 782
91 778
92 513
98 514
101 533
101 777
101 781
101 914
101 917
102 618
102 766
102 773
102 776
102 781
102 803
102 924
103 152
103 775
103 779
103 782
103 920
103 922
104 154
104 445
104 522
109 515
117 781
118 779
118 806
119 241
129 640
132 511
132 779
133 926
137 780
146 148
146 535
146 610
146 614
146 763
146 764
146 768
146 772
146 804
146 924
147 509
147 527
147 535
147 536
147 539
147 613
147 614
147 617
147 620
147 642
147 651
147 759
147 767
147 768
147 770
147 772
147 773
147 774
147 779
147 782
147 798
147 800
147 914
147 919
147 922
148 149
148 528
148 531
148 533
148 534
148 535
148 537
148 610
148 611
148 612
148 616
148 617
148 619
148 762
148 767
148 768
148 769
148 772
148 774
148 777
148 779
148 780
148 782
148 803
148 910
148 911
148 913
148 919
148 920
149 526
149 530
149 534
149 536
149 537
149 539
149 540
149 611
149 612
149 614
149 617
149 618
149 762
149 764
149 773
149 774
149 775
149 779
149 780
149 781
149 783
149 802
149 803
149 913
149 914
149 915
149 917
149 919
149 920
149 925
150 511
150 527
150 534
150 615
150 617
150 618
150 767
150 770
150 773
150 775
150 777
150 778
150 779
150 781
150 784
150 803
150 921
150 924
151 197
151 530
151 533
151 539
151 762
151 766
151 768
151 769
151 772
151 776
151 778
151 779
151 780
151 782
151 922
152 534
152 772
152 775
152 778
152 779
152 781
152 782
152 783
153 335
153 618
153 776
153 777
153 928
159 627
164 771
166 781
171 922
172 776
172 782
172 783
173 543
173 778
174 537
174 618
174 922
175 781
179 781
180 785
193 779
194 537
194 781
195 540
195 783
196 541
196 741
196 922
198 622
198 781
198 921
199 270
200 781
201 204
201 596
203 295
218 780
224 767
227 778
227 781
228 346
233 624
259 541
266 775
267 534
267 779
267 780
268 781
268 784
269 858
269 900
269 929
270 783
271 780
271 783
272 558
279 782
284 681
293 780
294 772
295 778
296 737
297 776
298 528
298 781
299 726
303 927
305 782
318 394
324 777
325 780
333 775
333 803
334 772
334 777
334 781
334 919
334 926
335 775
335 780
335 807
336 837
341 778
345 645
359 778
361 807
364 781
366 529
367 733
369 919
377 774
380 780
386 778
388 906
400 779
400 782
401 779
402 961
404 779
408 781
411 776
420 465
421 785
422 652
422 783
424 759
425 618
425 771
425 821
426 779
427 782
429 787
439 781
444 775
445 780
446 671
454 779
454 782
454 834
455 935
491 782
496 818
504 781
504 782
505 777
505 905
505 910
506 651
506 782
507 850
508 781
509 909
510 534
510 535
510 538
510 614
510 616
511 538
511 763
511 773
511 774
511 775
511 780
511 782
511 918
512 774
512 775
512 779
512 780
512 781
512 817
512 923
513 534
513 777
513 778
513 780
513 782
514 624
514 781
515 775
525 613
525 770
525 921
526 533
526 535
526 536
526 611
526 613
526 768
526 769
526 771
526 779
526 800
526 910
526 911
526 914
526 917
527 534
527 537
527 614
527 615
527 616
527 617
527 619
527 620
527 761
527 763
527 764
527 766
527 767
527 768
527 769
527 770
527 774
527 777
527 778
527 782
527 800
527 801
527 909
527 919
528 529
528 530
528 532
528 533
528 534
528 539
528 613
528 616
528 617
528 618
528 619
528 758
528 760
528 761
528 762
528 763
528 764
528 765
528 768
528 769
528 776
528 777
528 778
528 780
528 781
528 782
528 797
528 799
528 800
528 801
528 802
528 803
528 910
528 911
528 914
528 915
528 920
528 924
529 531
529 532
529 533
529 534
529 536
529 539
529 613
529 615
529 617
529 619
529 620
529 759
529 760
529 761
529 762
529 764
529 765
529 767
529 769
529 770
529 772
529 774
529 775
529 776
529 780
529 781
529 801
529 909
529 911
529 912
529 913
529 914
529 915
529 917
529 921
529 922
529 923
529 924
530 532
530 534
530 535
530 537
530 538
530 593
530 611
530 614
530 615
530 617
530 618
530 619
530 620
530 621
530 759
530 761
530 763
530 764
530 765
530 768
530 770
530 772
530 773
530 774
530 776
530 777
530 780
530 781
530 782
530 799
530 800
530 801
530 802
530 805
530 910
530 913
530 914
530 916
530 918
530 919
530 921
530 922
530 923
530 924
530 925
531 532
531 533
531 535
531 537
531 538
531 613
531 614
531 615
531 616
531 617
531 618
531 619
531 761
531 762
531 763
531 764
531 765
531 766
531 767
531 770
531 771
531 773
531 774
531 775
531 776
531 778
531 779
531 780
531 782
531 801
531 802
531 910
531 911
531 912
531 914
531 915
531 916
531 917
531 918
531 919
531 920
531 921
531 922
531 923
531 924
532 533
532 534
532 535
532 536
532 538
532 539
532 614
532 615
532 616
532 617
532 618
532 619
532 620
532 622
532 667
532 761
532 762
532 763
532 764
532 765
532 766
532 768
532 769
532 770
532 772
532 773
532 774
532 775
532 776
532 780
532 781
532 783
532 801
532 802
532 805
532 909
532 910
532 911
532 912
532 913
532 914
532 915
532 916
532 917
532 918
532 919
532 920
532 921
532 922
532 923
532 924
533 534
533 535
533 536
533 537
533 538
533 539
533 612
533 613
533 615
533 617
533 618
533 619
533 620
533 648
533 649
533 758
533 762
533 763
533 764
533 766
533 767
533 768
533 769
533 770
533 771
533 772
533 773
533 774
533 775
533 776
533 777
533 778
533 779
533 780
533 781
533 782
533 799
533 802
533 803
533 804
533 912
533 913
533 914
533 915
533 916
533 917
533 918
533 919
533 920
533 921
533 922
533 923
533 925
533 926
534 535
534 536
534 537
534 538
534 539
534 540
534 541
534 612
534 614
534 615
534 616
534 617
534 618
534 619
534 620
534 649
534 760
534 761
534 764
534 765
534 767
534 768
534 769
534 770
534 771
534 772
534 773
534 774
534 775
534 776
534 777
534 778
534 779
534 780
534 781
534 782
534 783
534 799
534 800
534 801
534 802
534 803
534 804
534 909
534 912
534 913
534 914
534 915
534 916
534 918
534 919
534 920
534 921
534 922
534 924
534 927
535 536
535 537
535 538
535 539
535 540
535 611
535 615
535 616
535 618
535 619
535 620
535 621
535 650
535 759
535 761
535 763
535 764
535 765
535 766
535 767
535 768
535 769
535 770
535 771
535 772
535 773
535 774
535 775
535 776
535 777
535 778
535 779
535 780
535 781
535 782
535 799
535 802
535 804
535 805
535 850
535 912
535 914
535 915
535 916
535 917
535 918
535 919
535 920
535 921
535 922
535 924
536 537
536 538
536 612
536 613
536 614
536 616
536 617
536 618
536 619
536 620
536 645
536 760
536 761
536 762
536 763
536 764
536 765
536 766
536 767
536 768
536 769
536 770
536 771
536 772
536 773
536 774
536 775
536 776
536 777
536 778
536 779
536 780
536 781
536 782
536 783
536 800
536 801
536 802
536 805
536 909
536 911
536 914
536 915
536 916
536 917
536 918
536 919
536 920
536 921
536 922
536 923
536 924
536 925
537 538
537 611
537 615
537 616
537 617
537 618
537 619
537 620
537 668
537 759
537 761
537 762
537 763
537 764
537 765
537 766
537 768
537 769
537 770
537 771
537 772
537 773
537 774
537 775
537 776
537 777
537 778
537 779
537 780
537 781
537 782
537 783
537 799
537 802
537 909
537 911
537 912
537 913
537 914
537 916
537 917
537 918
537 919
537 920
537 921
537 922
537 923
537 924
538 539
538 611
538 613
538 614
538 616
538 617
538 618
538 619
538 620
538 759
538 761
538 763
538 764
538 765
538 766
538 767
538 768
538 769
538 770
538 771
538 772
538 773
538 774
538 775
538 776
538 777
538 778
538 779
538 780
538 781
538 782
538 800
538 803
538 912
538 913
538 915
538 918
538 919
538 920
538 921
538 922
538 923
538 924
539 616
539 618
539 619
539 620
539 648
539 759
539 760
539 761
539 762
539 764
539 765
539 767
539 768
539 769
539 770
539 771
539 772
539 773
539 774
539 775
539 776
539 777
539 778
539 779
539 780
539 781
539 783
539 799
539 802
539 803
539 909
539 910
539 911
539 912
539 915
539 916
539 917
539 918
539 920
539 921
539 922
539 923
539 924
540 617
540 618
540 619
540 622
540 764
540 768
540 771
540 772
540 773
540 775
540 776
540 778
540 779
540 780
540 781
540 782
540 807
540 909
540 923
541 667
541 755
541 766
541 779
541 780
541 926
542 782
542 784
542 785
562 780
581 779
582 653
588 779
593 773
593 775
594 778
594 780
594 781
594 782
595 750
595 778
595 924
596 778
596 979
597 600
599 771
610 612
610 768
610 772
610 774
610 913
610 915
611 614
611 617
611 763
611 772
611 773
611 778
611 782
611 911
611 913
611 915
611 916
611 918
611 919
611 922
611 923
612 614
612 618
612 759
612 760
612 764
612 768
612 769
612 770
612 772
612 773
612 774
612 776
612 777
612 781
612 798
612 800
612 858
612 908
612 909
612 910
612 912
612 914
612 915
612 917
612 918
612 919
612 921
612 924
613 614
613 616
613 619
613 620
613 759
613 760
613 763
613 765
613 767
613 769
613 771
613 773
613 774
613 775
613 776
613 777
613 778
613 780
613 781
613 782
613 799
613 800
613 801
613 802
613 803
613 804
613 805
613 908
613 912
613 913
613 914
613 915
613 916
613 917
613 918
613 922
613 924
614 616
614 617
614 618
614 619
614 621
614 760
614 764
614 765
614 767
614 768
614 771
614 772
614 773
614 774
614 775
614 776
614 777
614 778
614 781
614 782
614 783
614 799
614 803
614 912
614 913
614 915
614 916
614 919
614 920
614 921
614 922
614 923
614 924
615 616
615 617
615 618
615 619
615 620
615 758
615 761
615 762
615 763
615 764
615 765
615 766
615 767
615 768
615 769
615 770
615 772
615 774
615 775
615 776
615 778
615 780
615 781
615 782
615 798
615 801
615 802
615 803
615 804
615 910
615 912
615 913
615 914
615 915
615 916
615 917
615 918
615 919
615 920
615 921
615 922
615 923
615 924
615 925
616 617
616 618
616 619
616 621
616 759
616 760
616 761
616 762
616 763
616 765
616 766
616 767
616 768
616 770
616 771
616 772
616 773
616 774
616 775
616 776
616 777
616 778
616 779
616 780
616 782
616 803
616 804
616 909
616 911
616 914
616 915
616 916
616 917
616 918
616 919
616 920
616 921
616 922
616 923
616 924
617 618
617 621
617 758
617 759
617 762
617 763
617 764
617 765
617 766
617 767
617 768
617 769
617 770
617 771
617 772
617 773
617 774
617 775
617 776
617 777
617 778
617 782
617 799
617 801
617 802
617 803
617 804
617 909
617 910
617 911
617 913
617 914
617 915
617 916
617 917
617 918
617 919
617 920
617 921
617 922
617 923
617 925
618 619
618 620
618 749
618 759
618 762
618 763
618 764
618 765
618 766
618 767
618 769
618 771
618 772
618 773
618 774
618 775
618 776
618 777
618 778
618 779
618 780
618 781
618 782
618 785
618 801
618 802
618 803
618 804
618 909
618 913
618 914
618 916
618 917
618 918
618 919
618 920
618 921
618 922
618 923
618 924
618 925
619 620
619 622
619 760
619 763
619 764
619 765
619 767
619 768
619 769
619 770
619 771
619 772
619 773
619 774
619 775
619 776
619 777
619 778
619 779
619 780
619 781
619 782
619 783
619 799
619 802
619 803
619 804
619 910
619 911
619 913
619 914
619 915
619 916
619 917
619 918
619 919
619 920
619 921
619 922
619 923
619 924
620 621
620 760
620 762
620 764
620 765
620 766
620 767
620 768
620 769
620 770
620 771
620 772
620 773
620 774
620 775
620 776
620 777
620 778
620 779
620 780
620 781
620 782
620 799
620 801
620 802
620 910
620 911
620 913
620 914
620 915
620 916
620 917
620 918
620 919
620 920
620 921
620 922
620 923
620 924
620 925
621 622
621 761
621 762
621 763
621 767
621 769
621 770
621 771
621 772
621 774
621 776
621 777
621 778
621 779
621 780
621 781
621 782
621 783
621 801
621 911
621 915
621 919
621 921
621 923
621 924
622 768
622 771
622 775
622 778
622 779
622 780
622 781
622 782
622 784
622 914
622 916
623 758
623 775
623 779
623 780
623 782
623 783
624 651
624 702
624 781
625 778
625 878
625 893
626 714
639 780
642 772
642 776
642 778
643 696
643 772
643 776
643 781
644 808
644 926
647 765
648 771
648 920
649 775
649 779
649 782
649 913
650 777
650 779
650 781
650 782
650 783
650 804
651 776
651 778
651 780
651 922
659 780
667 775
667 779
668 879
676 776
677 778
677 781
678 780
678 781
679 781
682 764
683 774
683 780
684 778
684 823
684 918
690 928
695 778
720 783
725 878
725 925
736 778
736 780
739 778
743 767
743 925
744 776
748 767
749 777
749 781
754 923
756 784
757 764
758 762
758 771
758 774
758 777
758 918
759 761
759 764
759 767
759 773
759 774
759 775
759 780
759 781
759 782
759 800
759 804
759 908
759 911
759 912
759 914
759 915
759 916
759 924
760 762
760 763
760 764
760 765
760 768
760 769
760 770
760 771
760 772
760 773
760 774
760 775
760 776
760 780
760 910
760 913
760 915
760 918
760 919
760 920
760 921
760 923
761 763
761 764
761 766
761 769
761 770
761 771
761 772
761 775
761 776
761 778
761 779
761 781
761 782
761 800
761 801
761 803
761 911
761 912
761 915
761 917
761 918
761 920
761 921
761 923
762 764
762 765
762 768
762 769
762 770
762 771
762 772
762 773
762 774
762 775
762 776
762 777
762 778
762 780
762 781
762 800
762 802
762 803
762 913
762 914
762 915
762 916
762 917
762 918
762 919
762 920
762 921
762 922
762 923
762 924
762 925
763 764
763 765
763 767
763 768
763 769
763 770
763 771
763 772
763 773
763 774
763 775
763 777
763 779
763 780
763 781
763 782
763 800
763 801
763 909
763 911
763 912
763 913
763 914
763 915
763 916
763 917
763 918
763 920
763 921
763 922
763 923
763 924
764 766
764 767
764 768
764 769
764 770
764 771
764 772
764 773
764 774
764 775
764 776
764 777
764 778
764 779
764 780
764 781
764 782
764 799
764 800
764 801
764 803
764 910
764 911
764 912
764 914
764 915
764 916
764 917
764 918
764 919
764 920
764 921
764 922
764 923
764 925
765 766
765 767
765 768
765 769
765 770
765 771
765 772
765 773
765 774
765 775
765 776
765 777
765 778
765 779
765 780
765 781
765 782
765 798
765 800
765 801
765 802
765 805
765 910
765 911
765 913
765 915
765 916
765 918
765 919
765 920
765 921
765 922
765 923
765 924
765 983
766 768
766 770
766 772
766 773
766 774
766 775
766 776
766 777
766 778
766 779
766 780
766 781
766 782
766 802
766 805
766 909
766 911
766 912
766 913
766 914
766 916
766 917
766 918
766 919
766 920
766 921
766 922
766 923
766 924
766 926
767 768
767 769
767 770
767 771
767 772
767 774
767 775
767 776
767 777
767 778
767 779
767 780
767 781
767 782
767 783
767 801
767 802
767 803
767 804
767 911
767 912
767 914
767 915
767 916
767 917
767 918
767 919
767 920
767 921
767 922
767 923
767 924
767 925
767 927
767 992
768 769
768 770
768 771
768 772
768 773
768 774
768 775
768 776
768 777
768 778
768 779
768 780
768 781
768 782
768 783
768 798
768 801
768 803
768 805
768 876
768 910
768 911
768 912
768 915
768 916
768 918
768 919
768 920
768 921
768 922
768 924
768 925
768 926
769 770
769 771
769 772
769 773
769 774
769 775
769 776
769 777
769 778
769 779
769 780
769 781
769 782
769 783
769 800
769 801
769 802
769 909
769 910
769 911
769 912
769 913
769 914
769 915
769 917
769 918
769 919
769 920
769 921
769 922
769 923
769 924
769 925
770 771
770 772
770 773
770 774
770 775
770 776
770 777
770 778
770 779
770 780
770 781
770 782
770 802
770 803
770 804
770 910
770 911
770 912
770 914
770 915
770 916
770 917
770 918
770 919
770 920
770 921
770 922
770 923
770 924
770 991
771 772
771 773
771 774
771 775
771 776
771 777
771 778
771 779
771 780
771 781
771 782
771 802
771 803
771 910
771 912
771 914
771 915
771 916
771 918
771 919
771 920
771 921
771 922
771 923
771 924
772 773
772 774
772 775
772 776
772 777
772 778
772 779
772 780
772 781
772 782
772 783
772 798
772 800
772 801
772 803
772 804
772 891
772 909
772 910
772 912
772 915
772 916
772 917
772 918
772 919
772 920
772 921
772 922
772 923
772 924
773 774
773 775
773 776
773 777
773 778
773 779
773 780
773 781
773 782
773 798
773 800
773 803
773 909
773 910
773 911
773 913
773 914
773 915
773 916
773 917
773 918
773 919
773 920
773 921
773 922
773 923
773 924
773 925
774 775
774 776
774 777
774 778
774 779
774 780
774 781
774 782
774 783
774 800
774 801
774 803
774 804
774 904
774 912
774 914
774 915
774 916
774 917
774 918
774 919
774 920
774 921
774 922
774 923
774 924
774 925
774 926
775 776
775 777
775 778
775 779
775 780
775 781
775 782
775 783
775 801
775 804
775 909
775 910
775 912
775 913
775 914
775 915
775 916
775 917
775 918
775 919
775 920
775 921
775 922
775 923
775 924
775 925
776 777
776 778
776 779
776 780
776 781
776 782
776 783
776 784
776 798
776 801
776 804
776 805
776 875
776 877
776 910
776 911
776 912
776 913
776 914
776 915
776 916
776 917
776 918
776 919
776 920
776 921
776 922
776 923
776 924
776 925
776 926
777 778
777 779
777 780
777 781
777 782
777 783
777 784
777 800
777 802
777 803
777 911
777 913
777 915
777 916
777 917
777 918
777 919
777 920
777 921
777 922
777 923
777 924
777 925
777 936
777 945
778 779
778 780
778 781
778 782
778 783
778 784
778 799
778 803
778 804
778 806
778 867
778 911
778 913
778 914
778 915
778 916
778 917
778 918
778 919
778 920
778 921
778 922
778 923
778 924
778 925
778 927
778 960
778 992
778 993
779 780
779 781
779 782
779 783
779 786
779 801
779 802
779 803
779 804
779 805
779 806
779 807
779 830
779 865
779 868
779 876
779 878
779 914
779 915
779 916
779 917
779 918
779 919
779 920
779 921
779 922
779 923
779 924
779 925
779 926
779 978
780 781
780 782
780 783
780 784
780 801
780 802
780 803
780 804
780 805
780 806
780 807
780 808
780 870
780 877
780 904
780 910
780 911
780 913
780 914
780 915
780 916
780 917
780 918
780 919
780 920
780 921
780 922
780 923
780 924
780 925
780 926
780 951
780 978
780 992
781 782
781 783
781 784
781 800
781 802
781 803
781 804
781 805
781 806
781 808
781 817
781 821
781 869
781 870
781 871
781 876
781 910
781 911
781 912
781 913
781 914
781 915
781 916
781 917
781 918
781 919
781 920
781 921
781 922
781 923
781 924
781 925
781 926
781 993
781 994
782 783
782 784
782 798
782 801
782 802
782 803
782 804
782 805
782 806
782 808
782 869
782 877
782 879
782 909
782 910
782 912
782 913
782 914
782 915
782 916
782 917
782 918
782 919
782 920
782 921
782 922
782 923
782 924
782 925
782 964
783 803
783 859
783 865
783 890
783 892
783 908
783 916
783 919
783 920
783 921
783 922
783 923
783 924
783 994
784 818
784 870
786 995
798 801
799 800
799 801
799 913
799 917
799 919
800 803
800 909
800 911
800 921
800 922
800 924
801 802
801 804
801 912
801 913
801 914
801 916
801 917
801 918
801 919
801 921
801 922
801 923
801 924
801 925
802 803
802 908
802 909
802 911
802 912
802 914
802 916
802 917
802 919
802 920
802 921
802 922
802 923
802 924
803 910
803 911
803 913
803 914
803 915
803 916
803 918
803 919
803 920
803 921
803 922
803 923
803 924
804 909
804 913
804 915
804 916
804 919
804 920
804 922
804 923
804 924
804 925
805 923
806 909
806 921
806 923
807 905
807 926
822 859
868 924
877 994
908 913
909 910
909 918
909 919
910 911
910 914
910 915
910 916
910 918
910 923
910 924
911 912
911 913
911 914
911 916
911 917
911 918
911 919
911 920
911 922
911 924
912 913
912 915
912 917
912 919
912 920
912 921
912 922
912 923
912 924
913 914
913 915
913 917
913 918
913 919
913 920
913 922
913 923
913 924
914 916
914 917
914 918
914 919
914 920
914 921
914 922
914 923
914 924
914 925
915 916
915 917
915 918
915 919
915 920
915 921
915 922
915 924
916 917
916 918
916 919
916 920
916 921
916 922
916 923
916 924
917 918
917 919
917 920
917 921
917 922
917 923
917 924
917 925
918 919
918 920
918 921
918 922
918 923
918 924
918 925
919 920
919 921
919 922
919 923
919 924
919 925
920 921
920 922
920 923
920 924
921 922
921 923
921 924
921 925
922 923
922 924
922 925
923 924
923 925
924 925
924 926
925 993
