8 298
18 291
18 296
19 297
30 946
31 298
38 293
38 298
39 294
41 336
48 296
58 299
59 297
60 298
79 297
84 122
94 294
94 297
95 296
97 293
103 297
107 785
111 715
118 296
119 290
119 291
119 292
119 293
119 294
119 296
119 866
120 291
120 292
120 293
120 294
120 295
120 297
120 298
120 299
121 292
121 296
121 298
121 299
121 714
122 297
122 299
123 178
124 295
124 296
124 298
125 292
125 295
125 654
126 262
135 296
135 297
136 293
136 298
136 713
137 294
137 297
137 299
138 424
138 460
139 263
139 291
145 297
146 296
150 293
150 295
150 298
151 292
151 293
151 297
151 299
152 186
167 297
170 295
171 784
174 296
174 297
174 711
175 261
175 295
175 296
175 298
175 713
175 782
176 291
176 294
176 296
176 297
176 984
177 295
177 297
177 353
179 294
180 296
180 298
181 713
188 294
191 310
198 298
199 787
210 297
216 297
217 428
226 298
227 297
227 299
228 296
228 297
229 295
235 296
236 867
243 297
244 296
244 716
245 296
246 880
261 298
262 926
263 297
275 293
288 289
288 292
288 294
288 296
289 291
289 292
289 293
289 294
289 295
289 296
289 298
289 352
289 710
289 713
289 878
290 291
290 292
290 293
290 294
290 295
290 296
290 297
290 298
290 299
290 711
290 712
290 713
290 714
290 780
290 890
291 292
291 293
291 294
291 295
291 296
291 297
291 298
291 299
291 300
291 444
291 623
291 711
291 712
291 713
291 714
291 848
291 944
292 293
292 294
292 295
292 296
292 297
292 298
292 299
292 332
292 333
292 334
292 352
292 368
292 443
292 711
292 712
292 713
292 714
292 776
292 778
292 781
292 782
292 852
292 866
292 929
293 294
293 295
293 296
293 297
293 298
293 299
293 336
293 345
293 380
293 424
293 425
293 498
293 597
293 678
293 711
293 712
293 713
293 714
293 716
293 774
293 781
293 782
293 785
293 865
293 866
293 937
293 954
294 295
294 296
294 297
294 298
294 299
294 306
294 307
294 334
294 351
294 369
294 427
294 623
294 672
294 677
294 700
294 710
294 711
294 712
294 713
294 714
294 716
294 734
294 780
294 781
294 782
294 783
294 799
294 803
294 842
294 855
294 865
294 866
294 867
294 890
294 899
294 929
294 930
294 944
295 296
295 297
295 298
295 299
295 307
295 333
295 334
295 335
295 341
295 360
295 391
295 407
295 422
295 423
295 426
295 509
295 540
295 547
295 624
295 680
295 691
295 710
295 711
295 712
295 713
295 714
295 715
295 718
295 737
295 740
295 780
295 782
295 783
295 784
295 849
295 852
295 853
295 866
295 867
295 945
295 972
295 976
295 982
296 297
296 298
296 299
296 300
296 308
296 323
296 333
296 334
296 353
296 369
296 424
296 425
296 543
296 599
296 615
296 650
296 672
296 678
296 679
296 690
296 711
296 712
296 713
296 714
296 715
296 717
296 755
296 775
296 781
296 782
296 783
296 784
296 785
296 847
296 851
296 867
296 868
296 891
296 913
296 954
296 955
296 986
297 298
297 299
297 308
297 333
297 334
297 335
297 351
297 352
297 354
297 355
297 369
297 423
297 440
297 442
297 445
297 474
297 498
297 543
297 568
297 574
297 675
297 677
297 704
297 711
297 712
297 713
297 714
297 715
297 718
297 735
297 743
297 774
297 775
297 776
297 777
297 779
297 781
297 782
297 783
297 784
297 785
297 786
297 824
297 852
297 858
297 866
297 867
297 868
297 869
297 891
297 944
297 945
298 299
298 300
298 307
298 325
298 331
298 332
298 333
298 335
298 353
298 368
298 420
298 425
298 426
298 444
298 465
298 499
298 508
298 524
298 581
298 588
298 701
298 712
298 713
298 714
298 718
298 719
298 720
298 769
298 777
298 778
298 780
298 781
298 782
298 783
298 846
298 848
298 866
298 868
298 956
298 977
299 320
299 334
299 433
299 445
299 462
299 464
299 544
299 692
299 704
299 714
299 715
299 892
300 308
300 693
300 715
300 738
300 803
301 397
301 401
308 714
309 500
309 715
309 720
313 713
321 879
334 355
335 767
335 853
336 714
336 931
337 720
342 983
354 522
357 900
370 598
372 733
396 709
404 643
406 949
407 894
415 715
416 930
421 795
427 783
427 786
446 854
517 577
545 859
602 776
624 716
679 790
704 713
711 712
712 713
714 715
714 870
715 921
716 938
717 804
719 777
778 847
810 945
856 967
