12 460
13 421
13 423
14 421
14 793
15 258
18 600
19 749
38 601
38 621
39 317
42 535
51 417
52 370
52 421
53 257
54 413
54 414
54 422
55 418
55 422
55 468
56 74
56 422
56 423
57 256
60 413
61 299
61 407
61 412
61 465
61 618
61 678
61 784
62 300
62 312
62 400
62 413
62 416
62 420
62 424
63 87
63 414
63 418
63 420
63 422
63 424
63 620
63 788
64 67
64 423
64 469
64 810
64 916
65 421
65 427
65 601
66 70
66 422
67 312
68 278
68 416
69 602
71 408
72 308
73 419
73 422
73 787
74 882
75 89
75 92
75 249
75 309
75 410
75 595
75 608
75 673
75 675
75 776
75 781
75 797
76 91
76 244
76 303
76 312
76 313
76 398
76 406
76 419
76 420
76 422
76 460
76 462
76 467
76 470
76 592
76 593
76 611
76 616
76 622
76 675
76 777
76 786
76 790
77 91
77 243
77 250
77 301
77 305
77 405
77 410
77 415
77 417
77 464
77 465
77 469
77 681
77 787
77 788
77 789
78 248
78 308
78 416
78 418
78 420
78 421
78 422
78 458
78 467
78 595
78 596
78 623
79 316
79 417
79 419
79 420
79 423
79 470
79 587
80 153
80 422
80 423
80 667
81 427
83 418
84 601
84 874
85 313
85 420
85 468
86 420
86 422
86 423
88 240
88 249
88 418
88 459
88 612
88 619
88 789
89 243
89 251
89 294
89 305
89 306
89 311
89 396
89 408
89 418
89 419
89 459
89 460
89 461
89 463
89 589
89 595
89 596
89 607
89 608
89 617
89 619
89 676
89 677
89 780
89 790
90 240
90 243
90 246
90 249
90 253
90 254
90 295
90 307
90 308
90 309
90 310
90 401
90 402
90 405
90 408
90 412
90 413
90 414
90 416
90 417
90 454
90 456
90 458
90 460
90 461
90 587
90 588
90 591
90 597
90 611
90 613
90 614
90 617
90 621
90 622
90 673
90 679
90 680
90 681
90 682
90 683
90 686
90 780
90 782
91 95
91 240
91 241
91 245
91 246
91 247
91 250
91 251
91 253
91 296
91 298
91 299
91 300
91 301
91 302
91 305
91 400
91 401
91 403
91 405
91 409
91 411
91 415
91 416
91 417
91 421
91 422
91 455
91 458
91 459
91 461
91 462
91 463
91 470
91 471
91 480
91 585
91 588
91 589
91 590
91 591
91 593
91 595
91 596
91 607
91 608
91 610
91 611
91 614
91 615
91 618
91 676
91 677
91 682
91 685
91 775
91 779
91 782
91 786
91 914
92 93
92 94
92 240
92 243
92 244
92 246
92 247
92 249
92 251
92 252
92 254
92 296
92 298
92 303
92 304
92 306
92 309
92 401
92 404
92 414
92 415
92 419
92 421
92 422
92 423
92 457
92 459
92 462
92 464
92 466
92 467
92 468
92 470
92 586
92 592
92 594
92 596
92 608
92 609
92 614
92 616
92 617
92 618
92 619
92 621
92 673
92 674
92 678
92 680
92 682
92 683
92 684
92 687
92 775
92 776
92 778
92 779
92 781
92 782
92 783
92 784
92 785
92 786
92 788
93 94
93 95
93 240
93 242
93 243
93 244
93 247
93 248
93 250
93 251
93 252
93 253
93 297
93 302
93 303
93 304
93 306
93 307
93 309
93 311
93 312
93 313
93 314
93 399
93 400
93 401
93 402
93 403
93 404
93 405
93 409
93 411
93 412
93 413
93 414
93 415
93 416
93 417
93 418
93 422
93 457
93 459
93 460
93 461
93 462
93 463
93 464
93 465
93 466
93 469
93 470
93 588
93 589
93 590
93 591
93 596
93 597
93 608
93 609
93 610
93 616
93 617
93 618
93 620
93 622
93 676
93 677
93 679
93 680
93 681
93 683
93 684
93 686
93 687
93 774
93 777
93 778
93 779
93 781
93 785
93 786
93 788
94 95
94 241
94 242
94 244
94 246
94 247
94 248
94 249
94 250
94 252
94 253
94 254
94 295
94 298
94 300
94 302
94 304
94 308
94 310
94 311
94 312
94 313
94 399
94 400
94 401
94 402
94 403
94 407
94 408
94 411
94 413
94 414
94 415
94 417
94 419
94 422
94 424
94 453
94 459
94 460
94 461
94 463
94 464
94 465
94 466
94 467
94 468
94 469
94 584
94 588
94 590
94 591
94 592
94 593
94 596
94 597
94 598
94 606
94 607
94 609
94 610
94 611
94 612
94 614
94 615
94 617
94 618
94 619
94 620
94 621
94 623
94 672
94 674
94 677
94 678
94 679
94 680
94 681
94 682
94 683
94 684
94 685
94 686
94 778
94 779
94 780
94 781
94 783
94 784
94 785
94 786
94 787
94 788
94 789
95 96
95 241
95 244
95 246
95 250
95 252
95 253
95 295
95 297
95 303
95 304
95 305
95 306
95 309
95 310
95 311
95 312
95 313
95 314
95 400
95 401
95 403
95 405
95 407
95 408
95 410
95 412
95 413
95 416
95 417
95 418
95 419
95 420
95 421
95 422
95 423
95 455
95 456
95 459
95 460
95 461
95 463
95 464
95 465
95 466
95 467
95 468
95 470
95 585
95 586
95 589
95 590
95 592
95 593
95 595
95 596
95 597
95 598
95 606
95 608
95 609
95 611
95 612
95 613
95 616
95 619
95 673
95 675
95 677
95 678
95 680
95 681
95 682
95 685
95 686
95 689
95 776
95 777
95 778
95 779
95 780
95 783
95 784
95 785
95 786
95 787
95 788
96 248
96 251
96 299
96 302
96 309
96 312
96 374
96 413
96 414
96 416
96 417
96 419
96 421
96 422
96 423
96 468
96 585
96 589
96 609
96 613
96 614
96 618
96 619
96 681
96 686
96 687
96 787
96 790
97 250
97 252
97 299
97 311
97 312
97 411
97 414
97 418
97 419
97 420
97 422
97 423
97 424
98 420
98 421
98 423
98 424
98 791
98 897
99 318
99 422
99 791
100 913
109 422
110 423
112 420
114 311
119 252
126 420
135 244
135 302
135 309
135 417
135 423
135 455
135 460
135 461
135 597
135 610
135 619
135 676
135 682
135 683
135 686
136 248
136 254
136 297
136 304
136 416
136 417
136 421
136 423
136 458
136 464
136 585
136 612
136 616
136 618
136 675
136 778
136 784
136 787
137 252
137 309
137 413
137 418
137 419
137 420
137 423
137 463
137 596
137 620
137 786
137 792
138 255
138 420
138 421
138 422
138 426
138 578
139 315
139 318
139 422
140 623
141 621
145 457
148 423
149 422
149 597
150 394
150 423
150 460
151 422
151 423
151 508
151 753
152 314
152 690
152 743
153 387
153 474
154 617
158 421
158 925
159 612
161 804
179 422
179 426
180 689
181 479
183 689
187 415
188 253
188 279
189 424
190 972
199 645
226 777
227 684
229 418
238 295
238 298
238 312
238 314
238 398
238 408
238 457
238 463
238 619
238 621
238 671
238 677
239 240
239 243
239 248
239 253
239 296
239 298
239 299
239 313
239 401
239 402
239 408
239 412
239 415
239 417
239 420
239 421
239 458
239 465
239 467
239 468
239 587
239 588
239 608
239 611
239 621
239 675
239 676
239 678
239 679
239 688
239 779
239 787
240 242
240 244
240 246
240 250
240 253
240 298
240 303
240 305
240 306
240 307
240 311
240 312
240 398
240 399
240 401
240 405
240 411
240 412
240 420
240 423
240 460
240 463
240 464
240 465
240 469
240 588
240 590
240 591
240 594
240 597
240 598
240 605
240 612
240 619
240 674
240 676
240 679
240 686
240 775
240 776
240 777
240 778
240 780
240 784
240 785
241 242
241 243
241 247
241 249
241 252
241 253
241 295
241 297
241 299
241 300
241 302
241 303
241 305
241 307
241 309
241 312
241 398
241 401
241 402
241 403
241 404
241 412
241 416
241 418
241 420
241 423
241 456
241 457
241 458
241 463
241 464
241 466
241 468
241 587
241 590
241 592
241 594
241 596
241 608
241 609
241 610
241 611
241 612
241 613
241 620
241 673
241 677
241 678
241 679
241 682
241 684
241 687
241 688
241 777
241 778
241 781
241 786
241 787
241 788
241 790
242 246
242 247
242 248
242 251
242 252
242 253
242 296
242 297
242 299
242 300
242 303
242 304
242 305
242 306
242 308
242 309
242 310
242 311
242 312
242 313
242 401
242 402
242 403
242 404
242 406
242 408
242 411
242 412
242 414
242 415
242 417
242 419
242 421
242 422
242 424
242 457
242 458
242 459
242 460
242 463
242 464
242 468
242 470
242 471
242 587
242 588
242 589
242 591
242 593
242 594
242 595
242 597
242 608
242 611
242 612
242 616
242 618
242 619
242 620
242 621
242 622
242 672
242 675
242 676
242 677
242 678
242 681
242 682
242 684
242 687
242 777
242 780
242 782
242 784
242 785
242 786
243 244
243 245
243 246
243 247
243 248
243 249
243 250
243 251
243 252
243 253
243 302
243 303
243 304
243 305
243 307
243 309
243 314
243 397
243 399
243 401
243 402
243 403
243 404
243 406
243 407
243 408
243 409
243 414
243 416
243 417
243 418
243 419
243 454
243 457
243 460
243 463
243 465
243 467
243 470
243 584
243 590
243 591
243 592
243 594
243 595
243 596
243 606
243 607
243 609
243 610
243 611
243 612
243 614
243 616
243 617
243 618
243 619
243 620
243 621
243 622
243 623
243 673
243 675
243 677
243 678
243 679
243 680
243 682
243 686
243 687
243 777
243 780
243 784
243 785
243 787
243 790
244 245
244 246
244 247
244 248
244 249
244 250
244 251
244 252
244 254
244 294
244 297
244 299
244 300
244 301
244 302
244 305
244 306
244 308
244 309
244 310
244 311
244 312
244 313
244 399
244 400
244 402
244 403
244 404
244 405
244 407
244 410
244 411
244 412
244 414
244 415
244 416
244 417
244 418
244 419
244 420
244 423
244 455
244 456
244 457
244 458
244 459
244 460
244 462
244 464
244 466
244 468
244 469
244 470
244 587
244 588
244 589
244 590
244 592
244 593
244 594
244 596
244 597
244 598
244 605
244 606
244 607
244 608
244 610
244 612
244 614
244 615
244 616
244 618
244 619
244 620
244 673
244 676
244 679
244 680
244 681
244 682
244 683
244 684
244 685
244 687
244 776
244 779
244 780
244 782
244 786
244 787
244 788
244 790
245 246
245 248
245 249
245 250
245 251
245 252
245 253
245 295
245 296
245 297
245 298
245 299
245 300
245 302
245 304
245 305
245 306
245 307
245 308
245 309
245 310
245 312
245 313
245 400
245 402
245 403
245 404
245 407
245 408
245 409
245 410
245 411
245 412
245 415
245 416
245 417
245 418
245 419
245 420
245 421
245 422
245 423
245 424
245 455
245 458
245 459
245 460
245 461
245 462
245 463
245 465
245 467
245 469
245 470
245 585
245 586
245 588
245 589
245 592
245 595
245 596
245 597
245 598
245 599
245 608
245 609
245 610
245 611
245 612
245 614
245 615
245 618
245 620
245 622
245 674
245 679
245 681
245 682
245 683
245 685
245 686
245 687
245 688
245 774
245 776
245 777
245 778
245 779
245 780
245 781
245 782
245 784
245 785
245 786
245 787
245 788
245 789
245 790
246 247
246 248
246 249
246 250
246 251
246 252
246 253
246 296
246 298
246 299
246 300
246 302
246 303
246 304
246 305
246 307
246 308
246 309
246 311
246 313
246 399
246 400
246 401
246 406
246 407
246 409
246 410
246 411
246 413
246 414
246 415
246 417
246 419
246 420
246 421
246 422
246 423
246 454
246 456
246 458
246 459
246 461
246 462
246 463
246 464
246 466
246 467
246 468
246 469
246 470
246 586
246 589
246 591
246 593
246 595
246 596
246 597
246 598
246 606
246 607
246 608
246 609
246 610
246 611
246 612
246 613
246 614
246 615
246 617
246 618
246 619
246 620
246 621
246 677
246 678
246 679
246 680
246 682
246 683
246 684
246 685
246 686
246 687
246 688
246 775
246 776
246 778
246 780
246 783
246 784
246 785
246 786
246 788
246 790
246 912
247 248
247 249
247 251
247 252
247 253
247 254
247 300
247 301
247 302
247 303
247 304
247 305
247 306
247 307
247 308
247 310
247 312
247 313
247 314
247 338
247 400
247 401
247 402
247 404
247 405
247 406
247 407
247 408
247 409
247 410
247 411
247 412
247 413
247 414
247 415
247 416
247 418
247 419
247 420
247 421
247 422
247 423
247 458
247 459
247 460
247 461
247 462
247 463
247 464
247 465
247 466
247 467
247 468
247 469
247 585
247 586
247 589
247 590
247 591
247 592
247 594
247 595
247 596
247 597
247 598
247 609
247 610
247 613
247 615
247 616
247 617
247 618
247 619
247 620
247 621
247 622
247 623
247 676
247 677
247 680
247 681
247 682
247 683
247 684
247 685
247 686
247 688
247 775
247 780
247 781
247 783
247 784
247 785
247 787
247 788
247 911
248 249
248 250
248 251
248 252
248 295
248 300
248 301
248 302
248 304
248 305
248 306
248 307
248 308
248 309
248 310
248 311
248 312
248 313
248 316
248 403
248 405
248 406
248 407
248 408
248 409
248 410
248 411
248 412
248 414
248 416
248 417
248 418
248 419
248 420
248 421
248 423
248 424
248 454
248 457
248 459
248 460
248 462
248 463
248 464
248 465
248 467
248 468
248 469
248 471
248 584
248 585
248 586
248 588
248 589
248 590
248 591
248 592
248 593
248 594
248 595
248 597
248 598
248 608
248 609
248 611
248 612
248 614
248 615
248 616
248 618
248 619
248 620
248 622
248 671
248 672
248 674
248 677
248 679
248 680
248 681
248 682
248 683
248 684
248 685
248 686
248 688
248 777
248 781
248 782
248 785
248 787
248 788
248 789
249 250
249 251
249 252
249 253
249 297
249 298
249 299
249 300
249 301
249 302
249 303
249 304
249 305
249 306
249 307
249 308
249 309
249 310
249 311
249 312
249 399
249 401
249 402
249 403
249 404
249 405
249 406
249 407
249 408
249 410
249 411
249 413
249 414
249 415
249 416
249 417
249 418
249 419
249 420
249 421
249 422
249 423
249 424
249 457
249 458
249 459
249 460
249 461
249 462
249 463
249 464
249 465
249 466
249 467
249 468
249 469
249 470
249 585
249 586
249 588
249 589
249 590
249 591
249 593
249 594
249 595
249 596
249 597
249 598
249 609
249 610
249 611
249 612
249 613
249 614
249 615
249 616
249 617
249 618
249 619
249 620
249 621
249 622
249 623
249 624
249 671
249 675
249 676
249 678
249 679
249 680
249 681
249 683
249 684
249 685
249 686
249 687
249 688
249 689
249 778
249 779
249 780
249 781
249 782
249 783
249 784
249 785
249 786
249 787
249 788
249 789
249 790
249 877
250 251
250 252
250 253
250 294
250 298
250 299
250 300
250 301
250 303
250 304
250 305
250 306
250 307
250 308
250 309
250 310
250 311
250 312
250 313
250 314
250 403
250 405
250 407
250 408
250 409
250 410
250 411
250 412
250 413
250 414
250 415
250 416
250 417
250 418
250 419
250 420
250 421
250 422
250 423
250 424
250 454
250 459
250 460
250 462
250 464
250 465
250 466
250 467
250 468
250 469
250 470
250 471
250 588
250 590
250 591
250 592
250 593
250 594
250 595
250 596
250 597
250 598
250 599
250 600
250 605
250 607
250 608
250 609
250 611
250 612
250 613
250 614
250 615
250 617
250 618
250 619
250 620
250 621
250 622
250 672
250 675
250 677
250 678
250 679
250 680
250 681
250 682
250 684
250 685
250 686
250 687
250 776
250 779
250 780
250 781
250 782
250 783
250 784
250 785
250 786
250 787
250 788
250 789
250 790
251 252
251 253
251 294
251 296
251 298
251 299
251 300
251 301
251 302
251 303
251 304
251 305
251 306
251 307
251 308
251 309
251 310
251 311
251 312
251 398
251 400
251 402
251 403
251 404
251 406
251 407
251 408
251 409
251 410
251 411
251 412
251 413
251 414
251 415
251 416
251 417
251 418
251 419
251 420
251 421
251 422
251 423
251 424
251 454
251 456
251 458
251 459
251 460
251 461
251 462
251 463
251 464
251 465
251 466
251 467
251 468
251 469
251 470
251 471
251 585
251 588
251 591
251 592
251 593
251 594
251 595
251 596
251 597
251 598
251 599
251 606
251 608
251 609
251 610
251 611
251 612
251 613
251 614
251 615
251 616
251 617
251 618
251 619
251 620
251 621
251 622
251 623
251 672
251 676
251 678
251 679
251 680
251 681
251 682
251 683
251 684
251 685
251 686
251 687
251 688
251 783
251 784
251 785
251 786
251 787
251 788
251 789
251 790
252 253
252 298
252 301
252 303
252 304
252 305
252 306
252 307
252 308
252 309
252 310
252 311
252 312
252 313
252 314
252 392
252 398
252 399
252 403
252 405
252 406
252 408
252 409
252 410
252 411
252 412
252 413
252 414
252 415
252 416
252 418
252 419
252 420
252 421
252 422
252 423
252 424
252 453
252 458
252 459
252 460
252 461
252 462
252 463
252 464
252 465
252 466
252 467
252 468
252 469
252 470
252 538
252 585
252 587
252 589
252 591
252 592
252 593
252 594
252 596
252 597
252 606
252 608
252 610
252 611
252 612
252 613
252 614
252 615
252 616
252 617
252 618
252 619
252 620
252 621
252 622
252 623
252 673
252 676
252 677
252 678
252 679
252 681
252 682
252 683
252 684
252 685
252 686
252 687
252 688
252 779
252 780
252 782
252 784
252 785
252 786
252 787
252 788
252 789
252 790
253 295
253 298
253 299
253 300
253 301
253 302
253 303
253 304
253 305
253 306
253 307
253 308
253 309
253 310
253 311
253 312
253 313
253 314
253 402
253 403
253 405
253 406
253 407
253 408
253 409
253 410
253 411
253 412
253 413
253 414
253 415
253 416
253 417
253 418
253 419
253 420
253 421
253 422
253 423
253 424
253 457
253 459
253 460
253 462
253 463
253 464
253 465
253 466
253 467
253 468
253 469
253 470
253 471
253 586
253 589
253 590
253 591
253 592
253 593
253 594
253 595
253 596
253 597
253 598
253 606
253 609
253 610
253 611
253 612
253 613
253 614
253 615
253 617
253 618
253 619
253 620
253 621
253 622
253 673
253 675
253 677
253 679
253 680
253 681
253 682
253 683
253 684
253 685
253 686
253 687
253 688
253 776
253 777
253 779
253 783
253 784
253 785
253 787
253 788
253 789
253 790
254 301
254 307
254 308
254 309
254 310
254 311
254 312
254 399
254 404
254 407
254 409
254 411
254 412
254 415
254 416
254 417
254 418
254 419
254 420
254 421
254 422
254 423
254 424
254 457
254 466
254 467
254 468
254 469
254 473
254 590
254 593
254 597
254 608
254 618
254 621
254 622
254 679
254 681
254 683
254 684
254 687
254 781
254 786
254 787
254 789
255 306
255 310
255 315
255 417
255 418
255 420
255 422
255 466
255 467
255 468
255 469
255 588
255 622
255 625
255 676
256 315
256 393
256 423
256 621
256 792
256 793
257 397
259 425
263 317
265 338
267 422
290 420
294 297
294 302
294 399
294 417
294 454
294 462
294 464
294 584
294 585
294 611
294 621
294 782
294 783
294 787
295 305
295 307
295 310
295 414
295 415
295 424
295 453
295 455
295 462
295 465
295 466
295 467
295 469
295 596
295 610
295 673
295 674
295 681
295 684
295 685
295 780
295 781
295 782
295 784
295 789
295 790
296 298
296 301
296 304
296 311
296 312
296 399
296 400
296 401
296 402
296 404
296 411
296 412
296 415
296 416
296 417
296 418
296 419
296 421
296 422
296 455
296 457
296 461
296 463
296 464
296 469
296 584
296 587
296 588
296 594
296 595
296 597
296 606
296 610
296 616
296 618
296 621
296 623
296 675
296 676
296 684
296 687
296 778
296 779
296 784
296 785
297 302
297 305
297 310
297 313
297 385
297 399
297 400
297 401
297 402
297 403
297 406
297 408
297 409
297 412
297 414
297 415
297 416
297 418
297 422
297 423
297 455
297 456
297 457
297 458
297 462
297 464
297 468
297 470
297 584
297 588
297 590
297 592
297 593
297 595
297 597
297 605
297 608
297 609
297 610
297 611
297 613
297 617
297 619
297 621
297 622
297 673
297 674
297 676
297 677
297 679
297 680
297 778
297 779
298 299
298 300
298 301
298 302
298 303
298 306
298 307
298 309
298 310
298 311
298 312
298 313
298 398
298 399
298 400
298 402
298 404
298 406
298 408
298 411
298 414
298 415
298 416
298 417
298 419
298 421
298 422
298 423
298 455
298 457
298 458
298 459
298 461
298 462
298 466
298 469
298 587
298 594
298 595
298 596
298 598
298 608
298 612
298 613
298 614
298 617
298 618
298 620
298 622
298 673
298 674
298 676
298 677
298 678
298 682
298 683
298 686
298 687
298 688
298 776
298 777
298 779
298 783
298 787
299 300
299 301
299 302
299 303
299 304
299 305
299 306
299 307
299 309
299 312
299 313
299 314
299 398
299 402
299 404
299 405
299 407
299 409
299 410
299 412
299 414
299 415
299 416
299 418
299 419
299 421
299 422
299 423
299 424
299 456
299 458
299 460
299 461
299 462
299 463
299 465
299 467
299 469
299 470
299 585
299 587
299 589
299 592
299 593
299 595
299 596
299 597
299 598
299 608
299 609
299 610
299 611
299 612
299 613
299 614
299 615
299 616
299 619
299 620
299 621
299 622
299 677
299 678
299 679
299 681
299 682
299 684
299 685
299 687
299 777
299 778
299 780
299 781
299 782
299 783
299 784
299 785
299 787
299 788
299 789
300 301
300 303
300 305
300 307
300 309
300 311
300 313
300 315
300 401
300 405
300 406
300 407
300 408
300 411
300 413
300 414
300 415
300 417
300 418
300 419
300 420
300 422
300 423
300 424
300 455
300 456
300 457
300 458
300 459
300 460
300 461
300 462
300 463
300 464
300 465
300 467
300 470
300 585
300 586
300 588
300 590
300 594
300 595
300 598
300 609
300 610
300 611
300 612
300 613
300 614
300 615
300 616
300 618
300 620
300 621
300 622
300 677
300 678
300 680
300 681
300 683
300 684
300 686
300 776
300 777
300 780
300 781
300 782
300 783
300 785
300 787
300 788
300 877
301 302
301 303
301 304
301 306
301 307
301 308
301 309
301 310
301 312
301 314
301 386
301 402
301 404
301 406
301 407
301 408
301 410
301 411
301 412
301 413
301 414
301 416
301 421
301 453
301 457
301 458
301 459
301 462
301 463
301 465
301 466
301 467
301 468
301 470
301 471
301 589
301 590
301 593
301 594
301 595
301 596
301 597
301 607
301 608
301 609
301 610
301 611
301 612
301 613
301 615
301 616
301 617
301 618
301 619
301 620
301 622
301 671
301 674
301 677
301 678
301 679
301 681
301 682
301 683
301 684
301 685
301 686
301 687
301 775
301 778
301 780
301 781
301 782
301 783
301 784
301 785
301 786
301 788
301 790
301 878
302 303
302 304
302 305
302 306
302 307
302 309
302 310
302 311
302 313
302 399
302 400
302 401
302 402
302 403
302 406
302 409
302 410
302 411
302 413
302 414
302 416
302 417
302 418
302 419
302 420
302 421
302 422
302 423
302 458
302 459
302 460
302 461
302 462
302 463
302 464
302 466
302 467
302 468
302 469
302 470
302 537
302 586
302 587
302 590
302 592
302 593
302 594
302 597
302 598
302 609
302 611
302 612
302 613
302 614
302 615
302 616
302 617
302 618
302 620
302 622
302 674
302 675
302 677
302 678
302 679
302 680
302 681
302 682
302 683
302 684
302 685
302 686
302 687
302 777
302 778
302 780
302 782
302 783
302 784
302 785
302 786
302 787
302 788
302 789
303 304
303 306
303 307
303 308
303 310
303 311
303 312
303 314
303 315
303 399
303 401
303 402
303 404
303 405
303 406
303 407
303 408
303 409
303 410
303 411
303 412
303 413
303 414
303 416
303 417
303 418
303 420
303 421
303 422
303 423
303 424
303 454
303 456
303 457
303 460
303 461
303 462
303 463
303 465
303 466
303 468
303 469
303 470
303 587
303 588
303 589
303 590
303 594
303 595
303 596
303 597
303 598
303 605
303 607
303 609
303 610
303 611
303 613
303 614
303 615
303 616
303 617
303 618
303 619
303 620
303 621
303 623
303 672
303 673
303 675
303 677
303 679
303 680
303 681
303 682
303 683
303 684
303 685
303 686
303 687
303 688
303 775
303 777
303 779
303 781
303 782
303 783
303 784
303 785
303 786
303 787
303 788
303 789
303 790
304 305
304 306
304 307
304 308
304 309
304 310
304 311
304 312
304 313
304 314
304 398
304 400
304 407
304 408
304 410
304 411
304 412
304 413
304 414
304 415
304 416
304 417
304 418
304 419
304 420
304 421
304 422
304 423
304 424
304 457
304 458
304 460
304 462
304 463
304 464
304 465
304 467
304 468
304 469
304 470
304 588
304 590
304 591
304 592
304 593
304 594
304 595
304 596
304 597
304 598
304 599
304 609
304 611
304 612
304 613
304 614
304 615
304 616
304 617
304 618
304 619
304 620
304 621
304 622
304 671
304 675
304 677
304 678
304 679
304 680
304 681
304 682
304 684
304 686
304 687
304 691
304 777
304 778
304 779
304 780
304 781
304 782
304 783
304 784
304 785
304 786
304 787
304 788
304 878
305 306
305 307
305 308
305 309
305 310
305 311
305 312
305 313
305 400
305 401
305 402
305 404
305 405
305 406
305 407
305 409
305 410
305 411
305 412
305 413
305 414
305 415
305 416
305 417
305 418
305 419
305 420
305 422
305 423
305 424
305 456
305 457
305 458
305 459
305 460
305 461
305 462
305 463
305 464
305 465
305 466
305 467
305 468
305 469
305 470
305 584
305 585
305 586
305 588
305 589
305 590
305 591
305 592
305 594
305 595
305 596
305 597
305 598
305 607
305 608
305 610
305 611
305 613
305 614
305 615
305 616
305 617
305 618
305 619
305 620
305 622
305 675
305 676
305 677
305 678
305 679
305 680
305 681
305 682
305 683
305 684
305 685
305 686
305 687
305 777
305 778
305 779
305 780
305 781
305 782
305 783
305 784
305 785
305 786
305 788
305 789
305 877
306 307
306 308
306 309
306 310
306 311
306 312
306 313
306 403
306 404
306 406
306 407
306 408
306 409
306 411
306 412
306 413
306 414
306 415
306 416
306 417
306 418
306 419
306 420
306 421
306 422
306 423
306 458
306 459
306 460
306 461
306 462
306 463
306 464
306 465
306 466
306 467
306 468
306 469
306 470
306 586
306 587
306 589
306 590
306 591
306 592
306 593
306 594
306 595
306 596
306 598
306 599
306 610
306 611
306 612
306 613
306 614
306 615
306 616
306 617
306 618
306 619
306 620
306 621
306 622
306 623
306 674
306 675
306 678
306 679
306 680
306 681
306 682
306 683
306 684
306 685
306 686
306 687
306 688
306 689
306 778
306 779
306 781
306 782
306 783
306 786
306 787
306 788
306 789
306 790
306 878
307 308
307 309
307 310
307 311
307 312
307 313
307 369
307 402
307 403
307 404
307 406
307 408
307 409
307 410
307 411
307 412
307 413
307 414
307 415
307 416
307 417
307 418
307 419
307 420
307 421
307 422
307 423
307 424
307 457
307 459
307 460
307 462
307 463
307 464
307 465
307 466
307 467
307 468
307 469
307 470
307 588
307 589
307 590
307 591
307 592
307 593
307 594
307 595
307 596
307 597
307 598
307 607
307 609
307 611
307 612
307 613
307 614
307 615
307 616
307 617
307 618
307 619
307 620
307 621
307 622
307 623
307 676
307 678
307 679
307 680
307 681
307 682
307 683
307 684
307 685
307 686
307 687
307 688
307 775
307 778
307 779
307 780
307 781
307 782
307 783
307 784
307 786
307 787
307 788
307 789
307 790
307 879
308 309
308 310
308 311
308 312
308 313
308 399
308 402
308 403
308 404
308 405
308 406
308 408
308 409
308 410
308 411
308 412
308 413
308 414
308 415
308 416
308 417
308 418
308 419
308 420
308 421
308 422
308 423
308 454
308 456
308 457
308 458
308 459
308 460
308 461
308 462
308 463
308 464
308 465
308 466
308 467
308 468
308 469
308 470
308 471
308 585
308 587
308 588
308 589
308 591
308 592
308 593
308 594
308 595
308 596
308 597
308 607
308 608
308 609
308 610
308 611
308 612
308 613
308 614
308 615
308 616
308 617
308 618
308 619
308 620
308 621
308 622
308 624
308 674
308 675
308 676
308 677
308 678
308 679
308 680
308 681
308 683
308 684
308 685
308 686
308 687
308 688
308 776
308 778
308 781
308 782
308 783
308 785
308 786
308 787
308 788
308 789
309 310
309 311
309 312
309 313
309 398
309 401
309 402
309 403
309 404
309 405
309 406
309 407
309 408
309 409
309 410
309 411
309 412
309 413
309 414
309 415
309 416
309 417
309 418
309 419
309 420
309 421
309 422
309 423
309 456
309 460
309 461
309 462
309 463
309 464
309 465
309 466
309 467
309 468
309 469
309 470
309 586
309 587
309 588
309 589
309 591
309 592
309 593
309 594
309 595
309 596
309 597
309 598
309 606
309 608
309 609
309 610
309 612
309 613
309 614
309 615
309 616
309 617
309 618
309 619
309 620
309 621
309 622
309 623
309 624
309 673
309 675
309 676
309 678
309 679
309 680
309 681
309 682
309 683
309 684
309 685
309 686
309 687
309 688
309 775
309 778
309 781
309 782
309 783
309 784
309 786
309 787
309 788
309 789
310 311
310 312
310 313
310 314
310 315
310 398
310 401
310 403
310 404
310 405
310 406
310 407
310 408
310 409
310 410
310 411
310 412
310 413
310 414
310 415
310 416
310 417
310 418
310 419
310 420
310 421
310 422
310 423
310 424
310 454
310 455
310 457
310 458
310 460
310 462
310 463
310 464
310 465
310 466
310 467
310 468
310 469
310 470
310 587
310 588
310 589
310 590
310 591
310 592
310 593
310 594
310 595
310 596
310 597
310 598
310 599
310 600
310 605
310 607
310 608
310 612
310 614
310 615
310 617
310 618
310 619
310 620
310 621
310 622
310 674
310 675
310 677
310 678
310 679
310 680
310 681
310 682
310 683
310 684
310 685
310 686
310 687
310 688
310 776
310 778
310 782
310 783
310 784
310 785
310 786
310 787
310 788
310 789
310 790
311 312
311 314
311 335
311 398
311 401
311 402
311 403
311 404
311 405
311 406
311 407
311 408
311 409
311 410
311 411
311 412
311 413
311 414
311 415
311 416
311 417
311 418
311 419
311 420
311 421
311 422
311 423
311 424
311 459
311 460
311 461
311 463
311 464
311 465
311 466
311 467
311 468
311 469
311 470
311 471
311 584
311 586
311 587
311 588
311 589
311 591
311 592
311 593
311 594
311 595
311 596
311 597
311 598
311 599
311 605
311 609
311 610
311 611
311 612
311 613
311 614
311 615
311 616
311 617
311 618
311 619
311 620
311 621
311 622
311 672
311 675
311 676
311 678
311 679
311 680
311 681
311 682
311 683
311 684
311 685
311 686
311 687
311 688
311 777
311 778
311 779
311 781
311 782
311 783
311 784
311 785
311 786
311 787
311 788
311 789
311 790
311 831
312 313
312 314
312 319
312 335
312 400
312 401
312 402
312 405
312 407
312 408
312 409
312 410
312 411
312 412
312 413
312 414
312 415
312 416
312 417
312 418
312 419
312 420
312 421
312 422
312 423
312 424
312 455
312 456
312 458
312 459
312 460
312 461
312 463
312 464
312 465
312 466
312 467
312 468
312 469
312 470
312 471
312 472
312 584
312 589
312 590
312 592
312 594
312 595
312 596
312 597
312 598
312 607
312 610
312 611
312 612
312 613
312 614
312 615
312 616
312 617
312 618
312 619
312 620
312 621
312 622
312 623
312 624
312 674
312 676
312 678
312 679
312 680
312 681
312 682
312 683
312 684
312 685
312 686
312 687
312 775
312 777
312 778
312 779
312 781
312 782
312 783
312 785
312 786
312 787
312 788
312 789
312 790
312 875
313 314
313 386
313 397
313 398
313 400
313 403
313 404
313 405
313 406
313 407
313 408
313 410
313 411
313 412
313 413
313 414
313 415
313 416
313 417
313 418
313 419
313 420
313 421
313 422
313 423
313 424
313 437
313 455
313 460
313 461
313 462
313 463
313 464
313 465
313 466
313 467
313 468
313 469
313 470
313 471
313 472
313 587
313 588
313 589
313 592
313 593
313 594
313 595
313 596
313 597
313 598
313 599
313 608
313 609
313 610
313 611
313 612
313 613
313 614
313 615
313 616
313 617
313 618
313 619
313 620
313 621
313 622
313 623
313 624
313 678
313 679
313 681
313 682
313 683
313 684
313 685
313 686
313 687
313 691
313 777
313 778
313 779
313 780
313 781
313 782
313 783
313 784
313 785
313 786
313 787
313 788
313 789
313 790
313 791
313 809
313 875
313 878
314 399
314 401
314 405
314 409
314 411
314 412
314 414
314 415
314 416
314 417
314 418
314 419
314 420
314 421
314 422
314 423
314 424
314 425
314 464
314 465
314 466
314 469
314 471
314 588
314 594
314 595
314 597
314 600
314 606
314 608
314 614
314 615
314 617
314 679
314 680
314 681
314 682
314 684
314 687
314 688
314 690
314 776
314 779
314 781
314 783
314 786
314 787
314 788
314 789
314 790
314 944
315 337
315 416
315 418
315 420
315 421
315 422
315 423
315 424
315 425
315 467
315 469
315 472
315 591
315 617
315 622
315 783
316 413
316 420
316 422
316 456
316 586
316 619
316 987
317 598
317 612
317 621
317 635
319 409
320 421
320 424
321 378
330 690
335 403
335 422
336 419
336 480
336 599
336 688
337 624
338 598
339 464
339 600
355 399
356 876
360 467
366 414
367 626
370 421
371 376
371 421
373 422
385 459
385 785
386 416
386 422
386 463
386 590
387 396
387 422
387 681
388 690
388 805
391 617
391 620
392 423
393 723
396 398
396 419
396 421
397 408
397 457
397 466
397 587
397 606
397 610
397 611
397 614
397 617
397 618
397 685
397 702
398 401
398 403
398 407
398 409
398 410
398 412
398 415
398 416
398 453
398 455
398 459
398 463
398 467
398 584
398 585
398 590
398 592
398 593
398 605
398 607
398 608
398 614
398 615
398 618
398 675
398 676
398 681
398 686
398 775
398 778
399 401
399 402
399 403
399 406
399 407
399 408
399 412
399 415
399 416
399 452
399 458
399 461
399 469
399 470
399 584
399 585
399 587
399 588
399 589
399 590
399 594
399 595
399 596
399 598
399 605
399 608
399 610
399 611
399 612
399 614
399 617
399 621
399 622
399 674
399 680
399 681
399 687
399 780
399 781
399 788
399 790
399 911
400 401
400 406
400 407
400 412
400 415
400 417
400 420
400 422
400 424
400 463
400 468
400 469
400 470
400 585
400 589
400 590
400 592
400 597
400 609
400 612
400 616
400 618
400 619
400 620
400 621
400 623
400 674
400 676
400 679
400 683
400 684
400 685
400 775
400 776
400 777
400 779
400 784
400 786
400 788
400 875
401 402
401 405
401 406
401 408
401 411
401 412
401 413
401 414
401 417
401 418
401 421
401 423
401 453
401 457
401 462
401 464
401 466
401 468
401 469
401 585
401 586
401 589
401 594
401 595
401 597
401 598
401 608
401 610
401 612
401 613
401 614
401 616
401 617
401 619
401 620
401 621
401 622
401 674
401 675
401 676
401 681
401 683
401 684
401 776
401 777
401 779
401 782
401 783
401 785
401 787
401 788
401 789
402 405
402 406
402 409
402 410
402 411
402 415
402 416
402 418
402 421
402 423
402 454
402 456
402 457
402 458
402 462
402 463
402 464
402 465
402 466
402 468
402 587
402 588
402 590
402 592
402 595
402 596
402 597
402 606
402 607
402 608
402 609
402 612
402 613
402 614
402 615
402 616
402 618
402 619
402 620
402 621
402 672
402 675
402 677
402 678
402 679
402 680
402 681
402 683
402 684
402 685
402 687
402 777
402 779
402 780
402 781
402 782
402 783
402 784
402 785
402 786
402 789
403 405
403 406
403 408
403 409
403 410
403 413
403 417
403 419
403 421
403 424
403 453
403 457
403 458
403 459
403 460
403 462
403 463
403 465
403 466
403 467
403 470
403 589
403 590
403 591
403 592
403 593
403 594
403 595
403 596
403 597
403 608
403 609
403 610
403 611
403 615
403 616
403 617
403 618
403 619
403 620
403 621
403 622
403 675
403 676
403 677
403 681
403 683
403 685
403 776
403 777
403 780
403 781
403 782
403 783
403 784
403 787
403 788
403 789
403 790
404 405
404 406
404 408
404 409
404 412
404 413
404 414
404 415
404 418
404 421
404 422
404 423
404 455
404 457
404 459
404 460
404 461
404 464
404 465
404 466
404 467
404 468
404 469
404 470
404 587
404 589
404 590
404 591
404 592
404 593
404 595
404 596
404 597
404 598
404 608
404 609
404 610
404 612
404 614
404 615
404 617
404 618
404 621
404 622
404 674
404 675
404 677
404 678
404 679
404 680
404 681
404 682
404 683
404 684
404 685
404 686
404 687
404 688
404 776
404 779
404 780
404 781
404 782
404 783
404 784
404 785
404 786
404 787
404 789
404 790
405 406
405 407
405 408
405 410
405 411
405 412
405 413
405 415
405 416
405 417
405 418
405 419
405 421
405 422
405 423
405 452
405 454
405 457
405 458
405 461
405 462
405 463
405 464
405 465
405 468
405 469
405 470
405 587
405 588
405 589
405 591
405 593
405 595
405 597
405 598
405 599
405 608
405 609
405 610
405 611
405 613
405 614
405 615
405 616
405 618
405 619
405 620
405 621
405 623
405 673
405 675
405 676
405 677
405 678
405 679
405 680
405 681
405 682
405 683
405 684
405 685
405 686
405 687
405 777
405 778
405 780
405 781
405 782
405 783
405 785
405 786
405 787
405 788
405 789
405 790
406 407
406 408
406 410
406 411
406 412
406 413
406 414
406 415
406 416
406 417
406 419
406 421
406 422
406 423
406 454
406 455
406 459
406 460
406 461
406 462
406 463
406 464
406 465
406 466
406 467
406 468
406 469
406 470
406 586
406 587
406 590
406 591
406 592
406 593
406 594
406 595
406 596
406 597
406 598
406 607
406 610
406 611
406 612
406 613
406 614
406 615
406 616
406 617
406 618
406 619
406 620
406 621
406 622
406 673
406 674
406 676
406 677
406 678
406 680
406 681
406 682
406 683
406 685
406 686
406 776
406 777
406 778
406 783
406 784
406 785
406 786
406 788
406 789
407 408
407 409
407 411
407 412
407 414
407 415
407 416
407 417
407 418
407 419
407 420
407 421
407 422
407 423
407 454
407 457
407 458
407 459
407 460
407 461
407 462
407 463
407 464
407 465
407 466
407 468
407 469
407 470
407 587
407 588
407 589
407 590
407 591
407 592
407 593
407 594
407 595
407 596
407 597
407 598
407 599
407 605
407 608
407 609
407 610
407 611
407 612
407 613
407 614
407 615
407 616
407 617
407 618
407 619
407 620
407 621
407 622
407 672
407 674
407 675
407 676
407 677
407 679
407 680
407 681
407 682
407 683
407 684
407 685
407 686
407 687
407 777
407 778
407 780
407 783
407 784
407 786
407 787
407 788
407 789
408 409
408 411
408 412
408 413
408 415
408 416
408 417
408 418
408 419
408 420
408 421
408 422
408 423
408 424
408 457
408 458
408 459
408 460
408 461
408 462
408 463
408 464
408 465
408 466
408 467
408 468
408 469
408 470
408 586
408 591
408 592
408 593
408 594
408 595
408 596
408 597
408 598
408 599
408 609
408 610
408 612
408 613
408 614
408 615
408 616
408 617
408 618
408 619
408 620
408 621
408 622
408 672
408 675
408 677
408 678
408 679
408 680
408 681
408 682
408 683
408 684
408 685
408 686
408 687
408 782
408 783
408 784
408 785
408 788
408 789
408 790
409 411
409 412
409 413
409 414
409 415
409 416
409 417
409 418
409 419
409 420
409 422
409 423
409 459
409 460
409 461
409 462
409 463
409 464
409 465
409 466
409 467
409 468
409 469
409 470
409 585
409 586
409 588
409 589
409 590
409 592
409 593
409 594
409 595
409 596
409 597
409 607
409 609
409 611
409 614
409 615
409 616
409 617
409 618
409 619
409 620
409 621
409 622
409 674
409 677
409 680
409 681
409 682
409 683
409 685
409 686
409 687
409 688
409 779
409 780
409 781
409 782
409 783
409 784
409 785
409 786
409 787
409 788
409 789
409 976
410 411
410 412
410 413
410 414
410 415
410 416
410 417
410 418
410 419
410 420
410 421
410 422
410 423
410 424
410 454
410 456
410 458
410 459
410 460
410 461
410 462
410 463
410 464
410 465
410 466
410 467
410 468
410 469
410 585
410 587
410 589
410 590
410 591
410 593
410 594
410 595
410 596
410 597
410 598
410 608
410 610
410 611
410 612
410 614
410 615
410 616
410 617
410 618
410 619
410 620
410 621
410 622
410 623
410 671
410 676
410 677
410 679
410 680
410 681
410 682
410 683
410 684
410 685
410 686
410 687
410 778
410 779
410 780
410 781
410 782
410 783
410 784
410 785
410 786
410 787
410 788
410 789
410 790
411 412
411 413
411 414
411 415
411 416
411 417
411 418
411 419
411 420
411 421
411 422
411 423
411 424
411 458
411 459
411 461
411 462
411 463
411 464
411 465
411 466
411 467
411 469
411 470
411 472
411 587
411 589
411 592
411 593
411 594
411 595
411 596
411 597
411 598
411 607
411 609
411 610
411 612
411 613
411 614
411 615
411 616
411 617
411 618
411 619
411 620
411 621
411 622
411 676
411 678
411 680
411 681
411 682
411 683
411 684
411 685
411 686
411 687
411 777
411 778
411 779
411 780
411 781
411 782
411 783
411 784
411 785
411 786
411 787
411 788
411 789
412 413
412 414
412 415
412 416
412 417
412 418
412 419
412 420
412 421
412 422
412 424
412 453
412 454
412 455
412 458
412 460
412 462
412 463
412 464
412 465
412 466
412 467
412 468
412 469
412 470
412 471
412 584
412 586
412 587
412 588
412 589
412 590
412 591
412 592
412 593
412 594
412 595
412 596
412 597
412 606
412 608
412 611
412 612
412 613
412 614
412 615
412 616
412 617
412 618
412 619
412 620
412 621
412 622
412 672
412 675
412 676
412 677
412 681
412 682
412 683
412 684
412 685
412 686
412 687
412 688
412 779
412 780
412 782
412 783
412 784
412 785
412 787
412 788
412 789
412 790
412 874
412 911
413 414
413 415
413 416
413 417
413 418
413 419
413 420
413 421
413 422
413 423
413 424
413 457
413 458
413 459
413 461
413 462
413 463
413 464
413 465
413 466
413 467
413 468
413 469
413 470
413 471
413 590
413 592
413 593
413 594
413 595
413 596
413 597
413 598
413 607
413 609
413 610
413 611
413 612
413 613
413 614
413 615
413 616
413 617
413 618
413 619
413 620
413 621
413 622
413 623
413 674
413 676
413 678
413 679
413 680
413 682
413 683
413 684
413 685
413 686
413 687
413 688
413 777
413 779
413 780
413 781
413 782
413 783
413 784
413 785
413 786
413 787
413 788
413 790
413 876
414 415
414 416
414 417
414 418
414 419
414 420
414 421
414 422
414 423
414 424
414 455
414 457
414 458
414 459
414 460
414 461
414 462
414 463
414 464
414 465
414 466
414 467
414 468
414 469
414 470
414 588
414 589
414 591
414 593
414 594
414 595
414 596
414 597
414 598
414 608
414 610
414 611
414 612
414 613
414 614
414 616
414 617
414 618
414 619
414 620
414 621
414 622
414 623
414 676
414 677
414 678
414 679
414 680
414 681
414 682
414 683
414 684
414 685
414 686
414 687
414 688
414 689
414 780
414 781
414 782
414 783
414 784
414 785
414 786
414 787
414 788
414 789
414 790
414 911
415 416
415 417
415 418
415 419
415 420
415 421
415 422
415 423
415 424
415 454
415 456
415 457
415 459
415 461
415 462
415 463
415 464
415 465
415 466
415 467
415 468
415 469
415 470
415 585
415 586
415 588
415 589
415 590
415 591
415 592
415 594
415 595
415 597
415 598
415 599
415 607
415 611
415 612
415 613
415 614
415 615
415 616
415 617
415 618
415 619
415 620
415 621
415 622
415 623
415 674
415 676
415 677
415 678
415 679
415 680
415 681
415 683
415 684
415 685
415 686
415 687
415 688
415 689
415 776
415 779
415 780
415 781
415 782
415 783
415 784
415 785
415 786
415 787
415 788
415 789
415 790
415 791
415 879
415 911
416 417
416 418
416 419
416 420
416 421
416 422
416 423
416 424
416 454
416 456
416 458
416 460
416 462
416 463
416 464
416 465
416 466
416 467
416 468
416 469
416 470
416 471
416 584
416 587
416 588
416 590
416 591
416 593
416 594
416 595
416 596
416 597
416 598
416 599
416 607
416 609
416 610
416 611
416 613
416 614
416 615
416 616
416 617
416 618
416 619
416 620
416 621
416 622
416 623
416 624
416 676
416 677
416 679
416 680
416 681
416 682
416 683
416 684
416 685
416 686
416 687
416 688
416 689
416 776
416 778
416 779
416 780
416 781
416 782
416 783
416 784
416 785
416 786
416 787
416 788
416 789
416 790
416 791
416 876
417 418
417 419
417 420
417 421
417 422
417 423
417 424
417 452
417 457
417 458
417 459
417 460
417 461
417 462
417 463
417 464
417 465
417 466
417 467
417 468
417 469
417 470
417 527
417 559
417 585
417 586
417 587
417 589
417 591
417 592
417 593
417 594
417 595
417 596
417 597
417 598
417 606
417 607
417 610
417 611
417 612
417 613
417 614
417 615
417 616
417 617
417 618
417 619
417 620
417 621
417 622
417 623
417 662
417 671
417 673
417 675
417 676
417 677
417 679
417 680
417 681
417 682
417 683
417 684
417 685
417 686
417 687
417 688
417 689
417 690
417 776
417 777
417 779
417 780
417 781
417 782
417 783
417 784
417 785
417 786
417 787
417 788
417 789
417 790
417 791
417 804
417 912
418 419
418 420
418 421
418 422
418 423
418 424
418 425
418 457
418 458
418 459
418 460
418 461
418 462
418 463
418 464
418 465
418 466
418 467
418 468
418 469
418 470
418 471
418 560
418 587
418 588
418 589
418 590
418 591
418 592
418 593
418 594
418 595
418 596
418 597
418 598
418 599
418 606
418 609
418 610
418 611
418 612
418 613
418 614
418 615
418 616
418 617
418 618
418 619
418 620
418 621
418 622
418 623
418 674
418 677
418 678
418 679
418 680
418 681
418 682
418 683
418 684
418 685
418 686
418 687
418 688
418 689
418 775
418 776
418 779
418 780
418 782
418 783
418 784
418 785
418 786
418 787
418 788
418 789
418 790
418 791
418 879
418 978
419 420
419 421
419 422
419 423
419 424
419 455
419 456
419 458
419 460
419 461
419 462
419 463
419 464
419 465
419 466
419 467
419 468
419 469
419 470
419 506
419 576
419 577
419 586
419 587
419 589
419 590
419 592
419 593
419 594
419 595
419 596
419 597
419 598
419 599
419 607
419 608
419 610
419 612
419 613
419 614
419 615
419 616
419 617
419 618
419 619
419 620
419 621
419 622
419 623
419 624
419 672
419 675
419 676
419 677
419 678
419 679
419 680
419 681
419 682
419 683
419 684
419 685
419 686
419 687
419 688
419 689
419 690
419 752
419 776
419 778
419 780
419 781
419 782
419 784
419 785
419 786
419 787
419 788
419 789
419 790
419 791
419 877
419 896
419 913
420 421
420 422
420 423
420 424
420 425
420 459
420 460
420 461
420 462
420 463
420 464
420 465
420 466
420 467
420 468
420 469
420 470
420 471
420 475
420 497
420 528
420 547
420 578
420 584
420 587
420 591
420 592
420 593
420 594
420 595
420 596
420 597
420 598
420 599
420 608
420 609
420 610
420 611
420 613
420 614
420 615
420 616
420 617
420 618
420 619
420 620
420 621
420 622
420 623
420 624
420 676
420 677
420 680
420 682
420 683
420 684
420 685
420 686
420 687
420 688
420 689
420 701
420 772
420 781
420 782
420 783
420 784
420 785
420 786
420 787
420 788
420 789
420 790
420 791
420 879
420 880
420 896
420 913
420 977
421 422
421 423
421 424
421 425
421 454
421 457
421 458
421 459
421 460
421 461
421 462
421 463
421 464
421 465
421 466
421 467
421 468
421 469
421 470
421 471
421 476
421 478
421 479
421 544
421 577
421 587
421 589
421 590
421 591
421 592
421 593
421 594
421 595
421 596
421 597
421 598
421 599
421 600
421 605
421 609
421 612
421 614
421 615
421 616
421 617
421 618
421 619
421 620
421 621
421 622
421 623
421 674
421 677
421 678
421 679
421 681
421 682
421 683
421 684
421 685
421 686
421 687
421 688
421 689
421 690
421 713
421 719
421 720
421 778
421 779
421 780
421 782
421 784
421 785
421 787
421 788
421 789
421 790
421 791
421 792
421 876
421 879
421 881
421 990
422 423
422 424
422 425
422 433
422 434
422 436
422 453
422 454
422 456
422 457
422 459
422 460
422 462
422 463
422 464
422 465
422 466
422 467
422 468
422 469
422 470
422 471
422 472
422 473
422 478
422 529
422 530
422 577
422 583
422 587
422 589
422 590
422 591
422 592
422 593
422 594
422 595
422 596
422 597
422 598
422 599
422 600
422 606
422 607
422 608
422 609
422 611
422 612
422 613
422 614
422 615
422 616
422 617
422 618
422 619
422 620
422 621
422 622
422 623
422 624
422 661
422 674
422 676
422 678
422 680
422 681
422 682
422 683
422 684
422 685
422 686
422 687
422 688
422 689
422 690
422 721
422 778
422 779
422 780
422 781
422 782
422 783
422 784
422 786
422 787
422 788
422 789
422 790
422 791
422 792
422 877
422 879
422 880
422 896
422 912
423 424
423 425
423 433
423 455
423 456
423 457
423 458
423 459
423 460
423 461
423 462
423 463
423 464
423 465
423 466
423 467
423 468
423 469
423 470
423 471
423 472
423 477
423 479
423 507
423 554
423 587
423 589
423 591
423 592
423 593
423 594
423 595
423 596
423 597
423 598
423 599
423 600
423 605
423 611
423 612
423 613
423 614
423 615
423 616
423 617
423 618
423 619
423 620
423 621
423 622
423 623
423 624
423 634
423 669
423 672
423 674
423 675
423 678
423 679
423 680
423 681
423 682
423 683
423 685
423 686
423 687
423 688
423 689
423 721
423 722
423 733
423 752
423 777
423 780
423 781
423 782
423 783
423 784
423 785
423 786
423 787
423 788
423 789
423 790
423 791
423 792
423 793
423 865
423 878
423 879
423 881
423 888
423 905
423 912
423 913
423 914
423 992
424 425
424 427
424 458
424 462
424 463
424 466
424 467
424 468
424 469
424 470
424 471
424 472
424 578
424 580
424 591
424 594
424 595
424 598
424 599
424 600
424 612
424 613
424 615
424 616
424 617
424 618
424 620
424 621
424 622
424 623
424 624
424 680
424 682
424 684
424 685
424 687
424 714
424 739
424 783
424 784
424 786
424 787
424 789
424 790
424 791
424 804
424 879
424 882
424 943
424 971
424 991
425 426
425 464
425 469
425 601
425 620
425 689
425 777
425 820
425 880
425 978
426 465
426 466
426 995
435 531
436 466
443 878
452 456
452 589
452 616
452 617
453 455
453 457
453 462
453 469
453 589
453 590
453 591
453 594
453 597
453 606
453 608
453 613
453 775
453 783
453 784
453 786
454 457
454 459
454 460
454 464
454 465
454 466
454 605
454 606
454 609
454 610
454 616
454 618
454 621
454 672
454 676
454 677
454 683
454 776
454 779
454 780
454 789
455 456
455 457
455 458
455 462
455 465
455 467
455 470
455 584
455 587
455 588
455 591
455 593
455 608
455 609
455 610
455 612
455 614
455 615
455 618
455 674
455 677
455 683
455 685
455 686
455 774
455 776
455 778
455 781
455 782
455 783
455 784
455 785
455 786
455 787
455 789
456 461
456 463
456 464
456 465
456 469
456 470
456 587
456 588
456 591
456 592
456 594
456 595
456 597
456 612
456 613
456 615
456 616
456 617
456 619
456 622
456 671
456 674
456 675
456 676
456 678
456 680
456 681
456 682
456 687
456 688
456 777
456 780
456 782
456 783
456 784
456 785
456 787
457 458
457 461
457 462
457 466
457 467
457 468
457 469
457 470
457 587
457 588
457 589
457 590
457 591
457 593
457 597
457 607
457 610
457 611
457 615
457 616
457 619
457 620
457 621
457 622
457 674
457 675
457 676
457 677
457 679
457 683
457 684
457 685
457 686
457 688
457 777
457 779
457 781
457 785
457 786
457 787
457 788
457 790
458 459
458 461
458 462
458 463
458 464
458 465
458 467
458 470
458 584
458 585
458 586
458 588
458 589
458 590
458 591
458 592
458 594
458 595
458 596
458 598
458 599
458 606
458 607
458 610
458 612
458 614
458 617
458 618
458 621
458 622
458 623
458 672
458 676
458 677
458 679
458 681
458 682
458 683
458 684
458 686
458 777
458 779
458 781
458 782
458 785
458 786
458 789
458 790
458 911
459 460
459 461
459 463
459 464
459 465
459 466
459 469
459 588
459 590
459 591
459 593
459 595
459 596
459 597
459 598
459 608
459 609
459 610
459 611
459 612
459 613
459 616
459 617
459 619
459 620
459 621
459 673
459 675
459 676
459 677
459 678
459 679
459 680
459 681
459 683
459 684
459 685
459 686
459 687
459 776
459 777
459 778
459 779
459 780
459 781
459 783
459 784
459 785
459 786
459 787
459 788
459 789
460 461
460 462
460 463
460 464
460 465
460 466
460 468
460 469
460 470
460 586
460 588
460 590
460 591
460 592
460 593
460 594
460 595
460 597
460 598
460 599
460 606
460 608
460 610
460 611
460 612
460 613
460 614
460 616
460 617
460 618
460 619
460 620
460 623
460 675
460 676
460 677
460 678
460 679
460 681
460 682
460 683
460 684
460 685
460 686
460 687
460 776
460 778
460 779
460 780
460 781
460 782
460 784
460 785
460 787
460 788
460 789
461 462
461 463
461 464
461 465
461 466
461 467
461 468
461 469
461 590
461 591
461 592
461 593
461 594
461 595
461 596
461 597
461 598
461 605
461 607
461 608
461 610
461 611
461 612
461 613
461 614
461 615
461 616
461 617
461 618
461 619
461 620
461 621
461 623
461 677
461 679
461 680
461 681
461 683
461 685
461 686
461 687
461 688
461 778
461 781
461 782
461 783
461 784
461 787
461 788
461 789
461 879
462 463
462 464
462 465
462 466
462 467
462 468
462 470
462 471
462 586
462 587
462 589
462 591
462 592
462 593
462 594
462 595
462 596
462 598
462 599
462 608
462 609
462 611
462 612
462 613
462 614
462 615
462 617
462 618
462 620
462 622
462 676
462 677
462 679
462 680
462 682
462 683
462 684
462 685
462 686
462 687
462 688
462 776
462 779
462 780
462 781
462 782
462 783
462 784
462 785
462 787
462 788
462 789
462 790
462 881
463 464
463 465
463 466
463 467
463 468
463 469
463 470
463 587
463 589
463 590
463 591
463 592
463 593
463 594
463 595
463 596
463 597
463 598
463 609
463 610
463 611
463 612
463 613
463 614
463 615
463 616
463 617
463 618
463 619
463 620
463 621
463 622
463 623
463 674
463 676
463 678
463 679
463 680
463 681
463 682
463 684
463 685
463 686
463 687
463 688
463 776
463 778
463 781
463 782
463 783
463 784
463 785
463 786
463 787
463 788
463 789
463 790
464 465
464 466
464 467
464 468
464 469
464 470
464 506
464 548
464 586
464 587
464 588
464 589
464 590
464 591
464 592
464 593
464 594
464 595
464 596
464 597
464 598
464 609
464 610
464 611
464 613
464 614
464 615
464 616
464 617
464 618
464 619
464 620
464 621
464 622
464 624
464 672
464 674
464 675
464 676
464 678
464 679
464 680
464 681
464 683
464 684
464 685
464 686
464 687
464 688
464 777
464 778
464 780
464 781
464 783
464 784
464 785
464 786
464 787
464 788
464 789
464 790
465 466
465 467
465 468
465 469
465 470
465 578
465 585
465 586
465 588
465 590
465 592
465 593
465 594
465 595
465 596
465 597
465 598
465 599
465 606
465 607
465 609
465 611
465 612
465 613
465 614
465 615
465 616
465 617
465 618
465 619
465 620
465 621
465 622
465 623
465 674
465 675
465 677
465 678
465 679
465 680
465 681
465 682
465 683
465 684
465 685
465 686
465 687
465 688
465 775
465 778
465 779
465 780
465 782
465 784
465 785
465 786
465 787
465 788
465 789
465 790
465 873
465 992
466 467
466 468
466 470
466 587
466 588
466 589
466 590
466 591
466 592
466 593
466 594
466 595
466 596
466 597
466 599
466 608
466 611
466 612
466 613
466 614
466 615
466 616
466 617
466 618
466 619
466 620
466 621
466 622
466 623
466 674
466 675
466 677
466 678
466 679
466 680
466 681
466 682
466 683
466 684
466 685
466 686
466 687
466 688
466 777
466 780
466 783
466 784
466 785
466 787
466 788
466 789
466 790
466 791
467 468
467 469
467 470
467 588
467 590
467 591
467 592
467 593
467 594
467 595
467 596
467 597
467 598
467 607
467 610
467 613
467 614
467 615
467 616
467 617
467 618
467 619
467 620
467 621
467 622
467 623
467 675
467 676
467 677
467 679
467 681
467 682
467 683
467 684
467 685
467 686
467 687
467 776
467 783
467 784
467 785
467 786
467 787
467 788
467 789
467 790
467 878
467 911
468 469
468 470
468 471
468 586
468 587
468 589
468 590
468 591
468 592
468 593
468 594
468 595
468 596
468 597
468 598
468 599
468 600
468 605
468 607
468 608
468 609
468 610
468 611
468 613
468 614
468 615
468 616
468 617
468 618
468 619
468 620
468 621
468 622
468 623
468 671
468 674
468 677
468 678
468 680
468 681
468 683
468 684
468 685
468 686
468 687
468 777
468 778
468 779
468 780
468 781
468 782
468 784
468 785
468 786
468 787
468 788
468 789
468 790
468 791
469 470
469 587
469 590
469 591
469 592
469 593
469 594
469 595
469 596
469 597
469 599
469 608
469 609
469 611
469 612
469 613
469 614
469 615
469 616
469 617
469 618
469 619
469 620
469 621
469 622
469 625
469 673
469 674
469 675
469 676
469 680
469 681
469 682
469 683
469 684
469 685
469 686
469 688
469 778
469 779
469 780
469 781
469 784
469 785
469 786
469 787
469 788
469 789
469 790
470 472
470 587
470 588
470 593
470 595
470 596
470 598
470 607
470 610
470 612
470 613
470 614
470 615
470 617
470 618
470 619
470 620
470 621
470 622
470 672
470 673
470 676
470 678
470 680
470 682
470 684
470 685
470 687
470 689
470 777
470 778
470 779
470 781
470 782
470 784
470 786
470 787
470 788
470 789
470 851
470 897
471 594
471 597
471 613
471 614
471 621
471 622
471 623
471 677
471 678
471 679
471 681
471 682
471 686
471 687
471 722
471 788
471 869
472 498
472 591
472 599
472 789
472 790
473 687
473 774
473 914
473 943
474 832
475 603
530 632
539 625
545 894
555 561
575 622
575 782
577 682
583 596
583 679
584 589
584 597
584 610
584 611
584 679
584 684
584 782
585 610
585 616
585 671
585 672
585 673
585 675
585 678
585 681
585 774
585 777
585 780
585 781
585 784
585 785
585 786
585 790
586 594
586 596
586 606
586 609
586 614
586 616
586 617
586 674
586 678
586 680
586 681
586 778
586 779
586 780
586 783
586 784
586 785
586 787
586 788
586 789
587 589
587 593
587 594
587 596
587 597
587 605
587 606
587 607
587 609
587 611
587 615
587 620
587 621
587 622
587 674
587 676
587 677
587 678
587 684
587 686
587 687
587 688
587 778
587 780
587 784
587 789
588 591
588 593
588 595
588 596
588 598
588 607
588 608
588 610
588 614
588 615
588 616
588 618
588 619
588 620
588 622
588 672
588 673
588 676
588 677
588 678
588 679
588 682
588 683
588 684
588 685
588 686
588 687
588 777
588 779
588 780
588 781
588 782
588 783
588 785
588 786
588 788
588 789
589 590
589 591
589 593
589 596
589 597
589 606
589 608
589 609
589 611
589 612
589 613
589 614
589 615
589 616
589 617
589 620
589 622
589 672
589 678
589 679
589 680
589 681
589 683
589 684
589 685
589 778
589 781
589 782
589 783
589 785
589 787
589 788
589 789
589 878
589 910
590 591
590 592
590 593
590 594
590 595
590 596
590 597
590 598
590 609
590 611
590 612
590 614
590 615
590 617
590 618
590 619
590 620
590 622
590 672
590 673
590 677
590 679
590 680
590 681
590 683
590 685
590 687
590 688
590 775
590 779
590 780
590 781
590 782
590 783
590 784
590 785
590 786
590 787
590 788
591 592
591 593
591 594
591 596
591 597
591 598
591 606
591 608
591 609
591 611
591 612
591 613
591 614
591 615
591 616
591 617
591 619
591 620
591 621
591 673
591 675
591 676
591 677
591 679
591 680
591 681
591 682
591 683
591 684
591 685
591 686
591 687
591 774
591 779
591 780
591 781
591 782
591 783
591 784
591 785
591 786
591 787
591 788
591 790
591 791
592 593
592 595
592 596
592 597
592 598
592 609
592 611
592 612
592 613
592 614
592 615
592 616
592 618
592 619
592 620
592 622
592 623
592 671
592 673
592 674
592 675
592 678
592 679
592 680
592 682
592 684
592 685
592 686
592 687
592 688
592 777
592 779
592 783
592 784
592 785
592 786
592 787
592 788
592 789
593 594
593 595
593 596
593 597
593 598
593 607
593 608
593 610
593 611
593 612
593 613
593 614
593 615
593 616
593 617
593 619
593 620
593 621
593 622
593 673
593 675
593 676
593 678
593 679
593 680
593 682
593 683
593 684
593 685
593 686
593 687
593 777
593 778
593 780
593 781
593 782
593 783
593 784
593 785
593 786
593 787
593 788
593 789
593 790
594 595
594 596
594 597
594 598
594 607
594 608
594 609
594 611
594 612
594 613
594 614
594 615
594 616
594 617
594 618
594 619
594 620
594 621
594 622
594 623
594 677
594 679
594 681
594 682
594 683
594 684
594 685
594 686
594 687
594 688
594 689
594 775
594 778
594 779
594 781
594 783
594 784
594 785
594 786
594 787
594 788
594 789
594 790
595 596
595 597
595 598
595 605
595 607
595 609
595 610
595 611
595 612
595 613
595 614
595 615
595 616
595 617
595 618
595 619
595 620
595 621
595 622
595 675
595 676
595 677
595 679
595 680
595 681
595 682
595 683
595 684
595 685
595 686
595 687
595 776
595 778
595 781
595 783
595 784
595 785
595 786
595 787
595 788
595 789
595 790
595 878
596 597
596 598
596 599
596 608
596 609
596 610
596 612
596 613
596 614
596 615
596 616
596 617
596 618
596 619
596 620
596 621
596 622
596 623
596 675
596 676
596 677
596 678
596 679
596 680
596 681
596 682
596 684
596 685
596 686
596 687
596 688
596 775
596 778
596 779
596 781
596 782
596 783
596 784
596 785
596 786
596 787
596 788
596 789
596 790
596 791
597 598
597 606
597 608
597 610
597 612
597 613
597 614
597 615
597 616
597 617
597 618
597 619
597 620
597 621
597 622
597 623
597 672
597 673
597 674
597 676
597 677
597 679
597 680
597 681
597 682
597 683
597 684
597 685
597 686
597 687
597 688
597 689
597 775
597 778
597 780
597 781
597 782
597 783
597 784
597 785
597 786
597 788
597 789
597 790
598 608
598 610
598 611
598 612
598 613
598 615
598 616
598 617
598 618
598 619
598 620
598 621
598 622
598 623
598 671
598 673
598 674
598 676
598 678
598 679
598 680
598 681
598 683
598 684
598 685
598 686
598 687
598 780
598 782
598 784
598 785
598 786
598 787
598 788
598 789
599 608
599 612
599 618
599 778
599 782
599 786
599 877
600 691
600 891
601 794
602 648
604 680
604 784
605 607
605 613
605 618
605 680
605 682
605 774
605 778
605 780
605 783
605 788
606 608
606 610
606 612
606 615
606 620
606 621
606 674
606 675
606 681
606 682
606 687
606 787
607 608
607 611
607 612
607 615
607 619
607 673
607 676
607 677
607 678
607 680
607 682
607 683
607 685
607 686
607 687
607 779
607 781
607 782
607 785
607 786
607 788
607 790
607 878
608 612
608 613
608 616
608 617
608 621
608 672
608 674
608 676
608 679
608 680
608 681
608 682
608 683
608 686
608 778
608 780
608 781
608 782
608 783
608 785
608 787
608 789
608 790
609 612
609 613
609 614
609 615
609 616
609 618
609 620
609 621
609 672
609 674
609 676
609 678
609 680
609 681
609 682
609 688
609 776
609 779
609 781
609 782
609 783
609 785
609 786
609 788
609 789
609 877
610 611
610 613
610 614
610 615
610 616
610 617
610 618
610 619
610 620
610 621
610 622
610 674
610 675
610 678
610 679
610 680
610 681
610 682
610 684
610 687
610 688
610 776
610 777
610 778
610 780
610 781
610 783
610 787
610 790
611 612
611 613
611 615
611 616
611 617
611 618
611 619
611 620
611 621
611 673
611 675
611 681
611 683
611 684
611 686
611 687
611 777
611 778
611 780
611 784
611 787
611 788
611 789
611 790
612 613
612 615
612 616
612 618
612 619
612 621
612 675
612 676
612 677
612 678
612 680
612 681
612 682
612 684
612 685
612 687
612 688
612 776
612 777
612 780
612 781
612 782
612 783
612 784
612 785
612 787
612 788
612 789
612 790
613 614
613 615
613 616
613 617
613 618
613 619
613 620
613 621
613 622
613 675
613 676
613 677
613 678
613 679
613 680
613 681
613 682
613 683
613 684
613 686
613 687
613 776
613 778
613 780
613 781
613 782
613 783
613 784
613 785
613 786
613 787
613 788
613 789
613 790
614 615
614 616
614 617
614 618
614 619
614 621
614 622
614 674
614 675
614 676
614 677
614 678
614 680
614 682
614 683
614 684
614 685
614 686
614 687
614 771
614 776
614 779
614 782
614 783
614 784
614 785
614 786
614 787
614 788
614 789
614 790
614 911
615 616
615 617
615 618
615 619
615 620
615 621
615 622
615 674
615 675
615 677
615 678
615 679
615 680
615 681
615 682
615 683
615 684
615 685
615 686
615 687
615 688
615 778
615 779
615 780
615 782
615 783
615 784
615 785
615 786
615 787
615 788
615 789
615 790
616 617
616 618
616 620
616 621
616 622
616 673
616 675
616 676
616 677
616 678
616 679
616 681
616 682
616 683
616 684
616 685
616 686
616 687
616 776
616 780
616 781
616 782
616 785
616 786
616 787
616 788
616 789
616 790
617 618
617 619
617 620
617 621
617 622
617 672
617 676
617 678
617 679
617 680
617 681
617 682
617 683
617 684
617 685
617 686
617 687
617 688
617 776
617 778
617 779
617 780
617 782
617 783
617 784
617 785
617 786
617 787
617 788
617 789
617 790
618 619
618 620
618 621
618 622
618 623
618 673
618 676
618 677
618 678
618 680
618 681
618 682
618 683
618 684
618 685
618 686
618 687
618 688
618 774
618 780
618 781
618 783
618 785
618 786
618 787
618 788
618 789
618 790
619 620
619 621
619 622
619 623
619 674
619 675
619 676
619 678
619 680
619 682
619 683
619 684
619 685
619 686
619 687
619 688
619 714
619 775
619 776
619 777
619 778
619 780
619 781
619 783
619 784
619 785
619 786
619 787
619 788
619 789
619 790
619 910
619 912
620 621
620 622
620 623
620 672
620 673
620 675
620 676
620 678
620 679
620 680
620 682
620 684
620 685
620 686
620 687
620 688
620 775
620 777
620 778
620 781
620 782
620 783
620 784
620 785
620 786
620 787
620 788
620 789
620 790
620 878
621 622
621 623
621 624
621 674
621 675
621 676
621 677
621 678
621 679
621 680
621 681
621 682
621 683
621 684
621 685
621 686
621 687
621 688
621 771
621 778
621 779
621 780
621 782
621 784
621 785
621 786
621 787
621 788
621 789
621 790
621 791
622 623
622 624
622 674
622 675
622 676
622 678
622 679
622 680
622 681
622 682
622 683
622 684
622 685
622 686
622 687
622 688
622 776
622 782
622 783
622 784
622 785
622 786
622 787
622 788
622 789
622 790
623 677
623 680
623 683
623 685
623 687
623 688
623 786
623 787
623 789
623 790
623 913
624 740
624 772
625 634
625 688
626 691
631 913
637 818
639 687
646 773
671 675
671 686
672 675
672 676
672 677
672 784
673 674
673 679
673 681
673 683
673 775
673 776
673 777
673 780
673 781
673 782
673 787
673 788
674 678
674 681
674 682
674 683
674 684
674 685
674 687
674 777
674 778
674 782
674 783
674 784
674 789
675 676
675 679
675 680
675 681
675 683
675 684
675 686
675 687
675 780
675 781
675 782
675 783
675 785
675 788
676 679
676 680
676 683
676 684
676 687
676 689
676 775
676 777
676 780
676 782
676 784
676 785
677 678
677 681
677 682
677 684
677 685
677 686
677 687
677 777
677 778
677 781
677 783
677 784
677 786
677 787
677 790
678 680
678 681
678 682
678 683
678 684
678 685
678 686
678 687
678 688
678 774
678 775
678 778
678 780
678 781
678 782
678 783
678 784
678 785
678 786
678 787
679 680
679 682
679 683
679 684
679 685
679 687
679 777
679 778
679 779
679 780
679 781
679 782
679 783
679 784
679 785
679 787
679 789
679 791
680 681
680 682
680 683
680 684
680 685
680 687
680 688
680 775
680 776
680 779
680 780
680 781
680 783
680 784
680 785
680 786
680 787
680 788
680 789
680 790
681 682
681 683
681 684
681 685
681 686
681 687
681 777
681 780
681 782
681 784
681 786
681 787
681 788
681 789
682 683
682 684
682 685
682 686
682 687
682 777
682 779
682 781
682 782
682 783
682 784
682 785
682 786
682 787
682 788
682 789
682 790
683 684
683 685
683 686
683 687
683 780
683 782
683 784
683 785
683 786
683 787
683 788
683 789
683 790
684 685
684 686
684 687
684 777
684 778
684 779
684 782
684 783
684 784
684 785
684 786
684 787
684 788
684 789
684 790
684 877
685 686
685 687
685 688
685 776
685 778
685 781
685 782
685 783
685 785
685 786
685 787
685 788
685 789
685 790
685 791
686 687
686 688
686 709
686 778
686 779
686 782
686 783
686 785
686 786
686 787
686 788
686 789
686 790
686 875
687 688
687 775
687 778
687 779
687 781
687 782
687 783
687 784
687 785
687 786
687 787
687 788
687 789
687 875
687 878
687 886
688 779
688 784
688 785
688 788
688 790
688 793
688 879
689 785
689 970
690 909
692 915
714 773
715 880
729 792
741 834
753 876
774 776
774 786
775 776
776 783
776 784
777 780
777 784
777 785
778 779
778 780
778 781
778 783
778 787
778 788
778 789
779 782
779 783
779 784
779 786
779 788
779 789
780 784
780 785
780 786
780 787
780 790
781 782
781 783
781 784
781 785
781 786
781 787
781 788
781 789
781 790
782 783
782 784
782 785
782 786
782 788
782 789
782 790
782 910
783 784
783 785
783 787
783 788
783 789
783 790
783 874
784 785
784 787
784 788
784 789
784 790
785 786
785 787
785 788
785 789
786 787
786 788
786 789
786 790
786 874
787 788
787 789
787 791
788 789
788 790
788 791
789 791
789 876
789 911
790 880
790 912
792 796
792 993
794 881
866 881
875 880
877 918
945 979
