1 151
14 531
15 543
15 545
15 954
16 318
25 546
26 546
26 607
27 547
28 547
28 604
29 546
38 742
41 544
49 154
60 250
66 533
81 549
83 604
84 817
85 546
95 550
96 866
100 148
101 407
101 610
104 539
105 533
105 549
106 320
110 864
116 484
120 599
121 543
128 130
128 133
128 140
128 141
128 145
128 146
128 424
128 519
128 587
128 588
128 603
128 702
128 723
128 735
129 132
129 136
129 137
129 149
129 151
129 312
129 313
129 315
129 416
129 427
129 445
129 519
129 528
129 532
129 545
129 584
129 585
129 590
129 595
129 596
129 598
129 600
129 601
129 602
129 673
129 676
129 694
129 695
129 700
129 736
129 740
130 134
130 136
130 141
130 143
130 147
130 150
130 152
130 153
130 311
130 313
130 315
130 320
130 420
130 423
130 516
130 525
130 531
130 537
130 538
130 546
130 585
130 587
130 588
130 589
130 590
130 594
130 596
130 603
130 604
130 607
130 675
130 681
130 683
130 695
130 701
130 702
130 704
130 723
130 724
130 725
130 727
130 729
130 730
130 734
130 737
130 742
131 133
131 135
131 144
131 145
131 147
131 148
131 153
131 154
131 308
131 312
131 314
131 315
131 420
131 521
131 524
131 529
131 530
131 533
131 534
131 539
131 540
131 546
131 585
131 586
131 587
131 588
131 592
131 595
131 598
131 599
131 600
131 606
131 672
131 673
131 679
131 680
131 681
131 682
131 683
131 696
131 702
131 703
131 722
131 723
131 729
131 733
131 734
131 736
131 737
131 741
131 743
131 745
131 746
132 133
132 137
132 138
132 139
132 144
132 145
132 146
132 148
132 151
132 153
132 307
132 308
132 309
132 310
132 311
132 312
132 313
132 316
132 417
132 421
132 422
132 425
132 446
132 519
132 522
132 523
132 524
132 525
132 526
132 527
132 529
132 530
132 531
132 533
132 535
132 537
132 538
132 539
132 542
132 544
132 548
132 583
132 590
132 595
132 596
132 597
132 598
132 599
132 600
132 604
132 607
132 674
132 679
132 681
132 682
132 698
132 701
132 702
132 703
132 722
132 725
132 728
132 729
132 730
132 731
132 734
132 735
132 736
132 737
132 738
132 741
132 742
132 744
132 745
133 136
133 138
133 139
133 142
133 144
133 145
133 146
133 148
133 149
133 187
133 306
133 308
133 310
133 311
133 312
133 314
133 315
133 420
133 421
133 423
133 424
133 425
133 426
133 447
133 518
133 521
133 522
133 523
133 525
133 530
133 531
133 532
133 533
133 534
133 537
133 538
133 541
133 542
133 543
133 544
133 545
133 546
133 547
133 548
133 588
133 590
133 591
133 595
133 597
133 599
133 600
133 601
133 602
133 603
133 604
133 605
133 606
133 608
133 676
133 679
133 680
133 681
133 682
133 695
133 696
133 697
133 698
133 700
133 701
133 702
133 703
133 704
133 725
133 726
133 727
133 728
133 730
133 735
133 737
133 738
133 741
133 742
133 743
133 745
134 135
134 137
134 138
134 139
134 140
134 141
134 142
134 144
134 149
134 150
134 151
134 153
134 310
134 311
134 313
134 314
134 315
134 417
134 419
134 421
134 422
134 424
134 425
134 445
134 517
134 519
134 521
134 522
134 523
134 524
134 525
134 526
134 527
134 528
134 529
134 530
134 531
134 532
134 534
134 535
134 536
134 537
134 538
134 539
134 540
134 543
134 544
134 546
134 548
134 588
134 590
134 591
134 592
134 593
134 594
134 595
134 596
134 597
134 598
134 600
134 602
134 603
134 604
134 605
134 607
134 678
134 679
134 680
134 681
134 697
134 698
134 700
134 703
134 704
134 705
134 719
134 722
134 723
134 724
134 726
134 727
134 728
134 729
134 733
134 734
134 735
134 736
134 737
134 739
134 740
134 742
134 743
134 744
134 745
135 137
135 138
135 140
135 141
135 142
135 144
135 145
135 146
135 148
135 149
135 150
135 151
135 152
135 153
135 307
135 309
135 311
135 312
135 313
135 314
135 418
135 419
135 422
135 424
135 519
135 520
135 521
135 523
135 524
135 525
135 528
135 529
135 530
135 531
135 533
135 534
135 535
135 536
135 537
135 538
135 539
135 540
135 541
135 542
135 543
135 544
135 545
135 546
135 548
135 584
135 586
135 587
135 588
135 591
135 592
135 593
135 594
135 595
135 596
135 597
135 598
135 601
135 603
135 605
135 606
135 607
135 674
135 679
135 680
135 681
135 682
135 697
135 698
135 699
135 700
135 702
135 703
135 704
135 705
135 706
135 721
135 723
135 724
135 725
135 726
135 727
135 728
135 730
135 731
135 732
135 733
135 735
135 736
135 737
135 738
135 739
135 740
135 741
135 742
135 743
135 745
136 138
136 139
136 140
136 141
136 142
136 143
136 144
136 145
136 146
136 148
136 149
136 150
136 151
136 152
136 154
136 309
136 310
136 311
136 312
136 313
136 314
136 315
136 417
136 419
136 420
136 422
136 424
136 518
136 520
136 521
136 522
136 523
136 524
136 525
136 526
136 527
136 528
136 529
136 530
136 531
136 532
136 533
136 534
136 535
136 536
136 537
136 538
136 540
136 541
136 543
136 544
136 545
136 546
136 547
136 548
136 586
136 587
136 588
136 589
136 590
136 591
136 593
136 594
136 595
136 596
136 597
136 598
136 599
136 600
136 603
136 604
136 607
136 678
136 680
136 681
136 682
136 683
136 698
136 699
136 700
136 703
136 704
136 705
136 722
136 723
136 725
136 726
136 728
136 729
136 730
136 731
136 732
136 733
136 734
136 735
136 736
136 737
136 738
136 741
136 742
136 743
136 744
136 745
136 884
137 138
137 139
137 140
137 141
137 143
137 144
137 145
137 146
137 147
137 148
137 149
137 150
137 151
137 152
137 153
137 310
137 312
137 313
137 315
137 422
137 424
137 425
137 426
137 446
137 517
137 520
137 521
137 522
137 523
137 525
137 527
137 528
137 529
137 530
137 531
137 532
137 534
137 535
137 536
137 537
137 538
137 539
137 540
137 541
137 542
137 543
137 544
137 545
137 546
137 547
137 548
137 585
137 586
137 589
137 590
137 591
137 592
137 593
137 594
137 595
137 596
137 597
137 599
137 600
137 601
137 602
137 603
137 605
137 606
137 607
137 676
137 677
137 678
137 679
137 680
137 681
137 682
137 695
137 696
137 697
137 699
137 700
137 701
137 702
137 703
137 706
137 722
137 723
137 727
137 728
137 729
137 731
137 732
137 733
137 734
137 736
137 738
137 739
137 741
137 742
137 743
137 744
137 745
137 988
138 139
138 140
138 141
138 142
138 143
138 144
138 145
138 146
138 148
138 149
138 150
138 151
138 152
138 153
138 308
138 309
138 310
138 312
138 313
138 314
138 315
138 416
138 419
138 422
138 425
138 517
138 518
138 520
138 523
138 524
138 525
138 526
138 527
138 528
138 529
138 530
138 531
138 533
138 534
138 535
138 536
138 537
138 538
138 539
138 540
138 541
138 542
138 543
138 544
138 545
138 547
138 548
138 549
138 584
138 585
138 586
138 588
138 590
138 591
138 592
138 593
138 596
138 597
138 598
138 599
138 600
138 601
138 602
138 603
138 604
138 606
138 607
138 673
138 675
138 677
138 679
138 680
138 682
138 683
138 694
138 695
138 696
138 697
138 698
138 699
138 700
138 701
138 702
138 703
138 704
138 722
138 725
138 726
138 727
138 728
138 729
138 731
138 732
138 733
138 734
138 735
138 736
138 737
138 738
138 739
138 740
138 741
138 742
138 743
138 744
138 745
139 140
139 141
139 142
139 143
139 144
139 146
139 147
139 148
139 149
139 150
139 151
139 152
139 153
139 308
139 309
139 310
139 311
139 313
139 314
139 315
139 420
139 421
139 422
139 423
139 424
139 425
139 426
139 445
139 520
139 521
139 522
139 523
139 524
139 525
139 526
139 527
139 528
139 529
139 530
139 531
139 532
139 533
139 534
139 535
139 536
139 537
139 538
139 539
139 540
139 541
139 542
139 543
139 544
139 545
139 546
139 547
139 548
139 549
139 583
139 586
139 588
139 589
139 591
139 592
139 593
139 594
139 595
139 596
139 597
139 598
139 599
139 600
139 601
139 602
139 603
139 604
139 605
139 606
139 607
139 677
139 679
139 680
139 682
139 695
139 696
139 697
139 698
139 700
139 701
139 702
139 703
139 705
139 722
139 724
139 725
139 726
139 727
139 728
139 730
139 731
139 732
139 733
139 735
139 737
139 738
139 739
139 741
139 742
139 743
139 744
139 745
139 966
140 141
140 142
140 143
140 144
140 145
140 146
140 147
140 148
140 149
140 150
140 151
140 153
140 306
140 307
140 309
140 310
140 311
140 312
140 313
140 314
140 315
140 417
140 419
140 420
140 421
140 422
140 423
140 424
140 425
140 446
140 447
140 519
140 521
140 522
140 524
140 526
140 527
140 528
140 529
140 530
140 531
140 532
140 533
140 534
140 535
140 536
140 538
140 539
140 540
140 541
140 542
140 543
140 544
140 545
140 546
140 547
140 548
140 586
140 587
140 588
140 590
140 591
140 592
140 593
140 594
140 595
140 596
140 597
140 598
140 599
140 600
140 601
140 602
140 603
140 604
140 605
140 606
140 607
140 675
140 677
140 679
140 680
140 696
140 697
140 698
140 700
140 701
140 702
140 703
140 704
140 705
140 706
140 722
140 725
140 726
140 727
140 728
140 729
140 730
140 731
140 732
140 733
140 734
140 735
140 736
140 737
140 738
140 739
140 740
140 741
140 744
140 745
140 771
141 142
141 143
141 144
141 145
141 146
141 147
141 148
141 149
141 150
141 151
141 152
141 153
141 307
141 308
141 310
141 311
141 312
141 313
141 314
141 420
141 421
141 422
141 424
141 425
141 516
141 517
141 521
141 522
141 523
141 524
141 525
141 526
141 527
141 528
141 529
141 530
141 531
141 532
141 533
141 534
141 535
141 536
141 537
141 538
141 539
141 540
141 541
141 542
141 543
141 545
141 546
141 547
141 548
141 588
141 589
141 590
141 591
141 592
141 593
141 594
141 595
141 596
141 597
141 598
141 599
141 600
141 601
141 602
141 603
141 604
141 606
141 607
141 679
141 680
141 681
141 684
141 697
141 698
141 699
141 700
141 701
141 702
141 703
141 704
141 705
141 706
141 724
141 725
141 726
141 727
141 728
141 729
141 730
141 731
141 732
141 733
141 734
141 735
141 736
141 737
141 738
141 739
141 740
141 741
141 742
141 743
141 744
141 745
141 746
142 143
142 144
142 145
142 146
142 147
142 148
142 149
142 150
142 151
142 152
142 153
142 309
142 310
142 311
142 313
142 314
142 338
142 410
142 419
142 423
142 424
142 426
142 518
142 519
142 520
142 522
142 523
142 524
142 525
142 526
142 527
142 528
142 529
142 530
142 531
142 532
142 533
142 534
142 535
142 536
142 537
142 538
142 539
142 540
142 541
142 542
142 543
142 544
142 545
142 546
142 547
142 548
142 587
142 588
142 589
142 590
142 591
142 593
142 594
142 595
142 596
142 597
142 598
142 599
142 600
142 601
142 602
142 603
142 604
142 605
142 606
142 607
142 676
142 677
142 678
142 679
142 681
142 682
142 696
142 697
142 698
142 699
142 700
142 701
142 702
142 703
142 704
142 705
142 706
142 724
142 726
142 727
142 728
142 729
142 730
142 731
142 732
142 733
142 734
142 735
142 736
142 737
142 738
142 739
142 740
142 741
142 742
142 743
142 744
142 745
142 746
143 144
143 145
143 146
143 147
143 148
143 149
143 150
143 151
143 152
143 153
143 309
143 313
143 314
143 315
143 316
143 423
143 424
143 425
143 427
143 522
143 524
143 525
143 526
143 527
143 528
143 529
143 530
143 531
143 532
143 533
143 534
143 536
143 537
143 538
143 539
143 540
143 541
143 542
143 543
143 544
143 545
143 546
143 547
143 548
143 585
143 588
143 589
143 590
143 591
143 592
143 593
143 594
143 595
143 596
143 597
143 598
143 599
143 600
143 601
143 602
143 603
143 604
143 605
143 606
143 607
143 674
143 677
143 679
143 680
143 681
143 682
143 696
143 697
143 699
143 700
143 701
143 702
143 703
143 704
143 705
143 706
143 722
143 723
143 724
143 725
143 726
143 727
143 729
143 730
143 731
143 732
143 733
143 734
143 735
143 736
143 737
143 738
143 739
143 740
143 741
143 742
143 743
143 744
143 745
143 746
143 781
143 967
144 145
144 146
144 147
144 148
144 149
144 150
144 151
144 152
144 153
144 209
144 309
144 310
144 311
144 312
144 313
144 314
144 315
144 417
144 418
144 421
144 422
144 424
144 425
144 519
144 521
144 522
144 524
144 525
144 526
144 528
144 529
144 530
144 531
144 532
144 533
144 534
144 535
144 536
144 537
144 538
144 539
144 540
144 541
144 542
144 543
144 544
144 545
144 546
144 547
144 548
144 550
144 587
144 588
144 589
144 590
144 591
144 592
144 593
144 594
144 595
144 596
144 597
144 598
144 599
144 600
144 601
144 602
144 603
144 604
144 605
144 606
144 607
144 608
144 674
144 675
144 676
144 678
144 679
144 680
144 681
144 682
144 683
144 696
144 698
144 699
144 700
144 701
144 702
144 703
144 704
144 705
144 706
144 724
144 727
144 728
144 729
144 730
144 731
144 732
144 733
144 734
144 735
144 736
144 737
144 738
144 739
144 740
144 741
144 742
144 743
144 744
144 745
144 746
145 146
145 147
145 148
145 149
145 150
145 151
145 152
145 153
145 308
145 310
145 311
145 313
145 315
145 340
145 420
145 421
145 423
145 424
145 425
145 519
145 523
145 524
145 525
145 526
145 527
145 528
145 529
145 530
145 531
145 532
145 533
145 534
145 535
145 536
145 537
145 538
145 539
145 540
145 541
145 542
145 543
145 544
145 545
145 546
145 547
145 548
145 549
145 588
145 589
145 590
145 591
145 592
145 593
145 594
145 595
145 596
145 597
145 598
145 599
145 600
145 601
145 602
145 603
145 604
145 605
145 606
145 607
145 676
145 678
145 679
145 681
145 682
145 693
145 697
145 699
145 700
145 701
145 702
145 703
145 704
145 705
145 706
145 725
145 726
145 728
145 729
145 730
145 731
145 733
145 734
145 735
145 736
145 737
145 738
145 739
145 740
145 741
145 742
145 743
145 744
145 745
146 147
146 148
146 149
146 150
146 151
146 152
146 153
146 309
146 310
146 312
146 313
146 314
146 315
146 316
146 340
146 417
146 420
146 422
146 424
146 425
146 426
146 519
146 520
146 521
146 524
146 525
146 526
146 527
146 528
146 529
146 530
146 531
146 532
146 533
146 534
146 535
146 536
146 537
146 538
146 539
146 540
146 541
146 542
146 543
146 544
146 545
146 546
146 547
146 548
146 586
146 587
146 588
146 589
146 590
146 591
146 592
146 593
146 594
146 595
146 596
146 597
146 598
146 599
146 600
146 601
146 602
146 603
146 604
146 605
146 606
146 607
146 676
146 677
146 679
146 680
146 681
146 682
146 692
146 695
146 697
146 698
146 700
146 701
146 702
146 703
146 704
146 705
146 706
146 723
146 726
146 727
146 729
146 730
146 731
146 732
146 733
146 734
146 735
146 736
146 737
146 738
146 739
146 740
146 741
146 742
146 743
146 744
146 745
146 746
146 855
146 925
147 148
147 149
147 150
147 151
147 152
147 153
147 249
147 310
147 311
147 312
147 313
147 314
147 315
147 420
147 421
147 422
147 423
147 424
147 425
147 447
147 517
147 522
147 524
147 525
147 526
147 527
147 528
147 529
147 530
147 531
147 532
147 533
147 534
147 535
147 536
147 537
147 538
147 539
147 540
147 541
147 542
147 543
147 544
147 545
147 546
147 547
147 548
147 585
147 589
147 590
147 591
147 594
147 595
147 596
147 597
147 598
147 599
147 600
147 601
147 602
147 603
147 604
147 605
147 606
147 607
147 675
147 676
147 677
147 681
147 682
147 684
147 696
147 697
147 698
147 700
147 702
147 703
147 704
147 705
147 706
147 707
147 724
147 726
147 727
147 728
147 729
147 730
147 731
147 732
147 733
147 734
147 735
147 736
147 737
147 738
147 739
147 740
147 741
147 742
147 743
147 744
147 745
147 746
148 149
148 150
148 151
148 152
148 153
148 307
148 309
148 310
148 311
148 312
148 313
148 315
148 316
148 418
148 419
148 422
148 423
148 424
148 425
148 516
148 520
148 521
148 522
148 523
148 525
148 526
148 527
148 528
148 529
148 530
148 531
148 532
148 533
148 534
148 535
148 536
148 537
148 538
148 539
148 540
148 541
148 542
148 543
148 544
148 545
148 546
148 547
148 548
148 549
148 586
148 587
148 588
148 589
148 590
148 593
148 594
148 595
148 596
148 597
148 598
148 599
148 600
148 601
148 602
148 603
148 604
148 605
148 606
148 607
148 608
148 674
148 676
148 677
148 678
148 679
148 680
148 681
148 682
148 683
148 697
148 698
148 699
148 700
148 701
148 702
148 703
148 704
148 705
148 706
148 721
148 723
148 726
148 727
148 730
148 731
148 732
148 733
148 734
148 735
148 736
148 737
148 738
148 739
148 740
148 741
148 742
148 743
148 744
148 745
148 746
149 150
149 151
149 152
149 153
149 215
149 249
149 306
149 308
149 310
149 311
149 312
149 313
149 314
149 315
149 316
149 317
149 383
149 416
149 418
149 420
149 421
149 422
149 423
149 425
149 427
149 446
149 519
149 522
149 524
149 525
149 526
149 528
149 529
149 530
149 531
149 532
149 533
149 534
149 535
149 536
149 537
149 538
149 539
149 540
149 541
149 542
149 543
149 544
149 545
149 546
149 547
149 548
149 550
149 586
149 588
149 589
149 590
149 591
149 592
149 593
149 594
149 595
149 596
149 597
149 598
149 599
149 600
149 601
149 602
149 603
149 604
149 605
149 606
149 607
149 608
149 675
149 676
149 678
149 680
149 681
149 682
149 683
149 684
149 694
149 697
149 699
149 700
149 701
149 702
149 703
149 704
149 705
149 706
149 707
149 725
149 726
149 727
149 728
149 729
149 730
149 731
149 732
149 733
149 734
149 735
149 736
149 737
149 738
149 739
149 740
149 741
149 742
149 743
149 744
149 745
149 883
150 151
150 152
150 248
150 310
150 311
150 312
150 315
150 316
150 317
150 339
150 417
150 419
150 421
150 424
150 425
150 426
150 427
150 518
150 519
150 521
150 522
150 523
150 524
150 525
150 526
150 527
150 528
150 529
150 530
150 531
150 532
150 533
150 534
150 535
150 536
150 537
150 538
150 539
150 540
150 541
150 542
150 543
150 544
150 545
150 546
150 547
150 548
150 549
150 587
150 588
150 589
150 590
150 591
150 592
150 593
150 594
150 595
150 596
150 597
150 598
150 599
150 600
150 601
150 602
150 603
150 604
150 605
150 606
150 607
150 608
150 609
150 676
150 677
150 678
150 679
150 681
150 682
150 683
150 685
150 697
150 698
150 699
150 700
150 702
150 703
150 704
150 705
150 706
150 707
150 724
150 725
150 726
150 727
150 728
150 729
150 731
150 732
150 733
150 734
150 735
150 736
150 737
150 738
150 739
150 740
150 741
150 742
150 743
150 744
150 745
150 746
150 864
150 921
151 152
151 153
151 155
151 189
151 308
151 311
151 312
151 314
151 315
151 419
151 420
151 422
151 423
151 424
151 447
151 518
151 520
151 521
151 523
151 524
151 525
151 526
151 527
151 528
151 529
151 530
151 531
151 532
151 533
151 534
151 535
151 536
151 537
151 538
151 539
151 540
151 541
151 542
151 543
151 544
151 545
151 546
151 547
151 548
151 587
151 590
151 591
151 592
151 593
151 594
151 595
151 596
151 597
151 598
151 599
151 600
151 601
151 602
151 603
151 604
151 605
151 606
151 607
151 609
151 648
151 676
151 678
151 679
151 680
151 681
151 682
151 683
151 693
151 698
151 701
151 702
151 703
151 704
151 705
151 706
151 721
151 722
151 723
151 724
151 726
151 727
151 729
151 730
151 733
151 734
151 735
151 736
151 737
151 738
151 739
151 740
151 741
151 742
151 743
151 744
151 745
151 984
151 997
152 153
152 154
152 292
152 309
152 311
152 312
152 313
152 314
152 315
152 316
152 418
152 421
152 423
152 424
152 425
152 426
152 427
152 518
152 519
152 520
152 522
152 523
152 524
152 525
152 526
152 527
152 528
152 529
152 530
152 531
152 532
152 533
152 534
152 535
152 536
152 537
152 538
152 539
152 540
152 541
152 542
152 543
152 544
152 545
152 546
152 547
152 548
152 584
152 585
152 587
152 589
152 590
152 591
152 592
152 593
152 594
152 595
152 596
152 597
152 598
152 599
152 600
152 601
152 602
152 603
152 604
152 605
152 606
152 607
152 608
152 609
152 647
152 675
152 678
152 679
152 680
152 681
152 688
152 695
152 696
152 698
152 699
152 700
152 701
152 702
152 703
152 704
152 705
152 706
152 707
152 723
152 725
152 726
152 727
152 728
152 730
152 731
152 732
152 733
152 734
152 735
152 736
152 737
152 738
152 739
152 740
152 741
152 742
152 743
152 744
152 745
152 746
152 925
153 251
153 308
153 309
153 311
153 312
153 313
153 314
153 317
153 417
153 420
153 423
153 424
153 517
153 519
153 520
153 521
153 523
153 524
153 525
153 526
153 527
153 529
153 530
153 533
153 534
153 535
153 536
153 537
153 538
153 539
153 540
153 541
153 542
153 543
153 544
153 545
153 546
153 547
153 548
153 587
153 589
153 590
153 591
153 593
153 594
153 595
153 596
153 597
153 598
153 599
153 600
153 601
153 602
153 604
153 605
153 606
153 607
153 609
153 680
153 681
153 683
153 686
153 697
153 698
153 701
153 703
153 704
153 705
153 706
153 725
153 727
153 729
153 730
153 731
153 732
153 734
153 735
153 737
153 738
153 739
153 740
153 743
153 744
153 745
153 746
153 816
154 314
154 337
154 527
154 533
154 541
154 542
154 544
154 545
154 546
154 547
154 548
154 549
154 589
154 605
154 682
154 687
154 699
154 704
154 733
154 735
154 740
154 743
154 745
154 890
155 296
155 342
155 540
155 546
155 745
155 767
155 805
156 305
156 361
156 545
157 704
160 541
188 361
188 538
188 546
188 606
189 310
189 543
189 607
189 684
190 543
190 885
190 912
191 545
192 550
193 743
194 248
199 542
206 546
210 546
216 545
217 549
232 420
235 537
235 546
236 548
236 741
240 602
241 749
243 544
244 543
245 546
246 545
247 545
249 540
249 546
250 547
256 953
267 544
268 748
286 545
289 917
290 590
290 746
291 547
291 594
291 597
292 546
292 547
292 548
292 709
293 544
293 548
293 744
294 551
304 548
305 307
305 315
305 517
305 534
305 536
305 544
305 599
305 607
305 700
305 723
305 743
306 307
306 314
306 420
306 424
306 518
306 520
306 524
306 536
306 538
306 540
306 587
306 589
306 600
306 673
306 679
306 680
306 682
306 693
306 695
306 700
306 701
306 722
306 728
306 733
306 736
306 739
306 744
306 746
307 309
307 311
307 417
307 421
307 424
307 517
307 525
307 534
307 538
307 539
307 540
307 542
307 547
307 590
307 594
307 597
307 602
307 603
307 605
307 674
307 680
307 681
307 682
307 693
307 695
307 722
307 724
307 728
307 731
307 732
307 735
307 739
307 741
307 744
307 746
308 310
308 311
308 313
308 314
308 316
308 417
308 418
308 419
308 422
308 423
308 445
308 447
308 521
308 523
308 527
308 530
308 531
308 535
308 537
308 538
308 539
308 546
308 547
308 590
308 592
308 597
308 598
308 600
308 602
308 674
308 675
308 676
308 677
308 678
308 680
308 695
308 698
308 700
308 702
308 704
308 723
308 729
308 731
308 733
308 734
308 735
308 738
308 739
308 740
308 743
308 745
309 310
309 312
309 315
309 416
309 419
309 421
309 422
309 424
309 425
309 518
309 520
309 521
309 523
309 527
309 529
309 530
309 532
309 535
309 536
309 537
309 538
309 544
309 545
309 547
309 548
309 585
309 587
309 588
309 591
309 593
309 594
309 595
309 596
309 599
309 600
309 601
309 602
309 604
309 605
309 606
309 675
309 676
309 678
309 695
309 697
309 698
309 704
309 706
309 722
309 723
309 724
309 728
309 730
309 732
309 733
309 734
309 735
309 740
309 741
309 742
309 744
310 311
310 315
310 423
310 424
310 519
310 520
310 522
310 523
310 524
310 525
310 527
310 528
310 532
310 534
310 536
310 537
310 538
310 539
310 540
310 541
310 542
310 545
310 546
310 547
310 548
310 585
310 586
310 587
310 589
310 590
310 592
310 594
310 595
310 597
310 599
310 600
310 602
310 605
310 606
310 607
310 678
310 679
310 680
310 682
310 693
310 697
310 698
310 699
310 700
310 701
310 702
310 703
310 721
310 722
310 727
310 728
310 729
310 730
310 731
310 732
310 733
310 734
310 736
310 738
310 739
310 740
310 742
310 744
310 745
311 313
311 314
311 315
311 318
311 418
311 419
311 420
311 423
311 424
311 425
311 518
311 519
311 520
311 521
311 523
311 525
311 526
311 527
311 528
311 532
311 535
311 539
311 540
311 541
311 542
311 543
311 544
311 545
311 546
311 547
311 548
311 586
311 589
311 590
311 592
311 594
311 595
311 596
311 597
311 598
311 599
311 600
311 602
311 603
311 605
311 606
311 607
311 673
311 676
311 677
311 678
311 679
311 680
311 681
311 696
311 698
311 699
311 700
311 701
311 702
311 703
311 723
311 726
311 727
311 729
311 730
311 731
311 733
311 734
311 735
311 736
311 737
311 738
311 739
311 740
311 741
311 743
311 744
311 745
311 746
312 313
312 314
312 315
312 421
312 422
312 423
312 424
312 425
312 446
312 518
312 521
312 523
312 524
312 525
312 526
312 530
312 531
312 533
312 535
312 537
312 538
312 541
312 542
312 543
312 544
312 545
312 546
312 588
312 589
312 591
312 592
312 593
312 594
312 595
312 596
312 597
312 598
312 599
312 600
312 603
312 604
312 605
312 607
312 676
312 680
312 695
312 697
312 698
312 699
312 700
312 702
312 704
312 723
312 724
312 726
312 727
312 728
312 729
312 730
312 731
312 732
312 734
312 735
312 736
312 737
312 738
312 740
312 741
312 743
312 744
312 745
313 314
313 315
313 316
313 420
313 423
313 424
313 425
313 426
313 427
313 519
313 520
313 522
313 523
313 524
313 525
313 526
313 527
313 528
313 529
313 530
313 531
313 532
313 533
313 534
313 535
313 539
313 540
313 542
313 544
313 545
313 546
313 547
313 548
313 586
313 587
313 588
313 589
313 590
313 591
313 592
313 594
313 596
313 597
313 598
313 599
313 600
313 601
313 602
313 605
313 607
313 674
313 679
313 680
313 681
313 682
313 683
313 696
313 697
313 698
313 700
313 703
313 704
313 706
313 721
313 724
313 726
313 727
313 728
313 729
313 730
313 731
313 732
313 733
313 737
313 738
313 739
313 740
313 741
313 742
313 743
313 744
313 823
314 315
314 316
314 417
314 420
314 422
314 423
314 424
314 425
314 446
314 518
314 521
314 523
314 524
314 525
314 527
314 528
314 529
314 530
314 531
314 532
314 533
314 534
314 535
314 536
314 537
314 538
314 539
314 540
314 541
314 542
314 543
314 544
314 546
314 547
314 548
314 584
314 588
314 589
314 590
314 591
314 592
314 593
314 594
314 596
314 597
314 598
314 599
314 600
314 601
314 602
314 603
314 604
314 605
314 606
314 607
314 675
314 677
314 679
314 681
314 697
314 699
314 700
314 701
314 703
314 704
314 705
314 706
314 722
314 723
314 725
314 726
314 728
314 729
314 730
314 731
314 732
314 733
314 734
314 737
314 738
314 740
314 741
314 742
314 743
314 744
315 419
315 421
315 423
315 424
315 425
315 426
315 427
315 517
315 519
315 520
315 522
315 525
315 526
315 527
315 528
315 529
315 530
315 532
315 533
315 534
315 535
315 538
315 539
315 540
315 541
315 542
315 544
315 545
315 546
315 547
315 548
315 586
315 587
315 591
315 592
315 593
315 595
315 596
315 597
315 599
315 600
315 601
315 602
315 603
315 605
315 606
315 607
315 675
315 676
315 678
315 679
315 680
315 681
315 694
315 695
315 699
315 700
315 701
315 702
315 703
315 704
315 705
315 706
315 723
315 725
315 726
315 727
315 729
315 731
315 732
315 733
315 734
315 735
315 736
315 737
315 738
315 739
315 740
315 741
315 742
315 743
315 744
315 745
315 824
315 912
316 520
316 530
316 532
316 535
316 536
316 539
316 540
316 541
316 542
316 543
316 544
316 545
316 546
316 587
316 588
316 589
316 591
316 593
316 596
316 597
316 598
316 599
316 600
316 601
316 604
316 605
316 606
316 607
316 678
316 701
316 702
316 704
316 724
316 732
316 735
316 737
316 740
316 744
316 745
317 533
317 534
317 544
317 545
317 546
317 548
317 549
317 600
317 604
317 605
317 732
317 733
317 741
317 742
317 984
318 542
318 543
318 545
318 546
318 548
318 598
318 606
318 693
318 722
318 741
319 429
319 543
319 544
319 547
319 611
321 754
325 991
338 422
338 546
338 598
339 592
339 606
339 730
340 545
340 546
340 547
340 605
340 740
341 547
341 986
341 992
342 655
343 773
344 649
360 542
360 548
364 546
364 590
365 609
365 742
369 741
384 547
385 411
388 606
401 521
401 543
402 547
406 542
407 546
408 492
409 533
410 705
415 589
416 534
416 538
416 539
416 541
416 590
416 594
416 596
416 679
416 681
416 697
416 704
416 705
416 722
416 724
416 744
417 419
417 520
417 525
417 526
417 536
417 540
417 542
417 544
417 546
417 547
417 585
417 586
417 589
417 590
417 599
417 605
417 606
417 607
417 675
417 695
417 697
417 699
417 703
417 706
417 726
417 731
417 732
417 742
417 744
418 421
418 422
418 426
418 521
418 522
418 525
418 526
418 529
418 531
418 532
418 537
418 538
418 586
418 589
418 591
418 593
418 594
418 596
418 600
418 603
418 604
418 606
418 676
418 694
418 697
418 700
418 701
418 702
418 703
418 722
418 724
418 726
418 728
418 729
418 730
418 731
418 732
418 734
418 736
418 738
418 740
419 420
419 422
419 423
419 424
419 518
419 519
419 521
419 522
419 523
419 526
419 528
419 532
419 538
419 545
419 546
419 547
419 588
419 589
419 591
419 594
419 595
419 598
419 600
419 603
419 678
419 682
419 683
419 697
419 699
419 702
419 703
419 704
419 705
419 721
419 726
419 727
419 728
419 733
419 734
419 736
419 738
419 739
419 741
419 743
419 744
419 745
420 421
420 424
420 446
420 447
420 517
420 520
420 523
420 524
420 526
420 528
420 529
420 535
420 537
420 540
420 541
420 545
420 548
420 585
420 586
420 588
420 594
420 595
420 600
420 603
420 604
420 605
420 606
420 676
420 678
420 679
420 680
420 695
420 696
420 699
420 700
420 702
420 703
420 705
420 722
420 724
420 728
420 730
420 731
420 733
420 734
420 735
420 740
420 743
420 745
421 423
421 425
421 426
421 427
421 518
421 519
421 520
421 521
421 522
421 524
421 525
421 528
421 530
421 532
421 534
421 535
421 536
421 544
421 545
421 546
421 548
421 583
421 585
421 588
421 589
421 590
421 593
421 594
421 595
421 596
421 598
421 599
421 600
421 603
421 604
421 605
421 606
421 607
421 608
421 674
421 677
421 678
421 679
421 694
421 697
421 698
421 702
421 703
421 704
421 705
421 722
421 723
421 724
421 726
421 728
421 729
421 730
421 732
421 733
421 737
421 738
421 740
421 741
421 742
421 744
421 745
422 423
422 424
422 425
422 517
422 518
422 519
422 520
422 522
422 523
422 525
422 526
422 528
422 530
422 532
422 533
422 534
422 535
422 536
422 537
422 538
422 539
422 540
422 541
422 542
422 543
422 544
422 585
422 588
422 589
422 591
422 593
422 594
422 595
422 598
422 599
422 600
422 601
422 602
422 604
422 605
422 606
422 607
422 608
422 674
422 676
422 677
422 678
422 679
422 680
422 681
422 682
422 693
422 694
422 695
422 697
422 699
422 700
422 702
422 703
422 704
422 706
422 723
422 725
422 726
422 727
422 728
422 729
422 730
422 731
422 732
422 734
422 735
422 736
422 738
422 739
422 740
422 742
422 743
422 744
423 426
423 517
423 519
423 522
423 525
423 526
423 528
423 529
423 530
423 531
423 532
423 534
423 535
423 536
423 537
423 538
423 539
423 541
423 542
423 543
423 544
423 546
423 547
423 548
423 583
423 587
423 588
423 590
423 591
423 592
423 593
423 594
423 595
423 597
423 598
423 599
423 601
423 602
423 603
423 604
423 605
423 674
423 675
423 676
423 678
423 679
423 681
423 682
423 695
423 697
423 698
423 699
423 700
423 701
423 704
423 705
423 706
423 725
423 726
423 727
423 728
423 729
423 730
423 731
423 734
423 736
423 737
423 738
423 739
423 740
423 741
423 742
423 743
423 744
424 425
424 522
424 523
424 524
424 525
424 526
424 527
424 528
424 529
424 530
424 531
424 532
424 533
424 534
424 535
424 536
424 537
424 539
424 541
424 542
424 543
424 545
424 546
424 547
424 548
424 585
424 586
424 587
424 589
424 590
424 591
424 592
424 593
424 594
424 596
424 597
424 598
424 599
424 600
424 602
424 604
424 605
424 606
424 607
424 676
424 677
424 678
424 679
424 681
424 682
424 696
424 697
424 698
424 701
424 702
424 703
424 704
424 705
424 706
424 725
424 726
424 727
424 728
424 731
424 734
424 735
424 736
424 737
424 739
424 740
424 741
424 743
424 746
424 748
424 925
425 517
425 518
425 519
425 520
425 522
425 524
425 525
425 527
425 528
425 529
425 530
425 531
425 532
425 533
425 534
425 535
425 536
425 537
425 538
425 539
425 541
425 542
425 543
425 544
425 545
425 546
425 547
425 548
425 587
425 588
425 589
425 590
425 591
425 592
425 594
425 595
425 596
425 597
425 598
425 600
425 602
425 604
425 605
425 606
425 607
425 608
425 674
425 676
425 678
425 679
425 680
425 681
425 682
425 696
425 697
425 698
425 701
425 702
425 703
425 704
425 705
425 706
425 723
425 724
425 726
425 730
425 731
425 734
425 735
425 736
425 737
425 738
425 740
425 742
425 744
425 745
426 517
426 519
426 522
426 523
426 528
426 532
426 533
426 535
426 538
426 541
426 542
426 543
426 544
426 545
426 546
426 547
426 589
426 591
426 592
426 596
426 597
426 598
426 601
426 602
426 604
426 605
426 606
426 607
426 675
426 677
426 696
426 699
426 703
426 705
426 708
426 724
426 725
426 727
426 729
426 730
426 731
426 732
426 734
426 735
426 736
426 738
426 740
426 743
426 744
427 447
427 449
427 525
427 534
427 541
427 542
427 543
427 545
427 546
427 547
427 602
427 606
427 607
427 728
427 735
427 738
427 742
428 449
428 542
428 543
428 594
428 741
428 747
428 962
429 542
429 686
434 545
444 545
444 602
444 724
445 516
445 517
445 528
445 534
445 540
445 590
445 606
445 695
445 698
445 701
445 724
445 727
445 728
445 732
445 738
446 525
446 530
446 540
446 544
446 546
446 547
446 589
446 601
446 605
446 697
446 703
446 723
446 731
446 734
446 737
447 520
447 549
447 595
447 606
447 679
447 700
447 702
447 726
447 741
447 742
447 744
448 541
448 544
448 546
448 548
448 598
448 604
448 607
448 693
448 743
448 744
449 547
449 608
449 741
450 610
450 785
451 602
453 547
466 544
476 546
477 747
483 531
483 599
497 545
499 547
508 549
511 745
515 539
516 527
516 528
516 534
516 538
516 548
516 595
516 596
516 598
516 675
516 678
516 681
516 704
516 737
517 518
517 533
517 537
517 540
517 586
517 587
517 591
517 597
517 674
517 677
517 682
517 699
517 727
517 731
517 733
517 734
517 741
517 744
518 526
518 529
518 532
518 535
518 536
518 541
518 545
518 546
518 547
518 585
518 589
518 590
518 591
518 594
518 595
518 599
518 600
518 606
518 675
518 677
518 679
518 681
518 695
518 698
518 699
518 702
518 703
518 705
518 706
518 725
518 727
518 732
518 733
518 734
518 742
519 522
519 523
519 526
519 531
519 532
519 535
519 539
519 540
519 543
519 585
519 588
519 589
519 590
519 594
519 595
519 596
519 597
519 598
519 600
519 601
519 602
519 603
519 673
519 674
519 677
519 679
519 695
519 697
519 698
519 700
519 705
519 722
519 724
519 728
519 731
519 736
519 737
519 738
519 740
519 742
519 743
519 744
520 521
520 524
520 525
520 529
520 530
520 533
520 535
520 536
520 537
520 538
520 539
520 540
520 541
520 542
520 543
520 544
520 545
520 548
520 587
520 588
520 589
520 590
520 593
520 594
520 596
520 597
520 598
520 599
520 600
520 602
520 605
520 607
520 675
520 676
520 679
520 680
520 681
520 694
520 696
520 703
520 704
520 705
520 722
520 723
520 724
520 725
520 726
520 728
520 729
520 730
520 732
520 733
520 735
520 740
520 741
520 742
520 743
520 744
520 745
520 747
521 522
521 523
521 525
521 526
521 528
521 529
521 530
521 531
521 532
521 534
521 536
521 537
521 539
521 540
521 541
521 542
521 544
521 547
521 548
521 586
521 587
521 588
521 589
521 590
521 591
521 592
521 593
521 594
521 596
521 600
521 601
521 602
521 603
521 604
521 605
521 678
521 696
521 698
521 699
521 700
521 701
521 702
521 703
521 704
521 705
521 706
521 727
521 728
521 730
521 733
521 734
521 736
521 738
521 739
521 743
521 744
521 745
522 524
522 525
522 526
522 527
522 528
522 529
522 531
522 533
522 534
522 535
522 536
522 537
522 538
522 539
522 540
522 541
522 543
522 544
522 545
522 546
522 547
522 586
522 589
522 590
522 591
522 592
522 593
522 594
522 595
522 596
522 597
522 598
522 599
522 600
522 601
522 602
522 603
522 605
522 606
522 678
522 679
522 680
522 681
522 682
522 696
522 700
522 701
522 703
522 704
522 705
522 723
522 724
522 727
522 728
522 729
522 731
522 732
522 733
522 734
522 735
522 736
522 738
522 739
522 740
522 741
522 745
522 932
523 524
523 527
523 528
523 529
523 530
523 531
523 532
523 534
523 535
523 537
523 538
523 539
523 540
523 543
523 544
523 545
523 546
523 547
523 548
523 584
523 585
523 587
523 589
523 590
523 592
523 593
523 594
523 596
523 597
523 598
523 599
523 600
523 601
523 602
523 603
523 604
523 606
523 608
523 678
523 679
523 680
523 681
523 682
523 697
523 698
523 699
523 700
523 701
523 702
523 703
523 705
523 706
523 724
523 727
523 728
523 729
523 731
523 732
523 733
523 734
523 735
523 736
523 738
523 740
523 741
523 742
523 743
523 745
523 746
524 526
524 528
524 529
524 530
524 533
524 535
524 536
524 537
524 538
524 539
524 540
524 541
524 542
524 543
524 544
524 545
524 546
524 547
524 548
524 584
524 586
524 587
524 588
524 590
524 591
524 594
524 597
524 598
524 599
524 600
524 601
524 602
524 603
524 604
524 605
524 606
524 607
524 680
524 681
524 682
524 694
524 696
524 698
524 699
524 700
524 701
524 702
524 703
524 704
524 705
524 706
524 723
524 725
524 727
524 728
524 729
524 730
524 732
524 734
524 735
524 737
524 738
524 742
524 743
524 744
524 745
525 526
525 527
525 528
525 529
525 530
525 532
525 533
525 534
525 535
525 537
525 538
525 539
525 540
525 542
525 543
525 544
525 545
525 546
525 547
525 548
525 590
525 591
525 592
525 593
525 594
525 595
525 596
525 598
525 599
525 601
525 602
525 603
525 604
525 605
525 606
525 607
525 675
525 679
525 680
525 681
525 682
525 695
525 696
525 697
525 698
525 701
525 702
525 703
525 704
525 706
525 707
525 720
525 722
525 725
525 727
525 728
525 729
525 730
525 731
525 732
525 733
525 734
525 735
525 736
525 737
525 738
525 739
525 740
525 742
525 744
525 745
525 747
526 527
526 528
526 529
526 530
526 531
526 532
526 533
526 534
526 535
526 536
526 537
526 538
526 539
526 540
526 541
526 542
526 543
526 544
526 545
526 546
526 547
526 548
526 584
526 586
526 590
526 591
526 592
526 593
526 594
526 595
526 596
526 597
526 598
526 599
526 600
526 601
526 602
526 604
526 605
526 606
526 607
526 675
526 676
526 678
526 679
526 680
526 681
526 682
526 695
526 696
526 697
526 698
526 700
526 701
526 702
526 703
526 704
526 705
526 706
526 724
526 727
526 728
526 729
526 731
526 733
526 734
526 735
526 736
526 738
526 739
526 740
526 741
526 742
526 743
526 744
526 745
527 528
527 529
527 530
527 531
527 532
527 533
527 535
527 536
527 537
527 538
527 539
527 540
527 541
527 542
527 543
527 544
527 545
527 546
527 547
527 548
527 588
527 591
527 592
527 593
527 594
527 595
527 596
527 597
527 598
527 599
527 600
527 601
527 602
527 603
527 604
527 605
527 606
527 607
527 675
527 677
527 678
527 680
527 697
527 698
527 699
527 701
527 702
527 703
527 704
527 705
527 706
527 724
527 725
527 726
527 728
527 729
527 730
527 731
527 732
527 733
527 734
527 735
527 736
527 737
527 738
527 739
527 740
527 741
527 742
527 743
527 744
527 745
528 529
528 530
528 531
528 532
528 533
528 534
528 535
528 536
528 537
528 538
528 539
528 540
528 541
528 542
528 543
528 544
528 545
528 546
528 548
528 586
528 587
528 590
528 591
528 592
528 593
528 594
528 595
528 596
528 597
528 599
528 600
528 601
528 602
528 603
528 604
528 605
528 606
528 607
528 677
528 679
528 680
528 681
528 682
528 683
528 695
528 697
528 698
528 699
528 700
528 701
528 702
528 703
528 704
528 705
528 725
528 727
528 728
528 729
528 730
528 731
528 732
528 733
528 734
528 735
528 736
528 737
528 738
528 740
528 741
528 743
528 744
528 745
528 746
528 834
529 530
529 531
529 532
529 533
529 534
529 535
529 536
529 537
529 538
529 539
529 540
529 541
529 542
529 544
529 545
529 546
529 547
529 548
529 585
529 586
529 587
529 588
529 589
529 590
529 591
529 592
529 593
529 594
529 595
529 596
529 597
529 598
529 599
529 601
529 602
529 603
529 604
529 605
529 606
529 607
529 676
529 677
529 678
529 679
529 680
529 681
529 696
529 697
529 698
529 699
529 700
529 701
529 702
529 703
529 704
529 705
529 724
529 726
529 728
529 729
529 730
529 731
529 732
529 734
529 735
529 736
529 737
529 738
529 739
529 740
529 741
529 742
529 743
529 744
529 745
529 746
529 747
530 531
530 533
530 534
530 535
530 536
530 537
530 538
530 539
530 540
530 541
530 542
530 543
530 544
530 545
530 546
530 547
530 548
530 587
530 588
530 589
530 590
530 591
530 592
530 593
530 594
530 595
530 596
530 597
530 598
530 599
530 600
530 601
530 602
530 603
530 604
530 605
530 606
530 607
530 676
530 677
530 678
530 679
530 681
530 682
530 696
530 697
530 698
530 699
530 700
530 702
530 703
530 705
530 706
530 707
530 722
530 725
530 727
530 729
530 730
530 732
530 734
530 735
530 736
530 737
530 738
530 739
530 740
530 741
530 742
530 743
530 744
530 745
530 746
531 532
531 533
531 534
531 535
531 536
531 537
531 538
531 539
531 540
531 541
531 542
531 543
531 544
531 545
531 546
531 547
531 548
531 563
531 584
531 588
531 589
531 590
531 591
531 592
531 593
531 594
531 595
531 596
531 597
531 598
531 599
531 600
531 601
531 602
531 603
531 604
531 605
531 606
531 607
531 676
531 679
531 680
531 682
531 683
531 696
531 697
531 699
531 700
531 701
531 702
531 703
531 704
531 705
531 706
531 707
531 723
531 725
531 726
531 727
531 728
531 729
531 730
531 731
531 732
531 733
531 734
531 735
531 736
531 737
531 738
531 739
531 740
531 741
531 742
531 743
531 744
531 745
531 746
531 966
532 533
532 534
532 535
532 536
532 538
532 539
532 540
532 541
532 542
532 543
532 544
532 545
532 546
532 547
532 548
532 587
532 589
532 590
532 592
532 593
532 594
532 595
532 596
532 597
532 598
532 599
532 600
532 601
532 602
532 603
532 604
532 605
532 606
532 607
532 608
532 675
532 676
532 677
532 679
532 680
532 681
532 682
532 696
532 697
532 699
532 700
532 701
532 704
532 705
532 706
532 725
532 728
532 730
532 731
532 732
532 733
532 734
532 735
532 736
532 737
532 738
532 739
532 740
532 742
532 743
532 744
532 745
532 746
533 534
533 535
533 536
533 537
533 538
533 539
533 541
533 542
533 543
533 544
533 545
533 546
533 547
533 548
533 584
533 586
533 588
533 589
533 590
533 591
533 593
533 594
533 595
533 596
533 597
533 598
533 599
533 600
533 601
533 602
533 603
533 604
533 605
533 606
533 607
533 674
533 675
533 676
533 678
533 679
533 693
533 695
533 696
533 697
533 698
533 700
533 701
533 702
533 703
533 704
533 705
533 706
533 708
533 722
533 725
533 728
533 729
533 730
533 731
533 732
533 733
533 734
533 735
533 736
533 737
533 738
533 739
533 740
533 741
533 742
533 743
533 744
533 745
533 746
533 925
534 535
534 536
534 537
534 538
534 539
534 540
534 541
534 542
534 543
534 544
534 545
534 546
534 547
534 548
534 583
534 584
534 591
534 592
534 594
534 595
534 596
534 597
534 598
534 599
534 600
534 601
534 602
534 603
534 604
534 605
534 606
534 607
534 608
534 675
534 676
534 678
534 679
534 680
534 681
534 698
534 699
534 700
534 701
534 702
534 703
534 704
534 705
534 706
534 707
534 725
534 726
534 727
534 728
534 729
534 730
534 732
534 733
534 734
534 735
534 736
534 737
534 738
534 739
534 740
534 741
534 742
534 743
534 744
534 745
534 746
534 922
534 966
535 536
535 537
535 538
535 539
535 540
535 541
535 542
535 543
535 544
535 545
535 546
535 547
535 548
535 585
535 586
535 588
535 589
535 590
535 591
535 593
535 594
535 595
535 596
535 597
535 598
535 599
535 600
535 601
535 602
535 603
535 604
535 605
535 606
535 607
535 608
535 678
535 679
535 681
535 682
535 695
535 696
535 699
535 700
535 701
535 702
535 703
535 704
535 705
535 720
535 722
535 725
535 728
535 730
535 731
535 732
535 733
535 735
535 736
535 737
535 738
535 739
535 740
535 741
535 742
535 743
535 744
535 745
535 746
536 537
536 538
536 539
536 540
536 541
536 542
536 543
536 544
536 545
536 546
536 547
536 548
536 589
536 590
536 591
536 592
536 593
536 594
536 595
536 596
536 597
536 598
536 599
536 600
536 601
536 602
536 603
536 604
536 605
536 606
536 607
536 608
536 676
536 677
536 679
536 680
536 681
536 683
536 696
536 697
536 698
536 699
536 700
536 702
536 704
536 705
536 706
536 707
536 722
536 725
536 726
536 728
536 729
536 730
536 731
536 732
536 733
536 734
536 735
536 736
536 737
536 738
536 739
536 740
536 741
536 742
536 743
536 744
536 745
536 746
536 884
536 913
537 538
537 539
537 540
537 541
537 542
537 543
537 544
537 545
537 546
537 547
537 548
537 583
537 585
537 587
537 589
537 590
537 592
537 593
537 594
537 595
537 596
537 597
537 598
537 599
537 600
537 601
537 602
537 603
537 604
537 605
537 606
537 607
537 608
537 678
537 680
537 681
537 682
537 694
537 695
537 696
537 700
537 701
537 702
537 703
537 704
537 706
537 721
537 723
537 724
537 725
537 726
537 727
537 729
537 730
537 731
537 732
537 733
537 734
537 735
537 736
537 737
537 738
537 739
537 740
537 741
537 742
537 743
537 744
537 745
537 746
537 990
538 539
538 540
538 541
538 542
538 543
538 544
538 545
538 546
538 547
538 548
538 549
538 585
538 587
538 589
538 591
538 592
538 593
538 594
538 595
538 596
538 597
538 598
538 599
538 600
538 601
538 602
538 603
538 604
538 605
538 606
538 607
538 608
538 677
538 678
538 679
538 680
538 681
538 682
538 683
538 693
538 698
538 699
538 700
538 701
538 702
538 703
538 704
538 705
538 706
538 707
538 720
538 722
538 725
538 727
538 729
538 730
538 731
538 732
538 733
538 734
538 735
538 736
538 737
538 738
538 739
538 740
538 741
538 742
538 743
538 744
538 745
538 746
538 747
538 771
538 884
538 988
539 540
539 541
539 542
539 543
539 544
539 545
539 546
539 547
539 548
539 587
539 588
539 590
539 591
539 592
539 593
539 594
539 595
539 596
539 597
539 598
539 599
539 600
539 601
539 602
539 603
539 604
539 605
539 606
539 607
539 608
539 675
539 676
539 677
539 680
539 682
539 685
539 695
539 696
539 697
539 699
539 701
539 702
539 703
539 704
539 705
539 706
539 707
539 724
539 726
539 727
539 728
539 729
539 730
539 731
539 732
539 733
539 734
539 735
539 736
539 737
539 738
539 739
539 740
539 741
539 742
539 743
539 744
539 745
539 746
540 541
540 542
540 543
540 544
540 545
540 546
540 547
540 548
540 549
540 584
540 585
540 586
540 591
540 592
540 593
540 594
540 595
540 596
540 597
540 598
540 599
540 600
540 601
540 602
540 603
540 604
540 605
540 606
540 607
540 608
540 674
540 675
540 676
540 679
540 680
540 681
540 683
540 684
540 693
540 695
540 698
540 700
540 702
540 703
540 704
540 705
540 706
540 709
540 721
540 722
540 724
540 726
540 727
540 728
540 729
540 730
540 731
540 732
540 733
540 734
540 735
540 736
540 737
540 738
540 739
540 740
540 741
540 742
540 743
540 744
540 745
540 746
540 772
540 864
540 913
541 542
541 543
541 544
541 545
541 546
541 547
541 548
541 549
541 584
541 586
541 587
541 588
541 590
541 591
541 592
541 593
541 594
541 595
541 596
541 597
541 598
541 599
541 600
541 601
541 602
541 603
541 604
541 605
541 606
541 607
541 608
541 676
541 678
541 679
541 681
541 682
541 683
541 684
541 695
541 698
541 699
541 700
541 702
541 703
541 704
541 724
541 725
541 726
541 728
541 731
541 732
541 733
541 734
541 735
541 736
541 737
541 738
541 739
541 740
541 741
541 742
541 743
541 744
541 745
541 746
541 747
542 543
542 544
542 545
542 546
542 547
542 548
542 549
542 586
542 588
542 589
542 590
542 591
542 592
542 593
542 594
542 595
542 596
542 597
542 598
542 599
542 600
542 601
542 602
542 603
542 604
542 605
542 606
542 607
542 608
542 609
542 668
542 673
542 675
542 676
542 678
542 680
542 681
542 683
542 684
542 694
542 697
542 698
542 699
542 700
542 701
542 703
542 704
542 705
542 707
542 708
542 720
542 724
542 725
542 726
542 728
542 729
542 730
542 731
542 732
542 733
542 734
542 735
542 736
542 737
542 738
542 739
542 740
542 741
542 742
542 743
542 744
542 745
542 746
542 823
542 926
542 990
543 544
543 545
543 546
543 547
543 548
543 549
543 587
543 589
543 590
543 592
543 593
543 595
543 596
543 597
543 598
543 599
543 600
543 601
543 602
543 603
543 604
543 605
543 606
543 607
543 608
543 609
543 660
543 675
543 677
543 678
543 680
543 681
543 684
543 688
543 695
543 697
543 699
543 700
543 701
543 702
543 703
543 704
543 705
543 706
543 707
543 708
543 723
543 725
543 727
543 728
543 729
543 730
543 731
543 732
543 733
543 734
543 735
543 736
543 737
543 738
543 739
543 740
543 741
543 742
543 743
543 744
543 745
543 746
543 747
543 755
543 839
543 873
543 885
543 913
543 991
544 545
544 546
544 547
544 548
544 549
544 587
544 588
544 589
544 590
544 591
544 592
544 593
544 594
544 595
544 596
544 597
544 598
544 599
544 600
544 601
544 602
544 603
544 604
544 605
544 606
544 607
544 608
544 667
544 675
544 676
544 677
544 678
544 679
544 680
544 681
544 683
544 684
544 685
544 689
544 696
544 700
544 701
544 702
544 703
544 705
544 706
544 707
544 708
544 721
544 725
544 727
544 728
544 729
544 730
544 731
544 732
544 733
544 734
544 735
544 736
544 737
544 738
544 739
544 740
544 741
544 742
544 743
544 744
544 745
544 746
544 747
544 750
544 775
544 856
544 884
544 912
544 923
544 926
545 546
545 547
545 548
545 549
545 582
545 585
545 586
545 587
545 588
545 590
545 591
545 592
545 593
545 594
545 595
545 597
545 598
545 599
545 600
545 601
545 602
545 603
545 604
545 605
545 606
545 607
545 608
545 609
545 680
545 681
545 682
545 683
545 693
545 695
545 698
545 699
545 700
545 701
545 702
545 703
545 704
545 705
545 706
545 707
545 708
545 722
545 724
545 725
545 727
545 729
545 730
545 731
545 732
545 733
545 734
545 735
545 736
545 737
545 738
545 739
545 740
545 741
545 742
545 743
545 744
545 745
545 746
545 747
545 750
545 815
545 826
545 885
545 914
545 925
545 926
545 927
545 936
545 955
545 967
545 989
545 994
546 547
546 548
546 549
546 563
546 581
546 583
546 587
546 589
546 590
546 591
546 592
546 593
546 594
546 595
546 596
546 597
546 598
546 599
546 600
546 601
546 602
546 603
546 604
546 605
546 606
546 607
546 608
546 633
546 659
546 678
546 679
546 680
546 681
546 682
546 685
546 695
546 696
546 698
546 699
546 700
546 701
546 702
546 703
546 704
546 705
546 706
546 707
546 709
546 710
546 718
546 723
546 724
546 727
546 728
546 729
546 730
546 731
546 732
546 733
546 734
546 735
546 736
546 737
546 738
546 739
546 740
546 741
546 742
546 743
546 744
546 745
546 746
546 747
546 767
546 768
546 799
546 854
546 884
546 915
546 921
546 927
546 937
546 967
547 548
547 549
547 587
547 588
547 589
547 590
547 591
547 592
547 593
547 594
547 595
547 596
547 597
547 598
547 599
547 600
547 601
547 602
547 603
547 604
547 605
547 606
547 607
547 608
547 609
547 676
547 677
547 678
547 679
547 680
547 681
547 682
547 684
547 686
547 690
547 695
547 697
547 699
547 700
547 701
547 702
547 703
547 704
547 705
547 706
547 707
547 708
547 720
547 721
547 723
547 725
547 726
547 729
547 730
547 731
547 732
547 733
547 734
547 735
547 736
547 737
547 738
547 739
547 740
547 741
547 742
547 743
547 744
547 745
547 746
547 747
547 751
547 769
547 825
547 839
547 871
547 904
547 924
547 926
547 928
547 967
547 968
547 984
547 990
548 549
548 584
548 587
548 589
548 590
548 591
548 592
548 593
548 594
548 595
548 596
548 597
548 598
548 599
548 600
548 601
548 602
548 603
548 604
548 605
548 606
548 607
548 608
548 609
548 620
548 654
548 662
548 674
548 676
548 679
548 681
548 682
548 683
548 685
548 694
548 697
548 699
548 700
548 701
548 704
548 705
548 708
548 709
548 723
548 725
548 726
548 727
548 728
548 729
548 730
548 731
548 732
548 733
548 734
548 735
548 736
548 737
548 738
548 739
548 740
548 741
548 742
548 743
548 744
548 745
548 746
548 747
548 748
548 752
548 772
548 924
548 990
549 593
549 595
549 599
549 600
549 710
549 746
549 747
549 752
549 772
549 856
549 913
550 594
550 603
550 968
550 969
551 611
551 710
552 612
564 747
582 739
583 675
583 736
584 590
584 593
584 596
584 607
584 681
584 698
584 699
584 703
584 724
584 733
584 734
584 735
584 739
584 744
585 589
585 590
585 601
585 604
585 674
585 675
585 696
585 700
585 730
585 732
585 735
585 738
585 745
586 587
586 590
586 591
586 592
586 593
586 594
586 597
586 598
586 601
586 603
586 604
586 606
586 679
586 696
586 697
586 701
586 702
586 704
586 720
586 723
586 724
586 725
586 728
586 729
586 730
586 731
586 734
586 735
586 738
586 741
586 742
586 743
587 590
587 592
587 598
587 599
587 600
587 601
587 603
587 604
587 605
587 606
587 607
587 675
587 677
587 678
587 679
587 680
587 681
587 682
587 699
587 700
587 701
587 703
587 705
587 719
587 721
587 723
587 724
587 725
587 727
587 728
587 729
587 730
587 732
587 733
587 737
587 739
587 741
587 742
587 744
587 745
588 592
588 594
588 595
588 596
588 597
588 599
588 602
588 604
588 605
588 607
588 674
588 676
588 678
588 681
588 682
588 697
588 698
588 699
588 702
588 703
588 704
588 705
588 706
588 722
588 727
588 728
588 729
588 730
588 733
588 734
588 736
588 738
588 743
588 744
588 745
588 771
589 591
589 592
589 593
589 594
589 596
589 597
589 600
589 601
589 602
589 603
589 605
589 606
589 607
589 675
589 676
589 677
589 679
589 681
589 682
589 694
589 698
589 699
589 700
589 702
589 703
589 704
589 705
589 723
589 724
589 725
589 727
589 728
589 729
589 730
589 731
589 732
589 733
589 734
589 736
589 737
589 738
589 739
589 740
589 741
589 743
589 744
590 591
590 592
590 593
590 594
590 596
590 597
590 598
590 599
590 601
590 605
590 606
590 607
590 678
590 679
590 681
590 682
590 698
590 699
590 701
590 702
590 703
590 704
590 706
590 724
590 725
590 727
590 728
590 729
590 730
590 731
590 732
590 734
590 735
590 737
590 738
590 739
590 740
590 741
590 742
590 744
590 745
591 592
591 595
591 596
591 597
591 598
591 599
591 600
591 601
591 603
591 604
591 605
591 606
591 607
591 673
591 675
591 678
591 679
591 680
591 682
591 696
591 697
591 699
591 700
591 701
591 702
591 703
591 704
591 705
591 706
591 722
591 723
591 724
591 727
591 730
591 732
591 733
591 734
591 735
591 736
591 737
591 738
591 739
591 740
591 741
591 742
591 744
591 745
591 746
592 593
592 594
592 595
592 596
592 597
592 598
592 599
592 600
592 601
592 602
592 603
592 604
592 605
592 606
592 607
592 677
592 679
592 680
592 694
592 697
592 698
592 699
592 700
592 701
592 702
592 703
592 704
592 724
592 725
592 726
592 727
592 728
592 729
592 730
592 731
592 732
592 733
592 734
592 735
592 736
592 737
592 738
592 739
592 740
592 741
592 742
592 743
592 744
592 745
593 594
593 595
593 596
593 597
593 598
593 599
593 600
593 601
593 602
593 603
593 604
593 605
593 606
593 608
593 675
593 677
593 678
593 679
593 681
593 682
593 693
593 698
593 699
593 700
593 702
593 703
593 705
593 706
593 722
593 723
593 724
593 725
593 726
593 727
593 728
593 729
593 731
593 732
593 733
593 734
593 735
593 736
593 737
593 738
593 739
593 740
593 741
593 742
593 743
593 744
593 745
594 595
594 596
594 597
594 598
594 599
594 600
594 601
594 602
594 605
594 606
594 607
594 608
594 676
594 681
594 696
594 697
594 698
594 700
594 701
594 702
594 703
594 704
594 705
594 721
594 723
594 725
594 726
594 727
594 728
594 729
594 730
594 731
594 732
594 733
594 734
594 735
594 736
594 737
594 738
594 740
594 741
594 742
594 743
594 744
594 745
594 746
594 747
595 596
595 597
595 598
595 599
595 600
595 601
595 603
595 604
595 605
595 606
595 607
595 674
595 677
595 679
595 680
595 696
595 699
595 700
595 701
595 703
595 704
595 705
595 724
595 728
595 730
595 731
595 732
595 733
595 734
595 735
595 736
595 737
595 738
595 739
595 740
595 741
595 742
595 743
595 744
595 745
595 746
595 883
596 597
596 598
596 599
596 600
596 601
596 602
596 603
596 604
596 605
596 606
596 607
596 608
596 673
596 675
596 677
596 678
596 680
596 681
596 695
596 696
596 697
596 700
596 701
596 702
596 703
596 704
596 705
596 706
596 725
596 727
596 729
596 730
596 731
596 733
596 734
596 735
596 736
596 737
596 738
596 739
596 740
596 741
596 742
596 743
596 744
596 745
596 746
597 598
597 599
597 600
597 601
597 602
597 603
597 604
597 605
597 606
597 607
597 676
597 678
597 680
597 681
597 694
597 695
597 696
597 697
597 700
597 701
597 702
597 703
597 704
597 705
597 706
597 721
597 724
597 725
597 726
597 727
597 728
597 730
597 731
597 732
597 733
597 734
597 735
597 736
597 737
597 738
597 739
597 740
597 741
597 742
597 743
597 744
597 745
597 746
598 599
598 600
598 601
598 602
598 603
598 604
598 605
598 606
598 607
598 678
598 679
598 680
598 681
598 683
598 699
598 700
598 701
598 702
598 703
598 704
598 705
598 706
598 724
598 725
598 726
598 728
598 729
598 730
598 731
598 732
598 733
598 734
598 735
598 736
598 737
598 738
598 739
598 740
598 741
598 742
598 743
598 744
598 745
598 966
599 600
599 601
599 602
599 603
599 604
599 605
599 606
599 607
599 677
599 678
599 679
599 680
599 681
599 682
599 693
599 694
599 697
599 698
599 700
599 701
599 702
599 703
599 704
599 705
599 706
599 721
599 726
599 727
599 728
599 729
599 730
599 731
599 732
599 733
599 734
599 735
599 736
599 737
599 738
599 739
599 740
599 741
599 742
599 743
599 744
599 745
600 601
600 602
600 603
600 604
600 605
600 606
600 607
600 608
600 673
600 674
600 677
600 678
600 680
600 681
600 682
600 694
600 700
600 701
600 702
600 703
600 704
600 705
600 706
600 721
600 723
600 728
600 730
600 731
600 732
600 733
600 734
600 735
600 736
600 737
600 738
600 739
600 740
600 741
600 742
600 743
600 744
600 745
600 746
601 602
601 603
601 604
601 605
601 606
601 607
601 608
601 676
601 678
601 679
601 680
601 682
601 683
601 694
601 698
601 699
601 700
601 701
601 702
601 703
601 704
601 705
601 706
601 721
601 725
601 727
601 728
601 729
601 730
601 731
601 732
601 733
601 734
601 735
601 736
601 737
601 738
601 739
601 740
601 741
601 742
601 743
601 744
601 745
601 746
601 747
601 924
602 603
602 604
602 605
602 606
602 607
602 676
602 678
602 679
602 680
602 681
602 682
602 697
602 698
602 700
602 702
602 703
602 704
602 705
602 706
602 722
602 723
602 725
602 726
602 728
602 729
602 730
602 731
602 732
602 733
602 734
602 735
602 736
602 737
602 738
602 739
602 740
602 741
602 742
602 743
602 744
602 745
602 746
602 989
603 604
603 605
603 606
603 607
603 608
603 674
603 677
603 678
603 680
603 681
603 683
603 696
603 697
603 698
603 699
603 700
603 701
603 702
603 703
603 704
603 705
603 706
603 723
603 724
603 725
603 726
603 728
603 729
603 731
603 732
603 733
603 734
603 735
603 736
603 737
603 738
603 739
603 740
603 741
603 742
603 743
603 744
603 745
604 605
604 606
604 607
604 608
604 678
604 679
604 681
604 682
604 683
604 695
604 697
604 698
604 701
604 702
604 703
604 704
604 705
604 706
604 707
604 724
604 725
604 727
604 729
604 730
604 731
604 732
604 733
604 734
604 735
604 736
604 737
604 738
604 739
604 740
604 741
604 742
604 743
604 744
604 745
604 746
605 606
605 607
605 674
605 678
605 679
605 680
605 681
605 682
605 697
605 698
605 699
605 700
605 701
605 702
605 703
605 704
605 705
605 706
605 707
605 724
605 725
605 726
605 727
605 728
605 729
605 730
605 731
605 732
605 733
605 734
605 735
605 736
605 737
605 738
605 739
605 740
605 741
605 742
605 743
605 744
605 745
605 746
606 607
606 608
606 619
606 674
606 675
606 677
606 678
606 679
606 680
606 681
606 695
606 696
606 699
606 700
606 701
606 702
606 703
606 704
606 705
606 706
606 707
606 722
606 726
606 727
606 728
606 732
606 733
606 734
606 735
606 736
606 737
606 738
606 739
606 740
606 741
606 742
606 743
606 744
606 745
606 746
606 748
606 768
606 966
607 608
607 647
607 674
607 678
607 679
607 680
607 681
607 682
607 684
607 698
607 699
607 700
607 701
607 703
607 704
607 705
607 706
607 724
607 725
607 726
607 727
607 728
607 729
607 730
607 731
607 732
607 733
607 734
607 735
607 736
607 737
607 738
607 739
607 740
607 741
607 742
607 743
607 744
607 745
607 746
607 864
607 965
608 680
608 699
608 702
608 708
608 723
608 736
608 737
608 740
608 743
608 744
608 747
608 840
608 863
608 925
608 985
609 747
609 753
610 922
610 926
630 637
648 914
656 701
669 749
672 677
673 675
673 693
673 694
673 704
673 724
674 681
674 699
674 703
674 705
674 721
674 723
674 731
674 737
674 741
674 743
674 744
675 679
675 696
675 701
675 704
675 705
675 732
675 743
675 746
676 677
676 678
676 679
676 681
676 682
676 697
676 698
676 700
676 701
676 702
676 704
676 722
676 724
676 725
676 726
676 729
676 733
676 735
676 739
676 742
676 746
677 678
677 679
677 681
677 696
677 697
677 698
677 701
677 703
677 704
677 723
677 724
677 725
677 726
677 727
677 730
677 731
677 733
677 734
677 739
677 740
677 743
677 744
677 745
678 680
678 682
678 694
678 696
678 697
678 699
678 701
678 702
678 704
678 706
678 721
678 725
678 727
678 729
678 730
678 731
678 732
678 736
678 738
678 739
678 741
678 743
678 744
678 745
678 746
679 695
679 697
679 698
679 699
679 700
679 701
679 703
679 705
679 723
679 724
679 725
679 726
679 727
679 728
679 731
679 735
679 736
679 738
679 741
679 742
679 745
679 746
680 681
680 694
680 695
680 696
680 697
680 698
680 699
680 700
680 701
680 702
680 704
680 705
680 706
680 721
680 727
680 728
680 729
680 730
680 731
680 732
680 733
680 735
680 736
680 737
680 738
680 739
680 740
680 741
680 742
680 744
681 683
681 694
681 695
681 697
681 698
681 699
681 700
681 701
681 703
681 704
681 705
681 706
681 724
681 725
681 726
681 727
681 730
681 731
681 732
681 733
681 734
681 735
681 736
681 737
681 738
681 739
681 741
681 742
681 743
681 744
681 745
682 693
682 697
682 698
682 699
682 702
682 704
682 705
682 722
682 725
682 727
682 728
682 731
682 732
682 733
682 734
682 735
682 736
682 737
682 738
682 739
682 741
682 742
682 743
683 696
683 720
683 724
683 739
683 741
683 743
684 725
684 731
684 733
685 745
692 743
693 700
693 725
693 744
694 697
694 699
694 700
694 701
694 725
694 726
694 727
694 728
694 729
694 732
694 737
694 738
694 739
694 741
695 696
695 701
695 703
695 704
695 721
695 725
695 728
695 732
695 735
695 737
695 738
695 740
695 741
695 743
695 744
695 745
695 746
696 697
696 699
696 700
696 702
696 704
696 723
696 726
696 731
696 732
696 736
696 738
696 739
696 740
696 741
696 742
696 743
696 744
696 745
697 701
697 702
697 703
697 704
697 705
697 706
697 722
697 725
697 729
697 730
697 731
697 732
697 734
697 736
697 737
697 738
697 743
697 744
698 699
698 700
698 702
698 705
698 706
698 721
698 723
698 729
698 730
698 732
698 733
698 734
698 736
698 739
698 740
698 741
698 743
698 744
698 745
699 700
699 702
699 703
699 704
699 705
699 722
699 723
699 726
699 727
699 729
699 730
699 731
699 733
699 734
699 735
699 736
699 737
699 739
699 740
699 741
699 743
699 744
699 745
699 967
700 701
700 702
700 703
700 704
700 705
700 722
700 723
700 725
700 727
700 729
700 730
700 734
700 735
700 736
700 737
700 738
700 739
700 740
700 741
700 742
700 743
700 744
700 745
700 746
701 702
701 703
701 704
701 705
701 706
701 720
701 724
701 725
701 726
701 727
701 728
701 729
701 730
701 731
701 732
701 733
701 734
701 735
701 736
701 737
701 738
701 739
701 740
701 741
701 742
701 743
701 744
701 745
701 746
702 703
702 704
702 705
702 707
702 725
702 729
702 730
702 731
702 732
702 733
702 734
702 735
702 736
702 737
702 738
702 739
702 740
702 741
702 742
702 744
702 745
703 704
703 705
703 706
703 720
703 722
703 725
703 726
703 727
703 729
703 730
703 731
703 732
703 733
703 734
703 735
703 736
703 738
703 740
703 741
703 742
703 743
703 744
703 745
703 746
704 705
704 706
704 721
704 722
704 724
704 727
704 729
704 730
704 732
704 733
704 734
704 735
704 736
704 737
704 738
704 739
704 740
704 741
704 742
704 743
704 744
704 745
704 746
704 861
704 989
705 723
705 726
705 727
705 728
705 729
705 730
705 731
705 733
705 736
705 737
705 738
705 739
705 740
705 741
705 742
705 743
705 744
705 746
706 726
706 729
706 731
706 732
706 733
706 734
706 735
706 736
706 737
706 738
706 739
706 740
706 741
706 742
706 743
706 744
706 745
707 724
707 729
707 736
707 740
707 741
707 745
708 976
721 724
721 726
721 728
721 732
721 736
721 739
721 741
721 857
722 727
722 728
722 733
722 736
722 742
722 745
723 729
723 732
723 734
723 738
723 741
723 742
723 743
723 745
724 725
724 727
724 730
724 731
724 732
724 735
724 737
724 738
724 739
724 740
724 741
724 743
724 744
724 745
724 746
725 726
725 727
725 728
725 729
725 730
725 731
725 732
725 734
725 736
725 739
725 741
725 744
725 745
725 746
726 727
726 728
726 729
726 730
726 731
726 732
726 735
726 737
726 739
726 741
726 742
726 744
726 745
726 746
727 729
727 730
727 731
727 732
727 733
727 738
727 739
727 742
727 743
727 745
728 729
728 730
728 731
728 732
728 733
728 734
728 735
728 736
728 737
728 739
728 741
728 743
728 744
728 745
728 746
729 730
729 731
729 733
729 735
729 736
729 737
729 739
729 740
729 741
729 742
729 743
729 744
729 745
730 732
730 733
730 734
730 735
730 736
730 737
730 738
730 739
730 740
730 741
730 742
730 743
730 744
731 732
731 733
731 734
731 735
731 736
731 737
731 738
731 739
731 740
731 741
731 742
731 743
731 745
732 733
732 734
732 735
732 736
732 737
732 738
732 739
732 740
732 741
732 742
732 743
732 744
732 745
732 747
733 734
733 735
733 736
733 737
733 738
733 739
733 740
733 741
733 742
733 743
733 744
733 745
734 735
734 736
734 737
734 738
734 739
734 741
734 742
734 744
734 745
735 736
735 737
735 738
735 739
735 740
735 742
735 743
735 744
735 745
736 737
736 738
736 739
736 740
736 741
736 742
736 743
736 744
736 745
736 746
736 792
736 924
737 738
737 739
737 740
737 741
737 742
737 743
737 744
737 745
737 746
737 989
738 739
738 740
738 741
738 742
738 743
738 744
738 745
739 740
739 741
739 742
739 743
739 744
739 745
739 746
739 925
739 966
740 741
740 742
740 743
740 744
740 745
741 742
741 743
741 744
741 745
741 746
741 747
741 822
741 883
741 965
741 989
742 743
742 744
742 745
742 746
743 744
743 745
743 746
744 745
744 746
744 884
745 746
746 766
746 824
748 927
793 865
855 925
872 886
961 968
