1 47
2 22
2 121
2 123
2 177
2 516
3 24
3 48
3 119
3 171
3 221
3 476
3 477
3 478
3 488
3 520
4 46
4 115
4 116
4 213
4 227
4 470
4 477
4 483
4 488
4 489
5 74
5 481
5 482
5 485
5 487
5 490
5 899
6 124
6 486
6 487
6 582
6 856
7 138
7 679
7 941
13 501
14 28
15 124
15 635
16 24
16 25
16 166
16 171
16 172
16 176
16 483
16 485
17 21
17 22
17 57
17 119
17 170
17 174
17 175
17 182
17 206
17 211
17 215
17 222
17 223
17 226
17 243
17 244
17 431
17 434
17 436
17 437
17 463
17 464
17 469
17 475
17 480
17 523
18 21
18 36
18 38
18 43
18 108
18 110
18 112
18 114
18 117
18 119
18 122
18 125
18 163
18 164
18 168
18 171
18 172
18 177
18 183
18 184
18 205
18 208
18 210
18 211
18 212
18 218
18 220
18 221
18 225
18 242
18 245
18 246
18 247
18 249
18 254
18 434
18 458
18 462
18 465
18 476
18 480
18 481
18 482
18 485
18 517
18 520
18 524
19 22
19 37
19 38
19 40
19 42
19 109
19 112
19 115
19 119
19 120
19 124
19 171
19 172
19 174
19 175
19 176
19 177
19 178
19 186
19 206
19 207
19 214
19 215
19 216
19 217
19 218
19 220
19 221
19 224
19 225
19 226
19 227
19 241
19 252
19 253
19 256
19 430
19 431
19 432
19 435
19 436
19 458
19 466
19 469
19 473
19 475
19 477
19 479
19 480
19 481
19 516
19 518
19 519
19 523
19 524
19 576
19 637
20 21
20 22
20 24
20 25
20 36
20 39
20 42
20 43
20 44
20 45
20 48
20 108
20 112
20 113
20 118
20 121
20 122
20 123
20 126
20 163
20 165
20 166
20 167
20 168
20 170
20 171
20 172
20 173
20 180
20 187
20 205
20 206
20 214
20 217
20 224
20 226
20 227
20 240
20 243
20 244
20 249
20 250
20 253
20 254
20 257
20 432
20 435
20 436
20 437
20 438
20 460
20 462
20 463
20 466
20 468
20 469
20 470
20 472
20 474
20 475
20 476
20 480
20 481
20 521
20 523
20 525
20 576
20 579
20 580
21 23
21 24
21 35
21 37
21 38
21 39
21 40
21 41
21 42
21 44
21 45
21 48
21 110
21 111
21 112
21 113
21 115
21 118
21 120
21 121
21 125
21 127
21 164
21 167
21 169
21 170
21 172
21 173
21 174
21 175
21 180
21 181
21 184
21 207
21 208
21 209
21 210
21 216
21 218
21 221
21 223
21 225
21 227
21 242
21 243
21 244
21 246
21 248
21 249
21 250
21 251
21 252
21 253
21 257
21 430
21 435
21 461
21 462
21 464
21 465
21 469
21 470
21 471
21 472
21 473
21 475
21 477
21 478
21 479
21 482
21 483
21 484
21 486
21 487
21 488
21 517
21 519
21 520
21 526
21 577
21 578
21 593
22 23
22 24
22 25
22 39
22 41
22 45
22 47
22 48
22 109
22 110
22 111
22 112
22 113
22 115
22 116
22 117
22 119
22 120
22 121
22 122
22 123
22 124
22 125
22 126
22 165
22 166
22 167
22 169
22 170
22 171
22 172
22 174
22 175
22 176
22 177
22 180
22 187
22 207
22 209
22 211
22 212
22 213
22 214
22 219
22 220
22 221
22 222
22 225
22 226
22 227
22 228
22 243
22 244
22 246
22 247
22 248
22 250
22 253
22 254
22 257
22 430
22 433
22 434
22 436
22 437
22 457
22 463
22 465
22 466
22 468
22 469
22 470
22 471
22 472
22 473
22 474
22 475
22 476
22 478
22 479
22 481
22 482
22 483
22 486
22 487
22 516
22 517
22 518
22 520
22 521
22 523
22 524
22 578
22 580
22 637
23 24
23 25
23 37
23 38
23 39
23 40
23 41
23 42
23 43
23 45
23 46
23 48
23 49
23 109
23 110
23 111
23 112
23 114
23 116
23 117
23 118
23 119
23 122
23 123
23 124
23 125
23 126
23 163
23 165
23 166
23 167
23 168
23 169
23 172
23 174
23 175
23 176
23 177
23 178
23 179
23 180
23 184
23 185
23 206
23 210
23 212
23 214
23 215
23 216
23 217
23 218
23 219
23 220
23 222
23 223
23 224
23 225
23 226
23 227
23 228
23 239
23 241
23 243
23 244
23 245
23 247
23 248
23 250
23 251
23 252
23 253
23 254
23 255
23 256
23 257
23 258
23 430
23 433
23 434
23 435
23 436
23 437
23 438
23 463
23 464
23 465
23 467
23 468
23 469
23 470
23 471
23 472
23 474
23 475
23 477
23 478
23 479
23 480
23 481
23 482
23 483
23 485
23 486
23 488
23 519
23 520
23 521
23 522
23 523
23 524
23 525
23 526
23 687
24 41
24 43
24 45
24 46
24 48
24 107
24 109
24 110
24 111
24 113
24 114
24 115
24 116
24 117
24 118
24 119
24 120
24 122
24 123
24 124
24 126
24 128
24 166
24 167
24 171
24 173
24 174
24 176
24 177
24 178
24 180
24 187
24 209
24 210
24 212
24 213
24 215
24 216
24 217
24 218
24 219
24 221
24 223
24 224
24 225
24 226
24 228
24 229
24 241
24 242
24 243
24 244
24 246
24 247
24 248
24 249
24 250
24 251
24 252
24 255
24 256
24 257
24 432
24 433
24 434
24 437
24 438
24 461
24 462
24 463
24 466
24 468
24 470
24 471
24 472
24 473
24 474
24 475
24 477
24 478
24 480
24 481
24 482
24 483
24 484
24 485
24 486
24 489
24 516
24 519
24 520
24 521
24 523
24 525
24 526
24 578
24 579
25 36
25 41
25 45
25 46
25 73
25 113
25 116
25 118
25 119
25 120
25 121
25 122
25 123
25 124
25 126
25 127
25 167
25 168
25 171
25 172
25 174
25 175
25 176
25 178
25 180
25 209
25 210
25 216
25 217
25 221
25 222
25 223
25 224
25 227
25 228
25 239
25 241
25 244
25 245
25 247
25 248
25 250
25 251
25 252
25 254
25 255
25 256
25 257
25 432
25 436
25 460
25 461
25 462
25 463
25 464
25 465
25 466
25 467
25 468
25 469
25 470
25 472
25 474
25 475
25 476
25 477
25 478
25 479
25 480
25 483
25 485
25 486
25 488
25 519
25 521
25 523
25 524
25 578
25 579
25 638
25 940
26 44
26 47
26 48
26 78
26 118
26 125
26 168
26 176
26 178
26 179
26 189
26 226
26 239
26 253
26 256
26 260
26 466
26 475
26 478
26 479
26 480
26 483
26 484
26 485
26 487
26 519
26 522
26 635
27 55
27 124
27 225
27 434
27 471
27 480
27 484
27 485
27 488
27 527
28 344
28 953
29 300
34 40
34 117
34 181
34 212
34 249
35 43
35 47
35 108
35 109
35 163
35 174
35 177
35 186
35 208
35 209
35 213
35 217
35 227
35 248
35 256
35 257
35 432
35 468
35 472
35 476
35 516
35 580
36 44
36 46
36 49
36 116
36 117
36 119
36 120
36 122
36 123
36 125
36 166
36 167
36 169
36 175
36 176
36 177
36 180
36 206
36 208
36 224
36 240
36 241
36 246
36 249
36 250
36 463
36 464
36 466
36 468
36 472
36 475
36 478
36 479
36 485
36 515
36 516
36 517
36 521
36 579
37 41
37 47
37 49
37 115
37 117
37 122
37 162
37 164
37 174
37 175
37 177
37 179
37 184
37 185
37 186
37 187
37 210
37 215
37 221
37 222
37 224
37 226
37 241
37 242
37 245
37 246
37 248
37 256
37 430
37 434
37 435
37 439
37 459
37 465
37 468
37 472
37 477
37 481
37 483
37 488
37 518
37 525
37 526
37 576
37 577
37 578
37 634
37 862
38 40
38 42
38 44
38 47
38 48
38 109
38 110
38 111
38 113
38 120
38 121
38 123
38 125
38 162
38 163
38 166
38 168
38 176
38 179
38 180
38 186
38 204
38 208
38 210
38 211
38 212
38 214
38 215
38 216
38 217
38 218
38 219
38 221
38 226
38 227
38 228
38 229
38 239
38 244
38 245
38 249
38 252
38 253
38 255
38 257
38 433
38 467
38 470
38 471
38 472
38 474
38 475
38 476
38 477
38 480
38 483
38 484
38 488
38 517
38 518
38 522
38 525
38 526
38 575
38 578
39 40
39 41
39 42
39 43
39 47
39 109
39 111
39 112
39 114
39 115
39 118
39 119
39 120
39 122
39 123
39 124
39 125
39 126
39 163
39 165
39 166
39 167
39 170
39 171
39 172
39 175
39 177
39 178
39 180
39 182
39 184
39 185
39 187
39 208
39 209
39 210
39 214
39 217
39 218
39 221
39 224
39 225
39 227
39 241
39 242
39 243
39 244
39 245
39 246
39 247
39 250
39 251
39 252
39 254
39 257
39 433
39 437
39 438
39 463
39 466
39 467
39 468
39 469
39 471
39 478
39 479
39 480
39 484
39 487
39 519
39 520
39 524
39 525
39 526
39 528
40 41
40 42
40 43
40 44
40 45
40 46
40 47
40 48
40 108
40 113
40 114
40 115
40 116
40 118
40 119
40 120
40 125
40 165
40 167
40 168
40 170
40 172
40 173
40 176
40 177
40 178
40 179
40 180
40 185
40 188
40 206
40 208
40 211
40 212
40 214
40 215
40 216
40 219
40 221
40 223
40 224
40 225
40 226
40 227
40 228
40 242
40 245
40 249
40 250
40 251
40 252
40 254
40 255
40 256
40 430
40 433
40 434
40 435
40 436
40 437
40 458
40 460
40 463
40 465
40 466
40 468
40 469
40 470
40 471
40 474
40 475
40 476
40 477
40 478
40 479
40 481
40 482
40 485
40 486
40 487
40 516
40 517
40 518
40 519
40 520
40 522
40 525
40 577
40 578
41 42
41 43
41 44
41 46
41 47
41 48
41 49
41 53
41 110
41 112
41 114
41 115
41 118
41 119
41 120
41 121
41 123
41 124
41 165
41 167
41 168
41 169
41 170
41 171
41 173
41 174
41 176
41 177
41 179
41 182
41 184
41 187
41 188
41 207
41 208
41 210
41 212
41 213
41 215
41 217
41 218
41 220
41 221
41 224
41 225
41 226
41 227
41 228
41 240
41 244
41 245
41 246
41 247
41 251
41 252
41 253
41 255
41 256
41 432
41 433
41 434
41 462
41 463
41 465
41 466
41 468
41 470
41 471
41 472
41 473
41 475
41 476
41 479
41 480
41 481
41 483
41 484
41 488
41 514
41 516
41 518
41 520
41 521
41 522
41 524
41 525
41 636
41 814
42 44
42 46
42 47
42 48
42 109
42 110
42 111
42 113
42 115
42 116
42 117
42 118
42 119
42 120
42 122
42 123
42 124
42 127
42 164
42 167
42 168
42 169
42 170
42 171
42 172
42 173
42 175
42 176
42 177
42 178
42 179
42 180
42 187
42 207
42 208
42 209
42 210
42 211
42 212
42 213
42 215
42 216
42 217
42 218
42 220
42 221
42 224
42 225
42 226
42 229
42 240
42 241
42 243
42 244
42 245
42 246
42 247
42 248
42 250
42 251
42 252
42 253
42 254
42 255
42 256
42 257
42 433
42 437
42 459
42 460
42 463
42 465
42 466
42 467
42 468
42 469
42 472
42 473
42 474
42 477
42 480
42 481
42 482
42 484
42 486
42 487
42 488
42 517
42 518
42 519
42 520
42 522
42 523
42 524
42 525
42 526
42 576
42 578
42 579
42 580
43 44
43 45
43 46
43 48
43 49
43 112
43 113
43 114
43 115
43 116
43 117
43 118
43 119
43 121
43 124
43 126
43 163
43 165
43 167
43 168
43 169
43 170
43 171
43 172
43 173
43 174
43 175
43 176
43 177
43 178
43 180
43 185
43 186
43 187
43 188
43 204
43 208
43 210
43 211
43 212
43 213
43 216
43 217
43 218
43 219
43 220
43 221
43 222
43 223
43 225
43 226
43 227
43 228
43 243
43 245
43 249
43 250
43 251
43 252
43 256
43 257
43 431
43 432
43 433
43 434
43 435
43 437
43 438
43 462
43 463
43 464
43 465
43 468
43 469
43 470
43 471
43 472
43 476
43 479
43 480
43 481
43 482
43 483
43 484
43 485
43 486
43 487
43 488
43 489
43 520
43 521
43 522
43 523
43 524
43 525
43 529
43 577
43 578
44 45
44 46
44 47
44 48
44 109
44 112
44 113
44 115
44 116
44 117
44 118
44 120
44 122
44 123
44 124
44 125
44 126
44 164
44 165
44 166
44 168
44 171
44 172
44 173
44 175
44 177
44 178
44 179
44 180
44 184
44 186
44 187
44 188
44 207
44 208
44 209
44 210
44 211
44 212
44 213
44 216
44 217
44 218
44 219
44 220
44 221
44 222
44 223
44 224
44 225
44 226
44 227
44 238
44 241
44 244
44 246
44 248
44 249
44 250
44 251
44 252
44 254
44 255
44 256
44 434
44 435
44 437
44 458
44 463
44 464
44 467
44 468
44 469
44 471
44 472
44 473
44 474
44 475
44 476
44 477
44 478
44 479
44 480
44 481
44 482
44 483
44 484
44 485
44 486
44 487
44 488
44 489
44 519
44 521
44 522
44 524
44 525
44 920
45 46
45 47
45 49
45 50
45 54
45 107
45 113
45 114
45 115
45 116
45 117
45 118
45 119
45 120
45 121
45 122
45 123
45 124
45 125
45 126
45 127
45 129
45 164
45 165
45 167
45 168
45 169
45 170
45 171
45 172
45 173
45 174
45 175
45 176
45 177
45 178
45 179
45 180
45 181
45 182
45 186
45 187
45 208
45 209
45 211
45 212
45 213
45 214
45 215
45 216
45 218
45 219
45 220
45 221
45 222
45 223
45 224
45 225
45 226
45 227
45 228
45 241
45 244
45 245
45 246
45 249
45 250
45 251
45 252
45 253
45 255
45 256
45 430
45 432
45 434
45 436
45 437
45 438
45 439
45 460
45 461
45 464
45 465
45 467
45 468
45 469
45 472
45 473
45 474
45 475
45 476
45 477
45 478
45 479
45 480
45 481
45 482
45 483
45 484
45 485
45 486
45 487
45 488
45 517
45 518
45 519
45 521
45 522
45 524
45 525
45 526
45 527
45 577
45 781
46 47
46 48
46 49
46 108
46 110
46 111
46 112
46 113
46 115
46 116
46 117
46 118
46 120
46 121
46 122
46 123
46 124
46 125
46 126
46 127
46 163
46 164
46 165
46 168
46 169
46 170
46 171
46 172
46 173
46 174
46 175
46 176
46 177
46 178
46 179
46 180
46 183
46 207
46 208
46 209
46 210
46 212
46 213
46 214
46 215
46 216
46 217
46 218
46 219
46 220
46 221
46 222
46 223
46 224
46 225
46 227
46 228
46 243
46 246
46 247
46 248
46 249
46 250
46 251
46 252
46 253
46 254
46 255
46 256
46 257
46 433
46 435
46 436
46 459
46 461
46 463
46 464
46 466
46 467
46 468
46 469
46 471
46 472
46 473
46 474
46 475
46 476
46 477
46 478
46 479
46 480
46 481
46 482
46 483
46 484
46 485
46 486
46 487
46 488
46 519
46 521
46 522
46 523
46 524
46 525
46 577
46 578
46 579
46 637
47 48
47 109
47 112
47 113
47 115
47 116
47 117
47 118
47 119
47 120
47 121
47 122
47 123
47 124
47 126
47 163
47 164
47 167
47 168
47 169
47 170
47 171
47 172
47 173
47 174
47 175
47 176
47 177
47 178
47 179
47 180
47 181
47 186
47 206
47 207
47 209
47 210
47 211
47 212
47 213
47 214
47 215
47 216
47 219
47 221
47 222
47 223
47 224
47 226
47 227
47 228
47 239
47 243
47 244
47 245
47 246
47 247
47 248
47 249
47 250
47 251
47 252
47 253
47 254
47 255
47 256
47 257
47 430
47 436
47 437
47 438
47 440
47 462
47 463
47 464
47 466
47 467
47 468
47 469
47 470
47 471
47 472
47 473
47 474
47 475
47 476
47 477
47 478
47 479
47 480
47 481
47 482
47 483
47 484
47 485
47 486
47 487
47 488
47 515
47 520
47 521
47 522
47 523
47 524
47 525
47 526
47 527
47 580
47 635
48 49
48 108
48 110
48 111
48 113
48 115
48 116
48 117
48 118
48 120
48 121
48 122
48 123
48 125
48 126
48 127
48 169
48 170
48 172
48 173
48 174
48 175
48 177
48 178
48 179
48 180
48 181
48 209
48 210
48 211
48 212
48 214
48 215
48 217
48 219
48 220
48 221
48 222
48 223
48 224
48 225
48 226
48 227
48 242
48 245
48 248
48 249
48 250
48 251
48 252
48 253
48 254
48 255
48 256
48 257
48 431
48 436
48 437
48 438
48 460
48 461
48 463
48 464
48 465
48 466
48 467
48 468
48 469
48 470
48 471
48 472
48 473
48 474
48 475
48 476
48 477
48 478
48 479
48 480
48 481
48 482
48 483
48 484
48 485
48 486
48 487
48 488
48 518
48 519
48 520
48 521
48 522
48 523
48 524
48 525
48 527
48 637
48 659
49 111
49 114
49 116
49 117
49 118
49 119
49 120
49 123
49 124
49 168
49 170
49 173
49 174
49 175
49 176
49 177
49 178
49 179
49 186
49 208
49 211
49 217
49 220
49 224
49 226
49 227
49 243
49 245
49 247
49 252
49 253
49 254
49 255
49 256
49 463
49 467
49 469
49 471
49 472
49 475
49 476
49 477
49 478
49 479
49 481
49 482
49 483
49 484
49 485
49 486
49 487
49 488
49 520
49 524
49 527
49 578
50 114
50 115
50 123
50 179
50 225
50 228
50 244
50 253
50 259
50 437
50 469
50 477
50 479
50 480
50 482
50 483
50 484
50 485
50 486
50 487
50 488
51 128
51 137
51 218
51 227
51 440
51 443
51 480
51 485
51 486
52 372
52 487
52 488
53 113
53 132
53 477
54 117
54 482
54 483
54 485
54 487
54 521
54 524
55 177
55 215
55 474
55 481
55 486
55 488
56 99
56 217
56 487
56 865
57 217
58 424
62 486
63 528
66 483
66 485
67 784
70 482
71 486
72 194
73 482
73 483
73 487
74 121
74 176
74 482
74 487
75 348
75 476
75 690
76 123
76 183
76 220
76 471
76 476
76 483
77 226
77 253
77 473
77 483
77 484
79 484
80 127
80 422
80 484
81 486
81 487
82 485
82 642
83 486
84 477
86 481
88 487
89 159
89 485
90 207
91 371
97 466
100 482
100 486
101 254
101 486
102 486
104 530
106 125
106 209
106 221
106 239
106 463
107 108
107 164
107 166
107 167
107 178
107 186
107 215
107 225
107 244
107 247
107 432
107 434
107 477
107 485
107 486
107 487
107 514
107 516
107 527
107 576
107 579
107 635
108 120
108 162
108 163
108 167
108 174
108 177
108 180
108 188
108 208
108 209
108 211
108 215
108 221
108 249
108 251
108 253
108 254
108 255
108 395
108 430
108 434
108 436
108 460
108 462
108 466
108 471
108 475
108 483
108 485
108 517
108 518
108 519
108 526
109 111
109 115
109 116
109 120
109 121
109 123
109 124
109 127
109 165
109 166
109 167
109 172
109 173
109 176
109 181
109 183
109 184
109 186
109 207
109 208
109 213
109 215
109 223
109 224
109 238
109 241
109 246
109 249
109 250
109 254
109 256
109 257
109 433
109 461
109 462
109 463
109 464
109 465
109 470
109 475
109 485
109 518
109 519
109 576
109 579
109 634
110 112
110 114
110 116
110 119
110 120
110 122
110 125
110 164
110 169
110 171
110 172
110 173
110 174
110 177
110 178
110 179
110 180
110 205
110 207
110 209
110 211
110 212
110 213
110 218
110 220
110 222
110 223
110 224
110 225
110 227
110 228
110 229
110 240
110 241
110 243
110 244
110 246
110 250
110 251
110 433
110 435
110 436
110 438
110 462
110 463
110 465
110 467
110 468
110 469
110 470
110 471
110 472
110 473
110 474
110 476
110 477
110 478
110 479
110 481
110 482
110 483
110 485
110 486
110 487
110 518
110 522
110 578
110 634
111 112
111 114
111 115
111 121
111 122
111 123
111 126
111 127
111 162
111 164
111 165
111 166
111 168
111 170
111 172
111 180
111 181
111 183
111 186
111 187
111 205
111 208
111 209
111 210
111 212
111 213
111 214
111 215
111 216
111 217
111 219
111 223
111 244
111 245
111 246
111 247
111 248
111 250
111 254
111 257
111 421
111 435
111 436
111 437
111 459
111 460
111 461
111 462
111 464
111 466
111 467
111 468
111 470
111 473
111 484
111 486
111 487
111 488
111 489
111 517
111 518
111 519
111 520
111 521
111 522
111 523
111 524
111 526
111 576
111 635
112 114
112 116
112 117
112 118
112 119
112 120
112 123
112 124
112 125
112 126
112 166
112 167
112 170
112 171
112 173
112 174
112 176
112 178
112 179
112 180
112 185
112 186
112 188
112 211
112 212
112 214
112 217
112 218
112 219
112 221
112 222
112 226
112 227
112 228
112 244
112 245
112 247
112 248
112 249
112 252
112 256
112 433
112 437
112 438
112 465
112 466
112 467
112 468
112 469
112 470
112 471
112 472
112 473
112 474
112 475
112 476
112 477
112 478
112 479
112 480
112 481
112 482
112 486
112 487
112 488
112 518
112 519
112 521
112 523
112 524
112 526
112 577
112 578
112 579
112 638
113 115
113 117
113 118
113 119
113 123
113 124
113 126
113 164
113 169
113 175
113 176
113 177
113 178
113 180
113 184
113 186
113 187
113 188
113 210
113 213
113 214
113 216
113 218
113 220
113 222
113 223
113 225
113 226
113 227
113 228
113 243
113 244
113 247
113 248
113 249
113 250
113 251
113 252
113 254
113 255
113 257
113 432
113 434
113 435
113 460
113 461
113 462
113 464
113 465
113 466
113 467
113 468
113 469
113 470
113 471
113 472
113 473
113 474
113 475
113 476
113 478
113 479
113 480
113 482
113 483
113 485
113 486
113 487
113 488
113 516
113 517
113 518
113 519
113 520
113 522
113 523
113 524
113 525
113 578
114 115
114 116
114 118
114 119
114 120
114 121
114 123
114 124
114 125
114 126
114 165
114 166
114 168
114 169
114 170
114 171
114 175
114 176
114 178
114 179
114 180
114 185
114 186
114 206
114 208
114 209
114 210
114 212
114 214
114 215
114 216
114 217
114 218
114 219
114 220
114 221
114 223
114 225
114 226
114 227
114 229
114 241
114 242
114 243
114 245
114 246
114 247
114 249
114 251
114 252
114 253
114 254
114 255
114 256
114 257
114 280
114 433
114 435
114 437
114 462
114 463
114 464
114 465
114 467
114 468
114 469
114 471
114 472
114 473
114 474
114 475
114 476
114 478
114 480
114 481
114 482
114 483
114 484
114 485
114 486
114 487
114 488
114 519
114 520
114 524
114 525
114 526
114 576
114 578
114 579
115 119
115 121
115 122
115 123
115 124
115 126
115 165
115 167
115 169
115 170
115 171
115 172
115 173
115 174
115 175
115 176
115 177
115 178
115 179
115 180
115 181
115 183
115 186
115 206
115 207
115 209
115 211
115 212
115 213
115 214
115 215
115 216
115 217
115 218
115 219
115 221
115 222
115 223
115 224
115 226
115 227
115 228
115 241
115 244
115 245
115 247
115 248
115 250
115 251
115 252
115 253
115 255
115 256
115 257
115 297
115 431
115 433
115 434
115 435
115 436
115 437
115 438
115 463
115 464
115 465
115 466
115 467
115 468
115 470
115 471
115 472
115 474
115 475
115 478
115 479
115 480
115 481
115 482
115 483
115 484
115 485
115 486
115 487
115 488
115 522
115 525
115 526
115 580
115 636
116 117
116 118
116 119
116 120
116 121
116 124
116 125
116 126
116 165
116 166
116 167
116 168
116 170
116 171
116 175
116 176
116 177
116 179
116 180
116 181
116 185
116 186
116 187
116 192
116 207
116 208
116 209
116 210
116 211
116 212
116 213
116 214
116 215
116 217
116 218
116 219
116 220
116 222
116 223
116 224
116 225
116 226
116 227
116 228
116 241
116 245
116 247
116 248
116 250
116 253
116 254
116 256
116 257
116 260
116 431
116 432
116 433
116 434
116 435
116 437
116 438
116 461
116 463
116 464
116 465
116 466
116 467
116 470
116 471
116 472
116 475
116 476
116 477
116 478
116 483
116 484
116 485
116 486
116 487
116 488
116 517
116 518
116 520
116 521
116 523
116 524
116 525
116 528
116 578
116 636
117 119
117 120
117 121
117 122
117 123
117 124
117 125
117 127
117 166
117 167
117 168
117 169
117 170
117 172
117 173
117 174
117 175
117 176
117 177
117 178
117 179
117 180
117 181
117 187
117 207
117 208
117 209
117 210
117 211
117 212
117 213
117 214
117 215
117 216
117 217
117 218
117 219
117 220
117 221
117 222
117 223
117 224
117 225
117 226
117 227
117 228
117 239
117 245
117 246
117 247
117 248
117 249
117 250
117 251
117 252
117 253
117 254
117 255
117 256
117 257
117 431
117 433
117 434
117 435
117 437
117 459
117 461
117 462
117 464
117 465
117 466
117 467
117 468
117 469
117 470
117 471
117 472
117 474
117 475
117 476
117 477
117 478
117 479
117 480
117 481
117 482
117 483
117 484
117 485
117 486
117 487
117 488
117 518
117 520
117 521
117 522
117 523
117 524
117 525
117 577
117 578
117 636
117 638
118 119
118 120
118 121
118 122
118 123
118 124
118 125
118 126
118 127
118 166
118 168
118 169
118 170
118 171
118 172
118 173
118 174
118 176
118 177
118 178
118 179
118 180
118 186
118 208
118 209
118 210
118 211
118 212
118 213
118 214
118 215
118 216
118 217
118 218
118 219
118 220
118 221
118 222
118 223
118 224
118 225
118 226
118 227
118 241
118 242
118 244
118 245
118 246
118 248
118 249
118 250
118 251
118 252
118 253
118 254
118 255
118 256
118 257
118 431
118 433
118 435
118 437
118 438
118 461
118 464
118 465
118 467
118 468
118 469
118 470
118 471
118 472
118 473
118 474
118 475
118 476
118 477
118 478
118 479
118 480
118 482
118 483
118 484
118 485
118 486
118 487
118 488
118 519
118 520
118 521
118 522
118 523
118 524
118 525
118 579
118 580
118 782
118 837
119 120
119 121
119 122
119 123
119 124
119 125
119 126
119 127
119 161
119 164
119 169
119 170
119 171
119 172
119 173
119 174
119 175
119 176
119 177
119 179
119 180
119 183
119 184
119 185
119 186
119 208
119 209
119 210
119 212
119 214
119 215
119 216
119 217
119 218
119 219
119 220
119 221
119 222
119 223
119 224
119 225
119 226
119 227
119 228
119 229
119 239
119 241
119 243
119 244
119 247
119 248
119 249
119 250
119 251
119 253
119 254
119 255
119 256
119 257
119 432
119 433
119 435
119 436
119 437
119 459
119 462
119 464
119 465
119 466
119 467
119 468
119 469
119 470
119 471
119 472
119 473
119 474
119 475
119 477
119 478
119 479
119 480
119 481
119 482
119 483
119 484
119 485
119 486
119 487
119 488
119 489
119 518
119 520
119 521
119 522
119 525
119 526
119 527
119 559
119 578
119 579
119 580
120 121
120 122
120 123
120 125
120 126
120 127
120 164
120 166
120 167
120 168
120 169
120 170
120 171
120 172
120 173
120 174
120 175
120 176
120 177
120 178
120 179
120 180
120 181
120 182
120 187
120 207
120 209
120 210
120 211
120 212
120 213
120 214
120 217
120 218
120 220
120 221
120 222
120 223
120 224
120 225
120 226
120 227
120 244
120 245
120 247
120 249
120 250
120 251
120 252
120 253
120 254
120 255
120 256
120 257
120 432
120 433
120 437
120 459
120 463
120 464
120 465
120 466
120 467
120 468
120 469
120 470
120 471
120 472
120 473
120 474
120 475
120 476
120 477
120 478
120 479
120 480
120 481
120 482
120 483
120 484
120 485
120 486
120 487
120 488
120 489
120 518
120 519
120 522
120 523
120 524
120 525
120 528
120 578
120 637
120 724
121 122
121 123
121 124
121 125
121 126
121 127
121 160
121 162
121 164
121 168
121 170
121 171
121 172
121 173
121 174
121 175
121 176
121 177
121 178
121 179
121 180
121 181
121 185
121 186
121 205
121 212
121 213
121 214
121 215
121 216
121 217
121 219
121 220
121 221
121 222
121 223
121 224
121 225
121 226
121 227
121 228
121 240
121 244
121 245
121 247
121 248
121 249
121 250
121 251
121 252
121 253
121 254
121 255
121 256
121 257
121 258
121 298
121 340
121 433
121 435
121 436
121 437
121 460
121 462
121 466
121 467
121 468
121 469
121 470
121 471
121 472
121 473
121 474
121 475
121 476
121 477
121 478
121 479
121 480
121 481
121 482
121 483
121 484
121 485
121 486
121 487
121 488
121 516
121 517
121 518
121 520
121 521
121 522
121 523
121 524
121 525
121 526
121 577
121 580
121 635
121 639
122 123
122 124
122 125
122 126
122 164
122 167
122 168
122 169
122 170
122 171
122 172
122 173
122 174
122 175
122 176
122 177
122 178
122 179
122 180
122 182
122 183
122 185
122 189
122 206
122 207
122 208
122 210
122 212
122 213
122 214
122 215
122 216
122 217
122 218
122 219
122 220
122 222
122 223
122 224
122 225
122 226
122 227
122 228
122 240
122 241
122 246
122 247
122 249
122 250
122 251
122 252
122 253
122 254
122 255
122 256
122 257
122 258
122 433
122 434
122 437
122 460
122 461
122 462
122 465
122 466
122 467
122 469
122 470
122 471
122 472
122 473
122 474
122 475
122 476
122 477
122 478
122 479
122 480
122 481
122 482
122 483
122 484
122 485
122 486
122 488
122 489
122 518
122 519
122 520
122 521
122 523
122 524
122 525
122 527
122 580
123 124
123 125
123 126
123 127
123 167
123 168
123 169
123 170
123 171
123 172
123 173
123 174
123 175
123 176
123 177
123 178
123 179
123 180
123 181
123 184
123 187
123 188
123 209
123 210
123 212
123 213
123 214
123 215
123 217
123 218
123 219
123 220
123 221
123 222
123 223
123 224
123 225
123 226
123 227
123 228
123 240
123 241
123 243
123 244
123 248
123 249
123 250
123 251
123 252
123 253
123 254
123 255
123 256
123 257
123 433
123 434
123 435
123 436
123 437
123 438
123 446
123 461
123 462
123 463
123 464
123 466
123 468
123 470
123 471
123 472
123 473
123 474
123 475
123 476
123 477
123 478
123 479
123 480
123 481
123 482
123 483
123 484
123 485
123 486
123 487
123 488
123 489
123 517
123 520
123 522
123 523
123 524
123 525
123 526
123 528
123 576
123 638
123 952
124 125
124 127
124 169
124 170
124 171
124 172
124 173
124 174
124 175
124 176
124 177
124 178
124 179
124 180
124 181
124 184
124 185
124 206
124 207
124 211
124 212
124 213
124 214
124 215
124 216
124 217
124 218
124 219
124 220
124 221
124 222
124 223
124 224
124 225
124 226
124 227
124 228
124 241
124 242
124 243
124 244
124 245
124 246
124 248
124 249
124 250
124 251
124 252
124 253
124 254
124 255
124 256
124 257
124 431
124 434
124 435
124 437
124 438
124 458
124 460
124 462
124 463
124 464
124 465
124 466
124 467
124 469
124 470
124 471
124 472
124 473
124 474
124 475
124 476
124 477
124 478
124 479
124 480
124 481
124 482
124 483
124 484
124 485
124 486
124 487
124 488
124 489
124 519
124 520
124 521
124 522
124 523
124 525
124 527
124 635
124 637
125 126
125 127
125 163
125 164
125 169
125 170
125 171
125 173
125 174
125 175
125 176
125 177
125 178
125 179
125 180
125 182
125 187
125 208
125 209
125 210
125 211
125 212
125 214
125 215
125 216
125 217
125 218
125 220
125 221
125 222
125 223
125 224
125 225
125 226
125 227
125 228
125 239
125 244
125 245
125 246
125 249
125 250
125 251
125 252
125 253
125 254
125 255
125 256
125 257
125 258
125 429
125 431
125 434
125 435
125 436
125 438
125 442
125 461
125 462
125 463
125 464
125 466
125 467
125 469
125 470
125 471
125 472
125 473
125 474
125 475
125 476
125 477
125 478
125 479
125 480
125 481
125 482
125 483
125 484
125 485
125 486
125 487
125 488
125 517
125 518
125 522
125 523
125 524
125 525
125 526
125 576
125 577
125 578
125 579
125 616
125 637
125 862
126 127
126 163
126 164
126 166
126 169
126 170
126 171
126 172
126 173
126 174
126 175
126 176
126 177
126 178
126 179
126 180
126 185
126 187
126 188
126 207
126 209
126 210
126 211
126 212
126 213
126 214
126 215
126 216
126 218
126 220
126 221
126 222
126 223
126 224
126 225
126 226
126 227
126 228
126 229
126 242
126 243
126 245
126 246
126 247
126 248
126 249
126 250
126 251
126 253
126 255
126 256
126 257
126 258
126 433
126 435
126 436
126 437
126 438
126 465
126 466
126 468
126 469
126 470
126 471
126 472
126 473
126 474
126 475
126 476
126 477
126 478
126 479
126 480
126 481
126 482
126 483
126 484
126 485
126 486
126 487
126 488
126 518
126 519
126 522
126 523
126 524
126 525
126 575
126 577
126 578
126 636
126 637
126 759
127 173
127 176
127 177
127 179
127 207
127 208
127 209
127 210
127 212
127 213
127 214
127 215
127 216
127 218
127 222
127 224
127 225
127 226
127 229
127 242
127 243
127 249
127 251
127 254
127 435
127 462
127 465
127 469
127 470
127 472
127 474
127 475
127 476
127 478
127 480
127 481
127 482
127 484
127 485
127 486
127 487
127 488
127 517
127 519
127 524
127 634
127 951
128 170
128 177
128 186
128 226
128 247
128 256
128 345
128 471
128 475
128 479
128 480
128 482
128 483
128 484
128 485
128 486
128 488
128 520
128 522
128 697
129 253
129 287
129 483
129 486
129 487
129 733
129 834
129 965
130 367
130 483
130 642
130 726
131 267
131 730
137 481
143 441
149 176
150 682
153 485
154 486
155 484
155 486
156 431
161 220
161 242
161 464
161 487
161 522
161 575
162 172
162 179
162 184
162 206
162 210
162 211
162 214
162 216
162 218
162 227
162 244
162 255
162 462
162 468
162 470
162 473
162 475
162 482
162 489
162 515
162 578
163 164
163 169
163 170
163 172
163 175
163 176
163 177
163 179
163 184
163 208
163 210
163 212
163 213
163 218
163 221
163 225
163 239
163 240
163 241
163 242
163 243
163 246
163 250
163 256
163 431
163 432
163 435
163 459
163 462
163 465
163 466
163 472
163 473
163 476
163 481
163 484
163 487
163 488
163 515
163 522
163 527
163 577
164 169
164 174
164 175
164 176
164 185
164 186
164 209
164 210
164 211
164 216
164 217
164 218
164 220
164 221
164 222
164 223
164 225
164 240
164 241
164 243
164 244
164 245
164 248
164 251
164 255
164 434
164 435
164 436
164 463
164 467
164 469
164 471
164 472
164 475
164 479
164 480
164 483
164 486
164 488
164 517
164 521
164 526
164 578
164 635
165 166
165 169
165 170
165 171
165 173
165 175
165 176
165 177
165 178
165 180
165 183
165 205
165 209
165 210
165 213
165 216
165 218
165 220
165 227
165 242
165 244
165 246
165 247
165 248
165 249
165 250
165 251
165 252
165 253
165 254
165 256
165 257
165 430
165 433
165 436
165 438
165 459
165 461
165 465
165 466
165 468
165 469
165 470
165 472
165 475
165 477
165 478
165 479
165 481
165 482
165 484
165 486
165 488
165 517
165 519
165 520
165 522
165 523
165 525
165 576
165 636
166 169
166 170
166 171
166 173
166 175
166 176
166 177
166 179
166 180
166 181
166 187
166 188
166 206
166 211
166 214
166 215
166 217
166 218
166 219
166 220
166 221
166 222
166 224
166 227
166 228
166 239
166 246
166 247
166 248
166 250
166 251
166 252
166 255
166 437
166 459
166 463
166 464
166 466
166 471
166 472
166 473
166 475
166 476
166 477
166 478
166 479
166 480
166 485
166 487
166 517
166 518
166 519
166 520
166 521
166 523
166 525
166 576
166 577
166 636
167 168
167 172
167 173
167 175
167 176
167 177
167 178
167 179
167 180
167 181
167 185
167 186
167 204
167 206
167 207
167 208
167 209
167 211
167 212
167 214
167 215
167 216
167 217
167 219
167 220
167 221
167 223
167 224
167 225
167 226
167 241
167 242
167 243
167 244
167 245
167 247
167 249
167 251
167 252
167 253
167 254
167 255
167 256
167 430
167 434
167 435
167 436
167 437
167 458
167 460
167 461
167 462
167 464
167 466
167 467
167 470
167 471
167 472
167 473
167 474
167 478
167 479
167 483
167 484
167 485
167 486
167 487
167 516
167 518
167 521
167 523
167 524
167 525
167 635
167 636
168 169
168 170
168 171
168 172
168 173
168 176
168 180
168 181
168 184
168 187
168 188
168 207
168 208
168 210
168 213
168 214
168 215
168 216
168 217
168 219
168 220
168 221
168 223
168 226
168 227
168 228
168 242
168 244
168 246
168 247
168 248
168 250
168 251
168 254
168 255
168 256
168 435
168 437
168 460
168 462
168 464
168 468
168 469
168 470
168 471
168 473
168 475
168 476
168 477
168 479
168 480
168 482
168 484
168 485
168 486
168 487
168 488
168 514
168 519
168 520
168 521
168 523
168 524
168 525
168 526
168 576
168 577
168 637
169 170
169 171
169 172
169 173
169 174
169 175
169 176
169 177
169 178
169 181
169 183
169 184
169 185
169 208
169 210
169 212
169 213
169 214
169 215
169 216
169 218
169 220
169 221
169 222
169 223
169 224
169 225
169 227
169 240
169 241
169 242
169 243
169 244
169 245
169 246
169 247
169 248
169 250
169 251
169 252
169 253
169 254
169 255
169 257
169 431
169 433
169 434
169 435
169 437
169 438
169 460
169 461
169 462
169 463
169 464
169 466
169 467
169 468
169 469
169 470
169 471
169 472
169 474
169 475
169 477
169 478
169 479
169 480
169 481
169 482
169 483
169 484
169 485
169 486
169 487
169 515
169 517
169 518
169 519
169 521
169 523
169 524
169 525
169 578
169 635
169 636
169 637
170 171
170 172
170 173
170 174
170 175
170 176
170 178
170 179
170 180
170 188
170 206
170 207
170 209
170 210
170 212
170 213
170 214
170 215
170 216
170 218
170 219
170 220
170 221
170 222
170 223
170 224
170 225
170 226
170 227
170 228
170 244
170 245
170 247
170 248
170 249
170 251
170 252
170 254
170 255
170 257
170 432
170 433
170 434
170 435
170 437
170 457
170 459
170 460
170 462
170 463
170 464
170 466
170 467
170 468
170 469
170 470
170 471
170 472
170 473
170 474
170 476
170 477
170 478
170 479
170 480
170 482
170 483
170 484
170 486
170 487
170 488
170 517
170 518
170 522
170 523
170 524
170 525
170 526
170 634
170 635
170 640
170 729
170 781
170 897
171 172
171 173
171 174
171 175
171 176
171 177
171 178
171 179
171 206
171 208
171 209
171 210
171 211
171 212
171 213
171 214
171 215
171 217
171 219
171 220
171 221
171 222
171 224
171 226
171 227
171 228
171 243
171 244
171 245
171 246
171 247
171 248
171 249
171 251
171 252
171 253
171 255
171 256
171 430
171 432
171 436
171 437
171 458
171 462
171 465
171 466
171 468
171 470
171 471
171 473
171 474
171 475
171 476
171 477
171 478
171 479
171 480
171 481
171 482
171 483
171 484
171 485
171 486
171 487
171 489
171 517
171 520
171 522
171 523
171 524
171 525
171 526
171 579
171 580
171 634
171 636
171 781
172 173
172 174
172 175
172 176
172 177
172 178
172 179
172 180
172 208
172 209
172 211
172 212
172 213
172 214
172 215
172 216
172 217
172 218
172 219
172 220
172 221
172 222
172 223
172 224
172 225
172 226
172 227
172 240
172 242
172 243
172 244
172 245
172 246
172 247
172 248
172 249
172 250
172 251
172 252
172 253
172 254
172 255
172 256
172 257
172 432
172 433
172 435
172 438
172 441
172 460
172 462
172 463
172 464
172 465
172 466
172 467
172 468
172 469
172 470
172 471
172 472
172 473
172 475
172 476
172 477
172 478
172 479
172 481
172 482
172 483
172 484
172 485
172 486
172 487
172 488
172 519
172 520
172 521
172 522
172 523
172 524
172 525
172 575
172 578
172 862
173 174
173 175
173 176
173 177
173 178
173 179
173 180
173 186
173 209
173 212
173 213
173 214
173 215
173 216
173 217
173 218
173 219
173 220
173 221
173 222
173 223
173 224
173 225
173 226
173 227
173 240
173 242
173 244
173 245
173 246
173 247
173 248
173 249
173 250
173 251
173 252
173 254
173 255
173 257
173 259
173 260
173 434
173 435
173 436
173 437
173 438
173 439
173 459
173 461
173 462
173 465
173 466
173 467
173 468
173 469
173 470
173 471
173 472
173 474
173 475
173 476
173 477
173 478
173 480
173 481
173 482
173 483
173 484
173 485
173 486
173 487
173 488
173 489
173 517
173 518
173 519
173 520
173 521
173 522
173 523
173 524
173 525
173 526
173 527
173 528
173 577
173 579
173 580
173 635
173 889
174 175
174 176
174 177
174 178
174 179
174 180
174 183
174 209
174 210
174 211
174 212
174 213
174 214
174 215
174 216
174 217
174 218
174 219
174 220
174 221
174 222
174 223
174 224
174 225
174 226
174 227
174 228
174 241
174 243
174 245
174 246
174 247
174 248
174 249
174 250
174 251
174 252
174 253
174 254
174 255
174 256
174 257
174 433
174 434
174 435
174 436
174 437
174 438
174 440
174 461
174 462
174 463
174 465
174 466
174 467
174 468
174 469
174 470
174 471
174 472
174 473
174 474
174 475
174 476
174 477
174 478
174 479
174 480
174 482
174 483
174 484
174 485
174 486
174 487
174 488
174 489
174 519
174 521
174 522
174 523
174 524
174 525
174 578
174 861
175 176
175 177
175 178
175 179
175 180
175 183
175 184
175 187
175 188
175 206
175 210
175 211
175 212
175 213
175 214
175 215
175 216
175 217
175 218
175 219
175 220
175 221
175 222
175 223
175 224
175 225
175 226
175 227
175 228
175 229
175 240
175 241
175 242
175 243
175 244
175 245
175 247
175 248
175 249
175 250
175 251
175 252
175 253
175 254
175 255
175 256
175 257
175 432
175 435
175 436
175 438
175 461
175 463
175 464
175 466
175 467
175 468
175 469
175 470
175 471
175 472
175 473
175 474
175 475
175 476
175 477
175 478
175 479
175 480
175 481
175 482
175 483
175 484
175 485
175 486
175 487
175 488
175 489
175 518
175 519
175 520
175 521
175 522
175 524
175 525
175 559
175 580
175 593
175 635
175 863
176 177
176 178
176 179
176 180
176 181
176 184
176 186
176 187
176 190
176 207
176 208
176 209
176 210
176 212
176 213
176 214
176 215
176 216
176 217
176 218
176 219
176 220
176 221
176 222
176 223
176 224
176 225
176 226
176 227
176 228
176 240
176 242
176 244
176 245
176 246
176 247
176 248
176 249
176 250
176 251
176 253
176 254
176 255
176 256
176 257
176 431
176 434
176 435
176 436
176 459
176 462
176 464
176 465
176 466
176 467
176 468
176 469
176 470
176 471
176 472
176 473
176 474
176 475
176 476
176 477
176 478
176 479
176 480
176 481
176 482
176 483
176 484
176 485
176 486
176 487
176 488
176 518
176 519
176 520
176 521
176 522
176 523
176 524
176 525
176 576
177 178
177 179
177 180
177 187
177 208
177 210
177 211
177 212
177 213
177 214
177 216
177 217
177 218
177 219
177 220
177 221
177 222
177 223
177 224
177 225
177 226
177 227
177 228
177 229
177 243
177 244
177 246
177 247
177 248
177 249
177 250
177 251
177 252
177 253
177 254
177 255
177 256
177 257
177 431
177 435
177 437
177 438
177 439
177 459
177 461
177 462
177 463
177 464
177 465
177 466
177 467
177 468
177 469
177 470
177 471
177 472
177 473
177 474
177 475
177 476
177 477
177 478
177 479
177 480
177 481
177 482
177 483
177 484
177 485
177 486
177 487
177 488
177 489
177 515
177 518
177 520
177 521
177 522
177 523
177 524
177 526
177 579
177 580
177 600
177 641
178 179
178 180
178 181
178 182
178 186
178 187
178 207
178 210
178 211
178 212
178 213
178 214
178 215
178 216
178 217
178 218
178 219
178 220
178 222
178 223
178 224
178 225
178 226
178 227
178 228
178 243
178 244
178 246
178 247
178 248
178 249
178 250
178 251
178 252
178 253
178 254
178 255
178 256
178 257
178 259
178 421
178 432
178 433
178 434
178 435
178 436
178 437
178 439
178 458
178 461
178 463
178 464
178 465
178 466
178 467
178 468
178 469
178 470
178 471
178 472
178 473
178 474
178 475
178 476
178 477
178 478
178 479
178 480
178 481
178 482
178 483
178 484
178 485
178 486
178 487
178 488
178 489
178 516
178 518
178 519
178 520
178 521
178 522
178 524
178 525
178 526
178 578
178 579
178 581
178 636
178 637
178 780
178 861
178 952
179 180
179 181
179 186
179 187
179 209
179 211
179 212
179 213
179 214
179 215
179 216
179 217
179 218
179 219
179 220
179 221
179 222
179 223
179 224
179 225
179 226
179 227
179 228
179 229
179 240
179 243
179 244
179 245
179 246
179 247
179 248
179 249
179 250
179 252
179 253
179 254
179 255
179 256
179 257
179 258
179 429
179 431
179 434
179 435
179 436
179 437
179 438
179 439
179 458
179 459
179 462
179 463
179 464
179 465
179 466
179 467
179 468
179 469
179 470
179 471
179 472
179 473
179 474
179 475
179 476
179 477
179 478
179 479
179 480
179 481
179 482
179 483
179 484
179 485
179 486
179 487
179 488
179 489
179 518
179 519
179 520
179 521
179 522
179 523
179 524
179 525
179 527
179 576
179 636
179 684
179 780
179 805
179 839
179 950
180 182
180 185
180 187
180 208
180 209
180 210
180 211
180 212
180 216
180 217
180 218
180 219
180 220
180 221
180 222
180 223
180 224
180 225
180 227
180 228
180 239
180 243
180 244
180 245
180 246
180 247
180 248
180 249
180 250
180 251
180 252
180 253
180 254
180 255
180 256
180 257
180 431
180 433
180 437
180 438
180 458
180 461
180 462
180 463
180 464
180 466
180 467
180 468
180 469
180 470
180 471
180 472
180 473
180 474
180 475
180 476
180 477
180 478
180 479
180 480
180 481
180 482
180 483
180 484
180 485
180 486
180 487
180 488
180 515
180 517
180 519
180 520
180 522
180 523
180 524
180 526
180 578
180 634
180 735
180 862
181 187
181 205
181 208
181 209
181 212
181 214
181 216
181 219
181 222
181 223
181 224
181 226
181 227
181 228
181 241
181 246
181 248
181 250
181 253
181 254
181 255
181 258
181 432
181 436
181 437
181 462
181 465
181 466
181 467
181 468
181 469
181 470
181 471
181 472
181 473
181 474
181 475
181 476
181 477
181 478
181 479
181 480
181 481
181 482
181 483
181 484
181 485
181 486
181 487
181 488
181 521
181 522
181 523
181 575
181 578
181 635
181 863
182 218
182 248
182 254
182 466
182 470
182 472
182 473
182 474
182 477
182 479
182 480
182 481
182 482
182 483
182 484
182 485
182 486
182 487
182 488
182 489
182 516
182 636
183 214
183 220
183 239
183 243
183 256
183 430
183 433
183 434
183 435
183 460
183 477
183 484
183 485
183 486
183 488
183 521
183 522
183 527
183 547
183 561
183 596
183 839
184 212
184 216
184 240
184 241
184 245
184 246
184 249
184 258
184 432
184 433
184 436
184 463
184 470
184 474
184 477
184 482
184 486
184 515
184 517
184 576
184 727
184 857
185 186
185 209
185 212
185 213
185 217
185 221
185 222
185 225
185 226
185 249
185 251
185 252
185 256
185 460
185 467
185 473
185 474
185 479
185 484
185 485
185 490
185 516
185 518
185 519
185 520
185 523
185 524
185 525
186 208
186 211
186 215
186 218
186 219
186 222
186 223
186 226
186 228
186 240
186 241
186 245
186 246
186 249
186 250
186 252
186 255
186 257
186 432
186 436
186 437
186 460
186 461
186 463
186 465
186 468
186 470
186 472
186 474
186 476
186 477
186 478
186 480
186 482
186 483
186 485
186 486
186 488
186 515
186 519
186 524
186 525
186 577
186 638
186 840
186 861
187 212
187 219
187 220
187 223
187 224
187 228
187 250
187 251
187 254
187 256
187 430
187 432
187 436
187 437
187 460
187 464
187 468
187 471
187 472
187 473
187 478
187 479
187 480
187 484
187 485
187 487
187 488
187 491
187 515
187 516
187 518
187 523
187 526
187 576
187 609
188 215
188 218
188 225
188 250
188 257
188 281
188 436
188 473
188 480
188 481
188 482
188 484
188 486
188 519
189 224
189 249
189 250
189 251
189 479
189 480
189 482
189 484
189 485
189 486
189 487
190 224
190 480
190 487
190 489
191 220
191 227
191 881
195 618
199 481
204 517
205 208
205 210
205 214
205 217
205 245
205 247
205 257
205 279
205 433
205 458
205 460
205 473
205 481
205 483
205 518
205 575
205 635
206 208
206 211
206 220
206 223
206 224
206 226
206 227
206 229
206 246
206 248
206 249
206 251
206 252
206 256
206 431
206 432
206 434
206 462
206 464
206 468
206 469
206 481
206 482
206 485
206 486
206 487
206 515
206 523
206 577
207 211
207 213
207 214
207 217
207 223
207 225
207 226
207 227
207 242
207 243
207 245
207 246
207 248
207 249
207 250
207 253
207 255
207 257
207 434
207 435
207 438
207 465
207 470
207 477
207 481
207 484
207 487
207 488
207 517
207 518
207 519
207 520
207 522
207 523
207 575
207 861
208 209
208 210
208 215
208 217
208 219
208 220
208 224
208 226
208 227
208 240
208 242
208 243
208 244
208 247
208 248
208 249
208 250
208 252
208 255
208 256
208 432
208 433
208 434
208 463
208 464
208 466
208 468
208 469
208 473
208 474
208 477
208 479
208 480
208 481
208 483
208 487
208 515
208 517
208 518
208 520
208 521
208 522
208 525
208 578
208 579
208 636
208 637
209 211
209 213
209 214
209 217
209 219
209 220
209 221
209 222
209 223
209 225
209 226
209 238
209 240
209 241
209 243
209 244
209 245
209 246
209 251
209 252
209 253
209 256
209 431
209 432
209 434
209 435
209 436
209 437
209 460
209 463
209 464
209 470
209 471
209 472
209 473
209 474
209 475
209 476
209 479
209 480
209 481
209 482
209 483
209 485
209 486
209 487
209 488
209 516
209 517
209 519
209 524
209 525
209 526
209 577
209 579
210 212
210 214
210 215
210 217
210 218
210 221
210 223
210 224
210 225
210 226
210 227
210 240
210 241
210 243
210 245
210 246
210 247
210 248
210 249
210 250
210 252
210 253
210 254
210 255
210 256
210 257
210 431
210 435
210 436
210 437
210 438
210 457
210 458
210 462
210 463
210 464
210 465
210 466
210 469
210 470
210 471
210 472
210 473
210 476
210 477
210 478
210 479
210 480
210 481
210 483
210 485
210 486
210 487
210 488
210 516
210 517
210 518
210 520
210 521
210 524
210 525
210 576
210 578
210 635
210 708
211 212
211 213
211 217
211 219
211 220
211 221
211 222
211 223
211 224
211 225
211 226
211 227
211 241
211 248
211 249
211 250
211 251
211 253
211 255
211 256
211 257
211 433
211 436
211 437
211 438
211 439
211 458
211 461
211 463
211 465
211 466
211 467
211 468
211 469
211 470
211 471
211 472
211 473
211 474
211 475
211 476
211 477
211 479
211 480
211 481
211 482
211 483
211 485
211 486
211 487
211 488
211 517
211 521
211 522
211 523
211 524
211 525
211 577
211 636
212 214
212 216
212 217
212 218
212 219
212 220
212 221
212 222
212 223
212 224
212 225
212 226
212 227
212 241
212 244
212 245
212 246
212 247
212 248
212 249
212 250
212 251
212 252
212 253
212 254
212 255
212 257
212 431
212 436
212 437
212 438
212 461
212 463
212 464
212 465
212 466
212 467
212 468
212 470
212 471
212 473
212 474
212 475
212 476
212 477
212 478
212 479
212 480
212 481
212 482
212 483
212 484
212 485
212 486
212 487
212 488
212 518
212 519
212 520
212 521
212 522
212 523
212 524
212 525
212 526
212 530
212 575
212 578
212 781
213 214
213 215
213 217
213 218
213 219
213 221
213 222
213 223
213 224
213 225
213 228
213 240
213 242
213 244
213 246
213 247
213 249
213 250
213 251
213 252
213 253
213 254
213 255
213 256
213 257
213 433
213 434
213 436
213 437
213 458
213 461
213 462
213 464
213 465
213 466
213 467
213 469
213 470
213 471
213 472
213 473
213 474
213 475
213 476
213 478
213 479
213 480
213 481
213 483
213 484
213 485
213 486
213 487
213 488
213 489
213 516
213 519
213 520
213 521
213 523
213 524
213 525
213 839
213 861
214 215
214 216
214 217
214 218
214 219
214 220
214 221
214 222
214 223
214 224
214 225
214 226
214 227
214 228
214 242
214 243
214 245
214 246
214 248
214 250
214 251
214 252
214 253
214 254
214 255
214 256
214 257
214 431
214 433
214 434
214 435
214 458
214 462
214 463
214 464
214 465
214 467
214 468
214 470
214 471
214 472
214 473
214 474
214 476
214 477
214 478
214 480
214 481
214 482
214 483
214 484
214 485
214 486
214 487
214 488
214 518
214 520
214 521
214 522
214 523
214 524
214 525
214 526
214 578
215 216
215 217
215 218
215 220
215 221
215 223
215 224
215 225
215 226
215 227
215 228
215 229
215 241
215 242
215 244
215 246
215 247
215 248
215 249
215 250
215 251
215 252
215 253
215 254
215 255
215 256
215 431
215 432
215 434
215 436
215 437
215 439
215 459
215 463
215 464
215 465
215 466
215 467
215 468
215 469
215 470
215 471
215 472
215 473
215 474
215 475
215 476
215 477
215 479
215 480
215 481
215 482
215 483
215 484
215 485
215 486
215 487
215 488
215 519
215 522
215 523
215 524
215 525
215 526
215 578
215 579
215 637
216 217
216 218
216 219
216 220
216 221
216 222
216 223
216 224
216 225
216 226
216 227
216 228
216 241
216 242
216 245
216 248
216 249
216 251
216 252
216 253
216 254
216 255
216 256
216 257
216 330
216 431
216 434
216 436
216 437
216 438
216 464
216 465
216 466
216 467
216 468
216 469
216 470
216 471
216 472
216 473
216 474
216 475
216 477
216 478
216 479
216 480
216 481
216 482
216 483
216 484
216 485
216 486
216 487
216 488
216 489
216 517
216 523
216 524
216 525
216 526
216 579
217 218
217 220
217 221
217 222
217 223
217 224
217 225
217 226
217 227
217 228
217 242
217 243
217 244
217 246
217 248
217 249
217 250
217 251
217 252
217 253
217 254
217 255
217 256
217 257
217 258
217 431
217 432
217 434
217 437
217 438
217 464
217 466
217 467
217 468
217 469
217 470
217 471
217 472
217 473
217 475
217 476
217 478
217 479
217 480
217 481
217 482
217 483
217 484
217 485
217 486
217 487
217 488
217 489
217 517
217 518
217 519
217 521
217 522
217 523
217 525
217 526
217 577
217 578
217 579
217 580
218 219
218 220
218 221
218 222
218 223
218 224
218 225
218 226
218 227
218 228
218 231
218 240
218 241
218 244
218 245
218 247
218 248
218 249
218 250
218 251
218 252
218 253
218 254
218 255
218 256
218 257
218 433
218 435
218 437
218 462
218 465
218 466
218 467
218 468
218 469
218 470
218 471
218 472
218 473
218 474
218 475
218 476
218 477
218 478
218 480
218 481
218 482
218 483
218 484
218 485
218 486
218 487
218 488
218 517
218 518
218 520
218 521
218 523
218 524
218 525
218 634
218 635
218 636
218 861
219 220
219 221
219 222
219 223
219 224
219 225
219 226
219 227
219 240
219 246
219 247
219 248
219 250
219 251
219 253
219 254
219 256
219 257
219 320
219 350
219 430
219 431
219 432
219 437
219 438
219 461
219 462
219 463
219 465
219 466
219 467
219 468
219 469
219 470
219 471
219 472
219 473
219 474
219 475
219 476
219 477
219 478
219 479
219 480
219 481
219 482
219 483
219 484
219 485
219 486
219 487
219 488
219 516
219 518
219 521
219 522
219 523
219 524
219 525
219 575
219 578
219 634
219 636
219 642
219 688
220 221
220 222
220 223
220 224
220 225
220 226
220 227
220 228
220 240
220 241
220 242
220 243
220 244
220 245
220 246
220 247
220 249
220 250
220 251
220 252
220 253
220 254
220 255
220 256
220 257
220 431
220 432
220 433
220 434
220 435
220 437
220 438
220 439
220 463
220 464
220 466
220 467
220 468
220 471
220 472
220 473
220 474
220 475
220 476
220 477
220 478
220 479
220 480
220 481
220 482
220 483
220 484
220 485
220 486
220 487
220 488
220 489
220 519
220 520
220 521
220 523
220 524
220 525
220 526
220 527
220 539
220 577
220 636
220 782
220 862
221 222
221 223
221 224
221 225
221 226
221 227
221 228
221 229
221 240
221 242
221 243
221 244
221 245
221 246
221 247
221 249
221 250
221 251
221 252
221 253
221 254
221 255
221 256
221 257
221 436
221 437
221 438
221 459
221 462
221 463
221 465
221 466
221 467
221 468
221 469
221 470
221 471
221 472
221 473
221 474
221 475
221 476
221 477
221 478
221 479
221 480
221 481
221 482
221 483
221 484
221 485
221 486
221 487
221 488
221 489
221 517
221 520
221 521
221 522
221 523
221 524
221 526
221 527
221 580
221 680
222 223
222 224
222 225
222 226
222 227
222 228
222 229
222 240
222 243
222 246
222 247
222 248
222 249
222 250
222 251
222 252
222 253
222 254
222 255
222 256
222 257
222 434
222 435
222 436
222 437
222 438
222 463
222 464
222 465
222 466
222 467
222 468
222 469
222 470
222 471
222 472
222 473
222 474
222 475
222 476
222 477
222 478
222 479
222 480
222 481
222 482
222 483
222 484
222 485
222 486
222 487
222 488
222 517
222 518
222 519
222 521
222 522
222 523
222 524
222 525
222 526
222 527
222 578
222 579
222 581
222 637
222 679
223 224
223 225
223 226
223 227
223 228
223 246
223 247
223 248
223 249
223 250
223 251
223 252
223 253
223 254
223 255
223 256
223 257
223 433
223 435
223 436
223 438
223 439
223 459
223 461
223 462
223 464
223 466
223 467
223 468
223 469
223 470
223 471
223 472
223 473
223 474
223 475
223 476
223 477
223 478
223 479
223 480
223 481
223 482
223 483
223 484
223 485
223 486
223 487
223 488
223 489
223 517
223 518
223 520
223 522
223 523
223 524
223 525
223 526
223 559
223 579
223 634
223 636
223 827
223 952
224 225
224 226
224 227
224 228
224 229
224 239
224 240
224 244
224 246
224 247
224 248
224 250
224 251
224 252
224 253
224 254
224 255
224 256
224 257
224 258
224 433
224 434
224 436
224 437
224 439
224 460
224 462
224 465
224 466
224 467
224 468
224 469
224 470
224 471
224 472
224 473
224 474
224 475
224 476
224 477
224 478
224 479
224 480
224 481
224 482
224 483
224 484
224 485
224 486
224 487
224 488
224 517
224 522
224 523
224 524
224 526
224 528
225 226
225 227
225 228
225 230
225 244
225 245
225 246
225 248
225 249
225 250
225 251
225 252
225 253
225 254
225 255
225 256
225 257
225 434
225 435
225 437
225 438
225 460
225 463
225 464
225 465
225 466
225 467
225 468
225 469
225 470
225 471
225 472
225 473
225 474
225 475
225 476
225 477
225 478
225 479
225 480
225 481
225 482
225 483
225 484
225 485
225 486
225 487
225 488
225 516
225 518
225 519
225 520
225 523
225 524
225 525
225 526
225 529
225 573
225 575
225 578
225 579
225 581
225 634
225 638
225 782
226 227
226 228
226 229
226 241
226 243
226 244
226 245
226 246
226 248
226 249
226 250
226 251
226 252
226 253
226 254
226 255
226 256
226 257
226 258
226 349
226 431
226 432
226 434
226 436
226 437
226 438
226 462
226 464
226 465
226 466
226 467
226 468
226 469
226 470
226 471
226 472
226 473
226 474
226 475
226 476
226 477
226 478
226 479
226 480
226 481
226 482
226 483
226 484
226 485
226 486
226 487
226 488
226 489
226 520
226 521
226 522
226 523
226 524
226 525
226 528
226 575
226 576
226 577
226 581
226 616
226 635
226 638
226 688
226 838
227 228
227 241
227 243
227 244
227 245
227 247
227 248
227 249
227 250
227 251
227 252
227 253
227 254
227 255
227 256
227 258
227 281
227 431
227 432
227 433
227 436
227 437
227 438
227 461
227 462
227 463
227 464
227 465
227 466
227 467
227 469
227 470
227 471
227 472
227 473
227 474
227 475
227 476
227 477
227 478
227 479
227 480
227 481
227 482
227 483
227 484
227 485
227 486
227 487
227 488
227 489
227 520
227 521
227 522
227 523
227 524
227 525
227 526
227 578
227 638
228 241
228 242
228 243
228 244
228 246
228 247
228 248
228 249
228 250
228 251
228 252
228 253
228 254
228 255
228 430
228 437
228 466
228 467
228 469
228 470
228 471
228 472
228 473
228 474
228 475
228 476
228 477
228 478
228 479
228 480
228 481
228 482
228 483
228 484
228 485
228 486
228 487
228 488
228 514
228 516
228 519
228 520
228 521
228 522
228 523
228 524
228 526
228 527
228 560
228 579
229 240
229 250
229 460
229 469
229 476
229 477
229 478
229 480
229 482
229 483
229 484
229 485
229 486
229 487
229 488
229 489
229 490
229 517
229 635
230 468
230 481
230 483
230 485
230 486
230 487
230 488
230 583
230 636
230 783
231 259
231 261
231 330
231 480
231 488
232 619
232 776
236 260
236 474
237 463
238 487
238 517
239 243
239 248
239 249
239 256
239 468
239 469
239 480
239 484
239 488
239 515
239 521
239 524
239 576
240 244
240 246
240 250
240 251
240 252
240 434
240 435
240 436
240 465
240 467
240 474
240 477
240 481
240 483
240 484
240 488
240 515
240 578
240 579
241 242
241 243
241 244
241 245
241 248
241 249
241 254
241 255
241 256
241 257
241 431
241 432
241 433
241 435
241 460
241 461
241 464
241 465
241 466
241 467
241 471
241 474
241 476
241 481
241 484
241 487
241 489
241 518
241 519
241 523
241 578
241 637
242 243
242 244
242 247
242 248
242 251
242 252
242 435
242 459
242 461
242 462
242 463
242 469
242 470
242 472
242 473
242 478
242 480
242 483
242 486
242 487
242 488
242 514
242 516
242 518
242 519
242 522
242 523
242 524
242 526
242 577
242 635
242 813
243 246
243 249
243 251
243 253
243 254
243 256
243 434
243 435
243 436
243 437
243 438
243 462
243 463
243 464
243 469
243 471
243 476
243 477
243 478
243 481
243 488
243 518
243 519
243 520
243 524
243 525
243 526
243 527
243 578
243 993
244 245
244 246
244 247
244 248
244 249
244 251
244 252
244 431
244 435
244 437
244 438
244 459
244 460
244 462
244 465
244 467
244 468
244 472
244 473
244 474
244 475
244 477
244 478
244 479
244 481
244 482
244 483
244 484
244 485
244 486
244 488
244 518
244 520
244 523
244 577
244 579
244 635
244 636
245 246
245 248
245 249
245 252
245 254
245 256
245 430
245 434
245 436
245 437
245 460
245 461
245 464
245 465
245 466
245 467
245 468
245 469
245 470
245 471
245 472
245 475
245 478
245 480
245 481
245 483
245 484
245 485
245 487
245 488
245 518
245 519
245 520
245 521
245 522
245 524
245 525
245 526
245 578
245 635
246 247
246 248
246 249
246 251
246 252
246 253
246 254
246 255
246 256
246 432
246 435
246 436
246 459
246 462
246 463
246 465
246 468
246 469
246 470
246 472
246 473
246 474
246 475
246 476
246 477
246 478
246 480
246 481
246 482
246 484
246 485
246 486
246 487
246 488
246 489
246 518
246 520
246 521
246 522
246 523
246 524
246 525
246 576
246 579
247 249
247 250
247 251
247 252
247 254
247 255
247 256
247 257
247 430
247 431
247 435
247 439
247 461
247 463
247 464
247 465
247 466
247 467
247 468
247 469
247 470
247 471
247 472
247 473
247 474
247 475
247 477
247 478
247 479
247 480
247 481
247 482
247 483
247 484
247 485
247 486
247 487
247 488
247 518
247 519
247 520
247 522
247 523
247 524
247 525
247 526
247 577
247 833
248 249
248 250
248 251
248 252
248 253
248 254
248 256
248 257
248 433
248 435
248 436
248 437
248 462
248 463
248 464
248 465
248 466
248 467
248 469
248 470
248 471
248 472
248 473
248 474
248 475
248 476
248 477
248 478
248 479
248 480
248 482
248 483
248 484
248 485
248 486
248 487
248 488
248 519
248 520
248 521
248 522
248 523
248 524
248 525
248 576
248 578
248 579
248 636
249 250
249 251
249 252
249 253
249 254
249 255
249 256
249 261
249 300
249 435
249 436
249 437
249 438
249 458
249 461
249 463
249 464
249 465
249 467
249 468
249 469
249 470
249 471
249 472
249 473
249 474
249 475
249 476
249 477
249 478
249 479
249 480
249 481
249 482
249 483
249 484
249 485
249 486
249 487
249 488
249 517
249 519
249 521
249 522
249 524
249 578
249 636
249 862
250 251
250 252
250 254
250 255
250 256
250 258
250 433
250 434
250 435
250 436
250 444
250 459
250 461
250 462
250 464
250 465
250 466
250 467
250 468
250 469
250 470
250 471
250 472
250 473
250 474
250 475
250 477
250 478
250 479
250 480
250 481
250 482
250 483
250 485
250 486
250 487
250 488
250 489
250 490
250 517
250 518
250 519
250 521
250 522
250 523
250 524
250 525
250 526
250 528
250 576
250 578
251 252
251 253
251 254
251 255
251 256
251 431
251 432
251 433
251 435
251 436
251 437
251 438
251 458
251 460
251 461
251 462
251 463
251 464
251 466
251 467
251 468
251 469
251 470
251 471
251 472
251 473
251 474
251 475
251 476
251 477
251 478
251 479
251 480
251 481
251 482
251 483
251 484
251 485
251 486
251 487
251 488
251 516
251 517
251 518
251 519
251 520
251 521
251 522
251 523
251 524
251 525
251 635
251 639
252 253
252 254
252 255
252 256
252 257
252 431
252 435
252 437
252 441
252 459
252 460
252 463
252 464
252 465
252 466
252 467
252 468
252 469
252 470
252 471
252 472
252 473
252 474
252 475
252 476
252 477
252 478
252 479
252 480
252 483
252 484
252 485
252 486
252 487
252 488
252 489
252 515
252 518
252 519
252 520
252 521
252 523
252 524
252 525
252 526
252 577
252 616
252 636
252 637
253 254
253 255
253 256
253 257
253 412
253 429
253 435
253 436
253 437
253 460
253 462
253 463
253 464
253 465
253 467
253 468
253 469
253 470
253 471
253 472
253 473
253 474
253 475
253 476
253 477
253 478
253 479
253 480
253 481
253 482
253 483
253 484
253 485
253 486
253 487
253 488
253 515
253 516
253 518
253 519
253 520
253 522
253 523
253 524
253 525
253 576
253 577
253 578
253 636
253 637
254 255
254 256
254 257
254 434
254 438
254 460
254 464
254 466
254 467
254 468
254 469
254 470
254 471
254 472
254 473
254 474
254 475
254 476
254 477
254 478
254 479
254 480
254 481
254 482
254 483
254 484
254 485
254 486
254 487
254 488
254 518
254 519
254 520
254 523
254 524
254 525
254 526
254 578
254 579
254 853
255 256
255 257
255 426
255 434
255 435
255 436
255 437
255 439
255 458
255 459
255 462
255 463
255 464
255 466
255 467
255 468
255 469
255 470
255 471
255 472
255 473
255 474
255 475
255 476
255 477
255 478
255 479
255 480
255 481
255 482
255 483
255 484
255 485
255 486
255 487
255 488
255 489
255 514
255 516
255 517
255 519
255 521
255 522
255 523
255 524
255 526
255 579
255 620
255 638
256 257
256 433
256 434
256 435
256 436
256 437
256 439
256 459
256 464
256 465
256 466
256 467
256 468
256 469
256 470
256 471
256 472
256 473
256 474
256 475
256 476
256 477
256 478
256 479
256 480
256 481
256 482
256 483
256 484
256 485
256 486
256 487
256 488
256 516
256 521
256 523
256 525
256 526
256 527
256 636
257 258
257 432
257 434
257 435
257 437
257 460
257 462
257 464
257 465
257 466
257 467
257 468
257 469
257 472
257 474
257 475
257 476
257 477
257 478
257 479
257 480
257 481
257 482
257 483
257 484
257 485
257 486
257 487
257 488
257 489
257 517
257 518
257 519
257 520
257 521
257 523
257 526
257 577
257 578
257 637
258 259
258 475
258 477
258 479
258 481
258 482
258 484
258 485
258 486
258 487
258 488
258 489
258 519
258 525
258 779
259 400
259 466
259 470
259 479
259 484
259 487
259 583
260 486
260 583
261 486
261 490
262 531
263 481
279 484
280 475
280 486
282 442
289 357
297 488
298 581
299 482
299 785
303 484
304 998
318 487
319 641
323 483
330 487
331 488
332 484
340 486
341 486
343 482
343 486
347 488
348 527
349 479
349 480
349 483
350 688
351 486
351 661
354 484
355 477
356 481
360 491
365 481
365 484
365 488
366 483
366 486
370 486
370 687
371 481
371 485
382 483
387 574
393 863
394 488
394 595
396 440
402 693
409 487
413 485
413 486
414 460
414 485
416 484
421 484
422 479
422 481
422 486
422 487
423 478
423 480
423 484
423 486
423 735
424 489
427 481
427 483
428 485
430 433
430 439
430 460
430 471
430 482
430 522
430 526
430 576
430 636
430 738
431 434
431 436
431 458
431 462
431 467
431 470
431 472
431 474
431 479
431 481
431 484
431 487
431 515
431 517
431 520
431 526
431 576
432 434
432 435
432 436
432 437
432 464
432 465
432 466
432 467
432 469
432 470
432 471
432 472
432 473
432 474
432 478
432 480
432 481
432 485
432 486
432 487
432 489
432 518
432 522
432 578
432 634
432 952
433 434
433 435
433 437
433 458
433 461
433 462
433 463
433 468
433 470
433 471
433 472
433 473
433 475
433 478
433 479
433 480
433 484
433 485
433 486
433 487
433 488
433 517
433 520
433 522
433 525
433 635
433 636
434 436
434 462
434 463
434 464
434 465
434 467
434 468
434 470
434 471
434 478
434 479
434 481
434 484
434 487
434 488
434 519
434 520
434 522
434 523
434 577
435 437
435 458
435 462
435 463
435 464
435 466
435 467
435 469
435 470
435 471
435 472
435 473
435 477
435 478
435 479
435 481
435 482
435 483
435 485
435 486
435 487
435 488
435 489
435 520
435 522
435 524
435 526
435 577
436 439
436 459
436 462
436 463
436 464
436 465
436 466
436 468
436 470
436 471
436 472
436 473
436 474
436 475
436 476
436 477
436 478
436 480
436 482
436 483
436 484
436 485
436 487
436 488
436 515
436 516
436 517
436 519
436 520
436 522
436 523
436 524
436 525
436 576
436 577
436 578
436 637
437 461
437 462
437 463
437 465
437 466
437 468
437 469
437 470
437 471
437 473
437 474
437 475
437 476
437 477
437 480
437 481
437 482
437 483
437 484
437 485
437 486
437 487
437 488
437 489
437 515
437 519
437 520
437 521
437 522
437 523
437 525
437 526
437 578
437 637
437 863
438 464
438 467
438 468
438 472
438 473
438 474
438 475
438 476
438 477
438 478
438 479
438 480
438 482
438 483
438 484
438 485
438 486
438 488
438 520
438 521
438 522
438 523
438 525
438 578
438 579
438 634
439 462
439 463
439 468
439 479
439 480
439 481
439 482
439 483
439 485
439 486
439 487
439 488
440 483
440 484
440 485
440 486
440 487
440 573
440 805
441 484
441 485
442 478
445 951
449 760
457 459
457 474
457 480
457 483
458 461
458 470
458 481
458 484
458 485
458 486
458 523
458 524
458 576
458 578
459 470
459 477
459 483
459 523
459 527
459 577
459 634
459 635
459 636
459 692
459 957
460 461
460 462
460 464
460 465
460 468
460 470
460 476
460 485
460 486
460 517
460 520
460 521
460 523
460 524
461 462
461 464
461 465
461 467
461 471
461 475
461 476
461 479
461 480
461 483
461 485
461 489
461 520
461 521
461 523
461 524
461 525
461 527
461 578
461 862
461 976
462 463
462 464
462 467
462 468
462 472
462 473
462 475
462 476
462 479
462 482
462 484
462 485
462 486
462 487
462 515
462 516
462 519
462 521
462 522
462 578
462 636
463 465
463 468
463 469
463 470
463 472
463 474
463 475
463 476
463 477
463 478
463 480
463 481
463 482
463 488
463 516
463 518
463 519
463 520
463 521
463 523
463 524
463 577
463 694
464 465
464 467
464 469
464 471
464 472
464 473
464 477
464 479
464 481
464 483
464 484
464 486
464 487
464 488
464 517
464 518
464 519
464 520
464 521
464 524
464 525
464 576
464 862
465 467
465 468
465 469
465 470
465 471
465 472
465 473
465 474
465 477
465 478
465 479
465 480
465 481
465 482
465 484
465 485
465 486
465 487
465 516
465 517
465 519
465 520
465 522
465 525
465 526
465 576
465 577
465 579
466 467
466 468
466 469
466 470
466 472
466 473
466 474
466 475
466 476
466 477
466 478
466 479
466 481
466 482
466 483
466 484
466 485
466 486
466 488
466 489
466 520
466 521
466 522
466 523
466 524
466 525
466 634
466 636
467 468
467 469
467 470
467 472
467 473
467 474
467 475
467 476
467 477
467 478
467 480
467 481
467 483
467 484
467 486
467 487
467 515
467 519
467 520
467 521
467 523
467 524
467 525
467 526
467 527
467 634
468 469
468 470
468 471
468 472
468 474
468 475
468 476
468 477
468 478
468 480
468 481
468 482
468 483
468 484
468 485
468 486
468 487
468 488
468 519
468 520
468 522
468 523
468 524
468 525
468 526
468 578
468 579
468 635
469 470
469 471
469 472
469 473
469 474
469 475
469 476
469 477
469 478
469 479
469 480
469 481
469 482
469 483
469 484
469 486
469 487
469 488
469 516
469 519
469 520
469 521
469 522
469 523
469 524
469 525
469 558
469 634
470 471
470 472
470 473
470 474
470 475
470 476
470 477
470 478
470 479
470 480
470 481
470 482
470 483
470 484
470 485
470 486
470 487
470 488
470 489
470 520
470 523
470 524
470 527
470 580
470 637
471 472
471 473
471 474
471 475
471 476
471 477
471 478
471 479
471 480
471 481
471 482
471 483
471 484
471 485
471 486
471 487
471 488
471 489
471 519
471 520
471 521
471 522
471 523
471 524
471 525
471 526
471 577
471 578
471 635
471 640
472 473
472 474
472 475
472 476
472 477
472 478
472 479
472 480
472 481
472 482
472 483
472 484
472 485
472 486
472 487
472 488
472 489
472 516
472 518
472 520
472 521
472 524
472 525
472 526
472 733
472 863
472 969
473 474
473 475
473 476
473 477
473 478
473 479
473 480
473 481
473 482
473 483
473 484
473 485
473 486
473 487
473 488
473 518
473 520
473 521
473 522
473 523
473 525
473 526
473 561
473 575
473 616
473 638
473 640
473 862
473 863
474 475
474 476
474 477
474 478
474 479
474 480
474 481
474 482
474 483
474 484
474 485
474 486
474 487
474 488
474 489
474 512
474 520
474 521
474 522
474 523
474 524
474 525
474 526
474 527
475 476
475 477
475 478
475 479
475 480
475 481
475 482
475 483
475 484
475 485
475 486
475 487
475 488
475 517
475 519
475 521
475 522
475 523
475 524
475 525
475 526
475 527
475 580
475 635
475 638
475 757
475 861
476 477
476 478
476 479
476 480
476 481
476 482
476 483
476 484
476 485
476 486
476 487
476 488
476 489
476 517
476 519
476 520
476 521
476 523
476 524
476 525
476 526
476 578
476 593
476 620
476 635
476 638
476 841
476 862
476 993
477 478
477 479
477 480
477 481
477 482
477 483
477 484
477 485
477 486
477 487
477 488
477 489
477 490
477 515
477 517
477 518
477 519
477 522
477 523
477 524
477 525
477 579
477 581
477 582
477 634
477 950
478 479
478 480
478 481
478 482
478 483
478 484
478 485
478 486
478 487
478 488
478 489
478 497
478 518
478 519
478 520
478 521
478 522
478 523
478 524
478 525
478 526
478 527
478 529
478 576
478 577
478 579
478 638
478 645
478 862
479 480
479 481
479 482
479 483
479 484
479 485
479 486
479 487
479 488
479 489
479 519
479 520
479 521
479 522
479 523
479 525
479 527
479 529
479 577
479 580
479 581
479 615
479 617
479 637
479 639
479 762
479 780
479 783
479 787
479 861
479 882
479 898
479 955
480 481
480 482
480 483
480 484
480 485
480 486
480 487
480 488
480 489
480 517
480 518
480 519
480 520
480 522
480 523
480 524
480 525
480 527
480 578
480 579
480 580
480 581
480 638
480 639
480 783
480 822
480 827
481 482
481 483
481 484
481 485
481 486
481 487
481 488
481 489
481 490
481 516
481 518
481 520
481 521
481 522
481 523
481 524
481 525
481 526
481 527
481 528
481 577
481 578
481 579
481 580
481 581
481 594
481 639
481 641
481 734
481 758
481 782
481 789
481 839
481 840
481 975
482 483
482 484
482 485
482 486
482 487
482 488
482 489
482 490
482 499
482 509
482 517
482 521
482 522
482 524
482 525
482 526
482 580
482 617
482 635
482 639
482 685
482 698
482 780
482 828
482 863
482 898
482 920
482 953
483 484
483 485
483 486
483 487
483 488
483 489
483 509
483 516
483 517
483 521
483 522
483 523
483 524
483 525
483 526
483 527
483 531
483 577
483 578
483 600
483 637
483 638
483 639
483 688
483 734
483 789
483 839
483 859
483 964
483 967
484 485
484 486
484 487
484 488
484 489
484 490
484 508
484 517
484 518
484 520
484 521
484 522
484 523
484 524
484 525
484 526
484 527
484 528
484 566
484 617
484 640
484 647
484 660
484 678
484 681
484 685
484 691
484 781
484 840
484 854
484 862
484 864
484 920
484 921
484 937
485 486
485 487
485 488
485 489
485 490
485 515
485 516
485 519
485 520
485 521
485 522
485 523
485 524
485 525
485 526
485 527
485 528
485 547
485 561
485 576
485 578
485 580
485 581
485 621
485 628
485 637
485 639
485 640
485 678
485 679
485 689
485 710
485 725
485 729
485 758
485 782
485 839
485 840
485 854
485 863
485 865
485 872
485 953
485 990
486 487
486 488
486 489
486 499
486 517
486 519
486 520
486 521
486 522
486 523
486 524
486 525
486 526
486 527
486 528
486 560
486 578
486 579
486 582
486 616
486 617
486 637
486 638
486 639
486 644
486 646
486 664
486 687
486 688
486 689
486 708
486 709
486 729
486 783
486 785
486 787
486 840
486 858
486 862
486 864
486 899
486 916
486 994
487 488
487 489
487 490
487 497
487 504
487 518
487 521
487 522
487 523
487 524
487 525
487 526
487 527
487 528
487 529
487 532
487 559
487 575
487 578
487 579
487 580
487 581
487 640
487 690
487 710
487 744
487 782
487 788
487 839
487 852
487 855
487 857
487 864
487 898
487 902
487 921
487 940
487 967
487 974
487 979
488 489
488 498
488 517
488 520
488 521
488 522
488 523
488 524
488 525
488 526
488 527
488 528
488 529
488 546
488 578
488 582
488 585
488 594
488 601
488 616
488 636
488 637
488 639
488 696
488 709
488 734
488 772
488 781
488 819
488 838
488 852
488 861
488 862
488 942
488 963
488 970
488 992
489 490
489 510
489 518
489 525
489 529
489 639
489 641
489 708
489 797
489 855
489 882
489 951
489 956
490 526
490 584
490 618
490 643
491 790
491 922
492 647
498 917
500 515
514 634
515 517
515 526
515 528
515 579
515 677
516 517
516 576
517 519
517 523
517 524
517 578
518 520
518 521
518 526
518 577
519 520
519 521
519 522
519 524
519 525
519 636
520 521
520 523
520 524
520 526
520 579
520 636
520 637
521 522
521 525
521 526
521 616
521 636
522 524
522 525
522 781
522 862
523 524
523 525
523 528
523 634
523 636
524 525
524 526
524 580
524 636
524 862
525 577
525 581
525 636
525 920
526 863
529 592
529 763
530 921
540 686
548 856
562 597
586 860
595 858
617 736
618 865
640 783
641 712
689 900
709 922
735 841
736 784
748 782
764 954
786 970
796 864
826 849
966 968
