9 79
10 535
16 836
23 644
24 837
25 937
28 545
47 836
49 836
53 837
55 353
65 831
65 836
66 836
72 836
85 437
91 834
99 835
100 707
101 255
101 832
107 834
109 586
115 828
116 852
132 776
132 837
136 777
143 838
144 830
148 578
148 579
149 833
149 835
150 180
150 830
151 583
155 928
156 539
156 771
156 836
156 838
157 182
157 536
157 837
157 838
158 831
158 834
158 838
159 362
160 838
164 775
165 172
165 531
165 535
165 541
165 575
165 576
165 646
165 675
165 772
165 816
165 818
165 823
165 824
165 928
165 934
165 937
166 167
166 173
166 175
166 181
166 183
166 535
166 536
166 538
166 539
166 570
166 577
166 580
166 645
166 671
166 672
166 673
166 677
166 680
166 732
166 759
166 765
166 767
166 776
166 810
166 812
166 813
166 824
166 834
166 836
166 837
166 922
166 926
166 930
166 931
167 173
167 175
167 176
167 178
167 180
167 181
167 182
167 183
167 251
167 535
167 539
167 540
167 541
167 542
167 544
167 545
167 547
167 571
167 573
167 574
167 577
167 579
167 581
167 639
167 641
167 647
167 674
167 677
167 681
167 760
167 762
167 765
167 766
167 767
167 770
167 771
167 775
167 816
167 817
167 818
167 820
167 825
167 831
167 833
167 835
167 922
167 928
167 931
168 170
168 172
168 175
168 178
168 179
168 180
168 181
168 183
168 184
168 536
168 538
168 539
168 541
168 544
168 545
168 546
168 570
168 572
168 575
168 576
168 578
168 580
168 581
168 582
168 640
168 643
168 644
168 674
168 675
168 679
168 766
168 767
168 769
168 772
168 773
168 774
168 775
168 816
168 817
168 818
168 819
168 823
168 824
168 826
168 829
168 831
168 833
168 834
168 836
168 837
168 838
168 923
168 927
168 930
169 171
169 172
169 173
169 176
169 178
169 181
169 183
169 184
169 534
169 535
169 536
169 537
169 538
169 539
169 541
169 545
169 546
169 548
169 572
169 573
169 574
169 575
169 576
169 578
169 579
169 580
169 581
169 583
169 645
169 647
169 673
169 675
169 680
169 763
169 764
169 765
169 767
169 770
169 772
169 775
169 811
169 818
169 819
169 820
169 821
169 823
169 824
169 825
169 828
169 829
169 830
169 832
169 833
169 834
169 836
169 837
169 838
169 839
169 926
169 932
169 934
170 172
170 173
170 175
170 176
170 178
170 179
170 180
170 181
170 182
170 183
170 184
170 534
170 540
170 541
170 543
170 544
170 545
170 546
170 547
170 574
170 575
170 576
170 577
170 578
170 579
170 581
170 582
170 642
170 643
170 644
170 645
170 647
170 674
170 675
170 677
170 678
170 679
170 680
170 681
170 732
170 761
170 762
170 764
170 765
170 766
170 767
170 768
170 769
170 770
170 772
170 773
170 812
170 813
170 814
170 815
170 816
170 817
170 818
170 819
170 820
170 821
170 824
170 827
170 829
170 830
170 832
170 834
170 835
170 837
170 838
170 921
170 924
170 927
170 929
170 930
170 931
170 932
170 933
171 172
171 173
171 174
171 175
171 176
171 177
171 179
171 181
171 182
171 183
171 184
171 252
171 533
171 534
171 535
171 537
171 538
171 539
171 541
171 542
171 544
171 545
171 570
171 575
171 576
171 577
171 578
171 579
171 580
171 582
171 583
171 642
171 644
171 645
171 647
171 673
171 675
171 676
171 678
171 681
171 761
171 762
171 763
171 764
171 765
171 766
171 767
171 769
171 770
171 771
171 772
171 773
171 774
171 775
171 816
171 817
171 818
171 819
171 820
171 821
171 822
171 823
171 827
171 829
171 830
171 832
171 833
171 834
171 835
171 837
171 838
171 921
171 926
171 927
171 928
171 929
171 930
171 931
171 932
172 173
172 174
172 175
172 177
172 178
172 180
172 181
172 182
172 183
172 184
172 404
172 534
172 536
172 539
172 541
172 542
172 543
172 544
172 545
172 547
172 575
172 576
172 577
172 578
172 579
172 580
172 581
172 582
172 583
172 641
172 642
172 643
172 644
172 646
172 647
172 648
172 673
172 676
172 677
172 678
172 679
172 681
172 764
172 765
172 768
172 769
172 770
172 771
172 772
172 773
172 775
172 813
172 814
172 816
172 817
172 818
172 821
172 823
172 824
172 825
172 826
172 827
172 828
172 830
172 831
172 832
172 833
172 834
172 835
172 836
172 837
172 838
172 925
172 927
172 928
172 929
172 930
172 931
172 932
172 933
172 943
173 174
173 175
173 177
173 178
173 180
173 181
173 183
173 184
173 211
173 535
173 536
173 537
173 538
173 540
173 541
173 542
173 543
173 544
173 546
173 547
173 572
173 575
173 576
173 577
173 578
173 579
173 581
173 582
173 583
173 584
173 645
173 646
173 647
173 648
173 676
173 677
173 678
173 679
173 680
173 682
173 733
173 764
173 765
173 766
173 767
173 768
173 769
173 770
173 771
173 772
173 773
173 774
173 811
173 813
173 815
173 816
173 817
173 818
173 819
173 820
173 821
173 822
173 823
173 825
173 826
173 827
173 828
173 829
173 831
173 832
173 834
173 835
173 836
173 837
173 838
173 839
173 925
173 926
173 927
173 928
173 929
173 930
173 931
173 932
173 933
173 934
173 943
174 175
174 176
174 177
174 178
174 179
174 180
174 181
174 182
174 183
174 184
174 185
174 252
174 534
174 537
174 538
174 539
174 540
174 541
174 542
174 543
174 544
174 545
174 546
174 547
174 570
174 571
174 572
174 573
174 574
174 576
174 577
174 579
174 580
174 581
174 582
174 584
174 612
174 642
174 644
174 645
174 646
174 672
174 673
174 676
174 677
174 679
174 680
174 760
174 762
174 764
174 765
174 766
174 767
174 768
174 769
174 770
174 771
174 772
174 773
174 774
174 775
174 776
174 809
174 813
174 816
174 817
174 818
174 819
174 820
174 822
174 823
174 824
174 825
174 826
174 827
174 828
174 829
174 830
174 831
174 832
174 833
174 834
174 835
174 836
174 838
174 839
174 920
174 922
174 924
174 925
174 926
174 927
174 928
174 929
174 930
174 931
174 932
174 933
174 934
175 176
175 177
175 178
175 179
175 180
175 181
175 182
175 183
175 184
175 185
175 534
175 538
175 540
175 541
175 542
175 545
175 546
175 547
175 549
175 571
175 574
175 575
175 577
175 578
175 579
175 580
175 581
175 582
175 583
175 641
175 643
175 645
175 646
175 651
175 673
175 675
175 676
175 677
175 678
175 679
175 680
175 761
175 762
175 763
175 764
175 765
175 766
175 767
175 768
175 769
175 770
175 771
175 772
175 773
175 774
175 775
175 776
175 810
175 812
175 815
175 816
175 818
175 819
175 820
175 821
175 822
175 823
175 824
175 825
175 826
175 827
175 828
175 829
175 830
175 831
175 832
175 833
175 834
175 835
175 836
175 837
175 838
175 839
175 922
175 924
175 925
175 926
175 927
175 928
175 929
175 930
175 931
175 932
175 933
175 934
176 177
176 178
176 179
176 180
176 181
176 182
176 184
176 531
176 532
176 535
176 536
176 539
176 540
176 541
176 542
176 543
176 544
176 545
176 546
176 547
176 575
176 577
176 578
176 579
176 580
176 581
176 582
176 583
176 642
176 671
176 673
176 676
176 677
176 678
176 679
176 680
176 681
176 684
176 760
176 762
176 763
176 764
176 765
176 766
176 767
176 768
176 769
176 770
176 771
176 772
176 773
176 774
176 775
176 776
176 811
176 813
176 815
176 817
176 818
176 819
176 820
176 821
176 822
176 823
176 824
176 825
176 826
176 827
176 828
176 829
176 830
176 831
176 832
176 833
176 834
176 835
176 836
176 837
176 838
176 923
176 925
176 926
176 928
176 929
176 930
176 931
176 932
176 933
176 934
176 935
176 944
177 178
177 179
177 180
177 181
177 182
177 183
177 184
177 251
177 533
177 534
177 535
177 536
177 537
177 538
177 539
177 540
177 541
177 542
177 543
177 544
177 545
177 546
177 547
177 573
177 577
177 578
177 579
177 580
177 581
177 582
177 583
177 584
177 645
177 646
177 648
177 672
177 673
177 674
177 676
177 677
177 678
177 679
177 680
177 681
177 734
177 758
177 759
177 761
177 762
177 763
177 764
177 766
177 767
177 768
177 769
177 770
177 771
177 772
177 773
177 774
177 775
177 776
177 813
177 814
177 816
177 819
177 820
177 821
177 822
177 823
177 824
177 825
177 826
177 827
177 828
177 829
177 830
177 831
177 832
177 833
177 834
177 835
177 836
177 837
177 838
177 839
177 922
177 923
177 924
177 926
177 927
177 928
177 929
177 931
177 932
177 933
177 934
178 179
178 180
178 181
178 182
178 183
178 184
178 185
178 238
178 250
178 535
178 537
178 538
178 539
178 540
178 541
178 542
178 543
178 544
178 545
178 546
178 573
178 575
178 577
178 578
178 579
178 580
178 581
178 582
178 583
178 584
178 641
178 644
178 645
178 672
178 675
178 676
178 677
178 678
178 679
178 680
178 733
178 763
178 764
178 765
178 766
178 767
178 768
178 769
178 770
178 771
178 772
178 773
178 774
178 775
178 776
178 812
178 814
178 815
178 816
178 817
178 818
178 819
178 820
178 821
178 822
178 823
178 824
178 825
178 826
178 827
178 828
178 829
178 830
178 831
178 832
178 833
178 834
178 835
178 836
178 837
178 839
178 922
178 924
178 926
178 927
178 929
178 930
178 931
178 932
178 933
178 934
178 935
178 943
179 180
179 181
179 182
179 183
179 184
179 250
179 251
179 371
179 533
179 534
179 535
179 540
179 541
179 542
179 543
179 544
179 545
179 546
179 547
179 548
179 572
179 574
179 575
179 576
179 577
179 578
179 579
179 580
179 581
179 582
179 583
179 641
179 642
179 643
179 644
179 645
179 646
179 672
179 674
179 675
179 677
179 678
179 679
179 680
179 681
179 682
179 760
179 763
179 764
179 766
179 768
179 769
179 770
179 771
179 772
179 773
179 774
179 775
179 776
179 811
179 816
179 817
179 818
179 819
179 820
179 821
179 822
179 823
179 824
179 825
179 826
179 827
179 828
179 829
179 830
179 831
179 832
179 833
179 834
179 835
179 836
179 837
179 838
179 839
179 922
179 924
179 925
179 926
179 927
179 928
179 929
179 930
179 931
179 932
179 933
179 934
180 181
180 182
180 183
180 184
180 251
180 532
180 533
180 536
180 537
180 538
180 539
180 541
180 542
180 543
180 544
180 545
180 546
180 547
180 571
180 572
180 574
180 575
180 576
180 577
180 578
180 579
180 580
180 581
180 582
180 583
180 642
180 643
180 644
180 645
180 646
180 673
180 674
180 675
180 676
180 677
180 678
180 679
180 680
180 681
180 682
180 732
180 733
180 761
180 762
180 763
180 764
180 765
180 766
180 767
180 768
180 769
180 770
180 771
180 772
180 773
180 774
180 775
180 776
180 777
180 811
180 812
180 816
180 817
180 819
180 820
180 821
180 822
180 823
180 824
180 825
180 826
180 827
180 828
180 829
180 830
180 831
180 832
180 833
180 834
180 835
180 836
180 837
180 838
180 839
180 840
180 922
180 928
180 929
180 930
180 931
180 932
180 933
180 934
181 182
181 183
181 184
181 252
181 435
181 534
181 536
181 537
181 538
181 539
181 540
181 541
181 542
181 543
181 544
181 545
181 546
181 548
181 549
181 571
181 572
181 573
181 574
181 575
181 576
181 577
181 578
181 579
181 580
181 581
181 582
181 583
181 584
181 641
181 642
181 643
181 645
181 646
181 672
181 673
181 674
181 676
181 677
181 678
181 679
181 680
181 681
181 682
181 759
181 763
181 764
181 766
181 767
181 768
181 769
181 770
181 771
181 772
181 773
181 774
181 775
181 776
181 812
181 813
181 814
181 815
181 816
181 817
181 818
181 819
181 820
181 821
181 822
181 823
181 824
181 825
181 826
181 827
181 828
181 829
181 830
181 831
181 832
181 833
181 834
181 835
181 836
181 837
181 838
181 839
181 923
181 924
181 926
181 927
181 928
181 929
181 930
181 931
181 932
181 933
181 934
182 183
182 184
182 185
182 222
182 316
182 533
182 535
182 537
182 538
182 539
182 540
182 541
182 542
182 543
182 544
182 545
182 546
182 547
182 548
182 573
182 575
182 576
182 577
182 578
182 579
182 580
182 581
182 582
182 583
182 584
182 610
182 641
182 643
182 644
182 645
182 646
182 647
182 673
182 676
182 678
182 679
182 680
182 681
182 758
182 760
182 761
182 762
182 763
182 764
182 765
182 766
182 767
182 768
182 769
182 770
182 771
182 772
182 773
182 774
182 775
182 776
182 812
182 814
182 815
182 816
182 817
182 818
182 819
182 820
182 821
182 822
182 823
182 824
182 825
182 826
182 827
182 828
182 829
182 830
182 831
182 832
182 833
182 834
182 835
182 836
182 837
182 838
182 839
182 840
182 927
182 928
182 929
182 930
182 931
182 932
182 933
182 934
182 935
183 184
183 185
183 404
183 435
183 535
183 536
183 537
183 539
183 540
183 541
183 542
183 543
183 544
183 545
183 546
183 547
183 573
183 576
183 578
183 579
183 580
183 581
183 582
183 583
183 584
183 642
183 644
183 645
183 646
183 673
183 674
183 676
183 678
183 679
183 680
183 681
183 734
183 759
183 760
183 761
183 762
183 763
183 764
183 765
183 766
183 767
183 768
183 769
183 770
183 771
183 772
183 773
183 774
183 775
183 776
183 777
183 810
183 812
183 814
183 816
183 817
183 818
183 819
183 820
183 821
183 822
183 823
183 824
183 825
183 826
183 827
183 828
183 829
183 830
183 831
183 832
183 833
183 834
183 835
183 836
183 837
183 838
183 839
183 923
183 924
183 925
183 926
183 927
183 928
183 929
183 930
183 931
183 932
183 933
183 934
183 946
184 250
184 251
184 252
184 532
184 534
184 536
184 537
184 538
184 539
184 540
184 541
184 542
184 543
184 544
184 545
184 546
184 547
184 549
184 575
184 576
184 577
184 578
184 579
184 580
184 581
184 582
184 583
184 644
184 645
184 646
184 647
184 673
184 675
184 676
184 678
184 679
184 680
184 681
184 733
184 761
184 763
184 764
184 765
184 766
184 767
184 768
184 769
184 770
184 771
184 772
184 773
184 774
184 775
184 776
184 778
184 813
184 814
184 816
184 817
184 818
184 819
184 820
184 821
184 822
184 823
184 824
184 825
184 826
184 827
184 828
184 829
184 830
184 831
184 832
184 833
184 834
184 835
184 836
184 837
184 838
184 839
184 840
184 922
184 925
184 927
184 928
184 929
184 930
184 931
184 932
184 933
184 934
184 974
185 186
185 255
185 508
185 545
185 547
185 580
185 582
185 764
185 766
185 767
185 771
185 772
185 775
185 818
185 823
185 826
185 827
185 828
185 829
185 831
185 832
185 833
185 834
185 835
185 836
185 837
185 838
185 926
185 928
185 929
185 933
186 542
186 586
186 683
186 755
186 823
186 828
186 834
186 835
186 837
186 840
187 593
187 613
187 650
187 840
188 531
193 945
208 973
212 835
213 837
214 585
214 834
215 835
222 547
222 831
222 832
222 837
223 833
223 834
223 835
224 551
224 835
234 833
237 727
238 544
238 833
238 837
239 828
239 835
239 837
240 840
246 836
248 839
250 534
250 536
250 571
250 578
250 581
250 640
250 641
250 646
250 932
251 538
251 540
251 541
251 572
251 574
251 578
251 580
251 641
251 677
251 678
251 679
251 772
251 775
251 826
251 831
251 833
251 929
251 934
252 539
252 545
252 583
252 584
252 646
252 764
252 815
252 821
252 823
252 825
252 826
252 828
252 836
252 837
252 923
252 934
253 546
253 578
253 642
253 769
253 773
253 776
253 818
253 832
253 836
253 837
253 839
253 923
253 945
254 613
254 834
254 835
254 840
254 851
277 681
280 536
281 357
281 543
281 836
282 841
284 836
292 862
311 833
317 542
335 641
340 830
341 946
342 830
343 723
344 499
350 815
350 834
351 646
351 832
351 834
351 836
351 837
352 736
352 836
352 868
358 649
361 837
371 760
377 524
394 761
396 857
404 834
405 836
407 836
410 922
432 835
436 831
436 832
436 837
437 619
438 982
445 835
450 838
470 837
486 835
495 833
498 766
498 833
498 836
499 832
499 834
500 833
502 836
509 839
517 827
519 549
519 930
520 836
521 835
522 767
522 834
523 585
523 731
523 833
524 831
531 532
531 547
532 538
532 540
532 542
532 543
532 544
532 572
532 577
532 578
532 645
532 672
532 768
532 771
532 812
532 826
532 830
532 838
532 922
532 924
532 933
533 540
533 542
533 543
533 545
533 547
533 574
533 577
533 579
533 582
533 643
533 672
533 673
533 678
533 679
533 768
533 771
533 772
533 774
533 776
533 816
533 819
533 822
533 834
533 835
533 932
533 933
533 934
534 542
534 546
534 571
534 572
534 577
534 579
534 581
534 582
534 645
534 647
534 671
534 673
534 676
534 680
534 733
534 761
534 764
534 775
534 813
534 814
534 823
534 824
534 825
534 827
534 829
534 830
534 831
534 837
534 838
534 921
534 926
534 929
534 932
534 933
535 536
535 540
535 542
535 543
535 544
535 546
535 547
535 573
535 574
535 575
535 578
535 582
535 583
535 644
535 645
535 646
535 670
535 673
535 674
535 676
535 677
535 700
535 763
535 765
535 767
535 768
535 770
535 771
535 772
535 776
535 811
535 813
535 814
535 817
535 820
535 822
535 823
535 824
535 832
535 834
535 835
535 836
535 837
535 922
535 923
535 926
535 928
535 933
536 538
536 541
536 545
536 547
536 572
536 573
536 575
536 576
536 577
536 580
536 582
536 583
536 644
536 646
536 675
536 679
536 680
536 760
536 762
536 763
536 764
536 765
536 766
536 767
536 768
536 769
536 770
536 771
536 772
536 773
536 775
536 813
536 814
536 817
536 818
536 819
536 820
536 822
536 823
536 825
536 826
536 830
536 832
536 834
536 923
536 924
536 927
536 928
536 930
536 931
536 933
536 934
536 943
537 540
537 541
537 544
537 548
537 572
537 574
537 575
537 576
537 579
537 583
537 584
537 641
537 642
537 644
537 645
537 646
537 674
537 675
537 676
537 677
537 679
537 680
537 761
537 762
537 763
537 764
537 766
537 768
537 769
537 775
537 812
537 813
537 814
537 815
537 816
537 817
537 818
537 819
537 821
537 823
537 827
537 829
537 830
537 831
537 832
537 835
537 836
537 838
537 926
537 928
537 929
537 930
537 931
537 932
537 998
538 540
538 541
538 542
538 543
538 544
538 545
538 547
538 574
538 576
538 577
538 579
538 580
538 582
538 583
538 642
538 644
538 645
538 674
538 675
538 676
538 678
538 679
538 680
538 699
538 734
538 761
538 762
538 763
538 764
538 765
538 767
538 768
538 769
538 770
538 771
538 772
538 774
538 813
538 814
538 815
538 816
538 818
538 819
538 820
538 821
538 823
538 825
538 826
538 828
538 829
538 831
538 832
538 833
538 835
538 836
538 837
538 923
538 925
538 926
538 928
538 930
538 932
538 933
539 540
539 541
539 542
539 543
539 544
539 545
539 547
539 548
539 574
539 575
539 576
539 577
539 578
539 579
539 581
539 582
539 583
539 644
539 645
539 646
539 647
539 673
539 678
539 679
539 681
539 761
539 762
539 763
539 764
539 765
539 766
539 767
539 768
539 770
539 772
539 775
539 776
539 811
539 812
539 813
539 814
539 816
539 817
539 818
539 820
539 821
539 823
539 824
539 825
539 826
539 827
539 828
539 829
539 830
539 831
539 832
539 833
539 834
539 835
539 839
539 921
539 923
539 927
539 928
539 929
539 930
539 931
539 932
539 934
540 541
540 542
540 543
540 544
540 545
540 546
540 547
540 571
540 574
540 575
540 577
540 578
540 579
540 580
540 581
540 582
540 643
540 646
540 671
540 673
540 674
540 675
540 676
540 678
540 679
540 680
540 761
540 763
540 765
540 766
540 767
540 768
540 769
540 771
540 772
540 773
540 774
540 775
540 810
540 813
540 815
540 816
540 818
540 820
540 821
540 822
540 823
540 824
540 825
540 826
540 827
540 828
540 830
540 832
540 833
540 834
540 835
540 837
540 838
540 839
540 923
540 924
540 925
540 926
540 927
540 928
540 929
540 930
540 931
540 933
540 934
541 542
541 543
541 544
541 545
541 546
541 547
541 548
541 573
541 575
541 576
541 577
541 578
541 579
541 580
541 581
541 582
541 583
541 584
541 642
541 643
541 644
541 647
541 672
541 673
541 674
541 675
541 676
541 677
541 678
541 679
541 680
541 762
541 765
541 766
541 767
541 768
541 769
541 770
541 771
541 772
541 773
541 774
541 775
541 776
541 815
541 818
541 819
541 820
541 821
541 822
541 823
541 824
541 825
541 826
541 827
541 828
541 829
541 830
541 831
541 832
541 833
541 834
541 835
541 836
541 837
541 838
541 922
541 923
541 924
541 926
541 927
541 928
541 929
541 930
541 931
541 932
541 934
542 543
542 544
542 546
542 547
542 574
542 575
542 576
542 577
542 578
542 579
542 580
542 581
542 582
542 583
542 632
542 642
542 644
542 646
542 647
542 673
542 676
542 678
542 679
542 680
542 681
542 759
542 761
542 762
542 764
542 765
542 766
542 768
542 769
542 770
542 771
542 772
542 773
542 774
542 775
542 813
542 814
542 818
542 819
542 820
542 821
542 822
542 823
542 824
542 825
542 826
542 827
542 828
542 829
542 830
542 831
542 833
542 834
542 836
542 837
542 838
542 839
542 923
542 924
542 925
542 927
542 928
542 929
542 930
542 931
542 932
542 933
542 934
543 544
543 545
543 546
543 548
543 571
543 573
543 575
543 576
543 577
543 578
543 579
543 580
543 581
543 582
543 640
543 642
543 644
543 645
543 646
543 647
543 648
543 649
543 674
543 675
543 676
543 677
543 679
543 680
543 760
543 762
543 763
543 764
543 765
543 766
543 767
543 768
543 769
543 770
543 771
543 772
543 773
543 774
543 775
543 811
543 815
543 816
543 817
543 819
543 820
543 821
543 822
543 823
543 824
543 825
543 826
543 827
543 828
543 829
543 830
543 831
543 832
543 833
543 834
543 835
543 836
543 837
543 838
543 925
543 928
543 929
543 930
543 931
543 932
543 933
544 545
544 546
544 547
544 570
544 573
544 574
544 575
544 576
544 577
544 578
544 579
544 580
544 581
544 582
544 583
544 613
544 639
544 641
544 644
544 647
544 648
544 649
544 673
544 674
544 675
544 677
544 678
544 680
544 681
544 733
544 735
544 762
544 764
544 766
544 767
544 768
544 769
544 770
544 771
544 772
544 773
544 774
544 775
544 776
544 779
544 811
544 814
544 815
544 816
544 817
544 818
544 819
544 820
544 821
544 822
544 823
544 824
544 825
544 826
544 827
544 828
544 829
544 830
544 831
544 832
544 833
544 834
544 835
544 836
544 837
544 838
544 922
544 923
544 924
544 925
544 926
544 927
544 928
544 929
544 930
544 931
544 932
544 933
544 934
545 546
545 547
545 548
545 572
545 575
545 576
545 577
545 578
545 579
545 580
545 581
545 582
545 583
545 614
545 640
545 641
545 643
545 644
545 645
545 646
545 647
545 648
545 671
545 672
545 674
545 675
545 676
545 678
545 679
545 680
545 681
545 712
545 732
545 760
545 761
545 763
545 765
545 766
545 768
545 769
545 770
545 771
545 772
545 773
545 774
545 775
545 776
545 813
545 815
545 816
545 817
545 818
545 819
545 820
545 821
545 822
545 823
545 824
545 825
545 826
545 827
545 828
545 829
545 830
545 831
545 832
545 833
545 834
545 835
545 836
545 837
545 838
545 922
545 923
545 925
545 926
545 927
545 928
545 929
545 930
545 932
545 933
545 934
545 935
546 547
546 572
546 573
546 575
546 576
546 577
546 578
546 582
546 583
546 584
546 640
546 641
546 643
546 644
546 645
546 647
546 674
546 675
546 676
546 677
546 678
546 679
546 680
546 681
546 759
546 761
546 762
546 763
546 765
546 766
546 767
546 768
546 769
546 770
546 771
546 772
546 773
546 774
546 775
546 777
546 811
546 814
546 815
546 816
546 817
546 818
546 819
546 820
546 821
546 822
546 823
546 824
546 825
546 826
546 827
546 828
546 829
546 830
546 831
546 832
546 833
546 834
546 835
546 836
546 837
546 838
546 839
546 921
546 923
546 924
546 926
546 927
546 928
546 929
546 931
546 932
546 933
546 934
547 548
547 571
547 572
547 574
547 576
547 577
547 578
547 579
547 580
547 581
547 582
547 616
547 642
547 645
547 646
547 647
547 674
547 676
547 677
547 678
547 679
547 680
547 681
547 684
547 759
547 762
547 763
547 764
547 765
547 766
547 767
547 768
547 769
547 770
547 771
547 772
547 773
547 774
547 775
547 812
547 813
547 814
547 815
547 816
547 817
547 819
547 820
547 821
547 822
547 823
547 824
547 825
547 826
547 827
547 828
547 829
547 830
547 831
547 832
547 833
547 834
547 835
547 836
547 837
547 838
547 924
547 926
547 927
547 928
547 929
547 930
547 931
547 932
547 933
547 934
547 935
548 576
548 577
548 652
548 679
548 680
548 681
548 682
548 761
548 763
548 767
548 768
548 771
548 772
548 774
548 775
548 776
548 778
548 813
548 825
548 827
548 828
548 829
548 830
548 831
548 833
548 834
548 835
548 836
548 837
548 838
548 926
548 927
548 930
548 932
549 641
549 772
549 825
549 826
549 830
549 834
549 835
549 836
549 837
549 838
549 925
549 929
549 931
550 832
550 836
550 837
550 838
550 839
550 936
555 835
568 997
569 759
569 837
569 920
569 926
570 571
570 572
570 574
570 578
570 673
570 762
570 765
570 769
570 770
570 771
570 823
570 835
570 838
570 921
570 922
570 924
570 925
570 928
570 934
571 580
571 581
571 640
571 645
571 671
571 672
571 679
571 765
571 772
571 773
571 774
571 819
571 820
571 822
571 823
571 828
571 829
571 835
571 836
571 921
571 922
571 923
571 924
571 925
571 929
571 932
571 933
572 575
572 576
572 579
572 581
572 582
572 583
572 584
572 642
572 672
572 673
572 680
572 690
572 762
572 765
572 767
572 769
572 770
572 773
572 812
572 815
572 818
572 819
572 821
572 823
572 827
572 830
572 831
572 832
572 833
572 835
572 838
572 839
572 923
572 924
572 925
572 927
572 930
572 931
572 934
573 574
573 575
573 576
573 577
573 578
573 579
573 580
573 582
573 641
573 642
573 672
573 673
573 674
573 679
573 680
573 759
573 760
573 761
573 765
573 768
573 770
573 771
573 772
573 773
573 811
573 812
573 813
573 814
573 815
573 817
573 818
573 821
573 822
573 824
573 825
573 826
573 829
573 831
573 832
573 833
573 835
573 836
573 837
573 923
573 925
573 926
573 927
573 928
573 929
574 576
574 577
574 578
574 579
574 580
574 582
574 640
574 641
574 646
574 647
574 672
574 673
574 674
574 675
574 677
574 678
574 679
574 680
574 763
574 764
574 765
574 766
574 767
574 771
574 772
574 773
574 776
574 812
574 814
574 815
574 816
574 819
574 820
574 822
574 824
574 825
574 826
574 829
574 830
574 832
574 833
574 834
574 835
574 836
574 837
574 838
574 923
574 924
574 925
574 927
574 928
574 929
574 932
574 933
575 576
575 577
575 578
575 579
575 581
575 582
575 583
575 642
575 644
575 645
575 646
575 648
575 672
575 673
575 675
575 677
575 678
575 679
575 680
575 681
575 762
575 763
575 764
575 765
575 766
575 767
575 768
575 771
575 772
575 773
575 813
575 814
575 816
575 818
575 820
575 821
575 822
575 823
575 824
575 825
575 826
575 827
575 828
575 829
575 830
575 832
575 833
575 834
575 835
575 837
575 838
575 922
575 923
575 924
575 926
575 927
575 929
575 930
575 931
575 933
575 934
576 577
576 578
576 579
576 580
576 581
576 582
576 583
576 642
576 644
576 647
576 648
576 672
576 673
576 676
576 677
576 679
576 681
576 761
576 762
576 763
576 764
576 765
576 766
576 767
576 768
576 769
576 770
576 771
576 772
576 773
576 774
576 775
576 776
576 813
576 815
576 816
576 817
576 819
576 820
576 821
576 822
576 823
576 824
576 825
576 827
576 829
576 830
576 831
576 832
576 833
576 834
576 835
576 836
576 837
576 838
576 925
576 926
576 928
576 929
576 930
576 931
576 932
576 933
577 578
577 579
577 580
577 581
577 582
577 583
577 642
577 646
577 647
577 648
577 672
577 675
577 676
577 677
577 680
577 681
577 762
577 763
577 765
577 766
577 767
577 769
577 770
577 771
577 772
577 773
577 774
577 775
577 812
577 813
577 816
577 817
577 818
577 820
577 821
577 822
577 824
577 825
577 826
577 827
577 828
577 829
577 830
577 831
577 832
577 833
577 834
577 836
577 837
577 838
577 923
577 924
577 926
577 927
577 929
577 930
577 931
577 932
577 933
577 942
578 579
578 581
578 582
578 583
578 584
578 611
578 642
578 644
578 646
578 672
578 673
578 675
578 676
578 677
578 678
578 679
578 761
578 763
578 764
578 765
578 766
578 767
578 768
578 769
578 770
578 771
578 772
578 773
578 774
578 775
578 776
578 811
578 812
578 813
578 814
578 815
578 816
578 817
578 818
578 819
578 820
578 821
578 822
578 823
578 824
578 825
578 826
578 827
578 828
578 829
578 830
578 831
578 832
578 833
578 834
578 835
578 836
578 837
578 838
578 839
578 922
578 925
578 927
578 928
578 929
578 930
578 931
578 932
578 933
579 580
579 581
579 582
579 583
579 641
579 642
579 644
579 645
579 646
579 647
579 673
579 674
579 676
579 677
579 678
579 679
579 680
579 732
579 761
579 764
579 765
579 766
579 767
579 768
579 769
579 770
579 771
579 772
579 773
579 774
579 775
579 776
579 813
579 814
579 816
579 818
579 819
579 820
579 821
579 822
579 823
579 824
579 825
579 826
579 827
579 828
579 829
579 830
579 832
579 833
579 834
579 835
579 836
579 838
579 922
579 923
579 925
579 926
579 927
579 928
579 929
579 930
579 931
579 932
579 933
579 944
580 581
580 582
580 583
580 584
580 611
580 644
580 645
580 646
580 647
580 671
580 673
580 675
580 676
580 677
580 679
580 681
580 761
580 762
580 763
580 764
580 766
580 767
580 768
580 769
580 770
580 772
580 773
580 774
580 775
580 776
580 777
580 811
580 812
580 814
580 816
580 818
580 819
580 820
580 821
580 822
580 823
580 824
580 825
580 826
580 827
580 828
580 829
580 830
580 831
580 832
580 833
580 834
580 835
580 836
580 837
580 838
580 839
580 924
580 925
580 926
580 927
580 929
580 930
580 931
580 932
580 933
580 934
580 935
580 944
581 582
581 583
581 584
581 642
581 643
581 646
581 647
581 649
581 672
581 673
581 676
581 678
581 679
581 680
581 762
581 763
581 765
581 767
581 768
581 769
581 770
581 771
581 772
581 773
581 774
581 775
581 776
581 812
581 816
581 817
581 818
581 819
581 820
581 821
581 822
581 823
581 824
581 825
581 826
581 827
581 828
581 829
581 830
581 831
581 832
581 833
581 834
581 835
581 836
581 837
581 838
581 839
581 921
581 922
581 924
581 925
581 926
581 927
581 928
581 929
581 930
581 931
581 932
581 933
582 583
582 644
582 645
582 646
582 647
582 674
582 675
582 676
582 678
582 679
582 680
582 681
582 733
582 761
582 762
582 763
582 764
582 765
582 766
582 767
582 768
582 769
582 770
582 771
582 772
582 773
582 774
582 775
582 776
582 811
582 812
582 816
582 817
582 818
582 819
582 820
582 821
582 822
582 823
582 824
582 825
582 826
582 827
582 828
582 829
582 830
582 831
582 832
582 833
582 834
582 835
582 836
582 837
582 838
582 839
582 923
582 924
582 926
582 928
582 929
582 931
582 932
582 933
582 934
583 584
583 590
583 641
583 642
583 643
583 644
583 645
583 646
583 647
583 673
583 674
583 675
583 678
583 679
583 680
583 734
583 759
583 760
583 762
583 763
583 766
583 767
583 769
583 770
583 771
583 772
583 773
583 774
583 775
583 776
583 814
583 818
583 819
583 820
583 821
583 822
583 823
583 824
583 825
583 826
583 827
583 828
583 829
583 830
583 831
583 832
583 833
583 834
583 835
583 836
583 837
583 838
583 924
583 925
583 927
583 928
583 929
583 930
583 931
583 932
583 933
584 648
584 763
584 772
584 774
584 777
584 778
584 813
584 818
584 822
584 823
584 827
584 828
584 829
584 830
584 831
584 832
584 833
584 834
584 835
584 836
584 837
584 838
584 928
584 932
584 933
585 592
585 679
585 771
585 774
585 823
585 831
585 832
585 833
585 834
585 835
585 837
585 839
585 928
585 935
586 686
586 833
586 835
587 730
587 984
588 938
591 745
591 835
592 838
597 841
608 782
611 769
612 833
612 836
614 683
614 831
615 832
618 836
622 646
623 830
623 831
623 833
623 834
624 767
624 833
624 834
624 836
624 929
625 834
625 836
625 837
626 777
626 936
627 764
633 840
639 642
639 644
639 646
639 933
640 645
640 673
640 679
640 680
640 760
640 761
640 763
640 765
640 815
640 818
640 829
640 835
640 836
640 837
640 838
640 839
640 924
640 931
640 933
641 643
641 645
641 646
641 672
641 675
641 676
641 759
641 763
641 765
641 767
641 771
641 773
641 774
641 812
641 818
641 821
641 822
641 823
641 827
641 832
641 833
641 838
641 923
641 924
641 926
641 931
642 643
642 644
642 646
642 647
642 672
642 675
642 676
642 677
642 678
642 679
642 680
642 761
642 766
642 768
642 770
642 775
642 814
642 816
642 817
642 819
642 821
642 824
642 825
642 826
642 828
642 829
642 831
642 832
642 833
642 834
642 835
642 836
642 922
642 923
642 924
642 929
642 931
642 932
643 644
643 646
643 647
643 672
643 674
643 675
643 676
643 680
643 760
643 762
643 763
643 764
643 765
643 767
643 769
643 770
643 772
643 775
643 812
643 813
643 814
643 817
643 820
643 821
643 823
643 824
643 825
643 826
643 828
643 830
643 833
643 835
643 837
643 838
643 922
643 924
643 925
643 927
643 928
643 930
643 933
643 934
644 646
644 673
644 674
644 675
644 677
644 678
644 679
644 680
644 681
644 764
644 765
644 766
644 767
644 768
644 769
644 771
644 773
644 775
644 813
644 815
644 816
644 817
644 818
644 819
644 820
644 821
644 823
644 824
644 825
644 826
644 827
644 828
644 830
644 831
644 832
644 834
644 835
644 836
644 837
644 838
644 839
644 923
644 925
644 926
644 927
644 928
644 930
644 932
644 933
644 934
645 646
645 647
645 672
645 673
645 675
645 676
645 677
645 678
645 679
645 680
645 763
645 764
645 765
645 766
645 767
645 768
645 769
645 770
645 771
645 773
645 775
645 813
645 814
645 815
645 816
645 817
645 821
645 822
645 823
645 825
645 826
645 827
645 829
645 830
645 831
645 832
645 836
645 838
645 921
645 923
645 925
645 927
645 928
645 929
645 931
645 932
645 934
646 674
646 675
646 677
646 678
646 680
646 681
646 764
646 765
646 766
646 767
646 771
646 772
646 773
646 774
646 775
646 776
646 812
646 813
646 814
646 816
646 818
646 820
646 821
646 822
646 824
646 825
646 826
646 827
646 828
646 829
646 830
646 831
646 833
646 834
646 835
646 836
646 837
646 838
646 922
646 924
646 925
646 929
646 930
646 932
646 933
646 934
647 671
647 672
647 673
647 674
647 675
647 677
647 679
647 680
647 761
647 762
647 763
647 764
647 765
647 766
647 767
647 770
647 771
647 772
647 775
647 776
647 813
647 814
647 818
647 821
647 823
647 825
647 826
647 827
647 830
647 831
647 832
647 833
647 834
647 835
647 836
647 838
647 921
647 924
647 926
647 929
647 930
647 932
647 933
648 680
648 774
648 775
648 815
648 818
648 819
648 820
648 823
648 825
648 826
648 827
648 830
648 832
648 833
648 834
648 835
648 837
648 838
648 925
648 927
649 770
649 776
649 821
649 828
649 831
649 833
649 834
649 836
649 912
650 832
650 833
650 836
650 839
650 856
650 934
651 835
651 894
653 835
654 832
655 836
659 930
660 839
665 684
670 817
670 921
670 923
670 931
671 672
671 675
671 677
671 768
671 775
671 812
671 816
671 824
671 826
671 829
671 835
672 675
672 678
672 763
672 768
672 773
672 775
672 776
672 811
672 812
672 817
672 818
672 823
672 825
672 828
672 830
672 834
672 835
672 836
672 924
672 926
672 928
672 929
672 933
673 674
673 675
673 678
673 680
673 758
673 759
673 760
673 761
673 762
673 764
673 765
673 766
673 767
673 769
673 770
673 771
673 775
673 776
673 812
673 814
673 815
673 818
673 819
673 822
673 824
673 828
673 829
673 830
673 831
673 832
673 833
673 835
673 838
673 927
673 929
673 931
673 932
673 935
673 943
674 675
674 676
674 679
674 680
674 733
674 758
674 759
674 764
674 766
674 767
674 768
674 769
674 770
674 772
674 773
674 774
674 775
674 776
674 811
674 812
674 813
674 815
674 816
674 819
674 820
674 821
674 822
674 824
674 827
674 828
674 829
674 830
674 831
674 833
674 834
674 835
674 838
674 920
674 924
674 925
674 927
674 928
674 929
674 931
674 933
675 677
675 678
675 680
675 681
675 732
675 762
675 763
675 765
675 766
675 768
675 769
675 772
675 774
675 813
675 815
675 817
675 822
675 823
675 824
675 825
675 827
675 828
675 829
675 830
675 831
675 832
675 833
675 834
675 836
675 837
675 920
675 924
675 926
675 927
675 928
675 930
675 932
675 933
676 677
676 678
676 680
676 681
676 761
676 762
676 763
676 765
676 768
676 771
676 772
676 773
676 774
676 775
676 776
676 778
676 811
676 815
676 816
676 818
676 819
676 820
676 821
676 822
676 823
676 828
676 829
676 831
676 833
676 834
676 836
676 837
676 838
676 923
676 925
676 926
676 927
676 928
676 929
676 931
676 933
677 678
677 679
677 680
677 734
677 760
677 762
677 763
677 764
677 765
677 766
677 767
677 768
677 769
677 770
677 771
677 772
677 773
677 774
677 775
677 776
677 809
677 815
677 817
677 818
677 819
677 821
677 822
677 823
677 824
677 826
677 827
677 828
677 830
677 831
677 832
677 833
677 834
677 835
677 836
677 838
677 921
677 923
677 924
677 925
677 926
677 929
677 931
677 932
677 933
678 679
678 680
678 682
678 759
678 760
678 762
678 763
678 764
678 765
678 766
678 767
678 768
678 769
678 771
678 772
678 773
678 774
678 775
678 812
678 814
678 816
678 817
678 818
678 819
678 820
678 821
678 822
678 823
678 824
678 825
678 827
678 828
678 829
678 830
678 831
678 832
678 833
678 834
678 835
678 836
678 837
678 839
678 921
678 923
678 924
678 925
678 926
678 927
678 928
678 929
678 931
678 932
678 933
679 680
679 681
679 733
679 763
679 764
679 765
679 766
679 767
679 768
679 769
679 770
679 771
679 772
679 773
679 774
679 775
679 812
679 813
679 814
679 815
679 816
679 817
679 818
679 820
679 821
679 822
679 823
679 824
679 825
679 826
679 827
679 828
679 831
679 832
679 833
679 835
679 836
679 837
679 838
679 839
679 922
679 925
679 926
679 927
679 928
679 929
679 930
679 931
679 932
679 933
679 934
679 935
680 762
680 763
680 765
680 767
680 768
680 769
680 770
680 771
680 772
680 774
680 775
680 776
680 811
680 812
680 813
680 814
680 815
680 816
680 817
680 818
680 819
680 820
680 821
680 822
680 824
680 825
680 826
680 827
680 828
680 829
680 830
680 831
680 832
680 833
680 834
680 835
680 836
680 837
680 838
680 923
680 924
680 926
680 927
680 929
680 930
680 931
680 932
680 933
680 934
681 761
681 762
681 764
681 766
681 769
681 770
681 771
681 772
681 773
681 774
681 775
681 776
681 817
681 821
681 827
681 828
681 829
681 830
681 831
681 832
681 833
681 834
681 835
681 836
681 837
681 925
681 926
681 927
681 929
681 930
681 931
681 932
682 735
682 825
682 827
682 828
682 829
682 831
682 832
682 833
682 834
682 835
682 836
682 837
682 838
682 891
683 833
683 834
683 835
683 837
683 838
683 931
684 835
685 893
690 834
691 836
701 834
701 835
702 840
704 836
705 832
706 775
706 976
707 836
708 729
713 835
718 950
729 835
732 773
732 776
732 816
732 824
732 949
733 819
733 825
733 833
733 836
733 838
734 769
734 824
734 826
734 827
734 830
734 835
734 836
734 931
734 932
734 933
735 829
735 831
735 835
735 836
735 837
735 930
736 834
736 837
737 972
743 837
744 823
744 837
745 776
745 833
746 839
748 822
751 836
752 836
752 837
753 837
754 832
754 834
758 815
758 828
758 924
759 763
759 764
759 773
759 776
759 815
759 822
759 827
759 834
759 836
759 922
759 929
759 930
759 934
760 764
760 769
760 774
760 810
760 812
760 813
760 815
760 819
760 821
760 824
760 832
760 834
760 836
760 838
760 839
760 931
760 933
761 762
761 764
761 766
761 767
761 768
761 769
761 773
761 774
761 775
761 816
761 818
761 820
761 825
761 829
761 832
761 833
761 834
761 836
761 922
761 923
761 924
761 925
761 930
761 932
761 933
762 765
762 767
762 768
762 769
762 770
762 771
762 772
762 773
762 774
762 813
762 815
762 816
762 817
762 818
762 821
762 822
762 826
762 829
762 832
762 833
762 834
762 836
762 838
762 923
762 924
762 925
762 928
762 929
762 930
762 932
763 765
763 766
763 767
763 768
763 769
763 770
763 771
763 773
763 774
763 775
763 776
763 814
763 816
763 817
763 818
763 819
763 822
763 823
763 825
763 827
763 828
763 830
763 832
763 833
763 834
763 835
763 836
763 838
763 840
763 920
763 922
763 923
763 924
763 925
763 927
763 928
763 929
763 930
763 931
763 932
763 947
764 765
764 766
764 767
764 768
764 769
764 770
764 771
764 772
764 773
764 774
764 775
764 777
764 815
764 816
764 818
764 819
764 820
764 821
764 823
764 824
764 825
764 826
764 827
764 828
764 829
764 831
764 832
764 833
764 834
764 835
764 836
764 837
764 839
764 841
764 921
764 924
764 925
764 926
764 927
764 928
764 929
764 930
764 931
764 932
764 933
765 766
765 767
765 768
765 770
765 771
765 772
765 773
765 774
765 775
765 776
765 810
765 811
765 814
765 816
765 817
765 818
765 819
765 821
765 822
765 823
765 824
765 825
765 827
765 828
765 829
765 832
765 833
765 834
765 835
765 836
765 837
765 838
765 839
765 921
765 922
765 923
765 925
765 926
765 927
765 928
765 929
765 931
765 932
765 933
766 770
766 771
766 772
766 773
766 774
766 775
766 789
766 817
766 819
766 820
766 822
766 823
766 825
766 826
766 827
766 828
766 829
766 831
766 832
766 833
766 834
766 835
766 836
766 837
766 838
766 839
766 922
766 923
766 927
766 928
766 929
766 931
766 932
766 933
766 934
766 935
767 768
767 769
767 770
767 771
767 772
767 774
767 775
767 776
767 812
767 813
767 816
767 817
767 818
767 819
767 820
767 821
767 822
767 823
767 824
767 825
767 826
767 827
767 828
767 829
767 830
767 831
767 832
767 833
767 834
767 835
767 836
767 838
767 839
767 922
767 924
767 925
767 926
767 928
767 929
767 930
767 931
767 932
767 933
768 769
768 770
768 771
768 772
768 773
768 774
768 775
768 777
768 811
768 812
768 813
768 815
768 817
768 818
768 819
768 820
768 821
768 822
768 823
768 824
768 825
768 826
768 827
768 828
768 829
768 830
768 831
768 832
768 833
768 834
768 835
768 836
768 837
768 838
768 839
768 840
768 926
768 927
768 928
768 929
768 930
768 931
768 932
768 933
769 770
769 771
769 772
769 773
769 774
769 775
769 776
769 777
769 812
769 813
769 814
769 816
769 817
769 818
769 819
769 820
769 821
769 822
769 823
769 824
769 825
769 826
769 827
769 828
769 829
769 830
769 831
769 832
769 833
769 834
769 835
769 836
769 837
769 838
769 839
769 925
769 927
769 928
769 929
769 931
769 932
769 933
769 934
770 771
770 772
770 773
770 774
770 775
770 814
770 815
770 816
770 817
770 818
770 820
770 821
770 822
770 823
770 824
770 825
770 826
770 827
770 828
770 829
770 830
770 831
770 832
770 833
770 834
770 835
770 836
770 837
770 838
770 839
770 923
770 924
770 926
770 927
770 928
770 929
770 930
770 931
770 932
770 933
770 934
771 772
771 773
771 774
771 775
771 776
771 813
771 815
771 816
771 817
771 818
771 819
771 820
771 821
771 822
771 823
771 824
771 825
771 826
771 827
771 828
771 829
771 830
771 831
771 832
771 833
771 834
771 835
771 836
771 837
771 838
771 839
771 840
771 921
771 922
771 924
771 925
771 926
771 927
771 928
771 929
771 930
771 931
771 932
771 933
771 934
772 773
772 774
772 775
772 776
772 814
772 815
772 817
772 820
772 821
772 822
772 823
772 824
772 825
772 826
772 827
772 828
772 829
772 830
772 831
772 832
772 833
772 834
772 835
772 836
772 837
772 838
772 925
772 926
772 927
772 928
772 929
772 930
772 931
772 932
772 933
772 934
773 774
773 775
773 776
773 812
773 814
773 817
773 818
773 819
773 820
773 821
773 822
773 823
773 824
773 825
773 826
773 827
773 828
773 829
773 830
773 831
773 832
773 833
773 834
773 835
773 836
773 837
773 838
773 839
773 924
773 925
773 926
773 927
773 928
773 929
773 930
773 931
773 932
773 933
773 934
773 935
773 936
773 943
774 775
774 776
774 777
774 812
774 813
774 814
774 816
774 817
774 818
774 819
774 820
774 821
774 822
774 823
774 824
774 825
774 826
774 827
774 828
774 829
774 830
774 831
774 832
774 833
774 834
774 835
774 836
774 837
774 838
774 839
774 923
774 924
774 925
774 926
774 927
774 928
774 929
774 930
774 931
774 932
774 933
774 935
775 776
775 812
775 813
775 814
775 815
775 816
775 817
775 818
775 819
775 820
775 821
775 822
775 823
775 824
775 825
775 826
775 827
775 828
775 829
775 830
775 831
775 832
775 833
775 834
775 835
775 836
775 837
775 838
775 839
775 924
775 925
775 926
775 927
775 929
775 930
775 931
775 932
775 933
775 934
776 812
776 814
776 815
776 817
776 818
776 820
776 821
776 822
776 823
776 824
776 825
776 826
776 827
776 828
776 829
776 830
776 831
776 832
776 833
776 834
776 835
776 836
776 837
776 838
776 839
776 924
776 925
776 929
776 931
776 932
776 933
777 829
777 830
777 831
777 832
777 833
777 834
777 835
777 836
777 837
777 838
777 929
777 945
777 973
778 830
778 833
778 834
778 835
778 836
778 837
779 829
779 832
779 833
779 837
779 893
780 830
780 831
780 834
780 835
780 843
781 839
805 838
808 829
810 811
810 816
810 827
810 926
811 827
811 830
811 834
811 921
811 925
811 929
811 934
812 813
812 814
812 816
812 817
812 820
812 821
812 826
812 828
812 830
812 831
812 833
812 838
812 924
812 925
812 926
812 932
812 933
813 820
813 821
813 822
813 823
813 824
813 826
813 827
813 837
813 838
813 923
813 924
813 925
813 926
813 928
813 929
813 931
813 932
813 933
813 934
814 816
814 819
814 820
814 822
814 824
814 825
814 826
814 830
814 831
814 832
814 838
814 925
814 926
814 927
814 928
814 929
814 930
815 819
815 820
815 821
815 823
815 826
815 828
815 829
815 830
815 831
815 833
815 836
815 838
815 924
815 925
815 927
815 928
815 930
815 934
816 817
816 818
816 819
816 820
816 821
816 822
816 823
816 824
816 825
816 826
816 828
816 830
816 832
816 833
816 834
816 836
816 838
816 839
816 922
816 923
816 924
816 927
816 929
816 930
816 931
816 933
817 819
817 820
817 821
817 822
817 823
817 824
817 825
817 826
817 827
817 829
817 830
817 831
817 833
817 834
817 835
817 836
817 837
817 838
817 923
817 924
817 926
817 927
817 928
817 929
817 932
817 933
817 936
818 819
818 820
818 821
818 822
818 823
818 824
818 825
818 826
818 827
818 828
818 829
818 830
818 831
818 832
818 834
818 835
818 836
818 837
818 838
818 922
818 925
818 927
818 928
818 929
818 930
818 931
818 932
818 933
819 820
819 821
819 822
819 823
819 824
819 825
819 826
819 827
819 828
819 829
819 831
819 832
819 833
819 834
819 835
819 836
819 837
819 838
819 839
819 920
819 924
819 925
819 926
819 927
819 928
819 930
819 931
819 932
819 933
819 934
820 821
820 822
820 823
820 824
820 825
820 826
820 827
820 828
820 829
820 830
820 831
820 833
820 834
820 835
820 836
820 837
820 838
820 922
820 923
820 924
820 925
820 926
820 927
820 928
820 929
820 930
820 931
820 932
820 933
820 934
821 822
821 823
821 824
821 825
821 826
821 827
821 828
821 830
821 831
821 832
821 833
821 834
821 835
821 836
821 837
821 838
821 839
821 922
821 923
821 924
821 925
821 926
821 927
821 928
821 929
821 930
821 931
821 932
821 933
821 934
822 823
822 824
822 825
822 826
822 827
822 828
822 829
822 830
822 831
822 832
822 833
822 834
822 835
822 836
822 837
822 838
822 839
822 924
822 925
822 926
822 927
822 928
822 929
822 930
822 931
822 932
822 933
822 934
823 824
823 825
823 826
823 827
823 828
823 829
823 830
823 831
823 832
823 833
823 834
823 835
823 836
823 837
823 838
823 921
823 925
823 926
823 927
823 928
823 929
823 930
823 931
823 932
823 933
823 934
824 825
824 826
824 827
824 828
824 829
824 830
824 831
824 832
824 833
824 834
824 835
824 836
824 837
824 838
824 839
824 923
824 924
824 926
824 927
824 929
824 930
824 931
824 932
824 933
824 944
825 826
825 827
825 828
825 829
825 830
825 831
825 832
825 833
825 834
825 835
825 836
825 837
825 838
825 924
825 925
825 926
825 927
825 928
825 929
825 930
825 931
825 932
825 933
825 934
825 944
826 827
826 828
826 829
826 830
826 831
826 832
826 833
826 834
826 835
826 836
826 837
826 838
826 839
826 851
826 923
826 925
826 926
826 927
826 928
826 929
826 930
826 931
826 932
826 933
826 934
827 828
827 829
827 830
827 831
827 832
827 833
827 834
827 835
827 836
827 837
827 838
827 839
827 840
827 921
827 922
827 924
827 925
827 926
827 927
827 928
827 930
827 931
827 932
827 933
827 935
828 829
828 830
828 831
828 832
828 833
828 834
828 835
828 836
828 837
828 838
828 839
828 841
828 890
828 923
828 925
828 927
828 928
828 929
828 930
828 931
828 932
828 933
828 934
828 935
829 830
829 831
829 832
829 833
829 834
829 835
829 836
829 837
829 838
829 839
829 841
829 922
829 925
829 926
829 927
829 928
829 929
829 930
829 931
829 932
829 933
829 934
829 935
830 831
830 832
830 833
830 834
830 835
830 836
830 837
830 838
830 839
830 840
830 891
830 922
830 923
830 925
830 926
830 927
830 929
830 930
830 931
830 932
830 933
830 934
830 935
831 832
831 833
831 834
831 835
831 836
831 837
831 838
831 839
831 923
831 924
831 926
831 928
831 929
831 930
831 931
831 932
831 933
831 934
831 935
831 936
831 943
831 944
832 833
832 834
832 835
832 836
832 837
832 838
832 839
832 922
832 925
832 926
832 928
832 929
832 930
832 931
832 932
832 933
832 934
832 935
833 834
833 835
833 836
833 837
833 838
833 839
833 840
833 890
833 921
833 924
833 925
833 926
833 928
833 929
833 930
833 931
833 932
833 933
833 934
833 935
833 936
833 945
833 949
834 835
834 836
834 837
834 838
834 839
834 840
834 841
834 891
834 892
834 910
834 923
834 925
834 926
834 927
834 928
834 929
834 930
834 931
834 932
834 933
834 934
834 935
834 944
834 948
834 975
835 836
835 837
835 838
835 839
835 840
835 842
835 923
835 925
835 926
835 927
835 928
835 929
835 930
835 931
835 932
835 933
835 934
835 935
835 936
835 944
835 997
836 837
836 838
836 839
836 840
836 842
836 869
836 891
836 892
836 921
836 923
836 926
836 927
836 928
836 929
836 930
836 931
836 932
836 933
836 934
836 935
836 948
837 838
837 839
837 840
837 924
837 927
837 928
837 929
837 930
837 931
837 932
837 933
837 934
837 935
837 936
837 937
837 944
837 945
837 979
837 983
837 996
838 839
838 840
838 890
838 892
838 924
838 925
838 926
838 927
838 928
838 929
838 930
838 931
838 932
838 933
838 935
838 936
838 983
839 840
839 928
839 929
839 930
839 932
839 933
839 936
839 946
920 933
921 922
921 923
921 931
922 924
922 928
922 929
922 930
923 931
923 932
924 925
924 927
924 928
924 930
924 931
924 932
925 927
925 933
926 927
926 928
926 929
926 930
926 931
926 933
926 935
927 928
927 930
927 931
927 932
927 933
928 929
928 930
928 931
928 932
928 933
928 934
928 948
929 930
929 931
929 932
929 933
929 945
930 931
930 932
930 933
931 932
931 933
931 934
931 936
932 933
932 934
932 935
933 934
