2 796
3 332
3 337
3 339
3 341
3 770
3 775
4 5
4 7
4 332
4 333
4 334
4 335
4 336
4 337
4 338
4 340
4 341
4 764
4 768
4 769
4 770
4 771
4 772
4 773
4 775
4 776
4 777
5 7
5 332
5 333
5 334
5 335
5 336
5 337
5 338
5 339
5 340
5 341
5 342
5 343
5 764
5 766
5 767
5 769
5 770
5 772
5 773
5 774
5 775
5 776
5 777
6 331
6 332
6 333
6 334
6 335
6 336
6 337
6 338
6 339
6 340
6 341
6 342
6 729
6 766
6 767
6 769
6 770
6 771
6 772
6 773
6 774
6 775
6 776
6 777
7 332
7 334
7 335
7 336
7 337
7 338
7 339
7 340
7 341
7 342
7 343
7 766
7 767
7 769
7 770
7 771
7 772
7 773
7 774
7 775
7 776
7 777
8 122
8 334
8 335
8 336
8 337
8 338
8 339
8 340
8 341
8 342
8 343
8 590
8 593
8 765
8 767
8 769
8 770
8 771
8 772
8 773
8 774
8 775
9 196
9 335
9 339
9 340
9 341
9 342
9 343
9 765
9 772
9 773
9 774
9 775
9 776
9 777
10 132
10 334
10 340
10 343
10 470
10 778
10 975
11 209
11 272
19 340
20 774
20 794
21 124
30 789
31 341
33 341
34 770
34 775
34 982
35 342
35 602
36 335
36 340
36 344
37 780
40 774
41 957
65 776
66 774
79 776
80 338
81 341
82 664
87 342
89 453
93 773
106 339
119 775
121 774
122 336
122 338
122 339
123 336
123 340
123 346
123 778
130 775
131 337
131 340
131 774
132 342
132 771
133 339
133 498
133 998
134 256
134 774
135 340
136 340
141 774
148 340
154 342
154 774
175 343
180 342
185 342
186 942
187 776
188 340
189 287
195 777
198 341
203 333
204 775
205 333
205 334
205 336
205 338
205 339
205 340
205 771
205 773
205 775
206 333
206 336
206 338
206 339
206 340
206 451
206 771
206 774
206 775
206 776
206 958
207 338
207 340
207 341
207 342
207 343
207 774
207 776
208 776
208 777
208 778
208 811
209 663
210 774
218 331
218 338
219 341
219 345
220 488
221 775
223 777
224 343
225 687
233 337
233 339
233 767
234 339
234 776
235 284
235 591
245 625
247 772
248 342
248 360
249 673
249 772
250 342
250 705
250 774
251 781
260 707
261 340
266 343
271 671
285 342
286 779
294 339
294 778
295 341
295 345
295 409
296 983
307 339
309 341
310 340
310 345
321 775
322 779
330 337
330 341
330 766
330 775
331 334
331 336
331 337
331 340
331 341
331 342
331 377
331 766
331 767
331 769
331 771
331 774
331 775
331 777
332 333
332 334
332 337
332 338
332 339
332 340
332 341
332 342
332 343
332 660
332 765
332 766
332 767
332 768
332 769
332 770
332 771
332 772
332 773
332 774
332 775
332 776
332 777
333 334
333 335
333 336
333 337
333 338
333 339
333 340
333 341
333 342
333 343
333 616
333 663
333 765
333 766
333 767
333 768
333 769
333 770
333 771
333 772
333 773
333 774
333 775
333 776
333 777
334 335
334 336
334 337
334 338
334 339
334 340
334 341
334 342
334 343
334 668
334 752
334 765
334 766
334 767
334 768
334 769
334 770
334 771
334 772
334 773
334 774
334 775
334 776
335 336
335 337
335 338
335 339
335 340
335 341
335 342
335 343
335 344
335 450
335 765
335 766
335 767
335 768
335 769
335 770
335 771
335 772
335 773
335 774
335 775
335 776
335 777
336 337
336 338
336 339
336 340
336 341
336 342
336 343
336 565
336 669
336 767
336 768
336 769
336 770
336 771
336 772
336 773
336 774
336 775
336 776
336 777
337 338
337 339
337 340
337 341
337 342
337 343
337 344
337 669
337 677
337 699
337 766
337 767
337 768
337 769
337 770
337 771
337 772
337 773
337 774
337 775
337 776
337 777
337 778
338 339
338 340
338 341
338 342
338 343
338 496
338 507
338 623
338 624
338 668
338 669
338 670
338 765
338 766
338 767
338 768
338 769
338 770
338 771
338 772
338 773
338 774
338 775
338 776
338 777
338 860
339 340
339 341
339 342
339 343
339 344
339 359
339 388
339 510
339 566
339 622
339 669
339 674
339 679
339 680
339 700
339 727
339 765
339 766
339 767
339 768
339 769
339 770
339 771
339 772
339 773
339 774
339 775
339 776
339 777
339 778
339 787
339 832
339 957
340 341
340 342
340 343
340 344
340 359
340 393
340 441
340 496
340 508
340 509
340 541
340 669
340 670
340 676
340 722
340 728
340 765
340 766
340 767
340 768
340 769
340 770
340 771
340 772
340 773
340 774
340 775
340 776
340 777
340 778
340 779
340 781
340 829
340 861
340 958
340 977
341 342
341 343
341 344
341 356
341 364
341 376
341 441
341 452
341 462
341 490
341 594
341 601
341 623
341 669
341 670
341 686
341 739
341 743
341 762
341 765
341 766
341 767
341 768
341 769
341 770
341 771
341 772
341 773
341 774
341 775
341 776
341 777
341 778
341 863
341 877
341 964
341 971
341 992
342 343
342 344
342 392
342 497
342 508
342 509
342 612
342 623
342 667
342 677
342 694
342 701
342 765
342 767
342 768
342 769
342 770
342 771
342 772
342 773
342 774
342 775
342 776
342 777
342 778
342 794
342 801
342 807
342 859
342 893
342 997
343 384
343 473
343 682
343 740
343 768
343 769
343 770
343 771
343 772
343 773
343 774
343 775
343 776
343 777
343 778
343 795
343 870
344 356
344 617
344 651
344 772
344 775
344 778
344 795
344 881
345 771
345 865
346 509
355 360
358 776
361 535
367 670
376 775
386 629
394 775
408 611
410 511
416 779
417 831
420 442
421 672
425 776
440 775
442 779
443 675
444 773
447 624
451 706
451 772
451 774
452 669
452 775
457 674
463 871
467 487
468 774
469 894
470 776
487 774
497 646
498 774
502 773
507 772
509 776
510 678
510 729
526 774
534 778
539 728
541 772
542 830
543 969
549 770
550 772
567 773
567 775
567 776
568 776
578 671
591 775
593 775
594 681
597 972
603 976
617 772
618 780
624 771
668 773
668 775
669 770
669 772
670 772
670 774
670 775
671 775
678 774
679 768
680 775
680 776
685 776
695 788
699 775
700 776
701 935
742 774
748 778
761 773
765 767
765 769
765 771
765 774
765 776
766 767
766 768
766 769
766 770
766 771
766 772
766 774
766 775
766 776
767 768
767 769
767 770
767 771
767 772
767 773
767 774
767 775
767 776
767 777
768 769
768 770
768 771
768 772
768 773
768 774
768 775
768 776
768 777
768 778
769 770
769 771
769 772
769 773
769 774
769 775
769 776
769 777
770 771
770 772
770 773
770 774
770 775
770 776
770 777
770 779
771 772
771 773
771 774
771 775
771 776
771 777
772 773
772 774
772 775
772 776
772 777
772 780
772 970
773 774
773 775
773 776
773 777
773 778
773 903
773 957
774 775
774 776
774 777
774 778
774 793
775 776
775 777
775 779
775 811
775 869
776 777
776 778
777 778
777 864
777 971
779 925
812 923
833 920
965 970
