11 100
14 753
34 98
35 100
35 101
36 460
41 94
41 101
41 628
42 105
45 105
50 96
58 101
64 459
78 96
78 102
79 805
81 858
92 95
92 100
92 405
93 95
93 96
93 97
93 98
93 99
93 101
93 102
93 103
93 104
94 95
94 96
94 97
94 98
94 99
94 100
94 101
94 102
94 103
94 104
94 298
94 421
94 544
94 648
94 803
95 96
95 97
95 98
95 99
95 100
95 101
95 102
95 103
95 104
95 105
95 106
95 107
95 406
95 421
95 458
95 459
95 541
95 543
95 544
95 608
95 638
95 680
95 915
95 916
96 97
96 98
96 99
96 100
96 101
96 102
96 103
96 104
96 105
96 106
96 107
96 116
96 154
96 189
96 190
96 262
96 278
96 299
96 420
96 456
96 543
96 545
96 565
96 637
96 640
96 641
96 804
96 839
97 98
97 99
97 100
97 101
97 102
97 103
97 104
97 105
97 106
97 107
97 155
97 163
97 185
97 190
97 193
97 345
97 347
97 415
97 420
97 421
97 456
97 457
97 542
97 543
97 544
97 558
97 565
97 566
97 586
97 602
97 610
97 622
97 630
97 638
97 732
97 751
97 752
97 804
97 928
97 932
97 949
98 99
98 100
98 101
98 102
98 103
98 104
98 105
98 106
98 107
98 109
98 137
98 153
98 161
98 178
98 184
98 188
98 190
98 218
98 299
98 300
98 312
98 313
98 374
98 405
98 420
98 421
98 422
98 426
98 455
98 456
98 458
98 459
98 475
98 542
98 543
98 544
98 545
98 556
98 574
98 575
98 608
98 609
98 610
98 638
98 639
98 718
98 730
98 732
98 763
98 771
98 827
98 851
98 884
98 946
98 950
98 952
99 100
99 101
99 102
99 103
99 104
99 105
99 106
99 107
99 108
99 114
99 189
99 190
99 191
99 196
99 266
99 304
99 346
99 373
99 374
99 375
99 394
99 407
99 420
99 455
99 456
99 457
99 458
99 459
99 540
99 543
99 544
99 552
99 557
99 597
99 609
99 610
99 611
99 612
99 638
99 639
99 640
99 653
99 702
99 719
99 723
99 751
99 803
99 804
99 819
99 852
99 923
99 947
99 949
100 101
100 102
100 103
100 104
100 105
100 106
100 107
100 108
100 113
100 137
100 155
100 156
100 163
100 177
100 189
100 191
100 253
100 300
100 331
100 346
100 412
100 415
100 419
100 421
100 422
100 446
100 456
100 457
100 458
100 459
100 483
100 539
100 542
100 543
100 544
100 545
100 551
100 609
100 610
100 620
100 638
100 639
100 660
100 689
100 710
100 723
100 733
100 734
100 752
100 800
100 801
100 805
100 831
100 833
100 852
100 857
100 858
100 862
100 922
100 925
100 929
100 932
100 948
100 949
100 987
101 102
101 103
101 104
101 105
101 106
101 107
101 108
101 134
101 138
101 146
101 156
101 162
101 163
101 179
101 190
101 191
101 216
101 218
101 219
101 220
101 227
101 229
101 245
101 373
101 384
101 406
101 421
101 422
101 455
101 456
101 457
101 458
101 459
101 490
101 499
101 539
101 540
101 543
101 544
101 545
101 584
101 609
101 610
101 637
101 639
101 644
101 648
101 654
101 703
101 708
101 724
101 792
101 799
101 804
101 806
101 853
101 857
101 877
101 914
101 915
101 922
101 923
101 924
101 953
101 954
101 987
102 103
102 104
102 105
102 106
102 107
102 108
102 109
102 131
102 136
102 165
102 178
102 184
102 189
102 190
102 212
102 214
102 215
102 218
102 280
102 301
102 375
102 389
102 406
102 421
102 458
102 460
102 543
102 544
102 609
102 610
102 639
102 640
102 790
102 791
102 800
102 803
102 805
102 832
102 923
102 948
103 104
103 105
103 106
103 109
103 139
103 156
103 157
103 177
103 187
103 286
103 340
103 401
103 457
103 458
103 544
103 572
103 610
103 622
103 625
103 628
103 639
103 668
103 746
103 888
103 917
103 924
104 115
104 137
104 157
104 185
104 190
104 221
104 414
104 420
104 457
104 543
104 572
104 639
104 731
104 733
104 950
105 163
105 302
105 330
105 342
105 422
105 457
106 156
106 292
106 623
106 640
107 640
107 724
107 837
108 413
108 754
108 950
109 408
109 653
110 809
111 611
114 457
115 158
116 859
123 460
127 602
129 460
130 278
132 726
133 194
133 546
134 375
135 287
138 376
139 546
139 587
140 193
140 349
145 192
156 340
157 191
161 363
164 415
166 858
168 586
172 460
178 611
179 390
179 407
180 268
184 374
185 394
186 576
190 422
190 610
190 732
191 661
191 988
192 722
192 752
195 424
201 610
203 924
204 725
216 914
217 934
218 458
218 626
219 341
219 546
220 447
220 849
221 735
224 793
230 337
241 395
263 567
305 641
312 641
325 924
347 503
347 753
348 423
352 662
368 486
376 834
387 459
395 613
398 423
402 807
407 663
410 556
414 545
416 461
420 456
420 916
422 585
422 962
422 985
423 640
423 711
427 612
439 612
456 544
459 501
459 609
459 949
461 808
467 545
491 947
502 546
517 547
525 611
529 857
541 804
544 752
544 865
545 631
545 803
546 639
547 925
548 629
549 850
566 733
573 615
575 637
577 805
597 669
598 933
610 741
611 786
636 951
641 734
645 915
717 753
725 854
734 947
784 926
806 838
853 931
923 925
925 926
