18 36
19 145
20 148
31 150
32 468
35 484
39 143
42 149
45 730
46 150
46 151
47 150
47 211
50 147
50 151
51 145
51 149
51 150
51 613
51 731
52 145
52 148
52 150
52 151
52 781
53 150
53 420
53 737
54 618
55 786
69 149
70 683
71 173
74 143
76 616
77 769
78 617
92 466
94 148
94 152
95 152
96 734
120 152
126 150
127 148
128 954
133 777
134 236
137 617
141 144
141 145
141 146
141 147
141 148
141 615
142 143
142 144
142 145
142 146
142 147
142 148
142 149
142 150
142 151
142 416
142 487
142 950
143 144
143 145
143 146
143 147
143 148
143 149
143 150
143 151
143 153
143 417
143 418
143 479
143 480
143 482
143 538
143 539
143 613
143 614
143 908
143 991
144 145
144 146
144 147
144 148
144 149
144 150
144 151
144 152
144 153
144 172
144 285
144 416
144 417
144 418
144 479
144 480
144 481
144 482
144 483
144 540
144 541
144 611
144 612
144 613
144 614
144 616
144 948
144 950
144 951
144 989
144 990
144 991
144 992
145 146
145 147
145 148
145 149
145 150
145 151
145 152
145 416
145 417
145 418
145 480
145 481
145 482
145 483
145 484
145 539
145 540
145 541
145 612
145 613
145 614
145 615
145 616
145 735
145 737
145 750
145 813
145 950
145 951
146 147
146 148
146 149
146 150
146 151
146 152
146 167
146 173
146 366
146 415
146 416
146 417
146 419
146 465
146 479
146 480
146 481
146 482
146 483
146 484
146 488
146 538
146 540
146 541
146 611
146 612
146 613
146 614
146 615
146 731
146 732
146 745
146 750
146 902
146 950
146 951
146 991
147 148
147 149
147 150
147 151
147 152
147 172
147 174
147 175
147 304
147 322
147 323
147 414
147 416
147 417
147 418
147 419
147 475
147 477
147 481
147 482
147 483
147 484
147 488
147 489
147 535
147 539
147 540
147 541
147 542
147 555
147 611
147 612
147 613
147 614
147 615
147 616
147 617
147 709
147 710
147 729
147 730
147 731
147 732
147 733
147 736
147 738
147 741
147 771
147 775
147 777
147 805
147 865
147 879
147 949
147 950
147 951
147 952
147 990
147 992
148 149
148 150
148 151
148 152
148 153
148 173
148 188
148 290
148 298
148 321
148 365
148 416
148 417
148 418
148 465
148 481
148 482
148 483
148 484
148 489
148 540
148 541
148 542
148 591
148 594
148 611
148 612
148 613
148 614
148 615
148 616
148 700
148 710
148 722
148 728
148 737
148 738
148 745
148 751
148 752
148 768
148 779
148 780
148 877
148 894
148 919
148 949
148 950
148 951
148 952
148 961
148 962
148 990
148 991
149 150
149 151
149 152
149 153
149 154
149 164
149 174
149 175
149 226
149 234
149 270
149 297
149 320
149 415
149 416
149 417
149 418
149 420
149 477
149 480
149 481
149 482
149 483
149 484
149 485
149 488
149 489
149 490
149 539
149 540
149 541
149 542
149 543
149 601
149 607
149 612
149 613
149 614
149 615
149 616
149 710
149 711
149 730
149 732
149 733
149 736
149 737
149 739
149 746
149 750
149 772
149 837
149 866
149 878
149 912
149 949
149 950
149 951
149 960
149 969
149 991
149 992
150 151
150 152
150 153
150 161
150 163
150 172
150 173
150 208
150 229
150 230
150 284
150 285
150 296
150 297
150 333
150 365
150 406
150 415
150 416
150 417
150 418
150 419
150 446
150 468
150 474
150 475
150 478
150 479
150 482
150 483
150 484
150 488
150 490
150 536
150 538
150 539
150 540
150 541
150 542
150 593
150 606
150 612
150 613
150 614
150 615
150 616
150 617
150 625
150 729
150 730
150 736
150 737
150 738
150 745
150 746
150 751
150 752
150 773
150 776
150 814
150 845
150 911
150 951
150 952
150 968
150 990
150 991
150 992
151 152
151 153
151 162
151 176
151 181
151 227
151 298
151 321
151 398
151 415
151 416
151 417
151 418
151 432
151 443
151 465
151 466
151 467
151 479
151 481
151 482
151 483
151 484
151 485
151 489
151 490
151 521
151 538
151 539
151 541
151 542
151 543
151 563
151 612
151 613
151 614
151 615
151 616
151 730
151 732
151 838
151 877
151 949
151 950
151 951
151 952
151 953
151 990
152 235
152 297
152 304
152 320
152 467
152 482
152 484
152 615
152 616
152 617
152 710
152 721
152 733
152 782
152 951
153 169
153 419
153 542
153 731
153 738
153 753
153 805
153 952
154 432
154 444
154 524
154 733
155 461
155 626
156 646
161 305
164 992
167 482
168 738
174 306
176 418
176 615
176 867
177 334
210 616
214 594
226 756
265 806
291 478
293 419
299 324
321 673
323 671
366 739
415 416
416 482
416 539
416 949
417 418
417 483
417 950
418 614
418 751
419 483
419 877
419 938
420 672
421 712
442 776
456 543
466 602
467 729
469 479
476 719
479 481
481 483
481 612
482 540
482 614
482 732
483 540
483 542
483 614
483 615
484 542
484 782
485 486
485 594
485 806
485 941
486 711
486 751
489 541
490 595
490 952
491 543
491 913
508 615
511 952
540 612
540 951
540 991
544 734
544 944
597 732
603 802
612 614
613 614
613 949
613 951
613 992
614 615
614 730
615 616
616 731
617 739
665 993
674 711
696 730
733 953
740 783
742 994
752 878
753 912
781 903
814 902
911 970
935 993
