1 701
3 721
4 327
4 550
4 703
4 732
5 326
5 526
5 697
5 699
5 701
5 723
6 23
6 654
6 699
6 701
6 702
6 724
6 731
7 324
7 330
7 539
8 87
18 268
19 182
23 270
24 330
25 432
40 263
45 330
46 360
47 753
64 699
65 251
74 788
77 83
77 318
77 328
77 686
77 691
77 692
77 724
77 729
77 731
78 81
78 83
78 84
78 219
78 256
78 266
78 267
78 269
78 315
78 317
78 322
78 326
78 328
78 550
78 556
78 683
78 686
78 693
78 694
78 695
78 696
78 699
78 721
78 722
78 724
78 725
78 726
78 729
78 730
78 736
78 737
79 81
79 83
79 84
79 220
79 261
79 266
79 267
79 268
79 269
79 314
79 316
79 319
79 320
79 322
79 326
79 370
79 547
79 548
79 549
79 551
79 552
79 555
79 556
79 680
79 681
79 683
79 687
79 688
79 690
79 692
79 693
79 694
79 695
79 696
79 700
79 722
79 725
79 727
79 728
80 82
80 84
80 219
80 220
80 258
80 259
80 260
80 261
80 263
80 264
80 269
80 270
80 320
80 321
80 322
80 323
80 325
80 326
80 372
80 375
80 547
80 548
80 549
80 551
80 554
80 555
80 679
80 681
80 682
80 683
80 684
80 686
80 687
80 690
80 691
80 693
80 694
80 695
80 697
80 698
80 699
80 701
80 702
80 722
80 723
80 725
80 726
80 729
80 730
80 737
80 738
80 740
80 809
80 893
81 82
81 83
81 84
81 145
81 178
81 258
81 259
81 260
81 263
81 264
81 265
81 266
81 267
81 268
81 269
81 315
81 316
81 318
81 319
81 320
81 322
81 323
81 324
81 325
81 326
81 328
81 329
81 370
81 371
81 373
81 375
81 428
81 545
81 548
81 549
81 550
81 551
81 552
81 553
81 554
81 556
81 679
81 680
81 682
81 683
81 684
81 685
81 687
81 689
81 690
81 691
81 693
81 694
81 697
81 699
81 700
81 701
81 702
81 722
81 724
81 725
81 726
81 728
81 730
81 732
81 733
81 737
81 738
81 739
82 83
82 84
82 144
82 256
82 257
82 259
82 262
82 263
82 264
82 265
82 266
82 267
82 269
82 271
82 315
82 316
82 317
82 318
82 319
82 320
82 321
82 322
82 323
82 324
82 325
82 326
82 327
82 328
82 370
82 374
82 550
82 551
82 552
82 553
82 554
82 557
82 681
82 682
82 683
82 684
82 686
82 687
82 688
82 689
82 690
82 691
82 692
82 693
82 695
82 696
82 697
82 698
82 699
82 700
82 701
82 703
82 722
82 723
82 724
82 726
82 727
82 728
82 730
82 731
82 732
82 733
82 734
82 736
82 737
82 738
83 84
83 219
83 258
83 259
83 260
83 261
83 262
83 263
83 264
83 265
83 266
83 267
83 268
83 269
83 317
83 320
83 321
83 322
83 323
83 324
83 325
83 326
83 327
83 328
83 369
83 370
83 372
83 373
83 376
83 407
83 546
83 547
83 549
83 551
83 552
83 553
83 554
83 555
83 556
83 681
83 682
83 683
83 685
83 686
83 687
83 688
83 689
83 690
83 691
83 692
83 693
83 694
83 695
83 696
83 697
83 698
83 699
83 700
83 702
83 722
83 724
83 725
83 726
83 729
83 730
83 731
83 732
83 733
83 740
84 179
84 256
84 257
84 258
84 260
84 261
84 262
84 263
84 264
84 265
84 266
84 267
84 268
84 269
84 315
84 317
84 318
84 321
84 322
84 323
84 324
84 325
84 326
84 369
84 370
84 371
84 372
84 374
84 375
84 376
84 546
84 549
84 550
84 551
84 552
84 553
84 555
84 556
84 679
84 680
84 682
84 683
84 684
84 686
84 687
84 688
84 689
84 690
84 691
84 692
84 693
84 694
84 695
84 696
84 697
84 698
84 699
84 700
84 701
84 702
84 722
84 723
84 724
84 725
84 726
84 727
84 728
84 729
84 730
84 731
84 732
84 737
84 738
84 739
85 260
85 262
85 265
85 267
85 268
85 316
85 319
85 321
85 322
85 323
85 325
85 326
85 327
85 328
85 371
85 374
85 687
85 690
85 691
85 693
85 694
85 697
85 698
85 699
85 700
85 701
85 702
85 722
85 724
85 725
85 726
85 728
85 730
85 731
85 732
85 733
85 811
85 847
86 147
86 265
86 267
86 268
86 326
86 372
86 378
86 531
86 558
86 685
86 692
86 693
86 695
86 698
86 699
86 700
86 731
86 732
87 331
87 695
87 696
87 735
87 981
88 398
88 698
88 900
89 477
91 887
97 632
98 696
99 699
100 272
101 264
102 696
103 672
114 702
118 701
125 686
132 331
133 583
138 322
139 691
139 702
140 268
141 377
141 556
141 685
141 688
141 690
141 691
141 694
141 696
142 180
142 321
142 550
142 554
142 692
142 697
142 699
142 700
142 701
143 323
143 694
143 697
143 698
143 699
143 700
143 701
143 702
143 789
144 272
144 314
144 697
144 700
144 701
144 703
144 730
145 271
145 698
145 699
145 700
145 739
146 233
146 701
146 813
147 737
148 207
149 744
149 812
150 430
151 699
152 742
154 329
156 814
163 880
174 743
175 776
177 683
177 690
177 691
177 698
178 260
178 262
178 323
178 325
178 696
178 699
178 700
178 724
178 733
179 270
179 559
179 691
179 695
179 697
179 730
179 731
179 751
180 382
180 695
180 750
181 225
181 270
181 697
186 442
190 699
195 583
197 693
198 701
199 971
200 703
200 732
200 831
201 580
201 970
202 544
207 261
208 429
209 560
218 700
219 255
219 264
219 266
219 267
219 319
219 322
219 370
219 372
219 552
219 556
219 681
219 682
219 685
219 726
219 729
219 737
220 267
220 268
220 271
220 318
220 322
220 327
220 374
220 552
220 556
220 680
220 681
220 684
220 688
220 689
220 690
220 694
220 695
220 696
220 699
220 702
220 703
220 722
220 728
220 729
220 731
220 732
220 735
220 739
221 258
221 266
221 267
221 268
221 270
221 321
221 326
221 327
221 372
221 554
221 685
221 686
221 690
221 691
221 694
221 695
221 697
221 698
221 700
221 702
221 724
221 727
221 733
221 736
221 738
222 265
222 267
222 320
222 325
222 327
222 554
222 686
222 690
222 694
222 697
222 700
222 702
222 731
222 732
222 733
222 895
223 323
223 325
223 698
223 699
223 700
223 701
223 702
223 730
223 895
224 325
224 326
224 700
224 702
224 817
225 704
230 698
230 732
231 274
231 702
231 851
232 412
233 694
234 745
240 697
240 702
241 699
242 270
242 467
242 701
243 271
243 701
244 719
246 371
246 690
246 729
247 262
247 321
247 550
247 554
247 557
247 693
247 694
247 697
247 699
247 721
247 738
248 262
248 687
248 691
248 694
248 696
248 698
248 699
248 701
248 702
248 728
249 474
249 693
249 696
249 697
249 698
249 699
249 700
249 702
250 305
250 313
250 701
250 775
251 692
252 431
254 739
255 264
255 318
255 328
255 721
255 728
256 257
256 258
256 263
256 315
256 317
256 320
256 322
256 327
256 328
256 375
256 428
256 553
256 692
256 698
256 699
256 702
256 723
256 727
256 736
256 737
256 739
257 261
257 264
257 266
257 267
257 315
257 316
257 317
257 318
257 319
257 320
257 322
257 323
257 326
257 328
257 372
257 373
257 375
257 547
257 551
257 553
257 556
257 679
257 682
257 683
257 684
257 689
257 690
257 691
257 692
257 695
257 698
257 701
257 702
257 722
257 723
257 724
257 725
257 726
257 727
257 731
257 732
257 738
257 894
258 259
258 260
258 262
258 263
258 267
258 269
258 270
258 316
258 318
258 319
258 320
258 323
258 326
258 327
258 328
258 371
258 374
258 473
258 547
258 548
258 549
258 550
258 551
258 553
258 554
258 555
258 556
258 682
258 683
258 685
258 686
258 687
258 688
258 689
258 693
258 694
258 696
258 701
258 702
258 721
258 722
258 724
258 726
258 727
258 729
258 731
258 732
258 733
258 737
258 738
259 260
259 261
259 262
259 263
259 264
259 265
259 266
259 268
259 269
259 270
259 315
259 316
259 317
259 318
259 319
259 320
259 321
259 322
259 323
259 324
259 325
259 326
259 327
259 328
259 371
259 374
259 375
259 547
259 550
259 551
259 552
259 553
259 554
259 555
259 556
259 682
259 683
259 684
259 685
259 687
259 688
259 692
259 693
259 694
259 695
259 696
259 697
259 698
259 699
259 700
259 702
259 703
259 720
259 721
259 722
259 723
259 725
259 731
259 732
259 737
259 738
260 262
260 263
260 264
260 265
260 266
260 267
260 268
260 269
260 270
260 316
260 320
260 322
260 323
260 324
260 326
260 327
260 328
260 371
260 372
260 373
260 374
260 375
260 474
260 547
260 548
260 550
260 551
260 553
260 554
260 555
260 556
260 682
260 684
260 685
260 686
260 688
260 689
260 690
260 691
260 694
260 695
260 696
260 697
260 698
260 700
260 701
260 702
260 722
260 723
260 724
260 726
260 727
260 728
260 729
260 730
260 731
260 733
260 734
261 262
261 263
261 264
261 265
261 266
261 267
261 268
261 269
261 270
261 316
261 318
261 319
261 320
261 321
261 322
261 323
261 324
261 326
261 327
261 328
261 373
261 374
261 375
261 546
261 547
261 549
261 552
261 553
261 554
261 556
261 681
261 684
261 685
261 686
261 687
261 688
261 689
261 690
261 691
261 692
261 693
261 694
261 695
261 696
261 697
261 698
261 699
261 700
261 701
261 702
261 720
261 723
261 725
261 726
261 727
261 728
261 729
261 730
261 731
261 732
261 733
261 736
261 737
261 739
262 263
262 264
262 265
262 266
262 267
262 268
262 269
262 316
262 317
262 318
262 319
262 321
262 322
262 323
262 324
262 325
262 326
262 327
262 369
262 372
262 373
262 374
262 375
262 376
262 548
262 549
262 552
262 553
262 554
262 555
262 556
262 558
262 681
262 682
262 683
262 684
262 685
262 687
262 688
262 689
262 690
262 691
262 692
262 693
262 694
262 695
262 697
262 698
262 700
262 701
262 702
262 721
262 722
262 724
262 725
262 726
262 727
262 728
262 729
262 730
262 731
262 732
262 733
262 734
262 736
262 737
262 739
262 741
262 849
263 264
263 265
263 266
263 267
263 268
263 269
263 270
263 316
263 318
263 320
263 321
263 322
263 323
263 324
263 325
263 326
263 327
263 371
263 372
263 373
263 375
263 546
263 549
263 550
263 551
263 552
263 553
263 555
263 556
263 557
263 680
263 682
263 683
263 685
263 686
263 687
263 688
263 689
263 690
263 691
263 693
263 694
263 695
263 696
263 697
263 698
263 699
263 700
263 701
263 702
263 720
263 722
263 723
263 724
263 725
263 726
263 727
263 728
263 729
263 730
263 731
263 732
263 733
263 739
263 740
263 741
263 774
264 265
264 266
264 267
264 268
264 317
264 318
264 320
264 321
264 322
264 323
264 324
264 325
264 326
264 327
264 328
264 329
264 369
264 370
264 372
264 373
264 374
264 375
264 376
264 428
264 547
264 548
264 549
264 550
264 551
264 552
264 553
264 554
264 555
264 556
264 558
264 681
264 682
264 683
264 684
264 685
264 687
264 688
264 689
264 690
264 691
264 692
264 693
264 694
264 695
264 696
264 697
264 698
264 699
264 700
264 701
264 702
264 722
264 723
264 724
264 725
264 726
264 727
264 728
264 729
264 730
264 731
264 732
264 733
264 738
264 740
264 741
264 893
264 969
265 266
265 267
265 268
265 269
265 270
265 317
265 318
265 319
265 320
265 321
265 322
265 323
265 324
265 325
265 326
265 327
265 328
265 370
265 371
265 372
265 373
265 408
265 547
265 548
265 549
265 550
265 551
265 552
265 553
265 554
265 555
265 557
265 682
265 683
265 684
265 685
265 686
265 687
265 688
265 689
265 690
265 691
265 692
265 693
265 694
265 695
265 696
265 697
265 698
265 699
265 700
265 701
265 702
265 720
265 721
265 723
265 724
265 725
265 726
265 727
265 728
265 729
265 730
265 731
265 732
265 733
265 735
265 737
265 738
265 739
265 740
265 742
265 787
265 809
265 922
266 267
266 269
266 271
266 316
266 317
266 318
266 320
266 321
266 322
266 323
266 324
266 325
266 326
266 327
266 328
266 329
266 372
266 375
266 408
266 548
266 549
266 552
266 553
266 554
266 555
266 556
266 681
266 683
266 684
266 685
266 686
266 687
266 688
266 689
266 690
266 691
266 692
266 693
266 694
266 695
266 696
266 697
266 698
266 699
266 700
266 701
266 702
266 703
266 722
266 725
266 726
266 727
266 728
266 729
266 730
266 731
266 732
266 733
266 737
266 738
266 740
266 749
266 968
267 268
267 269
267 315
267 316
267 317
267 318
267 319
267 321
267 322
267 323
267 324
267 325
267 326
267 327
267 328
267 329
267 371
267 372
267 373
267 374
267 546
267 549
267 550
267 551
267 552
267 553
267 554
267 555
267 556
267 558
267 683
267 684
267 685
267 686
267 687
267 688
267 689
267 690
267 691
267 692
267 693
267 694
267 695
267 696
267 697
267 698
267 699
267 700
267 701
267 702
267 703
267 724
267 725
267 726
267 727
267 728
267 729
267 730
267 731
267 732
267 733
267 736
267 737
267 738
267 739
267 740
267 848
267 892
268 269
268 270
268 275
268 315
268 316
268 317
268 318
268 319
268 320
268 321
268 322
268 323
268 324
268 325
268 326
268 327
268 328
268 370
268 372
268 373
268 428
268 472
268 546
268 548
268 551
268 552
268 553
268 554
268 555
268 556
268 557
268 558
268 681
268 682
268 683
268 684
268 685
268 686
268 687
268 688
268 689
268 690
268 691
268 692
268 693
268 694
268 695
268 696
268 697
268 698
268 699
268 700
268 701
268 702
268 704
268 722
268 726
268 727
268 728
268 729
268 730
268 731
268 732
268 733
268 738
268 742
268 969
269 314
269 315
269 318
269 319
269 320
269 321
269 322
269 323
269 324
269 325
269 326
269 327
269 328
269 370
269 372
269 375
269 377
269 429
269 548
269 549
269 550
269 551
269 552
269 555
269 556
269 557
269 681
269 683
269 684
269 685
269 686
269 687
269 688
269 690
269 691
269 692
269 693
269 694
269 695
269 696
269 697
269 698
269 699
269 700
269 701
269 702
269 703
269 724
269 726
269 727
269 728
269 729
269 730
269 731
269 732
269 733
269 734
269 737
269 738
269 810
270 271
270 322
270 324
270 374
270 553
270 555
270 685
270 687
270 689
270 690
270 694
270 695
270 696
270 697
270 698
270 699
270 700
270 701
270 702
270 703
270 728
270 732
270 740
271 321
271 550
271 696
271 697
271 698
271 699
271 700
271 701
271 702
271 732
271 850
272 303
272 351
272 410
272 694
272 696
273 332
273 560
273 699
273 700
274 698
274 704
275 450
275 673
278 729
287 655
287 698
290 701
291 700
292 475
292 699
293 469
293 736
304 378
311 695
312 788
313 399
314 315
314 320
314 329
314 409
314 548
314 552
314 685
314 687
314 691
314 693
314 694
314 696
314 726
314 738
314 739
315 319
315 372
315 546
315 548
315 552
315 553
315 554
315 556
315 680
315 681
315 686
315 687
315 690
315 698
315 700
315 701
315 721
315 722
315 723
315 726
315 731
315 732
315 736
315 737
316 317
316 319
316 320
316 321
316 323
316 324
316 325
316 370
316 372
316 373
316 374
316 375
316 547
316 549
316 550
316 552
316 555
316 680
316 684
316 687
316 692
316 693
316 698
316 701
316 703
316 721
316 724
316 725
316 728
316 729
316 733
316 737
317 318
317 319
317 320
317 321
317 322
317 323
317 324
317 326
317 372
317 374
317 375
317 546
317 549
317 550
317 551
317 552
317 556
317 680
317 681
317 684
317 686
317 687
317 688
317 691
317 692
317 693
317 694
317 695
317 696
317 698
317 699
317 700
317 702
317 722
317 724
317 725
317 726
317 727
317 728
317 729
317 732
317 737
317 739
317 740
318 319
318 320
318 321
318 322
318 323
318 324
318 370
318 373
318 374
318 375
318 548
318 549
318 551
318 553
318 554
318 555
318 556
318 679
318 682
318 683
318 684
318 685
318 686
318 687
318 688
318 689
318 690
318 691
318 693
318 694
318 696
318 697
318 698
318 701
318 702
318 703
318 722
318 723
318 724
318 725
318 726
318 727
318 728
318 729
318 730
318 731
318 732
318 736
318 739
319 320
319 321
319 322
319 323
319 324
319 325
319 326
319 327
319 328
319 369
319 373
319 375
319 549
319 551
319 552
319 553
319 554
319 555
319 556
319 680
319 681
319 682
319 683
319 685
319 686
319 687
319 688
319 689
319 690
319 691
319 692
319 693
319 695
319 697
319 698
319 699
319 700
319 701
319 702
319 721
319 723
319 724
319 725
319 726
319 727
319 728
319 729
319 730
319 731
319 732
319 734
319 738
319 739
319 741
319 749
319 838
320 321
320 322
320 323
320 324
320 325
320 326
320 328
320 373
320 374
320 375
320 473
320 548
320 549
320 550
320 551
320 552
320 553
320 554
320 555
320 556
320 557
320 679
320 681
320 682
320 683
320 684
320 685
320 686
320 687
320 688
320 689
320 690
320 691
320 692
320 693
320 694
320 695
320 696
320 697
320 698
320 699
320 700
320 701
320 702
320 721
320 723
320 725
320 727
320 728
320 729
320 730
320 732
320 733
320 738
320 741
321 322
321 323
321 324
321 325
321 326
321 327
321 328
321 329
321 369
321 371
321 373
321 374
321 375
321 548
321 549
321 551
321 552
321 553
321 554
321 556
321 680
321 682
321 683
321 684
321 685
321 686
321 687
321 688
321 689
321 690
321 691
321 692
321 693
321 694
321 695
321 696
321 697
321 698
321 699
321 700
321 701
321 702
321 703
321 720
321 722
321 723
321 724
321 725
321 726
321 727
321 728
321 729
321 730
321 731
321 732
321 733
321 738
321 740
322 323
322 324
322 325
322 326
322 327
322 328
322 371
322 373
322 374
322 377
322 408
322 475
322 548
322 549
322 551
322 552
322 553
322 554
322 555
322 556
322 557
322 680
322 682
322 683
322 684
322 685
322 686
322 687
322 688
322 689
322 690
322 691
322 692
322 693
322 694
322 695
322 696
322 697
322 698
322 699
322 700
322 701
322 702
322 703
322 721
322 722
322 723
322 725
322 726
322 727
322 728
322 729
322 730
322 731
322 732
322 734
322 736
322 738
322 739
322 740
322 810
323 324
323 325
323 326
323 327
323 328
323 330
323 370
323 373
323 374
323 376
323 537
323 547
323 552
323 553
323 554
323 555
323 557
323 681
323 682
323 683
323 684
323 685
323 686
323 687
323 688
323 689
323 690
323 691
323 692
323 693
323 694
323 695
323 696
323 697
323 698
323 699
323 700
323 701
323 702
323 703
323 705
323 707
323 720
323 722
323 723
323 724
323 725
323 726
323 727
323 728
323 729
323 730
323 731
323 732
323 733
323 738
323 740
324 325
324 326
324 327
324 328
324 372
324 374
324 375
324 550
324 552
324 553
324 554
324 555
324 557
324 681
324 682
324 683
324 684
324 685
324 686
324 687
324 688
324 689
324 690
324 691
324 692
324 693
324 694
324 695
324 696
324 697
324 698
324 699
324 700
324 701
324 702
324 703
324 723
324 725
324 726
324 727
324 728
324 729
324 730
324 731
324 732
324 733
324 735
324 737
324 738
324 739
324 740
324 945
325 326
325 327
325 328
325 371
325 372
325 373
325 374
325 375
325 407
325 408
325 409
325 411
325 547
325 550
325 551
325 552
325 553
325 554
325 555
325 556
325 670
325 682
325 683
325 684
325 685
325 686
325 687
325 688
325 689
325 690
325 691
325 692
325 693
325 694
325 695
325 696
325 697
325 698
325 699
325 700
325 701
325 702
325 703
325 719
325 723
325 725
325 726
325 727
325 728
325 729
325 730
325 731
325 732
325 733
325 736
325 737
325 738
325 739
325 740
325 810
326 327
326 328
326 370
326 371
326 373
326 374
326 375
326 376
326 548
326 549
326 551
326 552
326 553
326 554
326 555
326 556
326 680
326 681
326 682
326 683
326 684
326 685
326 686
326 687
326 688
326 689
326 690
326 691
326 692
326 693
326 694
326 695
326 696
326 697
326 698
326 699
326 700
326 701
326 702
326 721
326 722
326 724
326 725
326 726
326 727
326 728
326 729
326 730
326 731
326 732
326 733
326 734
326 736
326 738
326 739
326 740
326 741
326 810
327 328
327 329
327 370
327 372
327 373
327 374
327 375
327 407
327 408
327 473
327 537
327 545
327 550
327 551
327 552
327 553
327 554
327 555
327 556
327 557
327 649
327 681
327 683
327 684
327 685
327 687
327 688
327 689
327 690
327 691
327 692
327 693
327 694
327 695
327 696
327 697
327 698
327 699
327 700
327 701
327 702
327 703
327 721
327 723
327 724
327 725
327 726
327 727
327 728
327 729
327 730
327 731
327 732
327 733
327 734
327 741
327 742
327 813
327 974
328 369
328 372
328 374
328 428
328 551
328 554
328 555
328 556
328 681
328 684
328 686
328 687
328 688
328 689
328 690
328 691
328 692
328 693
328 694
328 695
328 696
328 697
328 698
328 699
328 700
328 701
328 702
328 723
328 724
328 725
328 726
328 727
328 728
328 729
328 730
328 731
328 732
328 733
328 739
328 814
328 847
329 553
329 691
329 692
329 693
329 694
329 695
329 696
329 697
329 698
329 699
329 700
329 701
329 702
329 703
329 705
329 727
329 728
329 729
329 731
329 874
330 694
330 696
330 697
330 698
330 699
330 700
330 704
330 735
331 350
331 701
332 650
349 724
350 697
354 702
367 373
368 737
369 372
369 373
369 546
369 678
369 679
369 682
369 720
369 721
369 725
369 734
370 372
370 546
370 549
370 557
370 680
370 681
370 686
370 687
370 688
370 691
370 692
370 695
370 697
370 699
370 701
370 702
370 733
370 737
370 738
371 372
371 373
371 375
371 547
371 548
371 550
371 551
371 554
371 680
371 685
371 688
371 690
371 691
371 692
371 694
371 695
371 698
371 699
371 700
371 702
371 725
371 726
371 728
371 733
371 736
371 737
371 739
372 373
372 375
372 547
372 549
372 550
372 551
372 552
372 554
372 556
372 681
372 685
372 687
372 688
372 689
372 690
372 691
372 693
372 694
372 698
372 699
372 700
372 702
372 721
372 722
372 725
372 728
372 729
372 732
372 739
373 374
373 375
373 547
373 551
373 552
373 554
373 556
373 682
373 683
373 684
373 685
373 687
373 688
373 690
373 692
373 693
373 695
373 696
373 697
373 698
373 699
373 700
373 701
373 702
373 721
373 723
373 724
373 725
373 727
373 728
373 730
373 731
373 732
373 737
373 738
373 739
373 740
374 406
374 546
374 547
374 549
374 550
374 551
374 552
374 553
374 554
374 556
374 679
374 681
374 682
374 683
374 684
374 687
374 688
374 689
374 690
374 691
374 692
374 693
374 694
374 695
374 697
374 698
374 699
374 700
374 702
374 724
374 725
374 726
374 728
374 729
374 730
374 731
374 732
374 733
374 739
375 548
375 549
375 550
375 551
375 553
375 555
375 680
375 681
375 682
375 683
375 684
375 686
375 687
375 688
375 690
375 691
375 692
375 693
375 694
375 695
375 696
375 697
375 698
375 699
375 700
375 701
375 721
375 722
375 725
375 726
375 727
375 728
375 730
375 731
375 732
375 733
375 738
375 894
376 550
376 551
376 556
376 684
376 687
376 689
376 690
376 691
376 694
376 695
376 696
376 697
376 698
376 699
376 700
376 701
376 722
376 723
376 727
376 732
376 738
376 739
376 740
376 774
377 384
377 486
377 554
377 559
377 694
377 696
377 698
377 699
377 700
377 701
377 728
377 730
377 731
378 678
378 701
378 703
379 561
380 557
382 728
383 734
388 702
389 521
398 733
406 686
407 696
407 697
407 702
407 720
407 726
407 727
407 739
408 685
408 687
408 693
408 696
408 697
408 699
408 702
409 475
409 695
409 697
409 698
409 699
409 756
410 559
410 701
410 735
410 817
411 429
411 634
413 509
414 475
415 585
415 706
426 554
427 686
427 691
427 694
427 702
428 693
428 697
428 699
428 701
429 685
429 691
429 697
429 698
429 699
430 689
430 695
430 699
430 701
430 704
431 648
431 697
436 922
449 700
451 975
454 698
455 700
462 701
463 702
466 698
468 829
472 697
473 684
473 702
473 724
473 730
473 731
474 555
474 696
474 699
474 701
474 729
475 695
475 698
476 556
476 698
476 702
476 836
477 679
478 657
485 701
487 705
487 812
488 742
489 540
490 586
494 584
509 693
510 547
512 912
519 703
520 648
520 697
520 734
521 735
522 752
526 597
527 852
537 696
538 694
538 698
538 701
539 698
540 543
542 699
543 707
546 553
546 681
546 689
546 695
546 727
546 730
546 737
547 549
547 552
547 556
547 684
547 685
547 693
547 696
547 699
547 700
547 701
547 720
547 724
547 726
547 730
547 731
547 733
547 739
548 552
548 679
548 684
548 686
548 687
548 688
548 689
548 690
548 691
548 692
548 696
548 698
548 721
548 722
548 724
548 725
548 726
548 727
548 728
548 730
548 732
548 733
548 734
548 736
548 738
548 739
549 550
549 553
549 555
549 680
549 682
549 683
549 684
549 686
549 688
549 689
549 690
549 691
549 693
549 694
549 695
549 696
549 699
549 700
549 701
549 702
549 720
549 722
549 724
549 725
549 726
549 728
549 729
549 730
549 731
549 732
549 738
549 739
549 740
549 742
549 809
550 551
550 552
550 554
550 555
550 556
550 684
550 686
550 687
550 688
550 690
550 691
550 692
550 693
550 695
550 696
550 698
550 699
550 700
550 701
550 702
550 703
550 723
550 724
550 725
550 726
550 727
550 728
550 729
550 730
550 731
550 732
550 735
550 738
550 739
550 848
551 552
551 553
551 556
551 680
551 681
551 682
551 683
551 684
551 685
551 686
551 687
551 688
551 689
551 690
551 692
551 694
551 695
551 696
551 698
551 699
551 700
551 701
551 702
551 722
551 724
551 725
551 726
551 728
551 729
551 730
551 731
551 732
551 736
551 740
552 553
552 554
552 555
552 556
552 682
552 683
552 684
552 685
552 686
552 687
552 688
552 689
552 690
552 691
552 692
552 694
552 695
552 696
552 697
552 698
552 699
552 700
552 702
552 721
552 722
552 723
552 724
552 725
552 726
552 727
552 728
552 729
552 731
552 732
552 733
552 737
552 739
553 554
553 555
553 681
553 682
553 684
553 685
553 686
553 687
553 688
553 689
553 690
553 691
553 692
553 693
553 694
553 695
553 696
553 697
553 698
553 699
553 700
553 701
553 702
553 703
553 705
553 720
553 722
553 724
553 725
553 726
553 728
553 729
553 730
553 731
553 732
553 734
553 738
554 555
554 681
554 682
554 684
554 685
554 688
554 689
554 691
554 692
554 693
554 694
554 695
554 696
554 697
554 698
554 699
554 700
554 701
554 702
554 703
554 722
554 723
554 725
554 726
554 727
554 728
554 729
554 730
554 731
554 732
554 733
554 737
554 738
554 739
554 967
555 556
555 557
555 682
555 684
555 685
555 686
555 687
555 688
555 689
555 690
555 691
555 692
555 693
555 694
555 695
555 696
555 697
555 698
555 699
555 700
555 701
555 702
555 703
555 721
555 722
555 723
555 724
555 725
555 726
555 727
555 728
555 729
555 730
555 731
555 732
555 733
555 737
556 558
556 681
556 682
556 684
556 685
556 686
556 687
556 688
556 689
556 690
556 691
556 692
556 693
556 694
556 695
556 696
556 697
556 698
556 699
556 700
556 701
556 702
556 721
556 724
556 725
556 726
556 727
556 728
556 730
556 731
556 732
556 740
557 685
557 694
557 695
557 696
557 697
557 698
557 699
557 700
557 701
557 702
557 727
557 730
557 731
557 732
557 733
558 695
558 697
558 698
558 699
558 700
558 701
558 702
559 700
559 701
559 735
559 896
560 851
574 701
577 701
578 581
579 722
580 736
582 703
594 693
595 811
602 701
628 702
635 697
635 990
636 812
637 656
638 702
646 701
647 685
647 700
648 695
648 697
649 703
649 705
650 700
655 698
656 701
678 700
678 702
679 689
679 696
679 697
679 722
679 723
679 725
679 726
679 728
679 734
679 736
679 737
679 740
680 682
680 686
680 687
680 689
680 696
680 701
680 702
680 725
680 726
680 728
680 729
680 730
680 731
680 736
680 737
680 738
680 972
681 682
681 687
681 688
681 690
681 691
681 692
681 695
681 696
681 702
681 721
681 722
681 724
681 725
681 726
681 727
681 728
681 729
681 730
681 731
681 733
681 737
681 739
681 740
682 685
682 686
682 687
682 688
682 690
682 691
682 693
682 694
682 696
682 698
682 702
682 720
682 724
682 725
682 727
682 728
682 730
682 731
682 732
682 739
683 684
683 685
683 687
683 688
683 689
683 690
683 691
683 692
683 693
683 694
683 695
683 698
683 700
683 701
683 702
683 723
683 725
683 726
683 727
683 728
683 730
683 731
683 732
683 733
683 739
683 740
683 741
684 685
684 686
684 687
684 688
684 689
684 690
684 691
684 693
684 694
684 696
684 697
684 698
684 699
684 701
684 702
684 721
684 723
684 724
684 725
684 726
684 727
684 728
684 729
684 730
684 731
684 732
684 737
684 738
684 739
685 686
685 687
685 688
685 689
685 691
685 692
685 693
685 694
685 695
685 696
685 697
685 698
685 699
685 700
685 701
685 702
685 721
685 723
685 725
685 726
685 727
685 728
685 729
685 730
685 731
685 732
685 733
685 739
686 687
686 688
686 689
686 690
686 691
686 692
686 693
686 694
686 695
686 696
686 697
686 698
686 699
686 700
686 701
686 702
686 703
686 720
686 721
686 722
686 724
686 725
686 726
686 727
686 728
686 729
686 730
686 731
686 732
686 733
686 737
686 738
686 739
686 809
687 688
687 689
687 690
687 691
687 692
687 693
687 694
687 695
687 696
687 697
687 698
687 699
687 700
687 701
687 702
687 703
687 721
687 723
687 725
687 726
687 727
687 728
687 729
687 730
687 731
687 732
687 733
687 737
687 738
687 739
687 740
687 742
688 689
688 690
688 691
688 692
688 693
688 694
688 695
688 696
688 697
688 698
688 699
688 700
688 701
688 702
688 703
688 723
688 724
688 725
688 726
688 727
688 729
688 730
688 731
688 732
688 740
688 810
689 690
689 691
689 692
689 693
689 694
689 695
689 696
689 697
689 698
689 699
689 700
689 701
689 702
689 703
689 704
689 719
689 720
689 722
689 723
689 724
689 725
689 726
689 727
689 728
689 729
689 730
689 731
689 732
689 733
689 737
689 739
690 691
690 692
690 693
690 694
690 695
690 696
690 697
690 698
690 699
690 700
690 701
690 702
690 703
690 719
690 721
690 722
690 723
690 724
690 725
690 726
690 727
690 728
690 729
690 730
690 731
690 732
690 733
690 738
690 740
691 692
691 693
691 694
691 695
691 696
691 697
691 698
691 699
691 700
691 701
691 702
691 703
691 721
691 723
691 724
691 725
691 726
691 727
691 728
691 729
691 730
691 731
691 732
691 733
691 734
691 737
691 739
691 740
691 741
691 816
691 828
692 693
692 694
692 695
692 696
692 697
692 698
692 699
692 700
692 701
692 702
692 703
692 720
692 721
692 723
692 724
692 725
692 726
692 727
692 728
692 729
692 730
692 731
692 732
692 733
692 734
692 736
692 738
692 739
692 741
692 809
693 694
693 695
693 696
693 697
693 698
693 699
693 700
693 701
693 702
693 703
693 723
693 724
693 725
693 726
693 727
693 728
693 729
693 730
693 731
693 732
693 733
693 734
693 736
693 737
693 739
693 741
693 742
693 743
693 911
694 695
694 696
694 697
694 698
694 699
694 700
694 701
694 702
694 703
694 704
694 723
694 724
694 725
694 726
694 727
694 728
694 729
694 730
694 731
694 732
694 733
694 734
694 735
694 736
694 849
695 696
695 697
695 698
695 699
695 700
695 701
695 702
695 703
695 721
695 723
695 724
695 725
695 726
695 727
695 728
695 729
695 730
695 731
695 732
695 733
695 734
695 737
695 738
695 739
695 740
695 741
695 742
695 743
695 848
695 980
696 697
696 698
696 699
696 700
696 701
696 702
696 703
696 704
696 723
696 724
696 725
696 726
696 727
696 728
696 729
696 730
696 731
696 732
696 733
696 734
696 735
696 739
696 741
696 786
696 809
696 810
696 847
696 850
697 698
697 699
697 700
697 701
697 702
697 703
697 705
697 721
697 722
697 723
697 724
697 725
697 726
697 727
697 728
697 729
697 730
697 731
697 732
697 733
697 734
697 735
697 741
697 743
697 848
697 849
697 850
697 876
697 894
697 895
697 930
697 969
698 699
698 700
698 701
698 702
698 703
698 704
698 722
698 724
698 725
698 726
698 727
698 729
698 730
698 731
698 732
698 733
698 734
698 735
698 738
698 741
698 811
698 818
698 838
698 849
698 873
698 894
698 907
698 920
699 700
699 701
699 702
699 703
699 704
699 725
699 726
699 727
699 728
699 729
699 730
699 731
699 732
699 733
699 734
699 737
699 738
699 739
699 741
699 749
699 810
699 811
699 812
699 848
699 849
699 886
699 894
699 895
699 931
699 934
699 960
699 968
699 969
699 970
700 701
700 702
700 703
700 704
700 705
700 722
700 723
700 725
700 726
700 727
700 728
700 729
700 730
700 731
700 732
700 733
700 734
700 736
700 739
700 741
700 742
700 748
700 749
700 750
700 751
700 787
700 810
700 813
700 819
700 849
700 850
700 862
700 894
700 908
700 989
701 702
701 703
701 704
701 722
701 723
701 724
701 725
701 726
701 727
701 728
701 729
701 730
701 731
701 732
701 733
701 734
701 735
701 736
701 737
701 738
701 740
701 741
701 742
701 772
701 810
701 811
701 813
701 895
701 968
701 969
701 971
702 703
702 704
702 722
702 723
702 724
702 725
702 726
702 727
702 728
702 729
702 730
702 731
702 732
702 733
702 734
702 738
702 739
702 741
702 813
702 896
702 921
702 971
703 704
703 723
703 725
703 728
703 730
703 731
703 732
703 733
703 737
703 752
703 850
703 867
704 721
704 733
704 970
705 935
706 744
720 733
720 738
720 739
721 722
721 723
721 724
721 728
721 729
721 732
721 733
721 736
721 738
722 723
722 726
722 727
722 728
722 729
722 731
722 733
722 736
722 737
723 724
723 725
723 726
723 727
723 729
723 730
723 731
723 733
723 736
723 737
723 738
723 739
724 725
724 726
724 728
724 729
724 730
724 731
724 737
724 738
724 740
724 811
725 726
725 727
725 728
725 729
725 730
725 731
725 732
725 733
725 737
725 738
725 741
726 727
726 728
726 729
726 730
726 731
726 732
726 733
726 735
726 738
726 739
726 740
726 968
727 728
727 729
727 730
727 731
727 732
727 733
727 736
727 739
727 740
727 741
727 809
727 847
728 729
728 730
728 731
728 732
728 733
728 734
728 736
728 738
728 739
728 743
729 730
729 731
729 732
729 733
729 740
729 849
729 850
730 731
730 732
730 733
730 737
730 738
730 741
730 750
730 811
731 732
731 737
731 738
731 740
731 743
731 893
732 733
732 734
732 738
732 739
732 742
733 738
733 739
733 811
733 848
734 750
734 751
734 849
735 739
735 869
735 921
736 740
736 970
737 738
738 740
739 741
742 945
743 775
744 897
751 969
771 801
839 896
850 955
851 961
