1 147
1 701
1 954
2 596
6 295
7 593
20 711
22 889
26 277
30 551
43 592
45 236
46 539
47 788
50 594
59 599
60 272
60 592
61 528
61 591
62 593
62 927
63 652
76 373
79 272
79 627
80 733
84 372
85 525
85 585
86 596
90 126
90 290
91 375
109 591
110 130
120 595
124 369
125 366
125 368
125 369
125 370
125 374
125 439
125 585
126 370
126 371
126 590
126 782
126 975
127 383
127 597
152 372
153 367
153 374
154 588
154 673
154 783
160 368
160 588
161 271
161 370
161 590
161 592
162 365
162 369
162 586
162 587
162 590
162 591
162 593
163 179
163 276
163 370
163 585
163 590
163 961
164 325
164 594
165 589
165 676
166 369
166 795
180 591
180 631
181 418
181 600
182 595
182 794
201 590
202 373
204 782
206 690
207 375
223 405
225 586
239 594
255 882
256 311
257 595
258 460
261 385
269 710
270 273
270 365
270 584
270 586
270 588
270 712
271 363
271 364
271 365
271 367
271 368
271 369
271 371
271 581
271 582
271 584
271 585
271 587
271 588
271 589
271 592
271 706
271 707
271 709
272 364
272 365
272 366
272 367
272 369
272 370
272 371
272 372
272 373
272 582
272 583
272 584
272 585
272 587
272 588
272 589
272 590
272 592
272 706
272 708
272 709
272 710
272 711
273 275
273 278
273 364
273 365
273 366
273 367
273 368
273 369
273 370
273 372
273 583
273 584
273 586
273 587
273 588
273 589
273 590
273 591
273 592
273 594
273 706
273 707
273 709
273 710
273 711
273 713
274 362
274 365
274 367
274 368
274 369
274 370
274 371
274 439
274 582
274 584
274 585
274 586
274 587
274 588
274 589
274 590
274 591
274 706
274 707
274 709
275 369
275 374
275 482
275 563
275 584
275 586
275 587
275 588
275 589
275 591
275 592
275 709
275 711
275 960
276 366
276 367
276 368
276 369
276 370
276 489
276 585
276 588
276 589
276 591
276 592
276 593
277 588
277 590
277 592
277 593
277 599
277 688
278 290
278 710
278 852
279 971
284 976
293 371
295 709
295 712
296 349
296 593
297 867
298 369
307 591
314 712
332 977
346 419
361 589
361 706
362 366
362 368
362 369
362 370
362 372
362 583
362 584
362 585
362 587
362 589
362 706
362 708
362 709
362 710
362 711
363 364
363 365
363 367
363 368
363 369
363 370
363 371
363 583
363 584
363 585
363 586
363 587
363 588
363 589
363 590
363 591
363 592
363 604
363 688
363 707
363 708
363 709
363 710
363 848
364 365
364 366
364 367
364 368
364 369
364 370
364 371
364 372
364 373
364 581
364 582
364 583
364 584
364 585
364 586
364 588
364 589
364 590
364 591
364 592
364 705
364 707
364 708
364 710
364 712
365 366
365 367
365 368
365 369
365 370
365 371
365 372
365 373
365 381
365 480
365 489
365 582
365 583
365 584
365 585
365 586
365 587
365 588
365 589
365 590
365 591
365 592
365 705
365 707
365 708
365 709
365 710
365 711
365 881
365 975
366 367
366 368
366 369
366 370
366 371
366 372
366 373
366 480
366 581
366 582
366 583
366 584
366 585
366 586
366 587
366 588
366 589
366 590
366 591
366 592
366 593
366 707
366 708
366 709
366 710
366 711
366 712
366 782
367 368
367 369
367 370
367 371
367 372
367 373
367 382
367 480
367 581
367 582
367 583
367 584
367 585
367 586
367 587
367 588
367 589
367 590
367 591
367 592
367 593
367 594
367 689
367 707
367 708
367 709
367 710
367 899
367 953
368 369
368 370
368 371
368 372
368 373
368 381
368 382
368 404
368 480
368 481
368 514
368 581
368 582
368 583
368 584
368 585
368 586
368 587
368 588
368 589
368 590
368 591
368 592
368 593
368 640
368 706
368 707
368 708
368 709
368 710
368 711
368 712
368 713
368 781
368 838
368 941
368 959
369 370
369 371
369 372
369 373
369 383
369 405
369 480
369 482
369 483
369 582
369 583
369 584
369 585
369 586
369 587
369 588
369 589
369 590
369 591
369 592
369 593
369 595
369 689
369 706
369 707
369 708
369 709
369 710
369 711
369 712
369 729
369 781
369 954
369 959
369 976
370 371
370 372
370 373
370 381
370 383
370 480
370 481
370 581
370 582
370 583
370 584
370 585
370 586
370 587
370 588
370 589
370 590
370 591
370 592
370 593
370 594
370 699
370 705
370 706
370 707
370 708
370 709
370 710
370 711
370 714
370 782
370 882
371 372
371 373
371 377
371 382
371 383
371 440
371 480
371 485
371 531
371 576
371 583
371 584
371 585
371 586
371 587
371 588
371 589
371 590
371 591
371 592
371 593
371 594
371 706
371 707
371 708
371 709
371 710
371 711
371 713
371 781
372 373
372 374
372 474
372 481
372 529
372 582
372 584
372 585
372 586
372 587
372 588
372 589
372 590
372 591
372 592
372 593
372 688
372 706
372 707
372 708
372 709
372 710
372 711
372 712
372 732
372 897
372 954
372 960
373 550
373 584
373 585
373 586
373 587
373 588
373 589
373 590
373 591
373 592
373 669
373 706
373 708
373 710
373 712
373 839
373 893
374 483
374 484
374 583
374 588
374 591
374 593
374 607
374 712
374 790
374 855
375 486
376 484
376 642
378 962
381 589
382 549
382 588
382 589
382 591
382 592
382 711
383 405
383 483
383 584
383 588
383 589
383 709
383 712
384 406
384 524
384 617
384 975
385 462
385 606
406 600
407 977
412 577
437 589
454 884
459 586
463 619
468 588
480 584
480 585
480 587
480 590
480 592
481 585
481 587
481 588
481 589
481 591
481 592
481 593
481 709
481 710
481 711
482 585
482 587
482 589
482 590
482 591
482 713
482 945
483 917
483 961
484 586
484 589
484 590
484 591
484 708
485 491
485 590
485 714
486 715
489 954
490 607
490 708
497 587
515 592
538 711
549 953
556 592
576 586
576 711
579 593
580 642
581 587
581 588
581 590
581 591
581 707
581 711
582 583
582 584
582 586
582 587
582 588
582 589
582 591
582 592
582 593
582 706
582 707
582 708
582 709
582 710
582 713
583 584
583 585
583 586
583 587
583 588
583 589
583 590
583 592
583 706
583 707
583 708
583 709
583 710
583 711
584 585
584 586
584 587
584 588
584 589
584 590
584 591
584 592
584 706
584 707
584 708
584 709
584 710
584 711
584 713
584 774
584 917
585 586
585 587
585 588
585 589
585 590
585 591
585 592
585 706
585 707
585 708
585 709
585 710
585 712
585 782
586 587
586 588
586 589
586 590
586 591
586 592
586 593
586 608
586 706
586 707
586 708
586 709
586 710
586 711
586 863
586 959
587 588
587 589
587 590
587 591
587 592
587 593
587 705
587 707
587 708
587 709
587 710
587 711
587 712
587 782
587 976
588 589
588 590
588 591
588 592
588 593
588 706
588 707
588 708
588 709
588 710
588 711
588 712
588 781
589 590
589 591
589 592
589 593
589 594
589 689
589 707
589 708
589 709
589 710
589 711
589 712
589 714
589 730
589 920
589 958
589 959
590 591
590 592
590 593
590 594
590 612
590 704
590 707
590 708
590 709
590 710
590 711
590 712
590 713
590 959
591 592
591 593
591 594
591 605
591 642
591 687
591 698
591 706
591 707
591 708
591 709
591 710
591 711
591 712
591 713
591 781
591 783
591 814
591 882
591 887
591 921
591 953
591 959
591 960
591 975
592 593
592 641
592 707
592 708
592 709
592 710
592 711
592 712
592 960
592 974
593 595
593 708
593 709
593 710
593 712
593 715
593 881
594 606
594 608
594 710
595 783
596 961
597 708
598 709
598 712
601 784
605 658
605 680
605 731
622 643
628 706
675 711
676 713
677 793
689 955
690 955
700 712
706 707
706 708
706 709
706 710
706 711
706 712
706 976
707 708
707 710
707 711
707 713
707 784
707 953
707 976
708 710
708 711
708 782
708 898
709 710
710 711
710 958
710 960
711 783
711 793
712 870
713 761
713 953
714 838
714 901
715 909
783 882
883 918
883 962
954 976
