3 816
4 466
4 823
4 825
5 822
6 593
9 823
10 822
11 817
11 818
11 820
12 819
12 822
12 824
13 350
13 818
13 821
13 823
13 866
14 675
14 820
14 822
14 858
15 350
15 819
15 823
15 902
16 315
19 819
19 821
20 413
22 821
31 823
32 827
33 821
34 823
35 177
36 853
37 549
45 821
45 823
46 400
46 821
46 823
46 862
47 176
69 825
73 823
73 824
74 816
74 822
74 823
75 820
75 821
75 823
75 824
76 852
87 503
88 332
89 824
90 817
91 819
91 824
92 823
93 360
93 817
93 820
94 503
94 815
94 818
94 819
94 820
94 822
94 823
95 821
95 822
95 823
95 824
95 867
96 106
96 707
96 711
97 517
102 823
103 818
103 820
104 819
104 822
104 823
105 822
105 824
105 825
105 934
106 363
106 820
107 364
113 118
117 820
118 377
119 313
120 819
120 824
121 709
121 823
122 487
122 499
124 821
125 620
130 824
140 821
141 825
142 347
153 824
170 823
173 820
174 822
174 823
174 825
175 817
175 943
176 424
176 824
180 823
181 289
183 820
183 821
183 824
184 347
184 818
184 819
184 820
184 821
184 823
184 824
185 817
185 820
185 822
185 823
185 824
185 904
186 329
186 762
186 819
186 821
186 822
186 824
187 252
187 376
187 422
187 816
188 623
188 818
188 820
188 824
188 827
189 822
189 823
189 824
189 854
190 823
190 830
190 840
191 488
204 823
211 822
213 357
242 820
243 823
246 823
247 313
247 823
250 821
251 820
251 821
253 827
254 880
260 818
262 823
263 816
263 824
264 362
264 818
265 628
273 822
284 595
286 480
299 823
300 823
311 820
312 397
312 905
314 674
314 826
318 820
327 816
327 822
328 818
328 819
328 822
328 825
328 863
329 557
329 818
329 822
329 823
329 824
330 353
330 668
330 821
331 819
331 822
332 822
338 820
338 823
339 820
339 821
340 820
341 934
342 823
343 823
344 520
344 821
345 672
345 818
345 819
345 820
345 822
345 823
345 904
346 816
346 817
346 818
346 819
346 820
346 821
346 825
347 817
347 819
347 820
347 821
347 822
347 823
347 824
348 704
348 816
348 817
348 818
348 819
348 820
348 821
348 822
348 823
348 824
349 391
349 497
349 725
349 816
349 818
349 819
349 821
349 822
349 824
350 479
350 820
350 821
350 822
350 824
351 358
351 361
351 824
353 923
354 819
354 824
355 823
356 821
357 546
359 821
360 819
360 820
361 819
361 821
361 822
361 823
362 585
362 818
362 819
362 822
362 824
362 869
363 789
363 824
367 821
367 822
368 823
373 673
373 819
373 820
374 816
374 817
374 818
374 819
374 820
374 821
374 822
374 824
374 867
375 498
375 508
375 818
375 820
375 821
375 823
375 824
376 710
376 823
376 934
377 384
383 674
388 823
389 516
390 822
396 673
399 823
400 823
401 770
405 820
406 823
406 824
409 821
416 817
421 819
421 929
422 825
423 456
423 865
426 827
427 822
428 868
432 949
438 621
445 672
445 823
446 821
453 825
454 818
454 822
455 822
455 826
456 824
457 826
461 563
461 821
465 796
465 824
471 822
472 822
475 907
479 822
481 703
485 818
486 822
488 824
495 816
496 821
496 824
497 695
497 822
498 906
500 745
501 819
502 820
502 822
503 820
504 530
505 678
506 822
507 823
516 819
517 824
528 824
529 672
529 818
530 825
547 819
547 821
548 674
548 826
549 798
550 818
551 907
553 671
554 819
556 821
558 763
561 820
562 821
562 825
567 823
576 823
591 822
592 822
592 823
592 824
593 819
594 821
595 818
596 935
611 820
619 820
620 822
622 821
622 822
623 820
624 822
624 825
627 821
655 911
665 823
666 820
667 743
667 824
669 670
669 674
669 818
669 819
670 676
670 815
670 816
670 817
670 819
670 821
670 822
670 823
670 824
671 816
671 818
671 819
671 820
671 821
671 822
671 823
671 824
671 902
671 904
671 952
672 675
672 817
672 818
672 819
672 820
672 821
672 822
672 823
672 824
672 825
672 932
673 676
673 815
673 817
673 818
673 819
673 820
673 821
673 822
673 823
673 824
673 827
674 816
674 817
674 818
674 819
674 820
674 821
674 822
674 823
674 824
674 902
675 819
675 820
675 822
675 823
675 824
675 825
675 878
675 930
676 677
676 795
676 819
676 820
676 824
677 964
681 827
693 819
694 821
705 821
705 824
706 820
706 823
709 820
709 821
709 822
710 822
710 823
713 714
714 825
715 828
718 821
724 822
739 822
739 825
740 825
753 881
754 823
759 904
760 819
760 822
760 824
760 825
761 820
761 823
761 824
762 821
769 818
770 823
775 822
778 823
779 816
784 823
794 905
797 821
803 816
804 924
814 815
814 821
814 823
814 824
815 816
815 817
815 818
815 819
815 820
815 821
815 822
815 823
815 824
815 825
816 817
816 818
816 819
816 820
816 821
816 822
816 823
816 824
816 825
816 826
816 901
816 902
816 903
816 904
817 818
817 819
817 820
817 821
817 822
817 823
817 824
817 825
817 826
817 901
817 903
817 904
817 905
817 922
817 933
817 941
817 971
818 819
818 820
818 821
818 822
818 823
818 824
818 825
818 826
818 899
818 901
818 902
818 903
818 904
818 905
819 820
819 821
819 822
819 823
819 824
819 825
819 826
819 879
819 902
819 903
819 904
819 905
819 921
819 931
819 937
819 942
820 821
820 822
820 823
820 824
820 825
820 826
820 828
820 861
820 902
820 903
820 904
820 942
820 946
820 947
821 822
821 823
821 824
821 825
821 826
821 827
821 828
821 863
821 866
821 873
821 898
821 902
821 903
821 904
821 905
821 906
821 915
821 923
821 933
821 934
822 823
822 824
822 825
822 826
822 829
822 896
822 901
822 902
822 903
822 905
822 922
822 923
822 924
822 925
822 928
822 972
823 824
823 825
823 826
823 827
823 831
823 843
823 880
823 899
823 903
823 904
823 905
823 906
823 910
823 929
823 932
823 967
824 825
824 826
824 827
824 860
824 877
824 900
824 901
824 903
824 904
824 905
824 924
824 932
825 826
825 861
825 870
825 900
825 902
825 903
825 933
825 948
826 847
826 916
826 933
826 953
828 899
901 906
904 905
