1 914
1 918
1 919
2 913
2 914
2 916
2 917
2 919
3 819
3 918
3 919
3 920
3 921
4 364
4 425
4 920
5 929
7 875
8 641
12 911
12 917
16 919
17 501
17 918
18 716
24 917
25 358
25 991
26 502
33 916
33 918
34 920
48 918
49 916
53 918
58 914
58 916
59 913
59 916
60 917
61 918
62 917
63 919
67 916
72 202
73 424
73 919
74 426
74 919
75 402
94 920
95 915
96 918
97 478
118 919
120 919
124 917
125 236
127 918
128 921
129 858
140 920
141 920
142 823
146 915
147 847
147 917
147 919
148 284
148 918
149 607
150 918
152 821
155 917
156 917
157 927
177 914
178 914
178 915
178 917
178 919
179 915
179 916
179 917
179 918
179 919
180 240
180 301
180 344
180 917
181 310
181 832
183 919
184 396
214 916
215 256
215 913
215 914
215 915
215 918
215 920
215 922
216 519
216 914
216 915
216 916
216 918
216 919
216 920
217 769
217 846
217 915
217 916
217 918
217 919
217 920
218 795
218 822
218 923
219 297
223 915
223 917
224 920
225 916
226 523
233 422
233 916
233 919
234 310
234 916
234 919
235 920
237 500
239 914
239 919
240 386
240 919
241 274
241 925
245 918
256 917
259 918
264 918
265 426
272 480
272 918
273 915
273 952
275 920
276 919
283 917
288 825
292 916
293 918
296 917
296 920
301 918
302 484
302 921
303 916
303 917
303 919
304 920
305 919
306 917
309 918
311 483
321 917
324 920
328 919
341 914
342 917
343 920
346 916
347 917
354 919
357 499
357 917
360 915
360 916
360 918
361 855
361 917
362 918
362 919
363 854
363 919
364 923
365 586
368 918
369 923
369 992
370 823
373 915
374 917
381 914
383 897
384 893
385 558
387 917
388 831
394 916
395 632
395 922
396 465
401 914
402 918
403 915
408 918
420 916
421 915
421 917
422 919
422 920
423 824
423 917
423 918
423 919
423 920
423 921
423 940
424 901
424 917
424 918
424 920
425 684
425 913
425 918
427 738
432 915
433 917
437 917
437 919
438 920
438 923
439 919
439 924
440 920
442 914
448 913
448 937
449 917
449 918
450 924
453 918
463 918
464 993
468 917
469 694
477 915
478 912
478 915
478 917
478 920
479 915
479 917
479 918
479 919
480 918
480 919
481 917
481 918
482 703
482 918
483 518
489 921
495 927
498 917
499 821
500 918
501 916
501 921
505 919
516 921
542 919
543 919
544 568
550 918
552 661
556 920
557 918
560 915
564 915
565 915
565 916
565 917
565 918
566 660
566 891
566 920
567 921
569 917
570 856
595 919
596 824
603 921
606 856
607 822
607 918
612 916
613 917
614 712
615 914
636 920
639 915
640 919
640 920
641 916
641 920
649 759
654 918
655 956
659 918
668 916
669 917
682 914
683 922
684 918
685 846
687 916
688 741
702 918
704 970
708 917
711 913
711 917
712 916
713 857
736 917
737 922
737 938
756 916
768 917
768 919
769 918
770 921
782 919
783 919
787 918
790 916
794 914
794 919
813 916
814 920
816 915
816 921
817 916
817 921
818 914
818 915
818 916
818 917
818 919
818 920
819 913
819 914
819 915
819 917
819 918
819 919
819 920
819 921
820 913
820 914
820 915
820 916
820 917
820 918
820 919
820 921
820 922
821 914
821 916
821 918
821 919
821 920
821 923
822 915
822 916
822 918
822 919
822 921
822 922
823 915
823 920
823 928
829 919
830 914
831 918
843 917
843 918
844 917
844 919
845 917
845 919
845 920
853 919
855 919
855 920
856 912
856 918
857 919
857 969
858 916
858 918
882 919
883 921
889 916
890 913
890 916
891 915
891 920
892 923
892 937
897 912
898 922
900 915
910 916
911 916
911 919
911 920
912 913
912 914
912 915
912 916
912 917
912 918
912 919
912 920
912 921
913 914
913 915
913 916
913 917
913 918
913 919
913 920
913 921
913 926
913 927
914 915
914 916
914 917
914 918
914 919
914 920
914 921
914 922
914 985
915 916
915 917
915 918
915 919
915 920
915 921
915 922
915 926
915 985
916 917
916 918
916 919
916 920
916 921
916 922
916 923
916 925
916 936
917 918
917 919
917 920
917 921
917 922
917 923
917 990
918 919
918 920
918 921
918 922
918 923
918 926
918 968
918 979
918 990
918 996
919 920
919 921
919 922
919 923
919 926
919 936
919 968
919 977
919 978
920 921
920 922
920 986
920 991
921 922
922 951
969 990
