1 318
2 770
3 318
15 303
16 308
16 598
18 126
18 316
18 961
19 316
19 968
20 313
20 319
20 775
21 137
21 173
21 314
21 315
21 317
21 318
22 311
22 316
22 318
22 319
23 455
23 602
26 309
35 318
37 316
38 957
39 199
41 308
53 176
53 956
55 237
55 294
55 309
55 953
56 159
56 167
56 173
56 226
56 297
56 307
56 443
56 583
56 585
56 769
56 947
56 955
57 133
57 136
57 137
57 175
57 290
57 314
57 316
57 438
57 500
57 582
57 591
57 595
57 597
57 766
57 767
57 776
58 238
58 304
58 308
58 310
58 312
58 316
58 317
58 318
58 319
58 592
58 958
59 307
59 311
59 313
59 315
59 596
60 171
60 313
60 316
60 501
61 236
62 307
63 961
64 221
70 300
71 300
71 319
72 313
73 316
73 317
73 318
74 176
74 317
75 319
75 321
76 240
77 315
78 317
79 318
83 311
87 956
88 315
88 317
89 721
95 314
104 318
105 174
106 234
108 300
108 946
109 173
109 310
109 313
109 314
110 314
110 315
110 316
111 314
111 316
111 638
111 957
112 320
112 630
117 318
118 378
119 320
120 305
121 157
121 159
121 227
121 579
121 955
122 125
122 154
122 168
122 175
122 221
122 299
122 306
122 309
122 315
122 945
122 947
122 953
122 957
123 127
123 153
123 154
123 155
123 157
123 165
123 169
123 175
123 176
123 300
123 303
123 311
123 316
123 317
123 319
123 437
123 583
123 584
123 592
123 593
123 762
123 765
123 964
124 125
124 127
124 134
124 155
124 158
124 159
124 168
124 170
124 174
124 175
124 177
124 221
124 223
124 224
124 299
124 300
124 310
124 311
124 313
124 318
124 319
124 431
124 433
124 435
124 578
124 582
124 586
124 587
124 592
124 594
124 767
124 774
124 776
124 805
124 955
124 961
124 962
125 129
125 130
125 132
125 135
125 136
125 137
125 157
125 158
125 174
125 176
125 177
125 223
125 227
125 229
125 289
125 294
125 298
125 303
125 304
125 307
125 308
125 316
125 317
125 319
125 433
125 436
125 437
125 442
125 448
125 449
125 450
125 579
125 581
125 583
125 593
125 595
125 596
125 597
125 761
125 762
125 766
125 767
125 768
125 770
125 772
125 774
125 778
125 947
125 951
125 952
125 959
125 961
125 963
126 127
126 128
126 129
126 130
126 132
126 133
126 134
126 135
126 139
126 145
126 156
126 157
126 158
126 160
126 163
126 164
126 165
126 166
126 169
126 175
126 222
126 223
126 224
126 226
126 227
126 228
126 229
126 231
126 232
126 297
126 299
126 302
126 309
126 310
126 312
126 314
126 316
126 317
126 435
126 442
126 445
126 446
126 583
126 591
126 592
126 595
126 598
126 767
126 768
126 769
126 770
126 771
126 773
126 775
126 945
126 948
126 950
126 951
126 953
126 954
126 956
126 957
126 958
126 961
126 962
126 964
127 129
127 135
127 136
127 137
127 139
127 153
127 156
127 158
127 161
127 162
127 163
127 164
127 167
127 169
127 173
127 176
127 224
127 226
127 227
127 228
127 229
127 268
127 290
127 293
127 294
127 296
127 297
127 299
127 300
127 302
127 303
127 306
127 307
127 311
127 312
127 316
127 319
127 433
127 437
127 443
127 444
127 446
127 448
127 451
127 578
127 580
127 583
127 592
127 593
127 594
127 595
127 596
127 598
127 635
127 636
127 637
127 763
127 764
127 765
127 766
127 770
127 772
127 774
127 775
127 777
127 946
127 948
127 949
127 951
127 957
127 958
127 961
127 962
127 994
128 129
128 130
128 131
128 132
128 137
128 138
128 139
128 159
128 163
128 164
128 165
128 166
128 167
128 168
128 172
128 173
128 177
128 222
128 224
128 226
128 227
128 228
128 229
128 230
128 290
128 294
128 297
128 298
128 299
128 300
128 302
128 307
128 308
128 312
128 316
128 436
128 437
128 438
128 440
128 446
128 447
128 583
128 584
128 585
128 586
128 587
128 588
128 589
128 590
128 591
128 594
128 595
128 596
128 597
128 759
128 760
128 764
128 765
128 767
128 770
128 771
128 773
128 774
128 775
128 776
128 777
128 925
128 943
128 946
128 948
128 951
128 952
128 953
128 956
128 962
128 963
128 964
129 131
129 132
129 133
129 134
129 136
129 138
129 139
129 140
129 152
129 153
129 155
129 158
129 159
129 160
129 163
129 166
129 168
129 171
129 172
129 175
129 177
129 221
129 222
129 224
129 225
129 226
129 227
129 228
129 229
129 232
129 289
129 290
129 291
129 293
129 294
129 295
129 297
129 299
129 300
129 302
129 303
129 304
129 305
129 307
129 310
129 311
129 312
129 314
129 315
129 317
129 432
129 435
129 436
129 439
129 440
129 442
129 443
129 444
129 445
129 449
129 577
129 579
129 581
129 582
129 584
129 588
129 593
129 594
129 595
129 596
129 598
129 633
129 760
129 763
129 764
129 766
129 767
129 769
129 770
129 771
129 772
129 774
129 775
129 943
129 945
129 946
129 947
129 950
129 951
129 952
129 954
129 955
129 957
129 959
129 960
129 961
129 962
129 963
129 964
130 131
130 132
130 134
130 135
130 136
130 137
130 139
130 155
130 159
130 161
130 165
130 166
130 167
130 168
130 169
130 171
130 173
130 174
130 175
130 176
130 224
130 227
130 228
130 229
130 230
130 231
130 290
130 291
130 292
130 293
130 294
130 296
130 297
130 299
130 300
130 301
130 302
130 303
130 304
130 305
130 308
130 310
130 312
130 313
130 314
130 315
130 317
130 318
130 319
130 432
130 435
130 438
130 439
130 440
130 442
130 443
130 444
130 445
130 447
130 449
130 450
130 581
130 582
130 584
130 585
130 586
130 587
130 588
130 589
130 590
130 592
130 593
130 594
130 596
130 597
130 635
130 760
130 763
130 765
130 767
130 768
130 769
130 771
130 772
130 773
130 774
130 775
130 776
130 777
130 927
130 945
130 947
130 948
130 949
130 950
130 953
130 954
130 955
130 956
130 957
130 958
130 960
130 962
130 963
130 964
131 132
131 134
131 135
131 137
131 138
131 139
131 140
131 155
131 156
131 161
131 162
131 163
131 164
131 169
131 172
131 174
131 175
131 176
131 177
131 220
131 223
131 225
131 226
131 227
131 230
131 289
131 291
131 292
131 293
131 295
131 296
131 297
131 298
131 299
131 300
131 303
131 304
131 307
131 308
131 309
131 310
131 311
131 312
131 314
131 316
131 317
131 318
131 319
131 431
131 434
131 435
131 437
131 438
131 439
131 440
131 442
131 443
131 445
131 447
131 449
131 578
131 580
131 581
131 583
131 584
131 585
131 586
131 587
131 588
131 593
131 594
131 595
131 596
131 597
131 635
131 636
131 638
131 764
131 765
131 766
131 767
131 769
131 770
131 772
131 773
131 774
131 775
131 776
131 777
131 803
131 948
131 951
131 952
131 953
131 954
131 955
131 956
131 957
131 958
131 959
131 963
131 964
131 965
132 133
132 134
132 136
132 137
132 139
132 155
132 156
132 157
132 158
132 159
132 160
132 161
132 162
132 165
132 166
132 167
132 169
132 170
132 172
132 173
132 174
132 177
132 178
132 223
132 224
132 226
132 229
132 230
132 231
132 288
132 292
132 293
132 296
132 297
132 298
132 300
132 301
132 302
132 304
132 306
132 307
132 308
132 309
132 310
132 311
132 313
132 314
132 315
132 316
132 317
132 319
132 320
132 435
132 436
132 437
132 439
132 442
132 444
132 447
132 448
132 449
132 452
132 580
132 581
132 582
132 583
132 584
132 585
132 586
132 587
132 588
132 589
132 590
132 591
132 592
132 593
132 594
132 595
132 596
132 597
132 636
132 639
132 765
132 766
132 768
132 769
132 774
132 775
132 776
132 778
132 779
132 949
132 950
132 951
132 952
132 953
132 954
132 955
132 956
132 957
132 958
132 959
132 960
132 961
132 962
132 963
132 964
132 980
133 134
133 135
133 136
133 137
133 138
133 139
133 140
133 154
133 157
133 160
133 163
133 164
133 165
133 166
133 168
133 169
133 170
133 172
133 173
133 174
133 176
133 177
133 223
133 226
133 227
133 228
133 229
133 230
133 231
133 289
133 290
133 291
133 292
133 294
133 296
133 297
133 298
133 299
133 300
133 302
133 304
133 305
133 306
133 307
133 308
133 309
133 310
133 311
133 312
133 313
133 314
133 315
133 316
133 317
133 319
133 433
133 437
133 439
133 440
133 441
133 442
133 443
133 444
133 445
133 446
133 447
133 450
133 452
133 581
133 582
133 585
133 587
133 588
133 589
133 590
133 591
133 593
133 594
133 595
133 596
133 597
133 598
133 760
133 765
133 767
133 768
133 769
133 770
133 771
133 772
133 773
133 775
133 777
133 945
133 946
133 947
133 949
133 950
133 951
133 952
133 954
133 955
133 956
133 957
133 958
133 960
133 961
133 962
133 963
133 964
133 965
134 135
134 136
134 139
134 144
134 145
134 154
134 156
134 157
134 159
134 161
134 162
134 163
134 164
134 165
134 166
134 167
134 168
134 170
134 172
134 173
134 174
134 175
134 176
134 177
134 220
134 224
134 225
134 228
134 230
134 289
134 291
134 293
134 297
134 298
134 299
134 300
134 301
134 302
134 303
134 304
134 305
134 306
134 307
134 308
134 309
134 310
134 311
134 312
134 313
134 314
134 315
134 316
134 317
134 318
134 319
134 430
134 434
134 435
134 436
134 437
134 440
134 441
134 442
134 443
134 444
134 446
134 447
134 448
134 449
134 581
134 582
134 584
134 585
134 586
134 587
134 588
134 590
134 591
134 592
134 593
134 594
134 596
134 597
134 598
134 626
134 637
134 761
134 762
134 763
134 764
134 765
134 767
134 769
134 770
134 771
134 773
134 774
134 775
134 776
134 777
134 778
134 779
134 804
134 948
134 949
134 952
134 954
134 955
134 956
134 957
134 958
134 959
134 960
134 961
134 962
134 964
134 965
135 136
135 137
135 138
135 139
135 155
135 156
135 157
135 159
135 160
135 161
135 162
135 163
135 164
135 165
135 166
135 167
135 168
135 169
135 170
135 171
135 172
135 173
135 174
135 175
135 176
135 177
135 225
135 226
135 227
135 228
135 229
135 230
135 231
135 289
135 290
135 291
135 294
135 296
135 297
135 298
135 299
135 301
135 302
135 303
135 304
135 305
135 306
135 307
135 308
135 309
135 310
135 311
135 312
135 313
135 314
135 315
135 316
135 317
135 318
135 319
135 432
135 433
135 434
135 436
135 438
135 439
135 440
135 441
135 443
135 444
135 445
135 446
135 447
135 449
135 580
135 582
135 585
135 587
135 590
135 591
135 593
135 594
135 595
135 596
135 597
135 598
135 637
135 763
135 764
135 766
135 767
135 768
135 769
135 770
135 771
135 772
135 773
135 774
135 775
135 776
135 777
135 778
135 881
135 926
135 947
135 949
135 951
135 952
135 954
135 956
135 957
135 958
135 959
135 960
135 961
135 962
135 964
136 137
136 138
136 139
136 154
136 155
136 156
136 158
136 160
136 161
136 162
136 163
136 164
136 165
136 166
136 167
136 168
136 169
136 170
136 171
136 172
136 173
136 174
136 175
136 176
136 177
136 222
136 224
136 226
136 228
136 229
136 289
136 292
136 293
136 295
136 296
136 297
136 298
136 299
136 300
136 301
136 302
136 303
136 304
136 305
136 306
136 307
136 308
136 309
136 310
136 311
136 312
136 313
136 314
136 315
136 316
136 317
136 318
136 319
136 320
136 432
136 436
136 437
136 439
136 440
136 441
136 442
136 443
136 444
136 445
136 446
136 447
136 448
136 450
136 580
136 583
136 584
136 585
136 586
136 587
136 588
136 589
136 590
136 591
136 592
136 593
136 594
136 596
136 597
136 762
136 764
136 767
136 768
136 769
136 770
136 771
136 772
136 773
136 774
136 775
136 776
136 777
136 806
136 944
136 945
136 946
136 947
136 949
136 950
136 952
136 953
136 954
136 955
136 956
136 957
136 958
136 959
136 960
136 961
136 962
136 963
136 964
136 965
137 138
137 139
137 157
137 158
137 159
137 160
137 161
137 162
137 163
137 164
137 165
137 167
137 168
137 169
137 170
137 171
137 172
137 173
137 175
137 176
137 177
137 178
137 221
137 223
137 225
137 226
137 228
137 230
137 289
137 290
137 291
137 293
137 294
137 295
137 296
137 297
137 299
137 301
137 302
137 303
137 304
137 305
137 306
137 307
137 308
137 309
137 311
137 312
137 313
137 314
137 315
137 316
137 317
137 318
137 319
137 320
137 432
137 433
137 434
137 435
137 436
137 437
137 438
137 439
137 440
137 441
137 442
137 443
137 444
137 445
137 446
137 447
137 448
137 449
137 581
137 582
137 583
137 584
137 585
137 586
137 587
137 588
137 589
137 590
137 591
137 592
137 593
137 594
137 595
137 596
137 597
137 598
137 635
137 763
137 764
137 766
137 767
137 769
137 770
137 771
137 772
137 773
137 774
137 775
137 776
137 777
137 944
137 947
137 949
137 950
137 952
137 953
137 954
137 955
137 956
137 957
137 958
137 959
137 961
137 962
137 963
137 964
137 965
138 139
138 140
138 156
138 157
138 159
138 160
138 161
138 162
138 163
138 164
138 165
138 166
138 167
138 168
138 169
138 170
138 172
138 173
138 174
138 175
138 176
138 177
138 221
138 222
138 224
138 225
138 226
138 227
138 228
138 229
138 230
138 231
138 288
138 289
138 291
138 293
138 294
138 295
138 296
138 297
138 298
138 299
138 300
138 301
138 302
138 303
138 304
138 305
138 306
138 307
138 308
138 309
138 310
138 311
138 312
138 314
138 315
138 316
138 317
138 318
138 319
138 320
138 430
138 433
138 435
138 436
138 437
138 438
138 439
138 440
138 442
138 443
138 444
138 445
138 446
138 447
138 448
138 449
138 450
138 583
138 584
138 585
138 586
138 587
138 588
138 589
138 590
138 592
138 593
138 594
138 595
138 596
138 597
138 598
138 636
138 760
138 761
138 762
138 764
138 766
138 768
138 769
138 770
138 771
138 772
138 773
138 774
138 775
138 776
138 777
138 945
138 948
138 950
138 951
138 952
138 953
138 954
138 955
138 956
138 957
138 958
138 959
138 960
138 961
138 962
138 963
138 964
138 965
139 152
139 153
139 155
139 156
139 157
139 158
139 160
139 161
139 162
139 163
139 165
139 166
139 167
139 168
139 169
139 172
139 173
139 175
139 176
139 177
139 221
139 222
139 225
139 227
139 228
139 229
139 230
139 288
139 289
139 291
139 293
139 294
139 296
139 297
139 298
139 299
139 300
139 301
139 302
139 303
139 304
139 305
139 306
139 307
139 308
139 309
139 310
139 311
139 312
139 313
139 314
139 315
139 316
139 317
139 318
139 319
139 434
139 438
139 440
139 441
139 443
139 444
139 445
139 447
139 448
139 449
139 578
139 579
139 580
139 582
139 583
139 584
139 585
139 586
139 587
139 588
139 589
139 590
139 591
139 592
139 593
139 594
139 595
139 596
139 597
139 638
139 763
139 764
139 765
139 767
139 769
139 770
139 771
139 773
139 774
139 775
139 776
139 777
139 926
139 948
139 949
139 950
139 952
139 954
139 956
139 957
139 958
139 959
139 960
139 961
139 962
139 963
139 964
139 965
140 171
140 172
140 173
140 175
140 176
140 177
140 290
140 305
140 308
140 309
140 310
140 311
140 312
140 313
140 314
140 315
140 316
140 317
140 318
140 319
140 320
140 440
140 586
140 588
140 591
140 594
140 595
140 774
140 775
140 777
140 958
140 960
141 310
141 313
141 315
141 316
141 317
141 318
141 319
141 447
141 950
141 960
141 964
142 311
142 316
142 317
142 318
142 873
143 169
143 189
143 316
143 317
144 232
144 308
144 315
145 171
145 313
145 314
145 316
146 309
146 316
146 317
146 319
147 319
147 320
148 477
149 317
150 317
151 234
152 293
152 311
152 434
152 591
153 155
153 156
153 172
153 222
153 223
153 296
153 432
153 438
153 449
153 582
153 593
153 761
153 772
153 775
153 946
153 949
153 957
153 960
153 962
153 964
154 157
154 161
154 222
154 223
154 225
154 226
154 227
154 228
154 229
154 231
154 289
154 291
154 296
154 301
154 305
154 310
154 311
154 313
154 316
154 318
154 319
154 436
154 444
154 583
154 585
154 589
154 597
154 598
154 635
154 761
154 765
154 768
154 772
154 774
154 943
154 944
154 946
154 950
154 956
154 959
154 962
154 963
155 157
155 158
155 160
155 161
155 165
155 167
155 168
155 171
155 176
155 177
155 225
155 226
155 288
155 292
155 293
155 296
155 303
155 304
155 306
155 307
155 314
155 437
155 438
155 442
155 443
155 444
155 445
155 449
155 578
155 581
155 582
155 583
155 585
155 587
155 593
155 760
155 762
155 765
155 766
155 767
155 769
155 770
155 775
155 777
155 943
155 945
155 951
155 960
155 961
155 962
156 158
156 161
156 164
156 165
156 166
156 167
156 169
156 170
156 172
156 174
156 176
156 177
156 222
156 224
156 231
156 292
156 295
156 296
156 298
156 301
156 307
156 309
156 312
156 313
156 314
156 315
156 316
156 320
156 434
156 435
156 436
156 437
156 442
156 443
156 444
156 445
156 447
156 448
156 582
156 585
156 586
156 587
156 588
156 594
156 595
156 600
156 764
156 765
156 766
156 770
156 771
156 773
156 774
156 776
156 777
156 947
156 949
156 950
156 951
156 954
156 955
156 958
156 959
156 960
156 962
157 158
157 159
157 160
157 162
157 163
157 164
157 168
157 170
157 175
157 177
157 224
157 226
157 227
157 228
157 229
157 230
157 290
157 291
157 292
157 293
157 295
157 297
157 298
157 306
157 307
157 308
157 309
157 311
157 312
157 316
157 317
157 318
157 319
157 431
157 434
157 437
157 440
157 442
157 443
157 444
157 445
157 447
157 448
157 582
157 583
157 585
157 588
157 592
157 593
157 594
157 597
157 598
157 765
157 766
157 767
157 768
157 769
157 770
157 772
157 773
157 774
157 776
157 777
157 943
157 946
157 948
157 949
157 951
157 953
157 954
157 955
157 956
157 957
157 959
157 960
157 961
157 962
158 159
158 161
158 162
158 163
158 164
158 166
158 167
158 168
158 169
158 171
158 172
158 173
158 175
158 225
158 227
158 228
158 229
158 230
158 231
158 288
158 289
158 294
158 297
158 298
158 300
158 302
158 304
158 307
158 312
158 314
158 317
158 433
158 435
158 436
158 437
158 439
158 441
158 442
158 443
158 444
158 445
158 446
158 447
158 448
158 451
158 577
158 578
158 580
158 582
158 585
158 587
158 588
158 589
158 591
158 592
158 593
158 594
158 595
158 635
158 637
158 763
158 764
158 765
158 767
158 768
158 769
158 770
158 771
158 772
158 776
158 944
158 945
158 947
158 948
158 949
158 951
158 952
158 953
158 954
158 955
158 956
158 960
158 961
159 161
159 162
159 163
159 165
159 168
159 170
159 171
159 172
159 174
159 175
159 176
159 225
159 228
159 229
159 230
159 231
159 287
159 290
159 291
159 292
159 293
159 295
159 297
159 298
159 299
159 300
159 302
159 305
159 306
159 307
159 309
159 311
159 312
159 314
159 316
159 317
159 319
159 431
159 433
159 434
159 435
159 437
159 439
159 440
159 443
159 444
159 447
159 448
159 449
159 581
159 582
159 583
159 584
159 589
159 590
159 591
159 592
159 593
159 594
159 595
159 596
159 597
159 764
159 765
159 766
159 767
159 768
159 770
159 771
159 776
159 777
159 778
159 944
159 949
159 950
159 952
159 953
159 954
159 955
159 956
159 957
159 960
159 961
159 962
159 963
159 965
160 163
160 165
160 166
160 167
160 168
160 169
160 170
160 171
160 172
160 173
160 175
160 177
160 220
160 223
160 225
160 227
160 228
160 229
160 230
160 231
160 287
160 288
160 290
160 291
160 292
160 293
160 294
160 295
160 296
160 297
160 298
160 299
160 301
160 302
160 304
160 305
160 306
160 307
160 308
160 309
160 311
160 313
160 314
160 315
160 316
160 317
160 318
160 319
160 432
160 434
160 437
160 438
160 439
160 440
160 441
160 442
160 443
160 445
160 446
160 447
160 448
160 449
160 580
160 581
160 583
160 585
160 586
160 587
160 588
160 589
160 590
160 591
160 592
160 594
160 595
160 596
160 634
160 635
160 763
160 764
160 768
160 769
160 771
160 772
160 773
160 776
160 777
160 778
160 804
160 945
160 946
160 949
160 951
160 952
160 953
160 956
160 957
160 958
160 959
160 960
160 961
160 963
160 966
161 162
161 163
161 164
161 165
161 166
161 167
161 168
161 169
161 170
161 171
161 172
161 173
161 174
161 175
161 176
161 177
161 178
161 222
161 224
161 225
161 226
161 227
161 228
161 229
161 230
161 289
161 290
161 292
161 293
161 294
161 295
161 298
161 299
161 300
161 301
161 302
161 303
161 304
161 305
161 307
161 308
161 309
161 310
161 312
161 313
161 315
161 316
161 317
161 318
161 319
161 430
161 434
161 435
161 436
161 437
161 438
161 440
161 442
161 443
161 445
161 446
161 447
161 449
161 581
161 582
161 583
161 584
161 585
161 586
161 587
161 588
161 589
161 591
161 592
161 593
161 594
161 595
161 596
161 597
161 761
161 764
161 765
161 766
161 767
161 768
161 770
161 771
161 772
161 773
161 774
161 775
161 776
161 777
161 778
161 944
161 946
161 947
161 948
161 949
161 950
161 952
161 953
161 954
161 957
161 958
161 959
161 961
161 963
161 964
162 163
162 164
162 165
162 166
162 168
162 169
162 170
162 172
162 173
162 174
162 175
162 177
162 223
162 224
162 226
162 227
162 228
162 229
162 231
162 289
162 292
162 294
162 296
162 297
162 299
162 300
162 301
162 302
162 304
162 307
162 308
162 309
162 310
162 311
162 312
162 313
162 314
162 316
162 317
162 318
162 319
162 433
162 434
162 436
162 437
162 438
162 439
162 440
162 441
162 442
162 443
162 444
162 445
162 446
162 447
162 448
162 449
162 581
162 582
162 583
162 584
162 585
162 586
162 587
162 588
162 589
162 590
162 592
162 593
162 594
162 596
162 597
162 636
162 761
162 764
162 765
162 766
162 769
162 770
162 771
162 772
162 773
162 774
162 775
162 777
162 778
162 951
162 954
162 957
162 958
162 959
162 960
162 961
162 962
162 963
162 965
163 164
163 165
163 166
163 167
163 169
163 170
163 171
163 172
163 173
163 174
163 176
163 223
163 227
163 229
163 230
163 233
163 293
163 294
163 296
163 297
163 298
163 299
163 300
163 301
163 302
163 303
163 304
163 305
163 306
163 307
163 308
163 311
163 312
163 313
163 314
163 315
163 316
163 317
163 318
163 319
163 431
163 434
163 435
163 437
163 438
163 439
163 440
163 441
163 442
163 443
163 445
163 446
163 447
163 448
163 449
163 450
163 577
163 578
163 580
163 581
163 584
163 586
163 587
163 588
163 589
163 591
163 592
163 593
163 594
163 595
163 596
163 597
163 598
163 764
163 765
163 766
163 768
163 769
163 770
163 771
163 772
163 773
163 774
163 775
163 776
163 777
163 778
163 943
163 949
163 950
163 951
163 953
163 954
163 955
163 957
163 958
163 959
163 960
163 961
163 962
163 963
163 964
164 165
164 166
164 168
164 170
164 171
164 172
164 174
164 175
164 176
164 177
164 204
164 223
164 226
164 227
164 228
164 229
164 230
164 231
164 232
164 289
164 290
164 292
164 294
164 296
164 297
164 298
164 299
164 300
164 301
164 302
164 303
164 304
164 305
164 306
164 307
164 308
164 310
164 311
164 312
164 313
164 314
164 315
164 316
164 318
164 319
164 381
164 432
164 434
164 435
164 436
164 437
164 440
164 441
164 442
164 443
164 444
164 445
164 446
164 447
164 448
164 449
164 522
164 582
164 584
164 585
164 586
164 587
164 588
164 589
164 590
164 591
164 593
164 594
164 595
164 596
164 597
164 761
164 764
164 765
164 766
164 770
164 771
164 772
164 773
164 775
164 776
164 777
164 804
164 947
164 948
164 950
164 951
164 952
164 954
164 955
164 956
164 957
164 958
164 960
164 961
164 962
164 963
164 964
165 166
165 167
165 168
165 169
165 171
165 172
165 173
165 174
165 175
165 176
165 177
165 223
165 225
165 226
165 228
165 229
165 231
165 232
165 288
165 291
165 292
165 293
165 294
165 295
165 296
165 297
165 298
165 299
165 300
165 301
165 302
165 303
165 304
165 305
165 306
165 307
165 308
165 309
165 310
165 311
165 312
165 314
165 315
165 316
165 318
165 319
165 431
165 433
165 434
165 436
165 437
165 438
165 439
165 440
165 441
165 442
165 443
165 444
165 445
165 447
165 448
165 449
165 451
165 455
165 580
165 581
165 582
165 583
165 585
165 587
165 588
165 589
165 590
165 591
165 592
165 593
165 594
165 595
165 596
165 597
165 635
165 761
165 762
165 763
165 764
165 765
165 767
165 768
165 771
165 772
165 773
165 774
165 775
165 776
165 777
165 778
165 804
165 945
165 948
165 949
165 953
165 954
165 955
165 956
165 957
165 958
165 960
165 961
165 962
165 963
165 964
166 167
166 168
166 169
166 170
166 171
166 172
166 173
166 174
166 175
166 176
166 221
166 224
166 226
166 227
166 228
166 229
166 230
166 231
166 291
166 292
166 293
166 294
166 295
166 296
166 297
166 298
166 299
166 300
166 301
166 302
166 304
166 305
166 306
166 307
166 308
166 309
166 310
166 311
166 312
166 314
166 315
166 317
166 318
166 319
166 435
166 437
166 438
166 439
166 441
166 443
166 444
166 445
166 446
166 447
166 448
166 449
166 577
166 579
166 580
166 581
166 582
166 583
166 584
166 585
166 586
166 588
166 589
166 590
166 591
166 592
166 594
166 595
166 596
166 597
166 598
166 650
166 714
166 761
166 763
166 764
166 765
166 766
166 767
166 769
166 770
166 771
166 772
166 773
166 775
166 777
166 778
166 947
166 948
166 949
166 950
166 951
166 952
166 953
166 954
166 955
166 956
166 957
166 958
166 959
166 960
166 961
166 962
166 963
167 168
167 169
167 170
167 171
167 173
167 174
167 175
167 176
167 177
167 202
167 225
167 226
167 227
167 228
167 230
167 287
167 292
167 293
167 295
167 297
167 298
167 299
167 300
167 301
167 302
167 303
167 304
167 305
167 306
167 308
167 309
167 310
167 311
167 312
167 313
167 314
167 315
167 316
167 317
167 319
167 320
167 433
167 437
167 439
167 440
167 441
167 442
167 443
167 444
167 445
167 446
167 447
167 448
167 580
167 581
167 582
167 583
167 584
167 585
167 587
167 588
167 589
167 590
167 591
167 592
167 593
167 594
167 595
167 596
167 597
167 634
167 640
167 648
167 760
167 761
167 762
167 764
167 767
167 768
167 769
167 771
167 772
167 773
167 774
167 775
167 776
167 777
167 778
167 944
167 947
167 948
167 950
167 952
167 953
167 954
167 955
167 956
167 957
167 958
167 959
167 960
167 961
167 962
167 963
167 964
167 965
168 169
168 170
168 171
168 172
168 173
168 174
168 175
168 176
168 177
168 222
168 223
168 224
168 225
168 226
168 227
168 228
168 229
168 230
168 231
168 292
168 293
168 294
168 295
168 297
168 298
168 299
168 300
168 301
168 302
168 303
168 304
168 305
168 306
168 307
168 308
168 309
168 310
168 311
168 312
168 313
168 314
168 315
168 316
168 317
168 318
168 319
168 434
168 438
168 439
168 440
168 441
168 442
168 444
168 445
168 446
168 447
168 448
168 449
168 450
168 579
168 581
168 583
168 584
168 586
168 587
168 588
168 589
168 590
168 591
168 592
168 593
168 594
168 595
168 596
168 597
168 598
168 634
168 636
168 637
168 753
168 762
168 763
168 766
168 767
168 768
168 769
168 770
168 771
168 772
168 773
168 774
168 775
168 776
168 777
168 778
168 779
168 884
168 948
168 951
168 952
168 953
168 954
168 955
168 956
168 957
168 958
168 959
168 960
168 961
168 962
168 963
168 964
168 965
169 170
169 171
169 172
169 173
169 174
169 175
169 176
169 177
169 221
169 227
169 229
169 230
169 231
169 288
169 289
169 293
169 294
169 295
169 296
169 298
169 299
169 300
169 301
169 302
169 303
169 304
169 305
169 306
169 307
169 308
169 309
169 310
169 311
169 312
169 313
169 314
169 315
169 316
169 317
169 318
169 319
169 320
169 433
169 436
169 437
169 438
169 439
169 440
169 441
169 442
169 443
169 444
169 445
169 446
169 447
169 448
169 577
169 579
169 581
169 584
169 585
169 586
169 587
169 588
169 589
169 590
169 591
169 592
169 593
169 594
169 595
169 596
169 597
169 636
169 763
169 765
169 766
169 767
169 768
169 770
169 771
169 772
169 773
169 774
169 775
169 776
169 777
169 778
169 879
169 945
169 946
169 947
169 949
169 950
169 951
169 952
169 953
169 954
169 955
169 956
169 957
169 958
169 959
169 960
169 961
169 962
169 963
169 964
170 171
170 172
170 173
170 174
170 175
170 176
170 221
170 224
170 225
170 226
170 227
170 228
170 229
170 290
170 293
170 294
170 295
170 296
170 297
170 298
170 299
170 300
170 301
170 302
170 303
170 304
170 305
170 306
170 307
170 308
170 309
170 310
170 311
170 312
170 313
170 314
170 315
170 316
170 317
170 318
170 319
170 320
170 431
170 434
170 438
170 440
170 441
170 442
170 443
170 444
170 445
170 446
170 447
170 448
170 449
170 450
170 582
170 583
170 584
170 585
170 586
170 587
170 588
170 589
170 590
170 591
170 592
170 593
170 594
170 595
170 596
170 597
170 598
170 634
170 759
170 762
170 765
170 766
170 767
170 768
170 770
170 771
170 772
170 773
170 774
170 775
170 776
170 779
170 947
170 949
170 950
170 951
170 952
170 953
170 954
170 955
170 956
170 957
170 958
170 959
170 960
170 961
170 962
170 963
170 964
171 172
171 173
171 174
171 175
171 176
171 177
171 221
171 222
171 223
171 225
171 227
171 228
171 229
171 231
171 232
171 290
171 292
171 294
171 298
171 299
171 300
171 301
171 302
171 303
171 304
171 305
171 306
171 307
171 308
171 309
171 310
171 311
171 312
171 313
171 314
171 315
171 316
171 317
171 318
171 319
171 320
171 379
171 435
171 436
171 438
171 439
171 440
171 441
171 442
171 443
171 444
171 445
171 446
171 447
171 448
171 449
171 578
171 579
171 582
171 583
171 584
171 585
171 586
171 587
171 588
171 589
171 590
171 591
171 592
171 593
171 594
171 595
171 596
171 597
171 598
171 637
171 761
171 763
171 764
171 765
171 766
171 767
171 768
171 769
171 770
171 771
171 772
171 773
171 774
171 775
171 776
171 777
171 778
171 779
171 940
171 944
171 945
171 946
171 947
171 948
171 952
171 953
171 954
171 955
171 956
171 957
171 958
171 959
171 960
171 961
171 962
171 963
171 964
172 173
172 174
172 175
172 176
172 178
172 203
172 221
172 225
172 226
172 227
172 229
172 230
172 290
172 291
172 292
172 294
172 295
172 296
172 297
172 298
172 299
172 300
172 301
172 302
172 303
172 304
172 305
172 306
172 307
172 308
172 309
172 310
172 311
172 312
172 313
172 314
172 315
172 316
172 317
172 318
172 319
172 320
172 428
172 432
172 434
172 436
172 439
172 440
172 442
172 443
172 445
172 446
172 447
172 448
172 449
172 451
172 582
172 583
172 585
172 586
172 587
172 588
172 589
172 590
172 591
172 592
172 593
172 594
172 595
172 596
172 597
172 598
172 636
172 640
172 762
172 763
172 766
172 767
172 768
172 769
172 770
172 771
172 773
172 774
172 775
172 776
172 777
172 945
172 946
172 948
172 949
172 950
172 952
172 953
172 955
172 956
172 957
172 958
172 959
172 960
172 961
172 962
172 963
172 964
172 965
173 174
173 175
173 176
173 177
173 178
173 221
173 222
173 223
173 226
173 227
173 228
173 229
173 230
173 231
173 232
173 288
173 289
173 291
173 292
173 293
173 295
173 296
173 297
173 298
173 299
173 300
173 301
173 303
173 304
173 305
173 306
173 307
173 308
173 309
173 310
173 311
173 312
173 313
173 314
173 315
173 316
173 317
173 318
173 319
173 320
173 433
173 434
173 435
173 436
173 437
173 438
173 439
173 441
173 442
173 443
173 444
173 445
173 446
173 447
173 448
173 449
173 580
173 582
173 584
173 585
173 586
173 587
173 588
173 589
173 590
173 592
173 593
173 594
173 595
173 596
173 597
173 599
173 604
173 634
173 763
173 765
173 767
173 769
173 771
173 772
173 773
173 775
173 776
173 777
173 778
173 810
173 943
173 944
173 947
173 949
173 950
173 951
173 952
173 953
173 954
173 955
173 956
173 957
173 958
173 959
173 960
173 961
173 962
173 963
173 964
173 965
174 175
174 176
174 177
174 178
174 222
174 225
174 226
174 227
174 228
174 229
174 230
174 231
174 233
174 289
174 291
174 293
174 294
174 295
174 296
174 297
174 298
174 299
174 300
174 301
174 302
174 303
174 304
174 305
174 306
174 307
174 308
174 309
174 310
174 311
174 312
174 313
174 314
174 315
174 316
174 317
174 318
174 319
174 431
174 432
174 433
174 436
174 439
174 441
174 442
174 443
174 444
174 445
174 446
174 447
174 448
174 449
174 450
174 468
174 558
174 580
174 582
174 583
174 584
174 585
174 586
174 587
174 588
174 589
174 590
174 591
174 592
174 593
174 594
174 595
174 596
174 597
174 598
174 601
174 633
174 635
174 637
174 763
174 765
174 766
174 767
174 768
174 769
174 770
174 771
174 772
174 774
174 775
174 776
174 777
174 778
174 944
174 945
174 946
174 947
174 948
174 950
174 952
174 953
174 954
174 956
174 957
174 958
174 959
174 960
174 961
174 962
174 963
174 964
174 967
175 176
175 177
175 203
175 223
175 226
175 229
175 230
175 231
175 233
175 268
175 288
175 290
175 291
175 292
175 293
175 294
175 295
175 297
175 298
175 299
175 300
175 301
175 302
175 303
175 304
175 305
175 306
175 307
175 308
175 309
175 310
175 311
175 312
175 313
175 314
175 315
175 316
175 317
175 318
175 319
175 320
175 321
175 434
175 436
175 438
175 439
175 440
175 441
175 442
175 443
175 444
175 445
175 446
175 447
175 448
175 449
175 577
175 579
175 580
175 581
175 582
175 585
175 587
175 589
175 590
175 591
175 592
175 593
175 594
175 595
175 596
175 597
175 599
175 635
175 765
175 768
175 769
175 770
175 771
175 772
175 773
175 774
175 775
175 776
175 777
175 778
175 881
175 946
175 948
175 949
175 950
175 952
175 953
175 954
175 955
175 956
175 957
175 958
175 959
175 960
175 961
175 962
175 963
175 964
175 965
176 177
176 225
176 226
176 227
176 228
176 229
176 230
176 231
176 232
176 290
176 292
176 293
176 294
176 296
176 297
176 298
176 300
176 301
176 302
176 303
176 304
176 305
176 306
176 307
176 308
176 309
176 310
176 311
176 312
176 313
176 314
176 315
176 316
176 317
176 318
176 319
176 432
176 433
176 435
176 436
176 437
176 438
176 440
176 441
176 442
176 443
176 444
176 445
176 446
176 447
176 448
176 449
176 450
176 451
176 452
176 583
176 584
176 586
176 587
176 588
176 589
176 591
176 592
176 593
176 594
176 595
176 596
176 597
176 598
176 599
176 764
176 765
176 766
176 767
176 768
176 769
176 770
176 771
176 772
176 773
176 774
176 775
176 776
176 777
176 778
176 779
176 780
176 782
176 928
176 947
176 948
176 949
176 951
176 952
176 954
176 955
176 956
176 957
176 958
176 959
176 960
176 961
176 962
176 963
176 964
176 965
177 224
177 225
177 226
177 227
177 228
177 229
177 233
177 291
177 292
177 293
177 294
177 295
177 296
177 297
177 298
177 299
177 300
177 301
177 302
177 303
177 304
177 305
177 306
177 307
177 308
177 309
177 310
177 311
177 312
177 313
177 314
177 315
177 316
177 317
177 318
177 319
177 432
177 433
177 436
177 438
177 440
177 441
177 442
177 443
177 444
177 445
177 446
177 447
177 449
177 450
177 510
177 567
177 578
177 579
177 580
177 581
177 582
177 583
177 584
177 585
177 586
177 587
177 588
177 589
177 590
177 591
177 592
177 593
177 594
177 595
177 596
177 597
177 598
177 599
177 626
177 680
177 763
177 764
177 765
177 766
177 767
177 768
177 769
177 770
177 771
177 772
177 773
177 775
177 776
177 777
177 778
177 840
177 881
177 927
177 947
177 951
177 952
177 955
177 956
177 957
177 958
177 959
177 960
177 961
177 962
177 963
177 964
177 965
178 306
178 308
178 309
178 310
178 311
178 312
178 313
178 314
178 315
178 316
178 317
178 318
178 319
178 437
178 448
178 591
178 594
178 596
178 597
178 600
178 776
178 782
178 958
178 959
178 960
178 962
179 306
179 313
179 314
179 315
179 316
179 317
179 318
179 319
179 593
179 595
179 600
180 317
180 318
180 381
180 711
180 930
181 312
181 641
181 785
185 313
186 314
186 964
187 315
188 318
193 319
194 316
194 929
195 314
196 319
197 310
198 302
198 318
199 315
200 512
203 318
203 634
204 317
205 317
214 313
214 316
215 315
215 317
216 314
216 318
219 447
219 767
220 221
220 223
220 230
220 290
220 302
220 317
220 318
220 579
220 585
220 587
220 636
220 759
220 767
220 948
220 955
221 228
221 289
221 290
221 291
221 292
221 294
221 300
221 308
221 312
221 319
221 433
221 440
221 442
221 443
221 444
221 580
221 587
221 590
221 593
221 596
221 761
221 762
221 769
221 774
221 775
221 777
221 778
221 779
221 949
221 957
221 961
222 225
222 228
222 229
222 230
222 288
222 290
222 299
222 301
222 303
222 304
222 305
222 309
222 311
222 312
222 436
222 441
222 445
222 583
222 592
222 593
222 595
222 634
222 762
222 763
222 768
222 772
222 773
222 776
222 944
222 948
222 951
222 952
222 953
222 954
222 955
222 956
222 962
223 226
223 229
223 230
223 289
223 290
223 293
223 296
223 297
223 298
223 300
223 301
223 302
223 308
223 309
223 310
223 315
223 318
223 432
223 434
223 435
223 436
223 437
223 441
223 442
223 450
223 581
223 583
223 586
223 587
223 590
223 592
223 593
223 743
223 762
223 763
223 764
223 766
223 767
223 769
223 773
223 944
223 946
223 948
223 949
223 950
223 952
223 953
223 958
223 959
223 960
223 962
224 230
224 231
224 291
224 292
224 293
224 295
224 298
224 299
224 305
224 307
224 310
224 311
224 312
224 313
224 314
224 318
224 320
224 432
224 433
224 436
224 437
224 441
224 443
224 445
224 446
224 447
224 448
224 526
224 579
224 581
224 582
224 583
224 586
224 588
224 590
224 591
224 594
224 595
224 598
224 762
224 772
224 773
224 774
224 775
224 776
224 947
224 948
224 949
224 950
224 952
224 953
224 954
224 955
224 960
224 962
225 226
225 227
225 230
225 231
225 287
225 290
225 293
225 294
225 295
225 297
225 298
225 299
225 300
225 301
225 302
225 303
225 305
225 306
225 307
225 308
225 309
225 312
225 313
225 314
225 316
225 317
225 431
225 433
225 434
225 438
225 439
225 440
225 442
225 443
225 444
225 445
225 447
225 557
225 578
225 580
225 581
225 583
225 584
225 588
225 590
225 592
225 593
225 595
225 597
225 764
225 765
225 770
225 772
225 773
225 774
225 775
225 777
225 778
225 804
225 946
225 947
225 948
225 950
225 951
225 954
225 956
225 957
225 959
225 961
225 962
225 963
226 228
226 230
226 231
226 232
226 290
226 292
226 293
226 295
226 297
226 298
226 302
226 303
226 305
226 306
226 307
226 308
226 309
226 312
226 313
226 314
226 315
226 316
226 317
226 318
226 319
226 434
226 436
226 437
226 438
226 439
226 441
226 443
226 444
226 445
226 447
226 448
226 449
226 581
226 582
226 583
226 585
226 587
226 588
226 589
226 590
226 591
226 593
226 595
226 596
226 597
226 761
226 762
226 766
226 768
226 769
226 771
226 772
226 774
226 775
226 776
226 804
226 946
226 947
226 950
226 951
226 955
226 956
226 957
226 958
226 959
226 960
226 961
226 962
226 963
226 964
226 965
227 229
227 230
227 290
227 292
227 293
227 295
227 296
227 298
227 299
227 300
227 301
227 302
227 303
227 304
227 305
227 306
227 308
227 309
227 310
227 311
227 312
227 313
227 314
227 315
227 316
227 317
227 318
227 319
227 435
227 436
227 437
227 438
227 442
227 443
227 446
227 447
227 448
227 449
227 586
227 587
227 588
227 589
227 590
227 591
227 593
227 594
227 595
227 596
227 597
227 635
227 655
227 760
227 764
227 765
227 766
227 767
227 768
227 771
227 772
227 775
227 777
227 778
227 943
227 945
227 946
227 947
227 948
227 949
227 951
227 952
227 954
227 956
227 957
227 958
227 960
227 961
227 962
227 964
228 262
228 292
228 293
228 294
228 295
228 296
228 297
228 298
228 299
228 301
228 302
228 303
228 304
228 305
228 306
228 307
228 308
228 309
228 310
228 311
228 312
228 313
228 314
228 315
228 316
228 317
228 318
228 319
228 320
228 431
228 433
228 434
228 435
228 436
228 438
228 439
228 440
228 441
228 442
228 443
228 444
228 445
228 446
228 447
228 448
228 449
228 578
228 580
228 583
228 585
228 586
228 587
228 588
228 593
228 594
228 596
228 597
228 635
228 765
228 766
228 768
228 769
228 770
228 772
228 773
228 774
228 775
228 777
228 945
228 947
228 949
228 950
228 951
228 952
228 953
228 954
228 955
228 957
228 958
228 959
228 960
228 961
228 962
228 963
228 965
229 230
229 231
229 288
229 291
229 292
229 293
229 294
229 296
229 297
229 298
229 300
229 303
229 304
229 305
229 306
229 307
229 308
229 309
229 310
229 311
229 313
229 314
229 315
229 316
229 317
229 319
229 433
229 435
229 438
229 439
229 440
229 441
229 442
229 443
229 444
229 446
229 447
229 448
229 450
229 580
229 581
229 582
229 584
229 585
229 586
229 587
229 588
229 589
229 590
229 592
229 593
229 594
229 596
229 597
229 637
229 719
229 762
229 765
229 766
229 767
229 768
229 769
229 770
229 771
229 772
229 773
229 774
229 775
229 776
229 778
229 781
229 943
229 944
229 945
229 946
229 947
229 948
229 950
229 952
229 953
229 954
229 955
229 956
229 957
229 958
229 959
229 960
229 962
229 963
229 964
229 965
230 231
230 233
230 290
230 292
230 294
230 295
230 296
230 297
230 298
230 299
230 300
230 303
230 304
230 305
230 306
230 308
230 309
230 310
230 311
230 313
230 314
230 316
230 317
230 318
230 319
230 320
230 434
230 435
230 436
230 437
230 438
230 439
230 440
230 442
230 444
230 445
230 447
230 448
230 449
230 451
230 577
230 580
230 583
230 585
230 586
230 587
230 588
230 589
230 590
230 591
230 592
230 593
230 595
230 596
230 597
230 598
230 764
230 765
230 767
230 768
230 770
230 771
230 772
230 773
230 774
230 775
230 776
230 777
230 778
230 822
230 944
230 947
230 948
230 951
230 952
230 955
230 956
230 958
230 959
230 960
230 961
230 962
230 963
230 965
231 291
231 292
231 293
231 295
231 297
231 298
231 300
231 301
231 302
231 304
231 305
231 306
231 308
231 309
231 310
231 311
231 314
231 315
231 316
231 317
231 318
231 319
231 430
231 432
231 436
231 437
231 439
231 441
231 443
231 444
231 445
231 446
231 578
231 583
231 584
231 585
231 586
231 587
231 588
231 589
231 591
231 592
231 594
231 595
231 596
231 636
231 762
231 763
231 764
231 765
231 766
231 767
231 768
231 770
231 771
231 773
231 774
231 775
231 777
231 778
231 947
231 949
231 951
231 952
231 953
231 954
231 955
231 956
231 958
231 959
231 960
231 961
231 962
231 963
231 965
232 292
232 297
232 298
232 303
232 305
232 306
232 310
232 311
232 313
232 315
232 316
232 318
232 319
232 439
232 443
232 445
232 446
232 588
232 590
232 593
232 595
232 596
232 637
232 765
232 766
232 947
232 953
232 956
232 962
232 963
232 964
233 236
233 310
233 311
233 312
233 313
233 317
233 319
233 438
233 445
233 589
233 775
233 944
233 959
234 304
234 311
234 316
234 317
234 775
235 316
235 318
235 954
251 311
253 321
254 309
258 320
263 317
269 316
269 317
269 319
270 315
270 318
270 953
271 319
271 453
272 650
277 317
278 318
282 320
286 572
287 313
287 434
287 583
287 596
287 634
287 759
287 763
287 946
288 292
288 293
288 296
288 299
288 307
288 313
288 314
288 438
288 443
288 445
288 446
288 449
288 450
288 590
288 594
288 595
288 596
288 634
288 769
288 770
288 951
288 963
289 291
289 296
289 299
289 300
289 302
289 307
289 308
289 309
289 311
289 312
289 314
289 318
289 319
289 435
289 436
289 438
289 439
289 440
289 443
289 446
289 449
289 450
289 581
289 588
289 592
289 597
289 598
289 760
289 762
289 769
289 772
289 774
289 776
289 777
289 947
289 948
289 955
289 957
289 958
289 962
289 963
289 964
290 292
290 294
290 297
290 298
290 303
290 305
290 307
290 308
290 309
290 313
290 318
290 319
290 436
290 440
290 441
290 442
290 445
290 446
290 447
290 448
290 449
290 450
290 578
290 580
290 583
290 584
290 587
290 590
290 593
290 597
290 598
290 762
290 766
290 768
290 770
290 771
290 772
290 773
290 776
290 777
290 778
290 950
290 952
290 954
290 955
290 957
290 958
290 961
290 962
290 964
291 292
291 295
291 296
291 297
291 300
291 304
291 305
291 306
291 308
291 310
291 313
291 315
291 316
291 318
291 319
291 432
291 433
291 435
291 436
291 440
291 441
291 444
291 445
291 447
291 449
291 580
291 582
291 584
291 588
291 590
291 594
291 596
291 764
291 766
291 768
291 769
291 770
291 772
291 778
291 943
291 948
291 949
291 951
291 954
291 955
291 956
291 957
291 958
291 959
291 960
291 964
292 294
292 295
292 297
292 298
292 299
292 302
292 304
292 305
292 310
292 311
292 312
292 313
292 314
292 315
292 318
292 319
292 433
292 434
292 436
292 440
292 441
292 443
292 444
292 446
292 447
292 449
292 579
292 581
292 582
292 584
292 585
292 586
292 587
292 589
292 592
292 593
292 594
292 595
292 596
292 597
292 761
292 762
292 764
292 765
292 766
292 768
292 769
292 770
292 776
292 777
292 925
292 926
292 947
292 949
292 952
292 957
292 958
292 959
292 962
292 963
292 964
293 294
293 296
293 297
293 298
293 299
293 300
293 301
293 302
293 303
293 304
293 305
293 307
293 308
293 309
293 311
293 313
293 314
293 318
293 319
293 431
293 434
293 437
293 438
293 440
293 443
293 446
293 447
293 448
293 579
293 580
293 581
293 582
293 583
293 584
293 585
293 586
293 587
293 588
293 589
293 590
293 591
293 592
293 593
293 595
293 596
293 598
293 635
293 761
293 763
293 765
293 767
293 769
293 770
293 771
293 772
293 773
293 775
293 776
293 777
293 778
293 944
293 945
293 949
293 950
293 951
293 952
293 957
293 959
293 962
293 963
293 964
293 981
294 295
294 296
294 298
294 299
294 302
294 303
294 305
294 306
294 308
294 309
294 310
294 311
294 312
294 313
294 315
294 316
294 317
294 431
294 433
294 434
294 437
294 438
294 439
294 440
294 441
294 442
294 443
294 444
294 445
294 446
294 448
294 449
294 579
294 580
294 582
294 584
294 587
294 589
294 592
294 593
294 594
294 596
294 598
294 761
294 763
294 766
294 767
294 768
294 769
294 770
294 771
294 773
294 774
294 776
294 777
294 880
294 946
294 947
294 948
294 949
294 950
294 951
294 952
294 954
294 955
294 956
294 957
294 959
294 960
294 962
294 963
295 296
295 298
295 300
295 303
295 304
295 305
295 306
295 307
295 308
295 309
295 310
295 311
295 312
295 313
295 314
295 315
295 316
295 317
295 318
295 434
295 437
295 438
295 439
295 444
295 445
295 446
295 447
295 580
295 582
295 583
295 584
295 586
295 587
295 588
295 589
295 590
295 591
295 593
295 594
295 595
295 760
295 763
295 764
295 767
295 768
295 769
295 771
295 772
295 773
295 774
295 775
295 776
295 777
295 941
295 944
295 947
295 948
295 950
295 951
295 952
295 953
295 954
295 955
295 956
295 957
295 958
295 959
295 960
295 961
295 963
295 964
295 966
296 297
296 298
296 299
296 300
296 301
296 303
296 304
296 308
296 309
296 310
296 311
296 312
296 314
296 315
296 316
296 318
296 319
296 433
296 434
296 436
296 438
296 439
296 441
296 442
296 443
296 444
296 446
296 447
296 448
296 581
296 582
296 583
296 584
296 585
296 586
296 587
296 588
296 589
296 590
296 591
296 593
296 594
296 596
296 761
296 765
296 766
296 767
296 768
296 769
296 770
296 771
296 773
296 774
296 775
296 777
296 945
296 948
296 950
296 951
296 953
296 954
296 955
296 956
296 957
296 958
296 961
296 962
296 963
296 964
296 979
297 298
297 300
297 301
297 302
297 303
297 305
297 307
297 308
297 310
297 311
297 312
297 313
297 314
297 315
297 316
297 317
297 318
297 434
297 436
297 437
297 438
297 440
297 441
297 442
297 443
297 444
297 445
297 446
297 447
297 448
297 449
297 451
297 580
297 581
297 583
297 584
297 586
297 587
297 588
297 589
297 590
297 591
297 592
297 593
297 594
297 595
297 596
297 597
297 598
297 763
297 764
297 765
297 766
297 767
297 768
297 769
297 771
297 772
297 773
297 774
297 775
297 776
297 777
297 945
297 947
297 948
297 950
297 951
297 952
297 953
297 954
297 955
297 956
297 957
297 958
297 960
297 961
297 963
298 299
298 300
298 301
298 302
298 303
298 304
298 305
298 308
298 310
298 312
298 313
298 314
298 315
298 316
298 317
298 318
298 319
298 320
298 434
298 435
298 436
298 438
298 439
298 440
298 441
298 442
298 443
298 444
298 445
298 446
298 447
298 448
298 449
298 558
298 579
298 580
298 582
298 584
298 586
298 587
298 588
298 589
298 590
298 591
298 592
298 593
298 594
298 595
298 597
298 598
298 762
298 764
298 766
298 768
298 769
298 770
298 771
298 772
298 773
298 774
298 775
298 776
298 777
298 778
298 947
298 949
298 950
298 952
298 953
298 954
298 955
298 956
298 957
298 958
298 959
298 960
298 961
298 962
298 963
299 300
299 301
299 302
299 303
299 304
299 305
299 306
299 307
299 308
299 309
299 310
299 311
299 312
299 313
299 314
299 315
299 316
299 317
299 318
299 319
299 320
299 433
299 434
299 437
299 439
299 440
299 441
299 442
299 443
299 444
299 445
299 446
299 447
299 448
299 449
299 581
299 582
299 583
299 584
299 585
299 586
299 587
299 588
299 589
299 591
299 592
299 593
299 594
299 595
299 596
299 597
299 709
299 760
299 762
299 763
299 764
299 765
299 766
299 767
299 768
299 770
299 771
299 772
299 773
299 774
299 775
299 776
299 777
299 881
299 950
299 951
299 953
299 954
299 955
299 957
299 958
299 959
299 960
299 961
299 962
299 963
299 964
300 301
300 302
300 303
300 304
300 305
300 306
300 307
300 308
300 309
300 310
300 311
300 313
300 314
300 315
300 316
300 317
300 318
300 320
300 432
300 440
300 441
300 442
300 444
300 445
300 446
300 447
300 448
300 450
300 579
300 582
300 583
300 584
300 585
300 586
300 587
300 588
300 589
300 590
300 591
300 592
300 593
300 594
300 595
300 596
300 597
300 635
300 762
300 763
300 764
300 765
300 767
300 769
300 770
300 771
300 772
300 773
300 774
300 775
300 776
300 777
300 944
300 947
300 948
300 949
300 950
300 951
300 952
300 953
300 954
300 955
300 956
300 957
300 958
300 959
300 960
300 961
300 962
300 963
300 964
301 302
301 303
301 304
301 305
301 306
301 307
301 308
301 309
301 310
301 311
301 312
301 313
301 314
301 315
301 316
301 317
301 318
301 319
301 320
301 434
301 436
301 437
301 438
301 439
301 440
301 441
301 442
301 443
301 444
301 445
301 446
301 447
301 448
301 449
301 450
301 452
301 580
301 581
301 583
301 584
301 585
301 586
301 587
301 588
301 589
301 590
301 591
301 592
301 593
301 594
301 595
301 596
301 597
301 598
301 638
301 764
301 766
301 768
301 769
301 770
301 771
301 772
301 773
301 774
301 775
301 776
301 777
301 778
301 947
301 948
301 949
301 950
301 951
301 953
301 954
301 955
301 956
301 957
301 958
301 959
301 960
301 961
301 962
301 963
301 964
302 303
302 304
302 305
302 306
302 307
302 308
302 309
302 310
302 311
302 312
302 313
302 314
302 315
302 316
302 317
302 318
302 319
302 320
302 434
302 435
302 436
302 437
302 439
302 441
302 442
302 443
302 444
302 445
302 446
302 447
302 448
302 581
302 583
302 585
302 586
302 587
302 588
302 590
302 591
302 592
302 593
302 594
302 595
302 596
302 597
302 598
302 636
302 763
302 765
302 766
302 767
302 768
302 769
302 770
302 772
302 773
302 774
302 775
302 776
302 777
302 778
302 946
302 947
302 948
302 949
302 951
302 952
302 953
302 954
302 955
302 956
302 957
302 958
302 959
302 960
302 961
302 962
302 963
302 964
302 965
303 304
303 305
303 306
303 307
303 308
303 309
303 310
303 311
303 312
303 313
303 314
303 315
303 316
303 317
303 318
303 319
303 320
303 435
303 436
303 437
303 438
303 439
303 440
303 441
303 442
303 443
303 444
303 445
303 446
303 447
303 448
303 449
303 568
303 579
303 580
303 581
303 582
303 584
303 585
303 586
303 587
303 588
303 589
303 590
303 591
303 592
303 593
303 594
303 595
303 596
303 597
303 598
303 636
303 765
303 766
303 767
303 770
303 772
303 773
303 774
303 775
303 776
303 777
303 778
303 805
303 945
303 948
303 949
303 950
303 951
303 952
303 953
303 954
303 955
303 956
303 957
303 958
303 959
303 960
303 961
303 962
303 963
303 964
303 965
304 305
304 306
304 307
304 308
304 309
304 310
304 311
304 312
304 313
304 314
304 315
304 316
304 317
304 318
304 319
304 320
304 433
304 435
304 439
304 440
304 441
304 442
304 444
304 445
304 446
304 447
304 448
304 449
304 451
304 582
304 583
304 584
304 585
304 586
304 587
304 588
304 589
304 590
304 591
304 592
304 593
304 594
304 595
304 596
304 597
304 636
304 762
304 764
304 765
304 766
304 767
304 768
304 769
304 770
304 771
304 772
304 773
304 774
304 775
304 776
304 777
304 944
304 947
304 949
304 951
304 952
304 953
304 955
304 956
304 958
304 959
304 960
304 961
304 962
304 963
304 964
304 965
305 306
305 307
305 308
305 309
305 310
305 311
305 312
305 313
305 314
305 315
305 316
305 317
305 318
305 319
305 320
305 432
305 434
305 435
305 436
305 437
305 438
305 439
305 440
305 441
305 442
305 443
305 444
305 445
305 447
305 448
305 449
305 450
305 567
305 577
305 579
305 582
305 583
305 584
305 586
305 587
305 588
305 589
305 590
305 591
305 592
305 593
305 594
305 595
305 596
305 597
305 598
305 599
305 719
305 762
305 763
305 764
305 765
305 767
305 768
305 770
305 771
305 772
305 773
305 774
305 775
305 776
305 777
305 778
305 926
305 927
305 944
305 946
305 948
305 949
305 950
305 951
305 952
305 954
305 955
305 956
305 957
305 958
305 959
305 960
305 961
305 962
305 963
305 964
305 965
305 980
306 307
306 308
306 309
306 310
306 311
306 312
306 313
306 314
306 315
306 316
306 317
306 318
306 319
306 320
306 434
306 437
306 438
306 439
306 440
306 441
306 442
306 443
306 444
306 445
306 446
306 447
306 448
306 449
306 568
306 581
306 582
306 584
306 585
306 588
306 589
306 590
306 591
306 592
306 593
306 594
306 595
306 596
306 597
306 598
306 636
306 764
306 765
306 766
306 767
306 768
306 769
306 770
306 771
306 772
306 773
306 774
306 775
306 776
306 777
306 778
306 880
306 945
306 946
306 948
306 950
306 951
306 952
306 953
306 954
306 955
306 956
306 957
306 958
306 959
306 960
306 961
306 962
306 963
306 964
307 308
307 309
307 310
307 311
307 312
307 313
307 314
307 315
307 316
307 317
307 318
307 319
307 320
307 435
307 436
307 437
307 438
307 439
307 440
307 441
307 442
307 443
307 444
307 445
307 446
307 447
307 448
307 449
307 450
307 502
307 558
307 580
307 581
307 582
307 583
307 585
307 587
307 588
307 589
307 591
307 592
307 593
307 594
307 595
307 596
307 597
307 635
307 651
307 761
307 762
307 763
307 764
307 766
307 767
307 769
307 772
307 773
307 774
307 775
307 776
307 777
307 779
307 943
307 946
307 948
307 949
307 950
307 951
307 952
307 953
307 955
307 956
307 957
307 958
307 959
307 960
307 961
307 962
307 963
307 964
307 965
307 966
308 309
308 310
308 311
308 312
308 313
308 314
308 315
308 316
308 317
308 318
308 319
308 320
308 434
308 436
308 439
308 440
308 441
308 442
308 443
308 444
308 445
308 446
308 447
308 448
308 449
308 450
308 451
308 452
308 498
308 579
308 580
308 581
308 582
308 583
308 584
308 585
308 586
308 587
308 588
308 589
308 590
308 591
308 592
308 593
308 594
308 595
308 596
308 597
308 598
308 639
308 647
308 759
308 763
308 766
308 767
308 768
308 769
308 771
308 772
308 773
308 774
308 775
308 776
308 777
308 778
308 883
308 945
308 947
308 948
308 949
308 951
308 952
308 953
308 954
308 955
308 957
308 958
308 959
308 960
308 961
308 962
308 963
308 964
308 966
309 310
309 311
309 312
309 313
309 314
309 315
309 316
309 317
309 318
309 319
309 320
309 431
309 434
309 435
309 437
309 438
309 439
309 440
309 441
309 442
309 443
309 444
309 445
309 446
309 447
309 448
309 449
309 450
309 451
309 498
309 581
309 583
309 584
309 585
309 586
309 587
309 589
309 590
309 591
309 592
309 593
309 594
309 595
309 596
309 597
309 598
309 626
309 634
309 635
309 648
309 762
309 764
309 766
309 767
309 769
309 770
309 771
309 772
309 773
309 774
309 775
309 776
309 777
309 778
309 779
309 804
309 926
309 928
309 946
309 948
309 949
309 951
309 952
309 953
309 954
309 955
309 956
309 957
309 958
309 959
309 960
309 961
309 962
309 963
309 964
309 965
309 966
309 987
310 311
310 312
310 313
310 314
310 315
310 316
310 317
310 318
310 319
310 320
310 321
310 429
310 434
310 436
310 437
310 438
310 439
310 440
310 441
310 442
310 443
310 444
310 445
310 446
310 447
310 448
310 449
310 450
310 452
310 475
310 488
310 582
310 583
310 586
310 587
310 588
310 589
310 590
310 591
310 592
310 593
310 594
310 595
310 596
310 597
310 598
310 599
310 634
310 638
310 639
310 736
310 763
310 767
310 768
310 769
310 770
310 771
310 772
310 773
310 774
310 775
310 776
310 777
310 779
310 780
310 806
310 926
310 944
310 947
310 948
310 949
310 950
310 951
310 953
310 954
310 955
310 956
310 957
310 958
310 959
310 960
310 961
310 962
310 963
310 964
310 965
310 966
310 983
311 312
311 313
311 314
311 315
311 316
311 317
311 318
311 319
311 320
311 433
311 434
311 435
311 437
311 438
311 439
311 440
311 441
311 442
311 443
311 444
311 446
311 447
311 448
311 449
311 450
311 453
311 580
311 581
311 582
311 584
311 585
311 586
311 587
311 588
311 589
311 590
311 591
311 592
311 593
311 594
311 595
311 596
311 597
311 598
311 599
311 635
311 749
311 765
311 768
311 769
311 770
311 771
311 772
311 773
311 774
311 775
311 776
311 777
311 778
311 779
311 780
311 860
311 880
311 925
311 946
311 947
311 948
311 950
311 951
311 953
311 954
311 955
311 956
311 957
311 958
311 959
311 960
311 961
311 962
311 963
311 964
311 965
311 969
311 978
312 313
312 314
312 315
312 316
312 317
312 318
312 319
312 320
312 375
312 432
312 436
312 437
312 439
312 440
312 441
312 442
312 443
312 444
312 445
312 446
312 447
312 448
312 449
312 450
312 453
312 467
312 476
312 498
312 503
312 519
312 561
312 567
312 570
312 579
312 582
312 583
312 584
312 585
312 587
312 588
312 589
312 590
312 591
312 592
312 593
312 594
312 595
312 596
312 597
312 598
312 599
312 635
312 638
312 639
312 710
312 765
312 766
312 767
312 768
312 769
312 770
312 771
312 772
312 773
312 774
312 775
312 776
312 777
312 779
312 780
312 805
312 861
312 881
312 926
312 929
312 946
312 950
312 953
312 955
312 956
312 957
312 958
312 959
312 960
312 961
312 962
312 963
312 964
312 965
312 966
312 981
313 314
313 315
313 316
313 317
313 318
313 319
313 320
313 351
313 429
313 433
313 435
313 436
313 437
313 438
313 439
313 440
313 441
313 442
313 443
313 444
313 445
313 446
313 447
313 448
313 449
313 450
313 520
313 565
313 568
313 569
313 578
313 584
313 585
313 586
313 587
313 588
313 589
313 590
313 591
313 592
313 593
313 594
313 595
313 596
313 597
313 598
313 599
313 636
313 637
313 640
313 650
313 659
313 716
313 745
313 754
313 756
313 762
313 763
313 765
313 766
313 767
313 768
313 769
313 770
313 771
313 773
313 774
313 775
313 776
313 777
313 778
313 779
313 781
313 803
313 805
313 882
313 926
313 946
313 947
313 950
313 951
313 952
313 953
313 954
313 955
313 957
313 958
313 959
313 960
313 961
313 962
313 963
313 964
313 965
313 966
313 967
313 971
313 979
314 315
314 316
314 317
314 318
314 319
314 320
314 342
314 390
314 408
314 427
314 432
314 433
314 437
314 438
314 439
314 440
314 441
314 442
314 443
314 444
314 445
314 446
314 447
314 448
314 449
314 450
314 451
314 452
314 458
314 487
314 498
314 534
314 570
314 572
314 581
314 583
314 584
314 585
314 586
314 587
314 588
314 589
314 590
314 591
314 592
314 593
314 594
314 595
314 596
314 597
314 598
314 599
314 600
314 603
314 636
314 637
314 638
314 649
314 715
314 725
314 744
314 754
314 755
314 760
314 762
314 766
314 768
314 769
314 770
314 771
314 772
314 773
314 774
314 775
314 776
314 777
314 778
314 779
314 780
314 781
314 883
314 946
314 948
314 949
314 950
314 951
314 952
314 953
314 954
314 955
314 956
314 957
314 958
314 959
314 960
314 961
314 962
314 963
314 964
314 965
314 966
314 967
314 982
315 316
315 317
315 318
315 319
315 320
315 321
315 332
315 343
315 352
315 361
315 431
315 432
315 433
315 434
315 435
315 436
315 437
315 438
315 439
315 440
315 441
315 442
315 443
315 444
315 445
315 446
315 447
315 448
315 449
315 450
315 451
315 452
315 480
315 497
315 499
315 504
315 526
315 533
315 536
315 559
315 580
315 582
315 585
315 586
315 587
315 588
315 589
315 590
315 591
315 592
315 593
315 594
315 595
315 596
315 597
315 598
315 599
315 600
315 601
315 611
315 629
315 635
315 637
315 638
315 666
315 714
315 719
315 744
315 763
315 766
315 767
315 768
315 769
315 770
315 771
315 772
315 773
315 774
315 775
315 776
315 777
315 778
315 780
315 783
315 806
315 811
315 838
315 851
315 868
315 881
315 927
315 928
315 931
315 941
315 944
315 945
315 948
315 950
315 951
315 952
315 954
315 955
315 956
315 957
315 958
315 959
315 960
315 961
315 962
315 963
315 964
315 965
315 966
315 967
315 970
316 317
316 318
316 319
316 320
316 321
316 338
316 342
316 352
316 353
316 363
316 379
316 380
316 395
316 428
316 432
316 433
316 435
316 436
316 437
316 438
316 439
316 440
316 441
316 442
316 443
316 444
316 445
316 446
316 447
316 448
316 449
316 450
316 452
316 472
316 476
316 504
316 521
316 535
316 538
316 547
316 559
316 566
316 577
316 580
316 582
316 583
316 585
316 586
316 587
316 588
316 589
316 590
316 591
316 592
316 593
316 594
316 595
316 596
316 597
316 598
316 599
316 627
316 635
316 637
316 638
316 639
316 640
316 641
316 652
316 715
316 720
316 734
316 755
316 763
316 764
316 766
316 767
316 768
316 769
316 770
316 771
316 772
316 773
316 774
316 775
316 776
316 777
316 778
316 779
316 781
316 782
316 797
316 804
316 812
316 861
316 862
316 867
316 880
316 882
316 893
316 922
316 923
316 928
316 942
316 945
316 947
316 948
316 949
316 951
316 952
316 953
316 955
316 956
316 957
316 958
316 959
316 960
316 961
316 962
316 963
316 964
316 965
316 966
316 969
316 972
316 981
316 982
316 984
316 993
316 998
317 318
317 319
317 320
317 321
317 376
317 380
317 391
317 396
317 406
317 415
317 419
317 433
317 434
317 437
317 438
317 439
317 440
317 441
317 442
317 443
317 444
317 445
317 446
317 447
317 448
317 449
317 450
317 451
317 452
317 453
317 454
317 459
317 469
317 496
317 503
317 548
317 568
317 571
317 573
317 578
317 579
317 580
317 582
317 583
317 584
317 585
317 586
317 587
317 588
317 589
317 590
317 591
317 592
317 593
317 594
317 595
317 596
317 597
317 598
317 599
317 600
317 601
317 628
317 634
317 636
317 637
317 639
317 641
317 651
317 692
317 720
317 755
317 756
317 766
317 768
317 770
317 771
317 772
317 773
317 774
317 775
317 776
317 777
317 778
317 779
317 780
317 781
317 782
317 806
317 807
317 848
317 870
317 880
317 882
317 922
317 927
317 928
317 929
317 946
317 949
317 950
317 951
317 952
317 954
317 955
317 956
317 957
317 958
317 959
317 960
317 961
317 962
317 963
317 964
317 965
317 966
317 967
317 968
318 319
318 320
318 321
318 337
318 364
318 380
318 392
318 433
318 435
318 436
318 437
318 438
318 439
318 440
318 441
318 442
318 443
318 444
318 445
318 446
318 447
318 448
318 449
318 450
318 451
318 452
318 464
318 519
318 521
318 558
318 559
318 560
318 578
318 581
318 582
318 586
318 587
318 588
318 590
318 591
318 592
318 593
318 594
318 595
318 596
318 597
318 598
318 599
318 600
318 601
318 627
318 628
318 629
318 637
318 639
318 640
318 641
318 649
318 720
318 756
318 758
318 760
318 762
318 764
318 765
318 766
318 767
318 768
318 769
318 770
318 771
318 772
318 773
318 774
318 775
318 776
318 777
318 778
318 779
318 780
318 804
318 805
318 813
318 824
318 844
318 848
318 894
318 926
318 927
318 941
318 945
318 946
318 948
318 949
318 950
318 951
318 952
318 953
318 954
318 955
318 956
318 957
318 958
318 959
318 960
318 961
318 962
318 963
318 964
318 965
318 966
318 967
318 980
318 982
319 320
319 321
319 345
319 380
319 432
319 433
319 434
319 440
319 441
319 442
319 443
319 444
319 446
319 447
319 448
319 449
319 450
319 451
319 463
319 497
319 499
319 509
319 547
319 570
319 571
319 577
319 583
319 584
319 586
319 587
319 588
319 589
319 590
319 591
319 592
319 593
319 594
319 595
319 596
319 597
319 598
319 599
319 600
319 601
319 634
319 635
319 636
319 640
319 741
319 766
319 767
319 768
319 769
319 770
319 771
319 772
319 773
319 775
319 776
319 777
319 778
319 779
319 780
319 784
319 805
319 806
319 872
319 882
319 927
319 929
319 944
319 949
319 950
319 951
319 952
319 953
319 954
319 955
319 956
319 957
319 958
319 959
319 960
319 961
319 962
319 963
319 964
319 965
319 966
319 967
319 975
319 981
319 983
319 999
320 339
320 437
320 439
320 446
320 447
320 448
320 450
320 526
320 569
320 584
320 588
320 591
320 593
320 596
320 597
320 598
320 599
320 601
320 627
320 641
320 648
320 761
320 771
320 775
320 776
320 957
320 958
320 960
320 961
320 962
320 963
320 964
320 965
320 976
320 983
321 460
321 640
321 642
321 721
321 781
321 969
322 522
322 560
322 942
327 970
341 443
362 603
362 963
379 591
379 961
380 594
382 446
382 963
395 587
397 930
401 746
416 968
418 588
430 438
430 577
430 581
430 633
430 761
430 773
430 963
431 436
431 440
431 447
431 449
431 578
431 582
431 588
431 591
431 592
431 760
431 761
431 766
431 769
431 772
431 773
431 775
431 778
431 951
431 956
431 959
431 965
432 440
432 446
432 447
432 582
432 585
432 588
432 589
432 592
432 597
432 636
432 763
432 767
432 770
432 771
432 773
432 777
432 778
432 947
432 955
432 964
433 436
433 438
433 440
433 443
433 446
433 578
433 581
433 582
433 585
433 587
433 589
433 590
433 594
433 598
433 762
433 763
433 766
433 768
433 769
433 771
433 774
433 775
433 776
433 946
433 948
433 952
433 953
433 954
433 955
433 956
433 957
433 962
434 435
434 439
434 442
434 447
434 448
434 451
434 583
434 584
434 585
434 587
434 592
434 594
434 595
434 636
434 763
434 766
434 767
434 769
434 773
434 778
434 946
434 948
434 950
434 955
434 956
434 958
434 961
434 963
435 441
435 443
435 444
435 445
435 446
435 447
435 450
435 580
435 582
435 585
435 588
435 590
435 591
435 592
435 593
435 594
435 596
435 597
435 635
435 764
435 766
435 769
435 770
435 771
435 772
435 773
435 776
435 777
435 949
435 950
435 954
435 956
435 957
435 961
435 962
435 965
436 438
436 439
436 440
436 441
436 442
436 443
436 444
436 446
436 447
436 448
436 449
436 579
436 580
436 582
436 583
436 585
436 587
436 589
436 590
436 591
436 593
436 594
436 595
436 597
436 635
436 650
436 760
436 764
436 766
436 767
436 769
436 770
436 772
436 773
436 775
436 776
436 778
436 945
436 946
436 950
436 952
436 953
436 954
436 955
436 957
436 958
436 959
436 960
436 961
436 965
437 438
437 439
437 440
437 441
437 443
437 444
437 445
437 584
437 585
437 587
437 588
437 589
437 590
437 594
437 596
437 597
437 762
437 765
437 766
437 768
437 769
437 771
437 772
437 773
437 774
437 775
437 777
437 944
437 946
437 947
437 948
437 950
437 951
437 952
437 953
437 954
437 958
437 959
437 961
437 962
437 963
438 440
438 444
438 445
438 446
438 447
438 448
438 449
438 451
438 579
438 582
438 583
438 584
438 585
438 586
438 588
438 592
438 593
438 594
438 595
438 597
438 598
438 762
438 765
438 766
438 767
438 769
438 772
438 773
438 775
438 777
438 945
438 949
438 950
438 951
438 952
438 955
438 956
438 957
438 958
438 959
438 960
438 961
438 962
438 963
438 964
438 965
439 440
439 443
439 444
439 445
439 446
439 447
439 448
439 517
439 579
439 581
439 582
439 584
439 585
439 586
439 587
439 588
439 589
439 590
439 591
439 594
439 595
439 596
439 597
439 634
439 635
439 636
439 763
439 766
439 768
439 769
439 770
439 771
439 772
439 773
439 775
439 776
439 777
439 946
439 947
439 948
439 949
439 950
439 951
439 952
439 953
439 954
439 955
439 956
439 958
439 960
439 961
439 962
439 963
439 965
440 441
440 442
440 444
440 445
440 446
440 448
440 449
440 450
440 578
440 581
440 582
440 584
440 586
440 587
440 588
440 589
440 590
440 592
440 593
440 594
440 595
440 596
440 597
440 598
440 634
440 636
440 764
440 769
440 770
440 771
440 772
440 773
440 774
440 775
440 776
440 777
440 778
440 779
440 945
440 947
440 948
440 950
440 951
440 952
440 953
440 954
440 955
440 957
440 961
440 962
440 963
440 964
440 966
441 442
441 443
441 444
441 445
441 446
441 447
441 448
441 449
441 582
441 584
441 585
441 587
441 588
441 589
441 591
441 592
441 593
441 594
441 595
441 596
441 597
441 764
441 765
441 766
441 767
441 768
441 770
441 771
441 772
441 773
441 774
441 776
441 777
441 778
441 948
441 950
441 951
441 952
441 953
441 956
441 957
441 958
441 959
441 960
441 961
441 962
441 963
441 964
441 965
442 444
442 445
442 446
442 447
442 448
442 449
442 578
442 581
442 582
442 584
442 585
442 586
442 587
442 589
442 590
442 591
442 592
442 594
442 595
442 596
442 597
442 598
442 634
442 637
442 762
442 764
442 766
442 768
442 769
442 771
442 772
442 773
442 775
442 776
442 777
442 945
442 947
442 948
442 949
442 950
442 951
442 952
442 953
442 954
442 955
442 956
442 957
442 958
442 959
442 960
442 961
442 962
442 963
443 444
443 445
443 446
443 447
443 448
443 449
443 450
443 580
443 581
443 582
443 583
443 584
443 585
443 586
443 587
443 588
443 589
443 590
443 591
443 592
443 593
443 594
443 595
443 596
443 597
443 634
443 761
443 762
443 764
443 765
443 766
443 768
443 769
443 772
443 773
443 774
443 775
443 776
443 777
443 945
443 949
443 950
443 951
443 953
443 954
443 955
443 957
443 958
443 959
443 960
443 961
443 962
443 963
443 964
444 445
444 446
444 447
444 448
444 452
444 580
444 585
444 586
444 587
444 588
444 589
444 590
444 591
444 592
444 593
444 594
444 595
444 596
444 597
444 634
444 639
444 647
444 719
444 763
444 765
444 766
444 767
444 768
444 769
444 771
444 772
444 773
444 774
444 775
444 776
444 777
444 778
444 880
444 943
444 945
444 947
444 948
444 949
444 951
444 952
444 954
444 955
444 956
444 957
444 958
444 959
444 960
444 961
444 962
444 963
444 964
445 446
445 447
445 448
445 449
445 580
445 581
445 582
445 583
445 584
445 585
445 586
445 587
445 588
445 589
445 590
445 591
445 592
445 593
445 594
445 595
445 596
445 597
445 598
445 635
445 763
445 764
445 765
445 766
445 767
445 768
445 769
445 770
445 771
445 772
445 773
445 774
445 775
445 776
445 777
445 778
445 852
445 945
445 947
445 949
445 950
445 951
445 952
445 953
445 954
445 955
445 956
445 957
445 958
445 959
445 960
445 961
445 962
445 963
445 964
445 965
445 966
446 447
446 448
446 449
446 453
446 580
446 582
446 584
446 585
446 586
446 588
446 589
446 590
446 591
446 592
446 593
446 594
446 595
446 596
446 597
446 638
446 762
446 764
446 765
446 767
446 768
446 769
446 770
446 771
446 772
446 773
446 774
446 775
446 776
446 777
446 778
446 944
446 945
446 948
446 949
446 950
446 951
446 953
446 954
446 955
446 956
446 957
446 958
446 959
446 960
446 961
446 962
446 963
446 964
446 965
446 981
447 448
447 449
447 578
447 579
447 582
447 583
447 584
447 585
447 586
447 587
447 588
447 589
447 590
447 591
447 592
447 593
447 594
447 595
447 596
447 597
447 598
447 761
447 763
447 764
447 765
447 766
447 768
447 769
447 770
447 771
447 772
447 773
447 774
447 775
447 776
447 777
447 778
447 948
447 949
447 950
447 951
447 952
447 953
447 954
447 955
447 956
447 958
447 959
447 960
447 961
447 962
447 963
447 964
448 449
448 450
448 518
448 581
448 583
448 586
448 587
448 588
448 589
448 590
448 591
448 592
448 593
448 594
448 595
448 596
448 597
448 598
448 636
448 763
448 766
448 769
448 770
448 772
448 773
448 774
448 775
448 777
448 778
448 803
448 939
448 947
448 948
448 949
448 950
448 951
448 952
448 953
448 954
448 955
448 956
448 957
448 958
448 959
448 960
448 961
448 962
448 963
448 964
448 965
448 966
449 578
449 582
449 583
449 585
449 586
449 588
449 589
449 590
449 591
449 592
449 593
449 594
449 595
449 596
449 597
449 598
449 626
449 761
449 765
449 766
449 767
449 768
449 769
449 770
449 773
449 774
449 775
449 776
449 777
449 778
449 805
449 810
449 952
449 954
449 955
449 956
449 957
449 958
449 959
449 960
449 961
449 962
449 963
449 964
449 965
449 966
450 580
450 581
450 583
450 585
450 588
450 590
450 591
450 595
450 596
450 598
450 637
450 764
450 772
450 803
450 951
450 953
450 960
450 961
450 962
450 963
451 584
451 585
451 595
451 719
451 767
451 770
451 773
451 949
451 964
451 965
452 587
452 770
452 959
453 696
454 602
456 548
458 592
458 770
459 965
470 806
495 777
496 593
496 766
497 595
498 560
498 580
499 807
499 883
500 992
505 632
507 720
519 599
523 778
527 896
537 770
546 595
547 954
558 777
558 947
558 959
559 597
559 650
561 574
564 776
569 594
577 597
577 763
577 777
577 952
578 580
578 581
578 587
578 591
578 597
578 636
578 761
578 763
578 769
578 773
578 946
578 950
578 951
578 952
578 953
578 958
578 965
578 967
579 582
579 584
579 585
579 587
579 588
579 592
579 594
579 595
579 597
579 762
579 767
579 771
579 772
579 773
579 950
579 951
579 958
579 960
579 964
580 582
580 584
580 586
580 588
580 590
580 591
580 592
580 594
580 595
580 596
580 764
580 765
580 766
580 769
580 770
580 771
580 775
580 946
580 949
580 952
580 954
580 956
580 957
580 960
580 961
580 962
581 582
581 583
581 587
581 589
581 591
581 592
581 593
581 595
581 597
581 635
581 765
581 769
581 772
581 776
581 777
581 778
581 779
581 948
581 954
581 955
581 959
581 961
581 962
581 963
582 583
582 586
582 587
582 588
582 589
582 590
582 591
582 594
582 595
582 596
582 597
582 598
582 634
582 761
582 764
582 766
582 767
582 769
582 770
582 771
582 772
582 773
582 774
582 775
582 776
582 944
582 949
582 950
582 951
582 952
582 955
582 956
582 957
582 959
582 961
583 585
583 586
583 588
583 589
583 591
583 593
583 594
583 595
583 596
583 597
583 598
583 761
583 764
583 769
583 770
583 771
583 773
583 774
583 775
583 776
583 777
583 947
583 948
583 949
583 950
583 951
583 952
583 953
583 954
583 955
583 956
583 957
583 958
583 959
583 960
583 961
583 962
583 963
583 964
584 585
584 586
584 587
584 589
584 590
584 592
584 593
584 594
584 595
584 596
584 597
584 633
584 635
584 762
584 765
584 766
584 767
584 769
584 770
584 771
584 772
584 775
584 776
584 778
584 946
584 948
584 950
584 951
584 952
584 953
584 954
584 955
584 956
584 957
584 958
584 960
584 962
584 963
584 964
585 586
585 587
585 588
585 589
585 590
585 591
585 592
585 593
585 594
585 595
585 596
585 597
585 598
585 763
585 766
585 768
585 769
585 770
585 772
585 773
585 774
585 775
585 776
585 949
585 950
585 951
585 952
585 953
585 954
585 955
585 956
585 957
585 958
585 960
585 961
585 962
585 963
585 964
586 587
586 588
586 590
586 591
586 592
586 593
586 594
586 595
586 596
586 597
586 598
586 762
586 765
586 766
586 768
586 769
586 770
586 771
586 772
586 774
586 775
586 776
586 777
586 778
586 925
586 946
586 947
586 949
586 951
586 952
586 953
586 955
586 956
586 957
586 958
586 959
586 960
586 961
586 962
586 963
586 964
586 965
587 588
587 589
587 591
587 592
587 593
587 594
587 595
587 596
587 597
587 598
587 761
587 764
587 765
587 766
587 768
587 769
587 770
587 771
587 772
587 773
587 774
587 775
587 776
587 777
587 779
587 880
587 944
587 945
587 946
587 948
587 949
587 950
587 951
587 952
587 954
587 955
587 956
587 957
587 958
587 959
587 961
587 963
587 964
588 589
588 590
588 591
588 592
588 593
588 594
588 595
588 596
588 597
588 762
588 765
588 766
588 767
588 768
588 769
588 770
588 771
588 772
588 773
588 774
588 775
588 776
588 779
588 946
588 950
588 951
588 952
588 953
588 954
588 955
588 957
588 958
588 959
588 960
588 961
588 962
588 963
588 964
589 590
589 591
589 592
589 593
589 594
589 595
589 596
589 597
589 598
589 636
589 761
589 763
589 764
589 765
589 767
589 768
589 769
589 770
589 771
589 772
589 773
589 774
589 775
589 776
589 777
589 778
589 943
589 944
589 945
589 949
589 950
589 951
589 953
589 954
589 956
589 957
589 958
589 959
589 960
589 961
589 962
589 963
589 964
590 591
590 592
590 593
590 594
590 595
590 596
590 597
590 638
590 765
590 767
590 768
590 769
590 770
590 771
590 772
590 773
590 774
590 775
590 776
590 777
590 778
590 944
590 946
590 947
590 948
590 949
590 951
590 952
590 953
590 954
590 955
590 956
590 957
590 958
590 959
590 960
590 961
590 962
590 963
590 964
591 592
591 593
591 594
591 595
591 596
591 597
591 598
591 636
591 760
591 761
591 764
591 765
591 766
591 767
591 768
591 769
591 770
591 771
591 772
591 773
591 774
591 775
591 776
591 777
591 778
591 804
591 943
591 946
591 947
591 948
591 949
591 950
591 951
591 952
591 953
591 954
591 955
591 956
591 958
591 959
591 960
591 961
591 962
591 963
591 964
591 965
591 977
592 593
592 594
592 595
592 596
592 597
592 634
592 719
592 762
592 764
592 765
592 766
592 767
592 768
592 769
592 770
592 771
592 772
592 773
592 774
592 775
592 776
592 777
592 778
592 925
592 951
592 952
592 953
592 954
592 955
592 956
592 957
592 958
592 959
592 960
592 961
592 962
592 963
592 964
592 965
592 980
593 594
593 595
593 596
593 597
593 598
593 648
593 719
593 763
593 765
593 766
593 768
593 769
593 770
593 771
593 772
593 773
593 774
593 775
593 776
593 777
593 778
593 779
593 804
593 927
593 945
593 946
593 948
593 949
593 952
593 953
593 954
593 955
593 956
593 957
593 958
593 959
593 960
593 961
593 962
593 963
593 964
593 965
593 982
594 595
594 596
594 597
594 635
594 637
594 761
594 765
594 766
594 768
594 769
594 770
594 771
594 772
594 773
594 774
594 775
594 776
594 777
594 778
594 804
594 945
594 946
594 947
594 948
594 949
594 951
594 952
594 953
594 954
594 955
594 956
594 957
594 958
594 959
594 960
594 961
594 962
594 963
594 964
594 965
595 596
595 597
595 598
595 640
595 646
595 760
595 762
595 763
595 764
595 765
595 766
595 767
595 768
595 770
595 771
595 772
595 773
595 774
595 775
595 776
595 777
595 778
595 945
595 947
595 948
595 949
595 950
595 953
595 954
595 955
595 956
595 957
595 958
595 959
595 960
595 961
595 962
595 963
595 964
595 965
596 597
596 599
596 718
596 761
596 762
596 763
596 768
596 769
596 770
596 771
596 772
596 773
596 774
596 775
596 776
596 777
596 778
596 780
596 804
596 805
596 949
596 950
596 951
596 952
596 954
596 955
596 956
596 957
596 958
596 959
596 960
596 961
596 962
596 963
596 964
596 965
597 598
597 635
597 762
597 766
597 767
597 768
597 769
597 770
597 771
597 772
597 773
597 774
597 775
597 776
597 777
597 880
597 881
597 945
597 949
597 950
597 952
597 954
597 955
597 956
597 957
597 958
597 959
597 960
597 961
597 962
597 963
597 964
597 965
597 966
598 667
598 763
598 767
598 769
598 770
598 771
598 772
598 773
598 775
598 777
598 778
598 878
598 945
598 948
598 954
598 955
598 956
598 958
598 959
598 960
598 961
598 962
598 963
598 964
599 773
599 954
599 962
599 964
600 642
631 639
633 946
633 949
633 950
634 760
634 761
634 763
634 768
634 770
634 777
634 946
634 956
634 961
635 760
635 769
635 771
635 774
635 947
635 948
635 949
635 953
635 955
636 771
636 778
636 957
637 959
637 963
638 763
638 768
639 780
639 959
646 726
648 958
651 783
709 953
710 847
710 963
714 961
715 956
719 774
720 961
745 849
754 966
755 963
759 778
760 761
760 763
760 764
760 768
760 770
760 777
760 944
760 948
760 950
760 954
760 959
760 962
761 768
761 771
761 774
761 775
761 776
761 777
761 778
761 947
761 954
761 955
762 763
762 767
762 768
762 770
762 771
762 772
762 773
762 777
762 945
762 949
762 950
762 956
762 959
762 960
762 961
763 764
763 765
763 766
763 767
763 770
763 771
763 773
763 774
763 776
763 778
763 945
763 946
763 947
763 950
763 951
763 954
763 957
763 960
763 962
764 765
764 766
764 767
764 770
764 772
764 773
764 776
764 943
764 950
764 952
764 953
764 956
764 957
764 961
764 962
764 963
765 766
765 768
765 769
765 770
765 771
765 775
765 777
765 778
765 946
765 950
765 951
765 952
765 953
765 954
765 956
765 957
765 959
765 961
765 963
765 964
766 767
766 771
766 772
766 773
766 775
766 776
766 777
766 778
766 944
766 947
766 950
766 951
766 953
766 955
766 958
766 960
766 961
766 962
766 964
766 965
767 769
767 770
767 771
767 772
767 773
767 774
767 776
767 777
767 945
767 946
767 947
767 949
767 950
767 951
767 952
767 953
767 954
767 955
767 956
767 959
767 961
767 962
767 963
767 964
768 769
768 770
768 771
768 772
768 773
768 774
768 775
768 776
768 777
768 778
768 948
768 949
768 950
768 951
768 952
768 954
768 955
768 956
768 957
768 958
768 959
768 960
768 962
768 964
769 770
769 771
769 772
769 773
769 774
769 775
769 945
769 947
769 948
769 949
769 950
769 951
769 952
769 953
769 954
769 955
769 957
769 958
769 959
769 960
769 962
769 963
769 964
770 771
770 772
770 773
770 774
770 776
770 777
770 926
770 943
770 944
770 948
770 950
770 953
770 954
770 955
770 956
770 958
770 959
770 960
770 961
770 963
770 964
771 772
771 773
771 774
771 775
771 776
771 777
771 946
771 947
771 949
771 950
771 952
771 954
771 955
771 956
771 957
771 958
771 960
771 961
771 962
771 963
771 964
771 965
772 773
772 774
772 775
772 776
772 777
772 779
772 918
772 944
772 946
772 948
772 950
772 952
772 953
772 954
772 956
772 957
772 958
772 959
772 960
772 961
772 962
772 963
772 964
773 774
773 775
773 776
773 777
773 778
773 945
773 948
773 950
773 952
773 953
773 954
773 955
773 956
773 957
773 958
773 959
773 960
773 961
773 963
773 964
774 775
774 776
774 777
774 944
774 947
774 948
774 950
774 951
774 952
774 953
774 954
774 955
774 956
774 957
774 958
774 959
774 960
774 961
774 962
774 963
774 964
774 965
775 776
775 777
775 778
775 796
775 847
775 945
775 946
775 947
775 950
775 952
775 953
775 954
775 955
775 956
775 957
775 958
775 959
775 960
775 961
775 962
775 963
775 964
775 965
775 980
776 777
776 778
776 779
776 805
776 943
776 946
776 948
776 949
776 952
776 953
776 955
776 956
776 957
776 958
776 959
776 960
776 961
776 962
776 963
776 964
776 965
777 778
777 927
777 946
777 948
777 950
777 951
777 953
777 954
777 955
777 956
777 957
777 958
777 959
777 960
777 961
777 962
777 963
777 964
778 880
778 943
778 945
778 951
778 952
778 953
778 954
778 956
778 958
778 959
778 960
778 961
778 962
778 964
779 953
779 960
779 961
779 964
781 963
782 809
782 953
804 964
805 951
839 926
877 958
878 954
879 958
879 962
880 951
880 961
881 962
882 927
926 957
942 950
943 958
943 963
943 964
944 949
944 951
944 958
945 946
945 947
945 948
945 949
945 952
945 953
945 959
945 963
946 947
946 950
946 952
946 954
946 956
946 957
946 958
946 959
946 960
946 961
947 948
947 949
947 950
947 951
947 953
947 956
947 959
947 961
947 963
948 949
948 950
948 952
948 954
948 955
948 957
948 960
948 961
948 962
948 963
948 964
949 950
949 951
949 952
949 953
949 955
949 956
949 958
949 959
949 960
949 962
949 963
949 964
950 951
950 952
950 953
950 954
950 956
950 957
950 959
950 960
950 963
950 964
951 952
951 953
951 954
951 955
951 958
951 960
951 961
951 962
951 964
951 965
952 954
952 955
952 956
952 958
952 959
952 962
952 963
952 964
953 954
953 955
953 956
953 957
953 958
953 959
953 960
953 961
953 962
953 963
953 964
954 955
954 956
954 957
954 958
954 959
954 960
954 961
954 962
954 963
954 964
955 956
955 957
955 958
955 959
955 960
955 961
955 962
955 963
955 965
956 957
956 958
956 959
956 960
956 961
956 962
956 963
956 964
956 965
957 958
957 959
957 960
957 961
957 962
957 963
957 964
957 965
957 982
958 959
958 960
958 961
958 962
958 963
958 964
959 960
959 961
959 962
959 963
959 964
959 965
960 961
960 962
960 963
960 964
960 965
961 962
961 963
961 964
961 965
962 963
962 964
962 965
963 964
963 965
965 966
