1 457
1 458
1 979
2 90
2 751
3 515
5 457
6 514
13 382
20 956
27 510
32 712
46 86
47 85
47 452
47 506
47 511
47 705
48 458
48 512
48 513
49 229
54 85
61 517
65 460
72 455
77 81
77 84
77 86
77 449
78 79
78 80
78 81
78 82
78 83
78 84
78 85
78 86
78 447
78 448
78 449
78 450
78 451
78 452
78 453
78 454
78 455
78 456
78 484
78 503
78 506
78 507
78 508
78 509
78 696
78 697
78 704
79 80
79 81
79 82
79 83
79 84
79 85
79 86
79 87
79 88
79 447
79 448
79 449
79 450
79 451
79 452
79 453
79 454
79 455
79 456
79 504
79 505
79 506
79 507
79 508
79 509
79 511
79 512
79 513
79 695
79 696
79 697
80 81
80 82
80 83
80 84
80 85
80 86
80 87
80 121
80 122
80 447
80 448
80 449
80 450
80 451
80 452
80 453
80 454
80 455
80 456
80 457
80 485
80 504
80 505
80 506
80 507
80 508
80 509
80 510
80 511
80 512
80 513
80 704
80 705
80 857
81 82
81 83
81 84
81 85
81 86
81 87
81 88
81 447
81 449
81 450
81 451
81 452
81 453
81 454
81 455
81 456
81 457
81 503
81 504
81 505
81 506
81 507
81 508
81 509
81 510
81 511
81 512
81 513
81 514
81 695
81 696
81 697
81 705
82 83
82 84
82 85
82 86
82 87
82 88
82 89
82 427
82 446
82 450
82 451
82 452
82 453
82 454
82 455
82 456
82 457
82 485
82 504
82 505
82 506
82 507
82 508
82 509
82 510
82 511
82 512
82 513
82 514
82 695
82 696
82 705
83 84
83 85
83 86
83 87
83 90
83 121
83 448
83 449
83 450
83 451
83 452
83 453
83 454
83 455
83 456
83 484
83 486
83 504
83 505
83 506
83 507
83 508
83 509
83 510
83 511
83 512
83 513
83 695
83 696
83 697
83 703
83 704
83 705
83 856
84 85
84 86
84 87
84 88
84 121
84 123
84 427
84 449
84 450
84 451
84 452
84 453
84 454
84 455
84 456
84 457
84 484
84 485
84 504
84 505
84 506
84 507
84 508
84 509
84 510
84 511
84 512
84 513
84 695
84 696
84 697
84 698
84 699
84 704
84 705
84 856
84 880
85 86
85 87
85 88
85 168
85 174
85 248
85 374
85 386
85 448
85 449
85 450
85 451
85 452
85 453
85 454
85 455
85 456
85 457
85 486
85 505
85 506
85 507
85 508
85 509
85 510
85 511
85 512
85 513
85 516
85 625
85 670
85 689
85 695
85 697
85 698
85 703
85 704
85 705
85 856
85 857
86 87
86 88
86 120
86 347
86 353
86 354
86 379
86 387
86 434
86 448
86 449
86 450
86 451
86 452
86 453
86 454
86 455
86 456
86 457
86 458
86 464
86 484
86 485
86 504
86 505
86 506
86 507
86 508
86 509
86 510
86 511
86 512
86 513
86 514
86 516
86 517
86 547
86 613
86 627
86 690
86 691
86 697
86 698
86 704
86 705
86 722
86 856
86 857
86 876
86 904
87 88
87 132
87 188
87 257
87 375
87 400
87 447
87 449
87 450
87 451
87 452
87 453
87 454
87 455
87 456
87 457
87 458
87 486
87 504
87 505
87 506
87 507
87 508
87 509
87 510
87 511
87 512
87 513
87 514
87 611
87 612
87 613
87 686
87 695
87 705
87 706
88 89
88 122
88 175
88 334
88 389
88 450
88 451
88 452
88 453
88 454
88 455
88 456
88 458
88 506
88 508
88 509
88 510
88 511
88 512
88 524
88 548
88 933
88 957
88 972
89 137
89 357
89 380
89 453
89 454
89 456
89 457
89 513
89 514
89 706
89 802
89 857
90 487
90 556
90 579
90 612
91 513
91 869
92 454
92 654
96 734
107 452
116 199
120 506
121 455
121 510
121 511
122 372
122 511
122 995
123 471
123 508
123 511
123 517
123 724
124 313
124 959
128 744
129 349
129 390
132 454
132 509
133 197
133 587
133 699
134 456
134 709
135 732
140 456
140 511
141 524
153 700
155 584
156 754
157 724
166 457
166 515
167 454
167 674
178 456
182 387
188 677
189 312
196 452
196 454
197 387
198 692
207 745
209 335
218 457
225 451
225 479
226 904
238 743
249 699
250 457
250 614
258 858
260 925
267 540
269 452
270 486
272 485
275 667
299 630
301 335
309 458
311 513
329 335
333 453
333 697
333 850
334 488
334 511
334 814
336 708
340 655
346 956
354 723
364 388
371 456
374 513
381 465
383 455
383 513
383 524
384 700
385 455
386 453
386 454
386 457
386 507
386 510
386 511
387 450
387 453
387 457
387 458
387 503
388 457
388 458
388 510
388 760
388 865
389 510
389 751
389 811
389 881
390 514
390 518
391 449
400 449
401 455
401 509
401 512
402 456
402 584
428 548
428 594
428 696
429 513
429 539
430 906
432 447
433 453
433 454
433 507
433 508
434 907
435 505
435 511
436 629
436 687
439 509
443 858
444 539
447 451
447 452
447 454
447 455
447 456
447 483
447 506
447 510
447 511
448 449
448 450
448 451
448 453
448 454
448 455
448 456
448 484
448 504
448 505
448 506
448 507
448 508
448 509
448 510
448 511
448 512
448 695
448 697
449 450
449 451
449 452
449 453
449 454
449 455
449 457
449 503
449 505
449 506
449 507
449 508
449 509
449 510
449 511
449 512
449 513
449 696
449 704
449 855
450 451
450 452
450 453
450 454
450 455
450 456
450 504
450 505
450 506
450 507
450 508
450 509
450 510
450 511
450 512
450 513
450 695
450 696
450 697
450 704
450 855
451 452
451 453
451 454
451 455
451 456
451 457
451 485
451 503
451 505
451 506
451 507
451 508
451 509
451 510
451 511
451 512
451 513
451 612
451 669
451 698
451 703
451 704
451 705
451 723
451 905
452 453
452 454
452 455
452 456
452 457
452 504
452 505
452 506
452 507
452 508
452 509
452 510
452 511
452 512
452 513
452 536
452 696
452 702
452 703
452 704
452 820
452 854
452 904
452 933
452 937
453 454
453 455
453 456
453 457
453 486
453 504
453 505
453 506
453 507
453 508
453 509
453 510
453 511
453 512
453 513
453 514
453 696
453 697
453 703
453 705
453 857
453 906
453 979
454 455
454 456
454 457
454 483
454 504
454 505
454 506
454 507
454 508
454 509
454 510
454 511
454 512
454 513
454 514
454 547
454 580
454 695
454 696
454 697
454 698
454 702
454 703
454 704
454 705
454 706
454 711
454 721
454 856
454 870
455 456
455 457
455 478
455 484
455 504
455 505
455 506
455 507
455 508
455 509
455 510
455 511
455 512
455 513
455 514
455 515
455 548
455 696
455 697
455 699
455 703
455 704
455 706
455 759
455 789
455 821
455 856
455 875
456 457
456 458
456 486
456 503
456 504
456 505
456 506
456 507
456 508
456 509
456 510
456 511
456 512
456 513
456 695
456 697
456 698
456 704
456 706
456 743
456 745
456 857
456 858
457 508
457 509
457 510
457 511
457 512
457 555
457 631
457 844
457 955
458 691
458 847
459 486
459 487
459 859
459 885
463 489
472 538
484 510
485 504
485 510
485 511
485 512
486 507
486 511
486 513
487 509
487 510
487 512
487 959
487 976
488 700
488 934
494 568
502 506
503 509
503 511
503 512
504 506
504 507
504 508
504 510
504 512
504 667
504 696
504 765
504 938
505 506
505 507
505 508
505 509
505 510
505 511
505 512
505 697
505 856
506 508
506 509
506 510
506 511
506 512
506 696
506 697
506 698
507 508
507 509
507 510
507 511
507 512
507 523
507 695
507 696
507 697
507 698
507 703
508 509
508 510
508 511
508 512
508 513
508 690
508 696
508 697
508 698
508 704
508 743
508 856
509 510
509 511
509 512
509 513
509 517
509 611
509 694
509 696
509 698
509 702
509 703
509 705
509 855
509 856
509 879
510 511
510 512
510 513
510 537
510 695
510 696
510 697
510 703
510 704
510 705
510 819
510 856
510 924
510 937
511 512
511 513
511 514
511 538
511 696
511 697
511 698
511 700
511 705
511 706
511 711
511 731
511 768
511 835
511 855
511 857
511 905
512 513
512 514
512 596
512 610
512 611
512 690
512 695
512 696
512 697
512 698
512 699
512 703
512 704
512 705
512 790
512 854
512 868
513 514
513 538
513 696
513 705
513 706
513 857
513 958
514 515
514 583
514 698
514 706
515 523
515 585
516 692
516 960
520 699
525 980
543 699
548 903
549 612
552 697
562 877
567 628
569 831
572 692
581 613
583 728
599 791
613 908
658 858
690 696
690 937
691 708
691 955
693 905
696 703
696 704
697 698
697 704
698 707
698 761
698 858
699 707
699 905
701 707
701 860
706 858
707 904
719 723
720 859
722 851
722 938
723 964
725 892
743 762
743 858
744 828
760 857
761 763
810 954
857 978
863 961
894 939
957 960
