19 254
20 604
21 602
22 221
22 600
23 600
23 601
23 640
24 370
24 408
24 553
24 598
24 603
25 407
25 595
25 601
25 604
25 846
26 172
26 597
26 605
27 71
27 161
27 592
27 633
27 705
28 172
28 362
28 412
28 597
28 637
29 174
29 596
29 598
29 601
29 602
29 639
29 854
30 596
30 602
30 603
30 604
30 866
30 885
31 176
31 408
31 603
31 606
31 630
31 871
32 597
32 663
32 869
33 173
33 604
33 835
34 818
38 450
39 602
39 605
40 694
43 604
44 792
45 328
49 606
63 163
63 168
63 343
63 449
63 548
63 595
63 635
63 637
63 638
63 866
63 913
64 70
64 157
64 164
64 170
64 344
64 345
64 346
64 402
64 409
64 448
64 449
64 454
64 456
64 458
64 549
64 553
64 580
64 582
64 585
64 590
64 596
64 597
64 600
64 602
64 605
64 626
64 634
64 641
64 857
64 861
64 864
64 866
64 891
65 66
65 67
65 160
65 162
65 166
65 167
65 168
65 169
65 171
65 173
65 174
65 405
65 406
65 451
65 453
65 456
65 549
65 553
65 580
65 584
65 587
65 588
65 591
65 595
65 596
65 598
65 599
65 603
65 606
65 629
65 634
65 635
65 638
65 640
65 643
65 854
65 855
65 858
65 860
65 861
65 862
65 863
65 867
65 890
65 907
65 908
65 911
65 913
66 67
66 68
66 69
66 70
66 157
66 161
66 162
66 164
66 165
66 167
66 168
66 171
66 172
66 174
66 175
66 343
66 345
66 403
66 404
66 405
66 408
66 409
66 448
66 449
66 452
66 453
66 455
66 548
66 550
66 552
66 554
66 582
66 585
66 586
66 587
66 588
66 589
66 590
66 595
66 596
66 599
66 601
66 602
66 603
66 628
66 629
66 630
66 633
66 634
66 637
66 640
66 641
66 642
66 643
66 855
66 857
66 861
66 862
66 863
66 890
66 908
66 910
66 912
66 913
67 68
67 160
67 162
67 163
67 165
67 167
67 169
67 171
67 173
67 174
67 175
67 345
67 346
67 347
67 403
67 405
67 406
67 450
67 451
67 453
67 454
67 455
67 456
67 457
67 458
67 547
67 548
67 551
67 552
67 554
67 583
67 584
67 586
67 587
67 588
67 591
67 592
67 593
67 594
67 596
67 597
67 601
67 603
67 604
67 605
67 627
67 629
67 631
67 632
67 633
67 634
67 637
67 638
67 640
67 641
67 643
67 852
67 855
67 856
67 857
67 860
67 861
67 864
67 865
67 867
67 868
67 888
67 909
67 911
67 912
67 913
68 69
68 70
68 71
68 159
68 161
68 162
68 164
68 165
68 166
68 167
68 168
68 170
68 171
68 172
68 173
68 175
68 406
68 407
68 408
68 448
68 450
68 453
68 454
68 455
68 456
68 458
68 551
68 580
68 581
68 582
68 584
68 586
68 587
68 589
68 590
68 591
68 592
68 593
68 595
68 598
68 599
68 601
68 602
68 603
68 604
68 605
68 625
68 627
68 628
68 629
68 630
68 632
68 633
68 634
68 636
68 637
68 639
68 640
68 641
68 642
68 643
68 852
68 855
68 856
68 857
68 858
68 859
68 862
68 863
68 865
68 866
68 868
68 889
68 909
68 911
68 912
68 913
69 70
69 71
69 156
69 157
69 158
69 159
69 160
69 162
69 163
69 164
69 167
69 168
69 169
69 171
69 172
69 173
69 174
69 175
69 176
69 345
69 405
69 407
69 408
69 451
69 452
69 453
69 454
69 455
69 456
69 457
69 549
69 551
69 552
69 553
69 580
69 581
69 582
69 585
69 586
69 588
69 589
69 590
69 591
69 592
69 593
69 594
69 597
69 598
69 599
69 600
69 602
69 603
69 604
69 605
69 624
69 625
69 627
69 628
69 630
69 632
69 635
69 636
69 637
69 638
69 639
69 640
69 642
69 643
69 644
69 852
69 856
69 858
69 860
69 861
69 862
69 865
69 866
69 867
69 888
69 889
69 891
69 907
69 908
69 910
69 911
70 71
70 157
70 159
70 160
70 162
70 164
70 165
70 166
70 167
70 168
70 169
70 171
70 172
70 173
70 174
70 175
70 176
70 177
70 403
70 404
70 407
70 408
70 447
70 448
70 449
70 450
70 452
70 453
70 454
70 455
70 456
70 457
70 459
70 549
70 551
70 553
70 554
70 579
70 583
70 585
70 586
70 587
70 588
70 589
70 590
70 591
70 592
70 593
70 594
70 595
70 597
70 598
70 599
70 600
70 601
70 602
70 603
70 604
70 605
70 626
70 627
70 629
70 630
70 631
70 634
70 635
70 636
70 637
70 638
70 639
70 640
70 641
70 642
70 643
70 857
70 858
70 861
70 862
70 863
70 864
70 865
70 866
70 867
70 889
70 890
70 909
70 910
70 911
71 157
71 160
71 161
71 162
71 163
71 165
71 166
71 167
71 168
71 169
71 170
71 171
71 172
71 173
71 174
71 175
71 176
71 402
71 405
71 406
71 407
71 409
71 410
71 450
71 451
71 452
71 453
71 454
71 455
71 457
71 550
71 552
71 553
71 554
71 580
71 581
71 582
71 583
71 584
71 585
71 586
71 587
71 588
71 589
71 590
71 591
71 592
71 593
71 594
71 595
71 596
71 597
71 598
71 599
71 600
71 601
71 602
71 603
71 604
71 605
71 628
71 630
71 631
71 632
71 633
71 634
71 635
71 636
71 637
71 638
71 639
71 640
71 641
71 642
71 643
71 801
71 855
71 856
71 857
71 858
71 859
71 860
71 861
71 862
71 865
71 866
71 867
71 868
71 869
71 891
71 892
71 907
71 909
71 910
71 914
72 158
72 159
72 160
72 162
72 164
72 165
72 166
72 167
72 168
72 169
72 170
72 171
72 172
72 173
72 174
72 176
72 262
72 404
72 405
72 407
72 448
72 451
72 452
72 453
72 454
72 455
72 456
72 457
72 547
72 549
72 550
72 551
72 552
72 580
72 581
72 582
72 583
72 584
72 585
72 586
72 587
72 588
72 590
72 592
72 594
72 595
72 597
72 598
72 599
72 600
72 601
72 602
72 603
72 604
72 605
72 627
72 628
72 629
72 630
72 631
72 632
72 633
72 634
72 635
72 637
72 638
72 639
72 640
72 641
72 643
72 644
72 854
72 857
72 858
72 859
72 860
72 862
72 864
72 866
72 867
72 888
72 889
72 892
72 909
72 910
72 912
72 913
73 160
73 162
73 171
73 172
73 173
73 174
73 347
73 456
73 515
73 580
73 584
73 587
73 591
73 592
73 593
73 599
73 600
73 602
73 603
73 604
73 605
73 629
73 630
73 631
73 635
73 639
73 853
73 859
73 860
73 861
73 863
73 864
73 981
74 344
74 454
74 591
74 594
74 597
74 599
74 600
74 601
74 603
74 604
74 605
74 634
74 640
75 215
75 350
75 518
75 600
75 603
75 604
75 639
76 108
76 364
83 605
89 600
89 602
90 603
90 604
91 253
93 866
95 593
96 125
104 363
105 597
106 597
106 636
107 948
109 867
122 601
123 604
123 644
124 597
124 601
125 601
130 462
135 176
136 517
139 809
150 602
155 852
156 160
156 406
156 461
156 553
156 554
156 583
156 853
156 890
157 163
157 168
157 171
157 172
157 176
157 377
157 456
157 549
157 552
157 585
157 591
157 593
157 597
157 598
157 601
157 603
157 628
157 631
157 633
157 634
157 638
157 639
157 641
157 853
157 856
157 860
157 866
157 890
158 159
158 165
158 171
158 174
158 345
158 407
158 409
158 449
158 450
158 453
158 548
158 550
158 552
158 579
158 580
158 581
158 584
158 591
158 598
158 602
158 604
158 605
158 628
158 630
158 632
158 633
158 639
158 641
158 642
158 854
158 855
158 856
158 863
158 866
158 868
158 890
158 911
158 913
159 162
159 163
159 164
159 165
159 167
159 172
159 173
159 177
159 402
159 404
159 409
159 448
159 449
159 450
159 453
159 454
159 455
159 456
159 457
159 458
159 547
159 549
159 550
159 551
159 552
159 579
159 580
159 584
159 585
159 588
159 594
159 595
159 599
159 601
159 603
159 604
159 626
159 631
159 634
159 637
159 638
159 639
159 640
159 641
159 642
159 854
159 861
159 865
159 866
159 909
159 910
159 913
160 164
160 165
160 167
160 168
160 173
160 175
160 176
160 268
160 345
160 402
160 406
160 408
160 409
160 448
160 451
160 453
160 454
160 457
160 547
160 551
160 580
160 581
160 587
160 588
160 590
160 592
160 595
160 597
160 598
160 599
160 601
160 626
160 627
160 628
160 629
160 632
160 633
160 634
160 635
160 639
160 641
160 642
160 643
160 854
160 855
160 856
160 858
160 860
160 862
160 864
160 865
160 889
160 908
160 910
160 911
161 162
161 164
161 166
161 167
161 169
161 172
161 174
161 175
161 346
161 360
161 404
161 407
161 450
161 451
161 453
161 455
161 457
161 551
161 583
161 584
161 585
161 588
161 590
161 591
161 593
161 594
161 596
161 597
161 599
161 601
161 602
161 603
161 604
161 605
161 628
161 629
161 630
161 632
161 633
161 636
161 637
161 643
161 854
161 858
161 859
161 860
161 861
161 862
161 863
161 864
161 865
161 866
161 867
161 869
161 889
161 892
161 910
162 164
162 165
162 167
162 168
162 169
162 170
162 171
162 172
162 173
162 174
162 343
162 345
162 346
162 404
162 406
162 407
162 408
162 409
162 451
162 452
162 453
162 457
162 458
162 549
162 550
162 552
162 553
162 581
162 582
162 586
162 587
162 588
162 589
162 590
162 591
162 593
162 595
162 596
162 597
162 598
162 599
162 601
162 604
162 605
162 627
162 629
162 630
162 631
162 632
162 633
162 634
162 635
162 636
162 639
162 640
162 641
162 642
162 857
162 859
162 860
162 863
162 866
162 891
162 911
162 912
162 913
162 914
163 164
163 166
163 167
163 168
163 169
163 172
163 173
163 174
163 175
163 176
163 343
163 405
163 406
163 407
163 448
163 451
163 452
163 453
163 454
163 455
163 456
163 457
163 550
163 551
163 553
163 581
163 583
163 584
163 585
163 586
163 588
163 589
163 590
163 591
163 592
163 593
163 595
163 597
163 598
163 599
163 601
163 602
163 604
163 605
163 626
163 630
163 631
163 632
163 634
163 635
163 636
163 637
163 638
163 639
163 640
163 641
163 642
163 643
163 852
163 853
163 857
163 858
163 859
163 860
163 861
163 863
163 864
163 865
163 866
163 867
163 868
163 889
163 891
163 910
163 912
163 913
163 914
164 165
164 166
164 167
164 168
164 169
164 170
164 172
164 173
164 175
164 343
164 403
164 405
164 406
164 407
164 408
164 409
164 453
164 454
164 455
164 456
164 550
164 551
164 552
164 553
164 580
164 582
164 583
164 584
164 586
164 587
164 588
164 589
164 590
164 591
164 592
164 593
164 595
164 596
164 598
164 599
164 600
164 601
164 602
164 603
164 604
164 605
164 627
164 630
164 631
164 632
164 634
164 635
164 636
164 637
164 638
164 640
164 641
164 642
164 643
164 854
164 855
164 856
164 857
164 858
164 859
164 860
164 861
164 862
164 863
164 864
164 865
164 866
164 867
164 891
164 907
164 910
164 912
164 914
165 166
165 167
165 168
165 169
165 170
165 171
165 172
165 173
165 174
165 176
165 404
165 407
165 408
165 449
165 451
165 452
165 453
165 454
165 455
165 456
165 457
165 551
165 553
165 554
165 580
165 582
165 583
165 585
165 586
165 587
165 588
165 589
165 590
165 591
165 592
165 594
165 595
165 596
165 597
165 598
165 600
165 601
165 602
165 603
165 604
165 605
165 628
165 629
165 631
165 633
165 634
165 635
165 636
165 637
165 638
165 639
165 640
165 642
165 643
165 856
165 858
165 859
165 860
165 861
165 863
165 864
165 865
165 866
165 867
165 891
165 912
166 167
166 168
166 169
166 170
166 171
166 172
166 173
166 174
166 176
166 344
166 404
166 406
166 407
166 408
166 409
166 449
166 450
166 451
166 452
166 453
166 454
166 455
166 456
166 457
166 458
166 548
166 550
166 551
166 552
166 553
166 554
166 579
166 581
166 582
166 583
166 584
166 586
166 587
166 588
166 589
166 590
166 591
166 592
166 593
166 594
166 595
166 596
166 598
166 599
166 600
166 601
166 602
166 603
166 604
166 605
166 628
166 630
166 632
166 633
166 634
166 635
166 636
166 637
166 638
166 639
166 640
166 641
166 642
166 643
166 644
166 853
166 855
166 856
166 858
166 859
166 860
166 861
166 862
166 863
166 864
166 865
166 867
166 868
166 888
166 890
166 891
166 892
166 907
166 909
166 911
166 912
167 168
167 169
167 170
167 171
167 173
167 174
167 175
167 176
167 346
167 361
167 402
167 403
167 404
167 407
167 408
167 409
167 450
167 451
167 452
167 453
167 456
167 549
167 550
167 552
167 553
167 554
167 580
167 582
167 584
167 585
167 586
167 587
167 588
167 589
167 590
167 591
167 592
167 593
167 594
167 595
167 596
167 597
167 598
167 599
167 600
167 601
167 602
167 603
167 604
167 605
167 606
167 625
167 627
167 629
167 630
167 631
167 632
167 633
167 634
167 635
167 636
167 637
167 638
167 639
167 640
167 641
167 642
167 643
167 804
167 853
167 854
167 855
167 857
167 858
167 859
167 860
167 861
167 862
167 863
167 864
167 865
167 866
167 867
167 892
167 907
167 908
167 911
167 912
167 913
168 169
168 170
168 171
168 172
168 173
168 174
168 175
168 343
168 348
168 404
168 405
168 406
168 407
168 450
168 451
168 452
168 453
168 454
168 455
168 456
168 457
168 458
168 459
168 550
168 553
168 582
168 583
168 584
168 585
168 586
168 587
168 588
168 589
168 590
168 591
168 592
168 593
168 594
168 595
168 596
168 597
168 598
168 599
168 600
168 601
168 602
168 603
168 604
168 605
168 607
168 626
168 627
168 628
168 629
168 630
168 631
168 632
168 633
168 634
168 635
168 636
168 637
168 638
168 639
168 640
168 641
168 642
168 643
168 644
168 854
168 855
168 856
168 857
168 858
168 860
168 861
168 862
168 863
168 864
168 865
168 866
168 867
168 868
168 890
168 891
168 909
168 911
169 170
169 171
169 172
169 173
169 174
169 176
169 199
169 344
169 347
169 360
169 403
169 404
169 406
169 408
169 409
169 410
169 449
169 451
169 452
169 453
169 454
169 455
169 456
169 457
169 458
169 459
169 548
169 551
169 552
169 553
169 554
169 555
169 582
169 583
169 584
169 585
169 586
169 587
169 588
169 589
169 590
169 591
169 592
169 593
169 594
169 595
169 596
169 597
169 598
169 599
169 600
169 601
169 602
169 603
169 604
169 605
169 606
169 608
169 629
169 630
169 632
169 633
169 634
169 635
169 636
169 637
169 638
169 639
169 640
169 641
169 642
169 643
169 644
169 804
169 855
169 856
169 857
169 858
169 859
169 860
169 861
169 862
169 863
169 864
169 865
169 866
169 867
169 868
169 889
169 891
169 908
169 909
169 910
169 913
169 914
170 171
170 172
170 173
170 174
170 175
170 176
170 344
170 360
170 403
170 404
170 406
170 407
170 409
170 448
170 449
170 452
170 453
170 454
170 456
170 514
170 549
170 552
170 553
170 554
170 579
170 582
170 583
170 584
170 585
170 586
170 587
170 588
170 589
170 590
170 591
170 592
170 593
170 594
170 595
170 596
170 597
170 598
170 599
170 600
170 601
170 602
170 603
170 604
170 605
170 606
170 627
170 629
170 631
170 632
170 633
170 634
170 635
170 636
170 637
170 638
170 639
170 640
170 641
170 642
170 643
170 645
170 852
170 856
170 858
170 859
170 860
170 861
170 862
170 863
170 864
170 865
170 866
170 867
170 891
170 906
170 907
170 912
170 913
171 172
171 173
171 174
171 175
171 176
171 177
171 402
171 403
171 405
171 407
171 408
171 447
171 451
171 452
171 453
171 454
171 455
171 456
171 457
171 458
171 514
171 551
171 552
171 553
171 554
171 579
171 581
171 583
171 584
171 585
171 586
171 587
171 588
171 589
171 590
171 591
171 592
171 593
171 594
171 595
171 596
171 597
171 598
171 599
171 600
171 601
171 602
171 603
171 604
171 605
171 606
171 631
171 632
171 633
171 634
171 635
171 636
171 637
171 638
171 639
171 640
171 641
171 642
171 643
171 855
171 856
171 857
171 858
171 859
171 860
171 861
171 862
171 863
171 864
171 865
171 866
171 867
171 868
171 869
171 890
171 891
171 910
171 911
171 912
172 173
172 174
172 175
172 176
172 177
172 345
172 346
172 380
172 402
172 405
172 406
172 407
172 408
172 448
172 449
172 450
172 451
172 452
172 453
172 454
172 455
172 456
172 457
172 458
172 460
172 549
172 550
172 552
172 553
172 578
172 580
172 581
172 582
172 583
172 584
172 585
172 586
172 587
172 588
172 589
172 590
172 591
172 592
172 593
172 594
172 595
172 596
172 597
172 598
172 599
172 600
172 601
172 602
172 603
172 604
172 605
172 606
172 629
172 630
172 631
172 633
172 634
172 635
172 636
172 637
172 638
172 639
172 640
172 641
172 642
172 643
172 644
172 855
172 856
172 857
172 858
172 859
172 860
172 861
172 862
172 863
172 864
172 865
172 866
172 867
172 868
172 890
172 891
172 907
172 908
172 909
172 910
172 911
172 912
172 913
172 916
173 174
173 175
173 176
173 177
173 346
173 405
173 406
173 407
173 408
173 409
173 448
173 449
173 450
173 451
173 452
173 453
173 454
173 455
173 456
173 457
173 459
173 517
173 549
173 551
173 552
173 553
173 554
173 555
173 580
173 582
173 584
173 586
173 587
173 588
173 589
173 590
173 591
173 592
173 593
173 594
173 595
173 596
173 597
173 598
173 599
173 600
173 601
173 602
173 603
173 604
173 605
173 606
173 628
173 630
173 631
173 632
173 633
173 635
173 636
173 637
173 638
173 639
173 640
173 641
173 642
173 643
173 644
173 785
173 854
173 855
173 857
173 858
173 859
173 860
173 861
173 862
173 863
173 864
173 865
173 866
173 867
173 868
173 889
173 892
173 909
173 910
173 911
173 912
173 913
173 915
174 175
174 176
174 346
174 347
174 403
174 404
174 407
174 408
174 409
174 452
174 453
174 454
174 455
174 456
174 457
174 458
174 550
174 553
174 556
174 581
174 582
174 583
174 584
174 585
174 586
174 587
174 588
174 589
174 590
174 591
174 592
174 593
174 594
174 595
174 596
174 597
174 598
174 599
174 600
174 601
174 602
174 603
174 604
174 605
174 628
174 630
174 631
174 632
174 633
174 634
174 635
174 636
174 637
174 638
174 639
174 640
174 641
174 642
174 643
174 644
174 854
174 855
174 856
174 857
174 858
174 859
174 860
174 861
174 862
174 863
174 864
174 865
174 866
174 867
174 868
174 893
174 908
174 909
174 910
174 912
175 176
175 344
175 345
175 346
175 403
175 405
175 406
175 407
175 408
175 411
175 453
175 454
175 455
175 457
175 458
175 548
175 549
175 551
175 552
175 581
175 583
175 584
175 585
175 587
175 588
175 589
175 590
175 591
175 592
175 593
175 594
175 595
175 596
175 597
175 598
175 599
175 600
175 601
175 602
175 603
175 604
175 605
175 607
175 627
175 630
175 631
175 632
175 633
175 634
175 635
175 637
175 638
175 639
175 640
175 641
175 642
175 643
175 856
175 857
175 858
175 859
175 860
175 861
175 862
175 863
175 864
175 865
175 866
175 867
175 868
175 869
175 891
175 908
175 909
175 910
175 912
175 913
176 345
176 347
176 402
176 404
176 405
176 406
176 407
176 408
176 448
176 450
176 451
176 452
176 454
176 455
176 456
176 457
176 550
176 551
176 552
176 553
176 581
176 582
176 583
176 584
176 587
176 589
176 590
176 591
176 592
176 593
176 594
176 595
176 596
176 597
176 598
176 599
176 600
176 601
176 602
176 603
176 604
176 605
176 606
176 607
176 626
176 627
176 628
176 629
176 630
176 631
176 632
176 633
176 634
176 635
176 636
176 637
176 638
176 639
176 640
176 641
176 642
176 643
176 644
176 645
176 860
176 861
176 863
176 864
176 865
176 866
176 867
176 868
176 908
176 910
176 911
176 912
176 914
176 915
177 452
177 456
177 551
177 592
177 593
177 595
177 596
177 597
177 598
177 599
177 600
177 601
177 602
177 603
177 604
177 605
177 635
177 638
177 642
177 693
177 743
177 860
177 862
177 864
177 867
177 889
178 399
178 409
178 451
178 457
178 594
178 598
178 599
178 600
178 601
178 605
178 634
178 645
179 349
179 358
179 439
179 599
179 605
180 413
180 835
182 599
189 641
190 874
194 455
195 601
195 603
196 602
197 590
198 601
199 598
199 866
200 455
200 603
200 870
201 638
202 598
213 628
214 912
215 601
216 601
218 603
219 603
220 657
225 412
236 602
241 605
242 601
244 602
245 647
247 894
250 596
251 517
252 604
255 881
256 597
261 603
262 781
262 885
263 897
265 455
266 864
267 601
267 603
273 343
273 600
276 455
277 603
278 603
279 600
279 602
280 603
292 597
292 601
293 600
294 871
295 448
297 587
297 603
301 947
308 548
309 604
310 459
324 604
327 601
327 607
342 453
342 628
343 452
343 548
343 551
343 553
343 586
343 590
343 603
343 604
343 627
343 628
343 630
343 632
343 633
343 641
343 855
343 866
343 887
343 910
343 912
344 346
344 403
344 404
344 405
344 455
344 582
344 583
344 589
344 591
344 594
344 595
344 597
344 599
344 601
344 605
344 628
344 632
344 633
344 637
344 639
344 640
344 641
344 643
344 853
344 858
344 859
344 860
344 862
344 890
344 907
344 909
344 911
344 912
345 346
345 404
345 449
345 451
345 452
345 453
345 454
345 456
345 550
345 551
345 553
345 582
345 583
345 585
345 587
345 588
345 591
345 593
345 595
345 598
345 599
345 601
345 603
345 625
345 626
345 627
345 629
345 631
345 637
345 639
345 640
345 641
345 642
345 643
345 854
345 856
345 857
345 858
345 859
345 861
345 864
345 865
345 866
345 867
345 890
345 907
345 908
345 909
345 912
345 913
346 448
346 450
346 453
346 454
346 455
346 457
346 459
346 551
346 552
346 554
346 579
346 581
346 583
346 588
346 591
346 592
346 593
346 595
346 598
346 599
346 600
346 601
346 602
346 603
346 605
346 627
346 632
346 633
346 634
346 637
346 639
346 641
346 644
346 855
346 858
346 860
346 862
346 865
346 891
346 912
347 456
347 552
347 578
347 584
347 586
347 594
347 598
347 599
347 600
347 602
347 603
347 604
347 632
347 639
347 640
347 863
347 864
347 889
347 913
348 363
348 462
348 596
348 603
348 605
348 638
348 640
348 642
348 861
349 411
349 440
349 493
349 598
349 603
350 819
351 461
359 552
360 407
360 592
360 600
360 603
361 459
361 601
361 605
361 634
361 637
361 866
362 556
362 597
362 599
362 602
363 601
363 602
364 596
369 604
370 600
374 600
375 411
375 627
376 603
376 606
379 460
384 421
387 596
401 603
401 605
401 866
401 911
402 405
402 453
402 549
402 551
402 579
402 580
402 581
402 587
402 589
402 605
402 628
402 632
402 636
402 644
402 855
402 856
402 864
402 867
402 907
403 407
403 452
403 454
403 548
403 554
403 582
403 583
403 585
403 586
403 592
403 597
403 599
403 600
403 601
403 605
403 626
403 631
403 632
403 633
403 643
403 647
403 808
403 854
403 856
403 857
403 858
403 867
403 868
403 889
403 891
403 908
403 909
404 448
404 455
404 548
404 549
404 550
404 579
404 581
404 583
404 587
404 590
404 593
404 595
404 596
404 600
404 603
404 605
404 627
404 628
404 629
404 631
404 632
404 635
404 636
404 637
404 640
404 641
404 642
404 643
404 853
404 859
404 861
404 865
404 889
404 909
404 912
405 407
405 408
405 448
405 449
405 452
405 453
405 454
405 456
405 457
405 549
405 550
405 551
405 580
405 583
405 584
405 586
405 587
405 589
405 590
405 591
405 592
405 594
405 598
405 599
405 601
405 625
405 626
405 627
405 630
405 632
405 633
405 634
405 636
405 637
405 639
405 642
405 853
405 854
405 856
405 857
405 858
405 859
405 860
405 863
405 864
405 866
405 867
405 889
405 890
405 910
405 912
405 913
406 407
406 408
406 450
406 452
406 453
406 550
406 551
406 553
406 578
406 579
406 581
406 582
406 583
406 584
406 585
406 588
406 589
406 590
406 591
406 593
406 595
406 596
406 598
406 600
406 601
406 603
406 604
406 628
406 629
406 630
406 631
406 632
406 633
406 634
406 635
406 636
406 637
406 639
406 640
406 641
406 643
406 854
406 855
406 858
406 860
406 861
406 862
406 864
406 865
406 866
406 867
406 890
406 908
406 910
406 911
406 912
407 408
407 450
407 452
407 453
407 454
407 455
407 457
407 458
407 547
407 549
407 550
407 552
407 553
407 554
407 583
407 584
407 585
407 586
407 588
407 589
407 590
407 591
407 593
407 594
407 595
407 596
407 597
407 598
407 600
407 601
407 603
407 605
407 628
407 630
407 631
407 632
407 636
407 637
407 638
407 639
407 640
407 643
407 854
407 856
407 858
407 860
407 862
407 863
407 864
407 866
407 867
407 868
407 874
407 890
407 892
407 909
407 911
407 912
408 447
408 451
408 452
408 453
408 454
408 455
408 519
408 548
408 549
408 552
408 553
408 554
408 579
408 580
408 581
408 582
408 583
408 584
408 585
408 586
408 587
408 588
408 589
408 590
408 591
408 592
408 593
408 594
408 597
408 598
408 599
408 600
408 601
408 602
408 603
408 605
408 625
408 626
408 627
408 629
408 630
408 631
408 632
408 633
408 634
408 636
408 637
408 638
408 639
408 640
408 641
408 642
408 643
408 644
408 785
408 853
408 855
408 856
408 857
408 858
408 859
408 860
408 861
408 862
408 863
408 864
408 865
408 867
408 868
408 889
408 911
408 913
409 447
409 450
409 451
409 452
409 454
409 456
409 547
409 552
409 553
409 554
409 580
409 582
409 583
409 584
409 586
409 588
409 590
409 592
409 593
409 595
409 596
409 597
409 598
409 599
409 602
409 603
409 604
409 629
409 631
409 632
409 634
409 635
409 637
409 638
409 644
409 855
409 858
409 860
409 862
409 863
409 864
409 865
409 867
409 912
409 913
409 915
410 454
410 552
410 583
410 588
410 592
410 594
410 596
410 597
410 598
410 599
410 601
410 602
410 603
410 632
410 637
410 638
410 639
410 641
410 642
410 645
410 861
411 588
411 591
411 596
411 597
411 598
411 600
411 602
411 603
411 865
412 604
412 646
415 870
420 607
422 598
431 634
433 601
436 604
437 598
437 602
437 603
437 633
438 600
438 601
438 608
439 607
446 907
447 453
447 552
447 598
447 626
447 631
447 637
447 643
447 861
447 907
448 453
448 548
448 549
448 550
448 580
448 581
448 584
448 591
448 600
448 624
448 627
448 630
448 635
448 643
448 644
448 861
448 862
448 865
448 867
448 909
448 913
449 450
449 451
449 452
449 457
449 549
449 550
449 553
449 578
449 584
449 587
449 588
449 589
449 590
449 592
449 595
449 597
449 601
449 602
449 605
449 626
449 638
449 639
449 640
449 642
449 855
449 858
449 862
449 865
449 868
449 890
449 908
449 910
449 911
450 452
450 453
450 455
450 551
450 552
450 553
450 554
450 581
450 583
450 584
450 585
450 586
450 588
450 589
450 592
450 594
450 598
450 599
450 625
450 626
450 633
450 634
450 637
450 641
450 854
450 856
450 857
450 858
450 859
450 863
450 864
450 865
450 866
450 867
450 868
450 889
450 890
450 908
450 912
450 913
450 914
451 452
451 453
451 454
451 456
451 551
451 553
451 554
451 578
451 582
451 583
451 584
451 585
451 586
451 587
451 588
451 589
451 590
451 591
451 592
451 593
451 594
451 597
451 599
451 600
451 601
451 602
451 604
451 605
451 627
451 628
451 629
451 630
451 631
451 632
451 634
451 636
451 637
451 638
451 639
451 641
451 642
451 643
451 644
451 854
451 855
451 856
451 861
451 862
451 864
451 865
451 868
451 890
451 891
451 910
451 911
451 913
452 453
452 455
452 456
452 457
452 550
452 579
452 581
452 583
452 584
452 585
452 586
452 588
452 589
452 590
452 592
452 593
452 594
452 595
452 596
452 597
452 598
452 599
452 600
452 601
452 603
452 604
452 605
452 627
452 628
452 630
452 631
452 632
452 634
452 635
452 636
452 637
452 638
452 639
452 641
452 643
452 855
452 856
452 857
452 858
452 859
452 860
452 861
452 863
452 865
452 866
452 867
452 868
452 889
452 890
452 891
452 909
452 910
452 912
453 454
453 456
453 457
453 550
453 552
453 582
453 584
453 585
453 586
453 587
453 588
453 589
453 590
453 591
453 592
453 594
453 595
453 597
453 598
453 599
453 600
453 601
453 602
453 603
453 604
453 607
453 628
453 629
453 630
453 631
453 632
453 635
453 636
453 637
453 638
453 639
453 640
453 641
453 642
453 643
453 644
453 645
453 854
453 855
453 856
453 857
453 860
453 861
453 862
453 863
453 864
453 866
453 868
453 891
453 913
453 914
454 455
454 456
454 457
454 550
454 551
454 552
454 553
454 578
454 581
454 583
454 584
454 585
454 587
454 588
454 589
454 590
454 591
454 592
454 593
454 594
454 595
454 596
454 597
454 598
454 599
454 600
454 601
454 602
454 603
454 604
454 605
454 627
454 628
454 629
454 631
454 632
454 633
454 634
454 636
454 637
454 639
454 640
454 642
454 643
454 853
454 854
454 855
454 856
454 857
454 858
454 859
454 860
454 861
454 862
454 863
454 864
454 865
454 866
454 867
454 889
454 891
454 911
454 912
455 457
455 552
455 555
455 579
455 582
455 583
455 584
455 585
455 586
455 588
455 589
455 590
455 591
455 592
455 593
455 594
455 595
455 596
455 598
455 599
455 600
455 601
455 602
455 603
455 604
455 605
455 626
455 627
455 630
455 631
455 632
455 634
455 635
455 636
455 637
455 638
455 639
455 640
455 641
455 642
455 643
455 645
455 855
455 858
455 860
455 861
455 862
455 863
455 864
455 865
455 866
455 867
455 890
455 891
455 907
455 909
455 911
455 912
455 913
455 914
456 549
456 550
456 552
456 553
456 554
456 582
456 584
456 585
456 586
456 587
456 588
456 589
456 590
456 591
456 592
456 593
456 594
456 595
456 596
456 597
456 598
456 599
456 600
456 601
456 602
456 603
456 604
456 605
456 628
456 630
456 631
456 632
456 633
456 634
456 635
456 636
456 637
456 638
456 639
456 640
456 641
456 643
456 644
456 852
456 853
456 854
456 855
456 856
456 857
456 859
456 860
456 861
456 862
456 863
456 864
456 865
456 866
456 867
456 868
456 889
456 908
456 909
456 910
456 911
457 458
457 549
457 550
457 551
457 553
457 554
457 581
457 583
457 584
457 585
457 586
457 587
457 588
457 589
457 590
457 591
457 592
457 593
457 594
457 595
457 596
457 597
457 598
457 599
457 600
457 601
457 602
457 603
457 604
457 605
457 626
457 628
457 629
457 630
457 632
457 633
457 634
457 635
457 636
457 638
457 639
457 640
457 641
457 642
457 643
457 644
457 804
457 855
457 856
457 857
457 858
457 860
457 861
457 862
457 863
457 864
457 865
457 866
457 867
457 889
457 908
457 909
457 911
457 912
457 913
458 516
458 553
458 579
458 580
458 581
458 584
458 585
458 588
458 590
458 592
458 594
458 595
458 596
458 598
458 599
458 601
458 602
458 604
458 628
458 629
458 631
458 633
458 634
458 635
458 637
458 638
458 639
458 640
458 642
458 643
458 644
458 854
458 855
458 856
458 858
458 862
458 863
458 864
458 865
458 867
458 870
459 591
459 598
459 599
459 600
459 601
459 602
459 604
459 640
459 642
459 644
459 862
459 863
459 913
460 598
460 601
460 604
460 605
460 606
460 865
461 602
462 602
463 805
473 602
474 815
485 890
486 598
488 604
488 646
489 593
489 757
490 869
491 595
492 603
492 605
493 602
494 591
496 608
510 607
514 591
514 638
514 862
515 595
515 604
515 646
516 599
516 604
516 880
517 604
519 602
520 599
520 600
521 717
522 603
536 637
537 596
537 598
537 601
538 603
538 754
541 636
544 603
546 603
547 585
547 640
547 852
547 860
547 862
547 867
547 868
547 889
547 890
547 892
547 913
548 551
548 583
548 591
548 593
548 600
548 601
548 603
548 629
548 630
548 631
548 632
548 636
548 638
548 854
548 858
548 862
548 864
548 865
548 866
548 889
548 891
549 552
549 555
549 584
549 586
549 587
549 593
549 595
549 599
549 601
549 605
549 628
549 629
549 632
549 634
549 635
549 638
549 639
549 641
549 643
549 853
549 859
549 860
549 861
549 862
549 863
549 868
549 870
549 909
549 910
549 912
550 551
550 552
550 553
550 579
550 581
550 585
550 587
550 589
550 590
550 591
550 593
550 594
550 596
550 601
550 605
550 626
550 631
550 633
550 634
550 635
550 636
550 639
550 642
550 853
550 854
550 855
550 859
550 861
550 863
550 865
550 866
550 890
550 910
550 912
550 913
551 579
551 580
551 581
551 582
551 584
551 585
551 586
551 587
551 589
551 590
551 591
551 592
551 593
551 594
551 597
551 599
551 600
551 603
551 629
551 630
551 632
551 633
551 634
551 635
551 636
551 638
551 639
551 640
551 641
551 642
551 644
551 854
551 855
551 857
551 859
551 860
551 862
551 863
551 864
551 865
551 866
551 907
551 908
551 910
551 911
552 579
552 581
552 583
552 584
552 586
552 587
552 588
552 589
552 590
552 591
552 593
552 595
552 596
552 597
552 598
552 599
552 600
552 602
552 603
552 604
552 626
552 627
552 628
552 629
552 631
552 632
552 633
552 634
552 635
552 636
552 637
552 639
552 640
552 642
552 857
552 858
552 861
552 862
552 863
552 866
552 867
552 868
552 889
552 908
552 909
552 912
552 913
553 554
553 581
553 584
553 585
553 586
553 587
553 588
553 589
553 590
553 591
553 592
553 593
553 594
553 595
553 596
553 597
553 599
553 601
553 602
553 603
553 604
553 605
553 626
553 629
553 630
553 631
553 633
553 634
553 636
553 637
553 638
553 639
553 640
553 641
553 643
553 644
553 853
553 855
553 857
553 860
553 861
553 863
553 864
553 865
553 866
553 867
553 868
553 890
553 908
553 910
553 911
553 913
554 581
554 586
554 587
554 589
554 590
554 591
554 593
554 595
554 596
554 598
554 601
554 602
554 603
554 631
554 637
554 639
554 642
554 859
554 862
554 863
554 866
554 908
554 910
554 913
555 588
555 591
555 594
555 598
555 599
555 600
555 601
555 602
555 604
555 635
555 640
555 641
555 643
555 912
556 594
556 600
556 603
556 604
556 605
556 634
556 643
557 596
557 604
557 606
557 918
558 938
566 603
568 583
569 605
571 603
574 864
578 587
578 598
578 626
578 630
578 852
578 889
578 890
579 583
579 586
579 590
579 591
579 596
579 600
579 601
579 636
579 643
579 856
579 861
579 863
579 866
579 890
579 891
579 907
579 909
579 910
579 911
579 912
580 581
580 582
580 583
580 584
580 590
580 591
580 592
580 593
580 594
580 599
580 600
580 601
580 604
580 624
580 629
580 631
580 632
580 636
580 640
580 642
580 784
580 853
580 856
580 857
580 858
580 861
580 862
580 866
580 888
580 890
580 908
580 909
580 910
581 584
581 585
581 588
581 589
581 590
581 591
581 592
581 593
581 596
581 600
581 601
581 602
581 603
581 604
581 605
581 626
581 627
581 628
581 629
581 635
581 638
581 642
581 643
581 644
581 855
581 857
581 858
581 860
581 862
581 863
581 864
581 866
581 867
581 908
581 911
581 912
582 584
582 586
582 588
582 590
582 591
582 592
582 593
582 594
582 595
582 596
582 597
582 598
582 600
582 601
582 602
582 603
582 604
582 605
582 627
582 628
582 631
582 632
582 633
582 634
582 636
582 637
582 639
582 640
582 641
582 642
582 643
582 857
582 858
582 859
582 860
582 861
582 862
582 863
582 865
582 866
582 867
582 868
582 869
582 909
582 910
582 912
583 584
583 585
583 586
583 587
583 588
583 589
583 590
583 591
583 592
583 594
583 595
583 596
583 597
583 598
583 600
583 601
583 602
583 603
583 604
583 605
583 626
583 627
583 628
583 631
583 632
583 633
583 634
583 635
583 636
583 637
583 638
583 639
583 641
583 643
583 855
583 857
583 858
583 860
583 861
583 862
583 863
583 865
583 866
583 867
583 890
583 891
583 908
583 911
583 912
583 913
584 586
584 587
584 588
584 589
584 590
584 591
584 592
584 593
584 594
584 595
584 596
584 597
584 598
584 599
584 600
584 602
584 603
584 604
584 605
584 626
584 628
584 629
584 630
584 631
584 632
584 633
584 635
584 638
584 639
584 640
584 641
584 642
584 643
584 644
584 856
584 857
584 858
584 860
584 861
584 864
584 865
584 866
584 867
584 890
584 892
584 910
584 911
584 912
585 586
585 587
585 588
585 590
585 591
585 592
585 593
585 594
585 596
585 597
585 598
585 599
585 600
585 601
585 602
585 603
585 605
585 628
585 629
585 630
585 631
585 632
585 634
585 635
585 636
585 637
585 638
585 639
585 640
585 641
585 642
585 643
585 644
585 852
585 856
585 857
585 858
585 859
585 861
585 862
585 863
585 864
585 865
585 907
585 910
585 913
586 587
586 588
586 589
586 590
586 591
586 592
586 593
586 594
586 595
586 596
586 597
586 598
586 600
586 601
586 602
586 603
586 604
586 605
586 627
586 628
586 629
586 631
586 632
586 633
586 634
586 636
586 637
586 639
586 640
586 641
586 642
586 643
586 644
586 856
586 857
586 858
586 859
586 860
586 861
586 862
586 863
586 864
586 865
586 866
586 867
586 868
586 888
586 889
586 908
586 909
586 910
586 911
586 913
586 914
586 915
587 588
587 589
587 590
587 591
587 592
587 593
587 594
587 595
587 596
587 598
587 599
587 600
587 601
587 602
587 603
587 604
587 605
587 628
587 631
587 632
587 633
587 634
587 635
587 636
587 637
587 638
587 639
587 640
587 641
587 642
587 643
587 644
587 852
587 857
587 858
587 859
587 860
587 861
587 862
587 863
587 864
587 865
587 866
587 867
587 890
587 892
587 909
587 910
587 912
587 913
588 589
588 590
588 591
588 592
588 593
588 594
588 596
588 597
588 598
588 599
588 600
588 601
588 602
588 603
588 604
588 605
588 606
588 628
588 629
588 630
588 633
588 634
588 635
588 636
588 637
588 638
588 639
588 640
588 641
588 642
588 643
588 644
588 853
588 854
588 856
588 858
588 859
588 860
588 861
588 862
588 863
588 864
588 865
588 866
588 867
588 912
588 913
589 590
589 591
589 592
589 593
589 594
589 595
589 596
589 597
589 598
589 599
589 600
589 601
589 602
589 603
589 604
589 605
589 625
589 628
589 629
589 630
589 631
589 632
589 633
589 634
589 635
589 636
589 637
589 638
589 639
589 640
589 641
589 642
589 643
589 856
589 857
589 858
589 860
589 861
589 862
589 863
589 864
589 865
589 866
589 867
589 868
589 882
589 888
589 890
589 891
589 892
589 933
590 591
590 592
590 593
590 594
590 595
590 596
590 597
590 598
590 599
590 600
590 601
590 602
590 603
590 604
590 605
590 626
590 627
590 628
590 629
590 630
590 631
590 632
590 633
590 634
590 635
590 636
590 637
590 638
590 639
590 640
590 641
590 642
590 643
590 644
590 856
590 857
590 858
590 859
590 860
590 861
590 862
590 863
590 864
590 865
590 866
590 867
590 868
590 890
590 911
590 914
590 915
591 592
591 593
591 594
591 595
591 596
591 597
591 598
591 599
591 600
591 601
591 602
591 603
591 604
591 605
591 625
591 627
591 629
591 630
591 631
591 632
591 633
591 634
591 635
591 636
591 637
591 638
591 639
591 640
591 641
591 642
591 643
591 644
591 645
591 671
591 856
591 858
591 859
591 860
591 861
591 862
591 863
591 864
591 865
591 866
591 867
591 868
591 890
591 906
591 907
591 911
591 913
592 593
592 594
592 595
592 596
592 597
592 598
592 599
592 600
592 601
592 602
592 603
592 604
592 605
592 606
592 607
592 625
592 626
592 629
592 630
592 631
592 632
592 633
592 634
592 635
592 636
592 637
592 638
592 639
592 640
592 641
592 642
592 643
592 644
592 646
592 855
592 856
592 858
592 859
592 860
592 861
592 862
592 863
592 864
592 865
592 866
592 867
592 869
592 889
592 910
592 911
592 912
592 914
592 915
592 935
593 594
593 595
593 596
593 597
593 598
593 599
593 600
593 601
593 602
593 603
593 604
593 605
593 606
593 625
593 628
593 629
593 630
593 631
593 632
593 633
593 634
593 635
593 636
593 637
593 638
593 639
593 640
593 641
593 642
593 643
593 644
593 645
593 853
593 855
593 856
593 858
593 859
593 860
593 861
593 862
593 863
593 864
593 865
593 866
593 867
593 891
593 893
593 909
593 911
593 912
593 913
593 915
594 595
594 596
594 597
594 598
594 599
594 600
594 601
594 602
594 603
594 604
594 605
594 606
594 625
594 626
594 627
594 629
594 630
594 631
594 632
594 633
594 634
594 635
594 636
594 637
594 638
594 639
594 640
594 641
594 642
594 643
594 644
594 692
594 853
594 855
594 856
594 857
594 858
594 860
594 861
594 862
594 863
594 864
594 865
594 866
594 867
594 868
594 869
594 891
594 907
594 914
595 596
595 597
595 598
595 599
595 600
595 601
595 602
595 603
595 604
595 605
595 627
595 628
595 629
595 630
595 631
595 632
595 633
595 634
595 635
595 636
595 637
595 638
595 639
595 640
595 641
595 642
595 643
595 644
595 854
595 856
595 857
595 858
595 859
595 860
595 861
595 862
595 863
595 864
595 865
595 866
595 867
595 868
595 869
595 911
595 912
595 913
595 915
595 931
595 934
596 597
596 598
596 599
596 600
596 601
596 602
596 603
596 604
596 605
596 606
596 626
596 628
596 629
596 630
596 632
596 633
596 634
596 635
596 636
596 637
596 638
596 639
596 640
596 641
596 642
596 643
596 644
596 802
596 854
596 856
596 857
596 858
596 859
596 860
596 861
596 862
596 863
596 864
596 865
596 866
596 867
596 868
596 890
596 909
596 910
596 911
596 912
596 915
596 916
597 598
597 599
597 600
597 601
597 602
597 603
597 604
597 605
597 606
597 607
597 628
597 629
597 630
597 631
597 632
597 633
597 634
597 635
597 636
597 637
597 638
597 639
597 640
597 641
597 642
597 643
597 644
597 683
597 803
597 853
597 855
597 857
597 858
597 859
597 860
597 861
597 862
597 863
597 864
597 865
597 866
597 867
597 868
597 869
597 890
597 893
597 894
597 908
597 911
597 913
597 914
597 916
598 599
598 600
598 601
598 602
598 603
598 604
598 605
598 606
598 627
598 628
598 629
598 630
598 631
598 633
598 634
598 635
598 636
598 637
598 638
598 639
598 640
598 641
598 642
598 643
598 644
598 645
598 855
598 857
598 858
598 859
598 860
598 861
598 862
598 863
598 864
598 865
598 866
598 867
598 868
598 869
598 893
598 910
598 912
598 914
598 995
599 600
599 601
599 602
599 603
599 604
599 605
599 606
599 627
599 628
599 629
599 630
599 631
599 632
599 633
599 634
599 635
599 636
599 637
599 638
599 639
599 640
599 641
599 642
599 643
599 644
599 645
599 646
599 853
599 856
599 857
599 858
599 859
599 860
599 861
599 862
599 863
599 864
599 865
599 866
599 867
599 868
599 869
599 892
599 893
599 907
599 912
599 913
599 914
599 941
599 980
599 984
600 601
600 602
600 603
600 604
600 605
600 606
600 608
600 628
600 629
600 630
600 631
600 632
600 633
600 634
600 635
600 636
600 637
600 638
600 639
600 640
600 641
600 642
600 643
600 644
600 645
600 670
600 682
600 731
600 756
600 776
600 844
600 856
600 857
600 858
600 859
600 860
600 861
600 862
600 863
600 864
600 865
600 866
600 867
600 868
600 869
600 870
600 891
600 892
600 907
600 908
600 910
600 911
600 912
600 913
600 915
600 932
600 933
601 602
601 603
601 604
601 605
601 606
601 625
601 626
601 628
601 629
601 631
601 632
601 633
601 634
601 635
601 636
601 637
601 638
601 639
601 640
601 641
601 642
601 643
601 644
601 645
601 661
601 676
601 692
601 702
601 730
601 759
601 778
601 790
601 801
601 852
601 855
601 856
601 857
601 858
601 859
601 860
601 861
601 862
601 863
601 864
601 865
601 866
601 867
601 868
601 869
601 870
601 891
601 892
601 894
601 909
601 910
601 911
601 913
601 914
601 915
601 916
601 998
602 603
602 604
602 605
602 606
602 607
602 625
602 629
602 631
602 632
602 633
602 634
602 635
602 636
602 637
602 638
602 639
602 640
602 641
602 642
602 643
602 644
602 645
602 674
602 691
602 723
602 730
602 757
602 767
602 781
602 802
602 803
602 814
602 817
602 845
602 853
602 855
602 858
602 859
602 860
602 861
602 862
602 863
602 864
602 865
602 866
602 867
602 868
602 870
602 881
602 884
602 888
602 892
602 893
602 894
602 909
602 910
602 911
602 912
602 913
602 914
602 916
602 917
602 918
602 937
602 938
603 604
603 605
603 606
603 607
603 608
603 625
603 629
603 631
603 632
603 634
603 635
603 636
603 637
603 638
603 639
603 640
603 641
603 642
603 643
603 644
603 645
603 646
603 660
603 692
603 712
603 719
603 732
603 753
603 756
603 775
603 791
603 813
603 818
603 833
603 850
603 854
603 855
603 856
603 857
603 858
603 860
603 861
603 862
603 863
603 864
603 865
603 866
603 867
603 868
603 869
603 888
603 890
603 892
603 893
603 894
603 910
603 911
603 913
603 914
603 915
603 916
603 917
603 919
603 937
603 976
604 605
604 606
604 607
604 625
604 628
604 630
604 632
604 633
604 634
604 635
604 636
604 637
604 638
604 639
604 640
604 641
604 642
604 643
604 644
604 645
604 662
604 671
604 672
604 674
604 693
604 703
604 710
604 731
604 751
604 786
604 804
604 808
604 833
604 834
604 853
604 856
604 857
604 858
604 859
604 861
604 862
604 863
604 864
604 865
604 866
604 867
604 868
604 869
604 871
604 893
604 894
604 908
604 912
604 913
604 914
604 915
604 916
604 919
604 942
605 606
605 616
605 626
605 627
605 628
605 629
605 630
605 631
605 632
605 633
605 634
605 635
605 636
605 637
605 638
605 639
605 640
605 641
605 642
605 643
605 644
605 645
605 704
605 776
605 780
605 791
605 834
605 853
605 855
605 857
605 858
605 859
605 860
605 861
605 862
605 863
605 864
605 865
605 866
605 867
605 868
605 869
605 889
605 890
605 891
605 893
605 908
605 909
605 910
605 912
605 916
605 917
606 635
606 637
606 641
606 643
606 672
606 776
606 858
606 860
606 861
606 862
606 865
606 866
606 868
606 890
606 909
606 911
606 917
609 639
625 626
625 630
625 633
625 852
625 858
625 862
625 866
625 867
625 912
625 913
626 628
626 629
626 630
626 632
626 638
626 641
626 643
626 858
626 864
626 867
626 909
626 911
627 628
627 630
627 631
627 632
627 635
627 639
627 640
627 643
627 853
627 854
627 859
627 863
627 864
627 866
627 867
627 908
627 911
627 912
628 632
628 633
628 634
628 635
628 637
628 639
628 642
628 855
628 856
628 857
628 859
628 860
628 861
628 863
628 865
628 866
628 867
628 907
628 908
628 909
628 910
628 911
629 630
629 631
629 632
629 633
629 634
629 636
629 637
629 638
629 639
629 642
629 856
629 857
629 858
629 859
629 861
629 862
629 864
629 865
629 866
629 867
629 906
629 909
629 910
629 911
629 912
629 913
630 631
630 632
630 634
630 636
630 637
630 638
630 639
630 640
630 641
630 642
630 705
630 855
630 856
630 857
630 859
630 860
630 861
630 862
630 865
630 866
630 867
630 868
630 889
630 892
630 909
630 912
630 913
631 633
631 634
631 635
631 637
631 638
631 639
631 640
631 642
631 643
631 854
631 856
631 857
631 858
631 859
631 860
631 861
631 862
631 863
631 864
631 865
631 866
631 867
631 868
631 889
631 909
632 633
632 634
632 635
632 636
632 637
632 639
632 640
632 641
632 642
632 643
632 644
632 645
632 852
632 855
632 857
632 860
632 862
632 864
632 865
632 866
632 867
632 868
632 889
632 891
632 892
632 910
632 911
632 912
632 914
633 634
633 635
633 636
633 638
633 639
633 640
633 641
633 642
633 643
633 857
633 858
633 860
633 861
633 862
633 863
633 864
633 865
633 866
633 867
633 868
633 869
633 908
633 909
633 910
633 912
633 914
634 635
634 636
634 637
634 638
634 639
634 640
634 641
634 642
634 643
634 853
634 857
634 858
634 859
634 860
634 861
634 862
634 863
634 864
634 865
634 866
634 867
634 890
634 891
634 893
634 909
634 912
634 913
635 636
635 637
635 638
635 639
635 640
635 641
635 642
635 643
635 703
635 854
635 856
635 857
635 859
635 860
635 862
635 863
635 864
635 865
635 866
635 867
635 868
635 889
635 911
635 912
635 914
635 915
636 637
636 638
636 639
636 640
636 641
636 642
636 643
636 854
636 855
636 856
636 857
636 858
636 859
636 860
636 861
636 862
636 863
636 864
636 865
636 866
636 867
636 890
636 892
636 909
636 911
636 912
636 913
637 638
637 639
637 641
637 642
637 643
637 644
637 729
637 854
637 856
637 858
637 859
637 860
637 861
637 862
637 864
637 865
637 866
637 867
637 868
637 888
637 890
637 891
637 908
637 909
637 910
637 911
637 912
637 913
637 932
637 965
638 639
638 640
638 641
638 642
638 643
638 644
638 854
638 856
638 857
638 859
638 860
638 861
638 862
638 863
638 864
638 865
638 866
638 867
638 868
638 888
638 889
638 890
638 892
638 906
638 907
638 911
638 912
638 913
639 640
639 641
639 642
639 643
639 644
639 853
639 855
639 856
639 858
639 859
639 860
639 861
639 862
639 863
639 864
639 865
639 866
639 867
639 868
639 889
639 891
639 908
639 909
639 910
639 911
639 913
640 641
640 642
640 643
640 644
640 853
640 855
640 857
640 858
640 859
640 860
640 861
640 862
640 863
640 864
640 865
640 866
640 867
640 868
640 890
640 891
640 893
640 912
640 913
641 642
641 643
641 644
641 853
641 854
641 855
641 857
641 858
641 859
641 860
641 861
641 862
641 863
641 864
641 865
641 866
641 867
641 868
641 884
641 889
641 891
641 912
641 913
641 914
642 643
642 644
642 802
642 853
642 854
642 856
642 857
642 858
642 859
642 860
642 861
642 862
642 863
642 864
642 865
642 866
642 867
642 868
642 869
642 891
642 892
642 910
643 644
643 775
643 802
643 855
643 856
643 857
643 858
643 859
643 860
643 861
643 862
643 863
643 864
643 865
643 866
643 867
643 868
643 880
643 892
643 911
643 912
643 915
643 916
644 855
644 856
644 859
644 862
644 864
644 865
644 866
644 867
644 895
644 913
645 807
645 868
646 785
646 985
675 886
704 808
730 865
754 917
758 842
777 934
784 868
787 964
803 869
826 895
832 867
845 913
852 853
852 867
853 854
853 858
853 863
853 864
853 865
853 893
853 907
853 908
853 909
853 912
853 914
854 855
854 857
854 858
854 859
854 861
854 865
854 867
854 908
854 911
854 914
855 856
855 860
855 862
855 863
855 864
855 865
855 866
855 867
855 868
855 890
855 891
855 910
855 912
855 913
856 857
856 858
856 859
856 861
856 862
856 863
856 864
856 867
856 888
856 909
856 913
857 858
857 859
857 861
857 862
857 863
857 864
857 865
857 866
857 867
857 889
857 909
857 910
857 911
857 912
857 913
858 859
858 860
858 861
858 862
858 864
858 865
858 866
858 867
858 868
858 888
858 908
858 912
858 913
858 914
859 860
859 861
859 862
859 863
859 864
859 865
859 866
859 867
859 888
859 908
859 911
859 912
859 913
860 861
860 862
860 863
860 864
860 865
860 866
860 867
860 890
860 892
860 909
860 910
860 912
860 913
860 914
860 916
861 862
861 863
861 864
861 865
861 866
861 867
861 868
861 911
861 913
862 863
862 864
862 865
862 866
862 867
862 891
862 908
862 911
862 912
862 913
862 932
863 864
863 865
863 866
863 867
863 868
863 889
863 890
863 892
863 893
863 908
863 911
863 912
864 865
864 866
864 867
864 868
864 869
864 893
864 907
864 910
864 913
864 915
865 866
865 867
865 869
865 888
865 889
865 890
865 891
865 892
865 910
865 911
865 912
865 913
865 914
865 915
866 867
866 868
866 890
866 891
866 909
866 912
866 913
866 917
867 868
867 888
867 891
867 892
867 911
867 913
867 914
868 893
868 910
868 913
868 920
868 936
880 922
888 890
890 891
890 910
892 908
906 914
907 909
908 909
908 910
908 911
908 915
909 912
909 913
909 914
909 915
910 911
910 913
910 914
911 912
911 913
912 913
913 914
