3 52
37 275
47 49
48 49
48 50
48 51
48 191
48 328
48 707
48 708
48 946
49 82
49 189
49 190
49 242
49 304
49 329
49 373
49 706
49 707
49 708
49 710
49 816
49 944
50 51
50 87
50 121
50 191
50 192
50 247
50 329
50 706
50 707
50 708
50 818
51 88
51 139
51 211
51 501
51 739
51 917
51 928
52 301
52 690
52 705
52 838
53 317
53 883
54 275
56 687
56 747
57 302
80 189
82 740
83 211
83 600
84 707
85 946
86 191
86 708
86 837
86 947
87 190
87 258
87 495
87 929
88 711
88 961
89 276
98 212
98 378
99 244
134 637
135 709
136 248
136 708
137 413
137 753
138 633
144 962
160 707
162 663
189 631
189 690
189 709
190 211
190 311
190 632
190 813
191 212
191 738
191 930
192 211
192 553
192 710
193 362
193 383
194 987
209 707
209 708
210 596
210 693
210 709
210 790
211 662
212 709
212 768
213 501
213 962
214 531
214 709
215 252
241 709
242 553
242 708
243 258
243 707
243 748
246 722
247 305
247 709
247 843
248 330
248 710
249 425
249 667
251 252
252 663
253 317
253 329
254 975
255 609
257 737
259 316
264 708
265 305
269 304
269 316
270 819
270 999
274 506
275 329
276 814
303 330
304 316
305 662
306 712
308 708
314 662
315 599
315 621
315 716
316 377
328 533
329 388
330 739
330 996
331 863
349 708
350 602
351 737
352 355
376 709
386 944
387 622
387 708
399 662
407 519
413 502
422 946
431 654
439 499
463 710
471 964
481 707
487 738
534 896
535 768
537 706
538 897
554 711
555 791
587 741
600 693
663 709
664 740
689 752
694 948
707 709
707 711
708 710
708 946
709 710
711 849
712 889
788 947
818 821
832 894
895 929
896 903
