4 857
16 896
35 862
36 864
37 691
38 674
41 862
48 858
49 859
49 862
49 863
50 861
50 862
50 863
50 865
51 376
51 640
66 895
71 829
72 74
72 476
72 478
72 533
72 537
72 540
72 541
72 816
72 817
72 819
72 820
72 822
72 827
72 848
72 855
72 861
73 76
73 239
73 475
73 478
73 479
73 532
73 533
73 534
73 535
73 538
73 543
73 544
73 818
73 819
73 820
73 822
73 823
73 824
73 825
73 828
73 847
73 848
73 849
73 851
73 853
73 855
73 857
73 859
73 860
73 861
73 862
74 178
74 474
74 476
74 477
74 478
74 479
74 480
74 481
74 531
74 532
74 533
74 535
74 537
74 538
74 539
74 540
74 543
74 819
74 820
74 822
74 825
74 826
74 828
74 829
74 847
74 848
74 849
74 851
74 852
74 853
74 854
74 857
74 858
74 860
74 861
74 862
74 863
75 76
75 77
75 177
75 474
75 475
75 476
75 477
75 478
75 479
75 480
75 481
75 532
75 534
75 535
75 536
75 537
75 538
75 539
75 541
75 542
75 543
75 544
75 817
75 818
75 823
75 824
75 825
75 827
75 828
75 829
75 830
75 849
75 850
75 851
75 852
75 853
75 854
75 855
75 856
75 857
75 858
75 859
75 860
75 861
75 862
75 863
76 238
76 474
76 476
76 477
76 479
76 481
76 482
76 534
76 535
76 536
76 537
76 539
76 540
76 541
76 542
76 543
76 544
76 557
76 820
76 821
76 822
76 823
76 824
76 825
76 826
76 827
76 828
76 829
76 849
76 851
76 852
76 853
76 854
76 855
76 856
76 857
76 858
76 859
76 860
76 861
76 862
76 863
77 180
77 475
77 479
77 534
77 535
77 538
77 539
77 541
77 542
77 543
77 544
77 545
77 816
77 819
77 822
77 823
77 824
77 825
77 826
77 827
77 850
77 853
77 854
77 855
77 857
77 858
77 860
77 861
77 862
77 863
78 483
78 536
78 542
78 543
78 544
78 545
78 546
78 826
78 827
78 830
78 855
78 858
78 859
78 860
78 861
78 862
79 481
79 543
79 545
79 861
79 862
79 863
79 864
80 444
80 795
80 817
80 832
80 861
80 863
81 182
81 246
81 503
82 838
83 479
101 862
109 862
110 189
114 543
115 544
115 828
115 860
116 673
116 861
117 692
133 544
134 825
134 859
134 860
135 823
135 855
135 859
135 862
135 863
136 706
136 862
141 863
145 861
146 862
163 861
171 620
176 821
176 862
177 239
177 476
177 479
177 531
177 533
177 535
177 541
177 542
177 592
177 826
177 829
177 851
177 861
178 477
178 478
178 480
178 532
178 534
178 537
178 538
178 543
178 821
178 822
178 827
178 828
178 851
178 852
178 854
178 855
178 857
178 859
178 860
178 862
178 863
179 481
179 534
179 535
179 536
179 537
179 539
179 541
179 543
179 824
179 825
179 827
179 851
179 853
179 859
179 860
179 861
179 863
179 864
180 482
180 537
180 541
180 543
180 824
180 830
180 854
180 860
180 861
180 862
180 863
181 542
181 544
181 686
181 825
181 826
181 828
181 829
181 853
181 857
181 860
181 862
182 306
182 543
182 859
182 860
182 862
182 863
183 307
183 863
183 982
184 829
188 821
188 856
188 857
188 859
188 863
189 460
189 819
190 866
191 541
191 863
192 858
192 862
193 380
193 545
196 822
196 861
197 860
197 863
201 864
215 829
221 829
222 244
225 465
227 829
228 548
233 537
233 642
237 854
237 860
237 862
238 473
238 475
238 476
238 478
238 481
238 536
238 537
238 541
238 542
238 817
238 819
238 823
238 851
238 861
238 863
239 474
239 476
239 479
239 482
239 538
239 543
239 544
239 820
239 823
239 827
239 829
239 852
239 853
239 854
239 855
239 857
239 859
239 861
239 862
240 476
240 480
240 481
240 540
240 543
240 544
240 819
240 820
240 849
240 853
240 854
240 856
240 857
240 858
240 859
240 860
240 861
240 862
241 482
241 542
241 822
241 826
241 851
241 858
241 859
241 860
241 861
241 862
242 826
242 828
242 856
242 858
242 861
242 862
242 863
242 865
243 484
243 541
243 847
243 855
243 859
243 862
243 863
243 935
244 858
244 860
244 861
244 862
244 864
245 657
245 699
245 861
246 865
247 760
259 862
260 864
261 757
263 827
264 831
268 862
268 864
273 993
304 828
305 825
305 826
305 859
306 860
306 863
320 545
325 539
326 541
341 478
341 860
341 861
342 860
342 861
342 865
343 593
355 644
366 865
367 484
373 479
374 481
374 858
375 861
375 863
379 542
381 858
382 829
395 861
403 827
412 858
413 861
424 859
425 863
426 831
432 863
438 833
439 862
452 857
453 685
453 862
454 862
454 954
455 863
456 484
457 897
464 862
468 859
468 861
469 864
469 934
473 534
473 535
473 537
473 826
473 856
474 477
474 478
474 481
474 533
474 534
474 539
474 541
474 543
474 544
474 818
474 820
474 822
474 824
474 825
474 828
474 849
474 854
474 855
474 858
474 861
475 477
475 478
475 480
475 532
475 533
475 534
475 536
475 537
475 539
475 542
475 543
475 544
475 817
475 818
475 820
475 821
475 822
475 824
475 825
475 826
475 827
475 828
475 829
475 848
475 849
475 851
475 852
475 853
475 854
475 856
475 857
475 858
475 859
475 860
475 862
476 477
476 478
476 479
476 480
476 481
476 482
476 483
476 504
476 533
476 535
476 536
476 537
476 538
476 539
476 540
476 541
476 542
476 543
476 544
476 818
476 820
476 821
476 823
476 825
476 826
476 828
476 829
476 849
476 850
476 853
476 854
476 855
476 856
476 857
476 858
476 860
476 861
476 863
477 478
477 479
477 480
477 481
477 483
477 532
477 534
477 535
477 536
477 537
477 538
477 539
477 540
477 541
477 542
477 543
477 544
477 816
477 819
477 820
477 821
477 822
477 823
477 824
477 825
477 827
477 828
477 829
477 830
477 847
477 848
477 849
477 850
477 851
477 853
477 854
477 855
477 857
477 858
477 859
477 861
477 862
477 863
477 957
478 479
478 480
478 481
478 482
478 501
478 532
478 534
478 535
478 536
478 537
478 538
478 539
478 540
478 541
478 542
478 543
478 544
478 816
478 817
478 818
478 819
478 820
478 821
478 822
478 823
478 824
478 825
478 827
478 828
478 829
478 846
478 847
478 848
478 849
478 850
478 851
478 852
478 853
478 854
478 855
478 856
478 857
478 858
478 859
478 860
478 861
478 862
478 863
479 480
479 481
479 482
479 532
479 533
479 534
479 536
479 537
479 538
479 539
479 540
479 541
479 542
479 543
479 544
479 545
479 668
479 818
479 819
479 820
479 821
479 822
479 823
479 824
479 825
479 826
479 827
479 828
479 829
479 847
479 848
479 850
479 851
479 852
479 853
479 854
479 855
479 856
479 857
479 858
479 859
479 860
479 861
479 862
479 863
480 481
480 482
480 532
480 535
480 536
480 537
480 538
480 539
480 540
480 541
480 542
480 543
480 544
480 546
480 817
480 818
480 819
480 821
480 822
480 823
480 824
480 825
480 826
480 827
480 828
480 847
480 850
480 851
480 852
480 853
480 854
480 855
480 856
480 857
480 858
480 859
480 860
480 861
480 862
480 863
480 864
481 482
481 506
481 533
481 534
481 535
481 536
481 537
481 538
481 539
481 540
481 541
481 542
481 543
481 544
481 545
481 546
481 616
481 684
481 817
481 818
481 820
481 821
481 822
481 823
481 824
481 825
481 826
481 827
481 828
481 829
481 830
481 848
481 849
481 850
481 851
481 852
481 853
481 854
481 855
481 856
481 857
481 858
481 859
481 860
481 861
481 862
481 863
481 864
482 484
482 532
482 533
482 537
482 538
482 539
482 540
482 541
482 542
482 543
482 544
482 818
482 819
482 820
482 821
482 822
482 824
482 825
482 826
482 827
482 828
482 829
482 848
482 851
482 852
482 853
482 855
482 856
482 857
482 858
482 859
482 860
482 861
482 862
482 863
483 519
483 535
483 538
483 540
483 541
483 543
483 822
483 825
483 826
483 828
483 829
483 830
483 853
483 854
483 857
483 859
483 860
483 861
483 862
483 863
483 864
484 542
484 827
484 858
484 859
484 861
484 863
484 864
485 502
485 660
485 861
485 865
486 852
486 865
491 564
500 826
500 860
501 839
501 859
501 862
502 863
503 866
505 537
505 829
505 860
505 863
506 824
506 828
506 831
506 861
506 863
507 545
507 662
507 864
508 984
510 850
520 538
520 540
520 860
520 862
521 529
521 864
524 864
528 544
531 539
531 541
531 544
531 823
531 825
531 826
531 829
531 830
531 847
531 852
531 854
531 858
531 859
531 862
532 534
532 535
532 536
532 537
532 539
532 541
532 544
532 818
532 819
532 821
532 822
532 826
532 827
532 829
532 848
532 849
532 851
532 853
532 854
532 855
532 856
532 857
532 858
532 860
532 862
532 864
533 534
533 535
533 536
533 537
533 539
533 540
533 541
533 542
533 543
533 544
533 620
533 818
533 819
533 820
533 821
533 822
533 824
533 825
533 827
533 828
533 847
533 849
533 850
533 851
533 852
533 853
533 854
533 855
533 856
533 857
533 858
533 859
533 861
533 862
534 536
534 537
534 538
534 539
534 540
534 541
534 542
534 544
534 818
534 819
534 820
534 821
534 822
534 824
534 826
534 827
534 828
534 830
534 847
534 848
534 849
534 850
534 851
534 856
534 857
534 858
534 859
534 860
534 863
535 536
535 537
535 538
535 539
535 540
535 542
535 543
535 544
535 545
535 547
535 817
535 818
535 819
535 820
535 821
535 822
535 823
535 824
535 825
535 826
535 827
535 828
535 847
535 848
535 849
535 850
535 851
535 852
535 853
535 854
535 855
535 856
535 857
535 858
535 859
535 860
535 861
535 862
535 863
536 537
536 538
536 539
536 540
536 541
536 543
536 544
536 545
536 546
536 819
536 820
536 821
536 822
536 823
536 824
536 825
536 826
536 827
536 828
536 847
536 848
536 850
536 851
536 852
536 853
536 854
536 855
536 856
536 857
536 858
536 859
536 860
536 861
536 862
536 863
537 538
537 539
537 540
537 541
537 542
537 543
537 544
537 545
537 818
537 820
537 821
537 823
537 824
537 825
537 826
537 827
537 828
537 829
537 830
537 848
537 849
537 850
537 851
537 852
537 853
537 854
537 855
537 856
537 857
537 858
537 859
537 860
537 861
537 862
537 863
538 539
538 540
538 541
538 542
538 543
538 544
538 817
538 819
538 820
538 821
538 822
538 823
538 824
538 825
538 826
538 827
538 828
538 829
538 830
538 847
538 848
538 849
538 850
538 851
538 852
538 853
538 854
538 855
538 856
538 857
538 858
538 859
538 860
538 861
538 862
538 863
538 864
539 540
539 541
539 542
539 543
539 544
539 545
539 817
539 818
539 819
539 820
539 821
539 822
539 823
539 824
539 825
539 826
539 827
539 828
539 847
539 848
539 849
539 850
539 851
539 852
539 853
539 854
539 855
539 856
539 857
539 858
539 859
539 860
539 861
539 862
539 863
539 864
540 541
540 542
540 543
540 544
540 545
540 796
540 817
540 818
540 819
540 820
540 821
540 822
540 823
540 824
540 825
540 826
540 827
540 828
540 829
540 830
540 848
540 849
540 850
540 851
540 852
540 853
540 854
540 855
540 856
540 857
540 858
540 859
540 860
540 861
540 862
540 863
540 864
541 542
541 543
541 544
541 545
541 639
541 819
541 820
541 821
541 822
541 823
541 824
541 825
541 826
541 827
541 828
541 829
541 846
541 848
541 849
541 850
541 851
541 852
541 853
541 854
541 855
541 856
541 857
541 858
541 859
541 860
541 861
541 862
541 863
541 864
541 979
542 543
542 544
542 545
542 546
542 746
542 817
542 818
542 820
542 821
542 822
542 823
542 824
542 825
542 826
542 827
542 828
542 829
542 831
542 848
542 849
542 850
542 851
542 852
542 853
542 854
542 855
542 856
542 857
542 858
542 859
542 860
542 861
542 862
542 863
542 864
543 544
543 545
543 583
543 619
543 643
543 737
543 817
543 818
543 819
543 820
543 821
543 822
543 823
543 824
543 825
543 826
543 827
543 828
543 829
543 850
543 851
543 852
543 853
543 854
543 855
543 856
543 857
543 858
543 859
543 860
543 861
543 862
543 863
543 864
544 545
544 546
544 638
544 818
544 819
544 820
544 821
544 822
544 823
544 824
544 825
544 826
544 827
544 828
544 829
544 830
544 848
544 849
544 850
544 851
544 852
544 853
544 854
544 855
544 856
544 857
544 858
544 859
544 860
544 861
544 862
544 863
545 817
545 820
545 821
545 822
545 824
545 825
545 826
545 827
545 832
545 852
545 853
545 857
545 858
545 859
545 860
545 861
545 862
545 863
545 864
546 671
546 686
546 824
546 826
546 849
546 851
546 857
546 859
546 860
546 861
546 862
546 863
546 864
546 956
547 693
547 821
547 830
547 856
547 858
547 859
547 860
547 862
547 863
547 866
548 667
548 862
548 863
548 900
549 682
549 866
563 824
587 609
590 861
592 856
593 859
604 865
618 864
619 860
619 861
624 863
636 862
637 862
639 861
640 862
641 707
643 863
644 895
648 863
656 860
662 861
663 860
669 855
669 858
669 862
670 861
670 862
670 863
671 862
671 864
672 808
672 858
672 986
673 865
685 859
685 861
687 832
689 983
690 860
691 863
694 831
698 861
704 862
706 860
713 739
718 859
719 930
722 864
724 863
738 863
747 867
757 861
758 966
777 825
779 861
779 862
780 860
780 862
781 861
781 862
789 821
799 862
799 944
800 830
801 862
808 861
809 860
810 862
816 818
816 828
816 850
816 854
816 857
816 861
817 819
817 820
817 823
817 827
817 829
817 847
817 849
817 850
817 851
817 852
817 854
817 855
817 858
817 862
818 819
818 820
818 821
818 822
818 823
818 825
818 828
818 846
818 848
818 850
818 851
818 853
818 854
818 855
818 856
818 857
818 860
818 861
818 862
818 863
818 864
819 820
819 821
819 822
819 823
819 824
819 827
819 828
819 848
819 849
819 850
819 851
819 853
819 855
819 858
819 860
819 861
819 862
819 863
820 821
820 822
820 823
820 824
820 825
820 826
820 827
820 828
820 829
820 848
820 849
820 850
820 851
820 852
820 853
820 854
820 855
820 856
820 857
820 858
820 860
820 861
820 862
820 863
820 864
821 822
821 823
821 824
821 825
821 826
821 827
821 828
821 829
821 830
821 831
821 847
821 848
821 849
821 850
821 851
821 852
821 853
821 855
821 856
821 857
821 858
821 859
821 861
821 862
821 863
821 864
822 823
822 824
822 825
822 826
822 827
822 828
822 829
822 847
822 848
822 849
822 850
822 851
822 852
822 853
822 854
822 855
822 856
822 857
822 858
822 859
822 860
822 861
822 862
822 863
822 864
823 824
823 825
823 826
823 827
823 828
823 829
823 846
823 849
823 850
823 851
823 852
823 853
823 854
823 855
823 856
823 857
823 858
823 859
823 860
823 861
823 862
823 863
824 825
824 826
824 827
824 828
824 829
824 830
824 846
824 849
824 850
824 851
824 852
824 853
824 854
824 855
824 856
824 857
824 858
824 859
824 860
824 861
824 862
824 863
824 864
825 826
825 827
825 828
825 829
825 831
825 848
825 849
825 850
825 851
825 852
825 853
825 854
825 855
825 856
825 857
825 858
825 859
825 860
825 861
825 862
825 863
826 827
826 828
826 829
826 830
826 831
826 847
826 848
826 849
826 850
826 851
826 852
826 853
826 854
826 855
826 856
826 857
826 858
826 859
826 860
826 861
826 862
826 863
826 864
826 980
827 828
827 829
827 830
827 831
827 848
827 849
827 850
827 851
827 852
827 853
827 854
827 855
827 856
827 857
827 858
827 859
827 860
827 861
827 862
827 863
827 864
828 829
828 848
828 850
828 851
828 852
828 853
828 854
828 855
828 856
828 857
828 858
828 859
828 860
828 861
828 862
828 863
828 864
828 865
829 847
829 848
829 850
829 852
829 853
829 854
829 855
829 856
829 857
829 858
829 859
829 860
829 861
829 862
829 863
829 864
830 848
830 853
830 856
830 857
830 858
830 859
830 860
830 861
830 862
830 863
830 865
830 981
831 856
831 860
831 861
831 863
832 863
832 896
837 861
844 860
846 857
847 849
847 851
847 855
847 856
847 858
847 859
847 863
848 849
848 850
848 853
848 855
848 856
848 857
848 859
848 861
848 863
849 850
849 851
849 852
849 853
849 854
849 855
849 856
849 857
849 858
849 859
849 860
849 861
849 862
849 863
850 851
850 852
850 853
850 854
850 855
850 856
850 857
850 858
850 859
850 860
850 861
850 862
850 863
851 852
851 853
851 854
851 855
851 856
851 857
851 858
851 859
851 860
851 861
851 862
851 863
851 864
851 925
852 853
852 854
852 855
852 856
852 857
852 858
852 859
852 860
852 861
852 862
852 863
853 854
853 855
853 856
853 857
853 858
853 859
853 860
853 861
853 862
853 863
853 864
854 855
854 856
854 857
854 858
854 859
854 860
854 861
854 862
854 863
854 864
854 893
855 856
855 857
855 858
855 859
855 860
855 861
855 862
855 863
855 894
856 857
856 858
856 859
856 860
856 861
856 862
856 863
856 864
856 943
857 858
857 859
857 860
857 861
857 862
857 863
857 864
858 859
858 860
858 861
858 862
858 863
858 864
858 894
858 980
859 860
859 861
859 862
859 863
859 864
859 932
859 965
859 981
860 861
860 862
860 863
860 864
860 865
860 933
860 947
860 980
861 862
861 863
861 864
861 894
861 960
861 966
861 980
861 981
862 863
862 864
862 865
862 895
863 864
863 865
863 894
863 921
863 932
863 982
863 992
864 945
