26 476
34 36
34 39
34 42
34 46
34 50
34 201
34 341
34 344
34 467
34 474
34 475
34 824
34 826
34 827
34 828
34 831
34 834
35 36
35 37
35 38
35 39
35 40
35 41
35 42
35 44
35 46
35 50
35 199
35 201
35 203
35 206
35 207
35 211
35 342
35 344
35 349
35 350
35 461
35 464
35 465
35 466
35 467
35 468
35 470
35 471
35 472
35 473
35 474
35 475
35 476
35 477
35 478
35 479
35 826
35 827
35 828
35 829
35 830
35 832
35 833
35 834
35 836
35 837
36 37
36 38
36 39
36 41
36 42
36 43
36 44
36 45
36 46
36 48
36 49
36 50
36 51
36 52
36 197
36 199
36 200
36 202
36 203
36 204
36 205
36 206
36 210
36 345
36 346
36 347
36 348
36 349
36 350
36 351
36 352
36 461
36 465
36 467
36 468
36 469
36 471
36 472
36 473
36 475
36 478
36 826
36 827
36 828
36 836
37 38
37 39
37 40
37 41
37 42
37 43
37 44
37 45
37 47
37 49
37 50
37 51
37 52
37 53
37 196
37 198
37 200
37 201
37 203
37 205
37 206
37 207
37 208
37 341
37 342
37 343
37 345
37 348
37 350
37 463
37 464
37 465
37 466
37 467
37 468
37 469
37 471
37 472
37 473
37 474
37 475
37 476
37 477
37 479
37 824
37 825
37 826
37 827
37 828
37 829
37 830
37 831
37 832
37 833
37 835
37 836
38 40
38 41
38 42
38 43
38 44
38 45
38 46
38 47
38 48
38 49
38 50
38 51
38 52
38 199
38 200
38 201
38 202
38 203
38 204
38 205
38 206
38 207
38 208
38 209
38 210
38 340
38 341
38 344
38 345
38 346
38 347
38 348
38 349
38 351
38 462
38 463
38 464
38 466
38 467
38 468
38 469
38 471
38 472
38 473
38 474
38 475
38 476
38 478
38 479
38 821
38 823
38 824
38 825
38 826
38 827
38 828
38 829
38 830
38 831
38 832
38 834
38 835
38 836
38 837
39 40
39 42
39 43
39 44
39 45
39 46
39 47
39 48
39 49
39 50
39 51
39 52
39 199
39 200
39 202
39 203
39 204
39 205
39 206
39 207
39 208
39 209
39 210
39 341
39 343
39 344
39 345
39 347
39 348
39 349
39 350
39 351
39 461
39 463
39 464
39 465
39 466
39 467
39 468
39 469
39 470
39 471
39 472
39 473
39 474
39 476
39 477
39 478
39 825
39 826
39 827
39 828
39 829
39 830
39 831
39 832
39 833
39 835
39 836
39 838
39 839
40 41
40 42
40 43
40 44
40 45
40 46
40 47
40 48
40 49
40 50
40 51
40 52
40 53
40 198
40 199
40 200
40 203
40 204
40 205
40 206
40 207
40 208
40 209
40 210
40 211
40 342
40 344
40 345
40 346
40 347
40 348
40 349
40 350
40 351
40 461
40 462
40 463
40 466
40 467
40 468
40 469
40 470
40 471
40 472
40 473
40 474
40 475
40 476
40 477
40 478
40 825
40 826
40 827
40 828
40 829
40 830
40 831
40 832
40 833
40 834
40 835
40 836
40 837
41 42
41 43
41 44
41 45
41 46
41 47
41 48
41 49
41 50
41 51
41 52
41 53
41 197
41 198
41 199
41 200
41 201
41 203
41 204
41 205
41 206
41 207
41 208
41 209
41 210
41 213
41 343
41 344
41 345
41 346
41 347
41 348
41 349
41 350
41 351
41 352
41 460
41 462
41 463
41 464
41 466
41 467
41 468
41 469
41 470
41 471
41 472
41 473
41 474
41 475
41 476
41 477
41 478
41 822
41 824
41 825
41 826
41 827
41 828
41 830
41 831
41 832
41 833
41 834
41 835
41 836
41 837
41 838
42 43
42 44
42 45
42 46
42 47
42 48
42 49
42 50
42 51
42 52
42 53
42 104
42 200
42 202
42 203
42 204
42 205
42 206
42 207
42 208
42 209
42 210
42 211
42 342
42 343
42 344
42 346
42 347
42 348
42 349
42 350
42 351
42 463
42 464
42 465
42 466
42 467
42 468
42 469
42 470
42 471
42 472
42 473
42 474
42 475
42 476
42 477
42 478
42 479
42 822
42 823
42 824
42 825
42 826
42 827
42 828
42 829
42 830
42 831
42 832
42 833
42 834
42 835
42 836
42 837
43 44
43 45
43 46
43 47
43 48
43 49
43 50
43 51
43 52
43 53
43 198
43 199
43 200
43 201
43 202
43 203
43 204
43 205
43 206
43 207
43 208
43 209
43 210
43 212
43 345
43 346
43 347
43 348
43 349
43 350
43 351
43 352
43 460
43 461
43 463
43 464
43 465
43 466
43 467
43 468
43 469
43 470
43 471
43 472
43 473
43 474
43 475
43 476
43 477
43 478
43 479
43 492
43 823
43 826
43 827
43 828
43 829
43 830
43 831
43 832
43 833
43 834
43 835
43 836
43 837
44 45
44 46
44 47
44 48
44 49
44 50
44 51
44 52
44 53
44 197
44 198
44 199
44 200
44 201
44 202
44 203
44 204
44 205
44 206
44 207
44 208
44 209
44 210
44 340
44 341
44 343
44 345
44 346
44 347
44 348
44 349
44 350
44 351
44 352
44 462
44 463
44 464
44 466
44 467
44 468
44 469
44 470
44 471
44 472
44 473
44 474
44 475
44 476
44 477
44 478
44 479
44 824
44 825
44 826
44 827
44 828
44 829
44 830
44 831
44 832
44 833
44 834
44 835
44 836
44 837
45 46
45 47
45 48
45 49
45 50
45 51
45 52
45 53
45 197
45 199
45 200
45 201
45 202
45 203
45 204
45 205
45 206
45 207
45 208
45 209
45 210
45 213
45 268
45 342
45 345
45 346
45 347
45 348
45 349
45 350
45 351
45 461
45 462
45 463
45 464
45 466
45 467
45 468
45 469
45 470
45 471
45 472
45 473
45 474
45 475
45 476
45 477
45 478
45 479
45 675
45 823
45 825
45 826
45 828
45 829
45 830
45 831
45 832
45 833
45 834
45 835
45 836
45 837
45 838
46 47
46 48
46 49
46 50
46 51
46 52
46 53
46 54
46 199
46 200
46 201
46 202
46 203
46 204
46 205
46 206
46 207
46 208
46 209
46 210
46 211
46 340
46 342
46 343
46 344
46 345
46 346
46 347
46 348
46 349
46 350
46 352
46 461
46 462
46 464
46 465
46 466
46 467
46 468
46 469
46 470
46 471
46 472
46 473
46 474
46 475
46 476
46 477
46 478
46 479
46 521
46 823
46 824
46 826
46 827
46 828
46 829
46 830
46 831
46 832
46 833
46 834
46 835
46 836
46 837
46 838
47 48
47 49
47 50
47 51
47 52
47 53
47 197
47 198
47 199
47 201
47 202
47 203
47 204
47 205
47 206
47 207
47 208
47 209
47 210
47 211
47 341
47 344
47 345
47 346
47 347
47 349
47 350
47 351
47 352
47 435
47 462
47 464
47 466
47 467
47 468
47 469
47 470
47 471
47 472
47 473
47 474
47 475
47 476
47 477
47 478
47 479
47 515
47 516
47 587
47 824
47 825
47 826
47 827
47 828
47 829
47 830
47 831
47 832
47 833
47 834
47 835
47 836
47 837
47 838
48 49
48 50
48 51
48 52
48 53
48 116
48 199
48 200
48 201
48 202
48 203
48 204
48 205
48 206
48 207
48 208
48 209
48 210
48 211
48 342
48 343
48 344
48 345
48 346
48 347
48 348
48 349
48 350
48 351
48 352
48 457
48 462
48 463
48 464
48 465
48 466
48 467
48 468
48 469
48 470
48 471
48 472
48 473
48 474
48 475
48 476
48 477
48 478
48 479
48 481
48 515
48 823
48 824
48 825
48 826
48 827
48 828
48 829
48 830
48 831
48 832
48 833
48 834
48 835
48 836
48 837
48 838
48 840
49 50
49 51
49 52
49 53
49 54
49 177
49 197
49 199
49 200
49 201
49 202
49 203
49 204
49 205
49 206
49 207
49 208
49 209
49 210
49 211
49 214
49 271
49 272
49 343
49 344
49 346
49 347
49 348
49 349
49 350
49 351
49 352
49 353
49 359
49 461
49 462
49 463
49 465
49 466
49 467
49 468
49 469
49 470
49 471
49 472
49 473
49 474
49 475
49 476
49 477
49 478
49 479
49 517
49 554
49 562
49 611
49 705
49 824
49 825
49 827
49 829
49 830
49 831
49 832
49 833
49 834
49 835
49 836
49 837
49 838
49 839
49 840
50 51
50 52
50 53
50 54
50 55
50 191
50 198
50 200
50 201
50 202
50 203
50 204
50 205
50 206
50 207
50 208
50 209
50 210
50 211
50 212
50 344
50 345
50 346
50 347
50 348
50 349
50 350
50 351
50 352
50 353
50 354
50 357
50 463
50 464
50 465
50 466
50 467
50 468
50 469
50 470
50 471
50 472
50 473
50 474
50 475
50 476
50 477
50 478
50 479
50 480
50 482
50 484
50 514
50 516
50 536
50 569
50 690
50 767
50 825
50 826
50 827
50 828
50 830
50 831
50 832
50 833
50 834
50 835
50 836
50 837
50 838
50 839
50 918
51 52
51 53
51 54
51 105
51 123
51 177
51 190
51 197
51 199
51 200
51 201
51 202
51 203
51 204
51 205
51 206
51 207
51 208
51 209
51 210
51 211
51 212
51 237
51 238
51 311
51 343
51 345
51 346
51 347
51 348
51 349
51 350
51 351
51 352
51 353
51 354
51 360
51 460
51 462
51 463
51 464
51 465
51 466
51 467
51 469
51 470
51 471
51 472
51 473
51 474
51 475
51 476
51 477
51 478
51 479
51 480
51 515
51 527
51 537
51 551
51 563
51 610
51 631
51 718
51 726
51 741
51 766
51 823
51 825
51 826
51 827
51 828
51 829
51 830
51 831
51 832
51 833
51 834
51 835
51 836
51 837
51 838
51 839
51 841
51 950
52 53
52 107
52 112
52 197
52 198
52 199
52 200
52 202
52 203
52 204
52 205
52 206
52 207
52 208
52 209
52 210
52 211
52 212
52 214
52 234
52 269
52 340
52 343
52 344
52 345
52 346
52 347
52 348
52 349
52 350
52 351
52 352
52 391
52 457
52 458
52 461
52 462
52 463
52 466
52 467
52 468
52 469
52 470
52 471
52 472
52 473
52 474
52 475
52 476
52 477
52 478
52 479
52 480
52 481
52 485
52 515
52 594
52 690
52 692
52 704
52 822
52 824
52 825
52 826
52 827
52 828
52 829
52 830
52 831
52 832
52 833
52 834
52 835
52 836
52 837
52 838
52 839
52 855
53 55
53 132
53 203
53 204
53 207
53 208
53 209
53 210
53 211
53 212
53 329
53 347
53 348
53 350
53 353
53 451
53 465
53 466
53 471
53 472
53 473
53 474
53 475
53 476
53 477
53 478
53 479
53 480
53 565
53 612
53 822
53 826
53 829
53 830
53 831
53 832
53 833
53 834
53 835
53 836
53 837
53 838
53 840
53 854
53 975
53 976
54 74
54 178
54 191
54 211
54 241
54 350
54 463
54 467
54 475
54 478
54 480
54 577
54 593
54 645
54 722
54 841
55 213
55 214
55 258
55 517
56 540
56 562
57 840
91 902
104 836
105 475
105 476
105 836
105 837
106 271
106 354
106 475
106 513
106 837
107 841
108 839
109 483
113 479
116 211
117 839
118 536
118 570
118 842
123 837
124 480
125 354
126 835
133 310
134 919
139 202
142 836
148 345
149 475
172 478
172 480
173 837
174 951
177 203
177 209
178 215
178 565
179 925
190 360
190 825
191 479
192 436
192 890
193 566
196 197
196 202
196 206
196 341
196 461
196 463
196 465
196 472
196 477
196 824
196 829
196 830
197 200
197 202
197 205
197 206
197 207
197 339
197 341
197 344
197 345
197 346
197 347
197 349
197 351
197 462
197 464
197 466
197 470
197 471
197 473
197 478
197 822
197 825
197 828
197 829
197 832
197 833
197 836
198 199
198 201
198 202
198 203
198 204
198 205
198 207
198 209
198 341
198 342
198 343
198 344
198 347
198 350
198 351
198 468
198 469
198 471
198 472
198 473
198 475
198 822
198 824
198 825
198 826
198 828
198 829
198 830
198 832
198 833
198 834
198 835
198 836
198 837
198 971
199 200
199 201
199 202
199 203
199 205
199 206
199 208
199 209
199 210
199 342
199 343
199 344
199 345
199 346
199 347
199 348
199 349
199 350
199 351
199 462
199 464
199 465
199 468
199 470
199 471
199 472
199 474
199 475
199 476
199 477
199 478
199 823
199 824
199 826
199 827
199 829
199 831
199 833
199 834
199 835
199 836
199 837
200 201
200 203
200 204
200 205
200 206
200 207
200 208
200 209
200 212
200 342
200 344
200 345
200 346
200 347
200 349
200 350
200 351
200 462
200 464
200 465
200 466
200 467
200 468
200 470
200 472
200 473
200 474
200 475
200 476
200 477
200 478
200 824
200 825
200 828
200 829
200 831
200 832
200 833
200 834
200 835
200 836
200 837
200 838
201 202
201 203
201 204
201 205
201 207
201 208
201 209
201 210
201 342
201 343
201 344
201 345
201 347
201 349
201 350
201 351
201 460
201 462
201 463
201 465
201 466
201 467
201 468
201 469
201 470
201 471
201 472
201 473
201 474
201 475
201 476
201 477
201 478
201 822
201 823
201 824
201 826
201 827
201 828
201 829
201 830
201 831
201 832
201 834
201 835
201 836
201 837
201 838
202 204
202 205
202 206
202 207
202 209
202 210
202 212
202 341
202 343
202 344
202 345
202 346
202 347
202 348
202 349
202 350
202 352
202 460
202 461
202 462
202 463
202 465
202 466
202 467
202 468
202 469
202 470
202 472
202 473
202 474
202 476
202 477
202 478
202 479
202 824
202 825
202 826
202 827
202 828
202 829
202 830
202 831
202 832
202 833
202 834
202 835
202 836
202 837
202 838
203 205
203 206
203 208
203 209
203 210
203 342
203 343
203 344
203 345
203 346
203 347
203 348
203 349
203 350
203 351
203 461
203 462
203 463
203 464
203 465
203 466
203 467
203 468
203 469
203 470
203 471
203 472
203 474
203 475
203 476
203 477
203 478
203 479
203 823
203 826
203 827
203 828
203 829
203 830
203 831
203 832
203 833
203 834
203 835
203 836
203 837
204 205
204 206
204 207
204 208
204 209
204 210
204 342
204 344
204 345
204 346
204 347
204 348
204 349
204 350
204 351
204 460
204 461
204 462
204 463
204 464
204 465
204 466
204 467
204 468
204 469
204 470
204 471
204 472
204 473
204 474
204 475
204 476
204 477
204 478
204 479
204 480
204 823
204 824
204 826
204 827
204 828
204 829
204 830
204 831
204 832
204 833
204 834
204 835
204 836
204 837
205 206
205 207
205 208
205 209
205 210
205 211
205 287
205 342
205 343
205 344
205 345
205 346
205 347
205 348
205 349
205 350
205 351
205 463
205 464
205 465
205 466
205 467
205 468
205 469
205 470
205 471
205 472
205 473
205 474
205 475
205 476
205 477
205 478
205 479
205 766
205 822
205 825
205 826
205 827
205 828
205 829
205 830
205 831
205 832
205 833
205 834
205 835
205 836
205 837
205 838
205 839
206 207
206 208
206 209
206 210
206 342
206 343
206 344
206 345
206 346
206 347
206 348
206 349
206 350
206 351
206 387
206 463
206 464
206 465
206 466
206 467
206 468
206 469
206 470
206 471
206 472
206 473
206 474
206 475
206 476
206 477
206 478
206 479
206 520
206 595
206 822
206 824
206 825
206 828
206 829
206 830
206 831
206 832
206 833
206 834
206 835
206 836
206 837
206 838
206 839
207 208
207 209
207 210
207 211
207 341
207 343
207 344
207 345
207 346
207 347
207 348
207 349
207 350
207 351
207 352
207 462
207 463
207 464
207 465
207 466
207 467
207 468
207 469
207 470
207 471
207 472
207 473
207 474
207 475
207 476
207 477
207 478
207 479
207 822
207 823
207 826
207 827
207 828
207 829
207 830
207 831
207 832
207 833
207 834
207 835
207 836
207 837
208 209
208 210
208 211
208 340
208 341
208 344
208 345
208 346
208 347
208 348
208 349
208 350
208 351
208 352
208 452
208 461
208 463
208 464
208 466
208 468
208 469
208 470
208 471
208 472
208 473
208 474
208 475
208 476
208 477
208 478
208 479
208 480
208 751
208 823
208 824
208 825
208 826
208 827
208 828
208 829
208 830
208 831
208 832
208 833
208 834
208 835
208 836
208 837
208 838
209 210
209 211
209 341
209 342
209 344
209 345
209 346
209 347
209 348
209 349
209 350
209 351
209 352
209 361
209 461
209 463
209 465
209 466
209 467
209 468
209 469
209 470
209 471
209 472
209 473
209 474
209 475
209 476
209 477
209 478
209 479
209 613
209 823
209 824
209 826
209 827
209 828
209 829
209 830
209 831
209 832
209 833
209 834
209 835
209 836
209 837
209 838
210 342
210 343
210 344
210 345
210 346
210 347
210 348
210 349
210 350
210 351
210 353
210 464
210 465
210 466
210 467
210 468
210 469
210 470
210 471
210 472
210 473
210 474
210 475
210 476
210 477
210 478
210 479
210 824
210 825
210 828
210 829
210 830
210 831
210 832
210 833
210 834
210 835
210 836
210 837
210 838
210 949
211 308
211 342
211 343
211 345
211 349
211 350
211 351
211 352
211 466
211 468
211 471
211 472
211 473
211 474
211 475
211 477
211 478
211 824
211 826
211 832
211 833
211 834
211 835
211 836
211 837
211 838
212 239
212 343
212 350
212 358
212 469
212 473
212 477
212 479
212 480
212 495
212 561
212 676
212 831
212 832
212 835
213 214
213 354
213 481
213 516
213 826
213 834
213 838
214 840
214 841
215 486
216 286
245 839
264 479
269 477
270 691
271 477
271 767
272 678
273 773
286 477
286 833
291 838
309 561
309 837
310 490
311 810
329 762
336 477
340 341
340 350
340 468
340 477
340 478
340 825
340 830
340 831
340 834
341 344
341 345
341 346
341 347
341 348
341 349
341 350
341 351
341 464
341 467
341 470
341 471
341 473
341 474
341 476
341 478
341 823
341 824
341 826
341 832
341 834
341 835
341 836
342 344
342 345
342 347
342 348
342 350
342 461
342 462
342 463
342 466
342 467
342 468
342 469
342 470
342 471
342 473
342 474
342 475
342 476
342 479
342 823
342 824
342 825
342 829
342 830
342 831
342 834
342 835
342 836
343 344
343 345
343 346
343 347
343 348
343 349
343 350
343 460
343 461
343 462
343 464
343 465
343 467
343 469
343 471
343 473
343 474
343 475
343 477
343 478
343 479
343 826
343 827
343 828
343 829
343 831
343 832
343 833
343 834
343 836
343 837
344 346
344 347
344 348
344 349
344 350
344 351
344 461
344 462
344 463
344 464
344 465
344 466
344 467
344 468
344 469
344 470
344 471
344 472
344 473
344 474
344 476
344 477
344 478
344 479
344 824
344 826
344 829
344 831
344 832
344 833
344 834
344 835
344 837
345 346
345 347
345 348
345 349
345 350
345 351
345 463
345 464
345 465
345 466
345 467
345 468
345 469
345 470
345 472
345 473
345 474
345 475
345 476
345 477
345 478
345 479
345 561
345 756
345 824
345 825
345 826
345 827
345 828
345 829
345 830
345 831
345 832
345 833
345 834
345 835
345 836
345 837
345 839
346 347
346 348
346 349
346 350
346 352
346 462
346 463
346 464
346 465
346 466
346 467
346 468
346 469
346 470
346 471
346 472
346 473
346 474
346 476
346 477
346 478
346 479
346 656
346 824
346 826
346 827
346 828
346 829
346 830
346 831
346 832
346 833
346 834
346 835
346 836
346 837
346 838
347 348
347 349
347 350
347 351
347 419
347 461
347 462
347 464
347 465
347 466
347 467
347 468
347 469
347 470
347 471
347 472
347 473
347 474
347 475
347 476
347 477
347 478
347 479
347 823
347 824
347 825
347 826
347 827
347 829
347 830
347 831
347 832
347 833
347 834
347 836
347 837
347 838
347 868
348 349
348 350
348 351
348 352
348 353
348 461
348 462
348 463
348 464
348 466
348 467
348 468
348 469
348 470
348 471
348 472
348 473
348 474
348 475
348 476
348 477
348 478
348 479
348 668
348 824
348 825
348 826
348 827
348 828
348 829
348 830
348 831
348 832
348 833
348 834
348 835
348 836
348 837
348 838
349 350
349 351
349 352
349 462
349 463
349 464
349 465
349 466
349 468
349 469
349 470
349 471
349 472
349 473
349 474
349 475
349 476
349 477
349 478
349 479
349 515
349 824
349 826
349 827
349 828
349 829
349 830
349 831
349 832
349 833
349 834
349 835
349 836
349 837
350 351
350 352
350 461
350 462
350 463
350 464
350 465
350 466
350 467
350 468
350 469
350 470
350 471
350 472
350 473
350 474
350 475
350 476
350 477
350 478
350 479
350 825
350 826
350 827
350 828
350 829
350 830
350 831
350 832
350 833
350 834
350 835
350 836
350 837
350 838
351 352
351 462
351 465
351 466
351 467
351 468
351 469
351 470
351 471
351 472
351 473
351 474
351 475
351 476
351 477
351 478
351 823
351 825
351 827
351 828
351 829
351 830
351 831
351 832
351 833
351 834
351 835
351 836
351 837
351 838
352 472
352 473
352 475
352 477
352 478
352 479
352 480
352 828
352 830
352 835
352 836
353 476
353 477
353 478
353 699
353 837
353 840
355 496
357 832
358 477
359 741
365 479
374 560
388 470
389 476
420 480
422 481
456 474
458 779
459 753
460 461
460 464
460 467
460 471
460 474
460 835
460 836
460 837
461 466
461 467
461 469
461 471
461 472
461 474
461 477
461 478
461 822
461 823
461 826
461 827
461 829
461 831
461 836
461 837
462 463
462 465
462 468
462 470
462 471
462 473
462 475
462 477
462 478
462 822
462 827
462 829
462 830
462 831
462 832
462 833
462 835
462 836
462 837
463 467
463 468
463 469
463 470
463 471
463 475
463 476
463 477
463 478
463 825
463 827
463 829
463 830
463 831
463 832
463 833
463 835
463 837
463 838
464 465
464 466
464 468
464 470
464 471
464 472
464 473
464 474
464 475
464 476
464 477
464 478
464 479
464 824
464 825
464 826
464 827
464 828
464 830
464 831
464 832
464 833
464 834
464 835
464 836
464 839
465 466
465 467
465 468
465 469
465 470
465 471
465 472
465 473
465 474
465 475
465 476
465 477
465 479
465 822
465 825
465 826
465 829
465 830
465 832
465 833
465 834
465 835
465 836
465 837
466 467
466 468
466 469
466 470
466 471
466 472
466 473
466 474
466 475
466 476
466 477
466 478
466 824
466 825
466 826
466 827
466 828
466 829
466 830
466 832
466 833
466 834
466 835
466 836
466 837
467 468
467 469
467 470
467 471
467 472
467 473
467 474
467 475
467 476
467 478
467 479
467 514
467 824
467 826
467 827
467 828
467 829
467 830
467 831
467 832
467 833
467 834
467 835
467 836
467 837
467 838
468 469
468 470
468 471
468 472
468 473
468 474
468 475
468 476
468 477
468 479
468 526
468 823
468 825
468 826
468 827
468 828
468 829
468 830
468 831
468 832
468 833
468 834
468 835
468 836
468 837
468 838
469 470
469 471
469 472
469 473
469 474
469 475
469 476
469 477
469 478
469 824
469 825
469 826
469 827
469 828
469 829
469 830
469 831
469 832
469 833
469 834
469 835
469 836
469 837
470 471
470 472
470 473
470 474
470 475
470 476
470 477
470 478
470 479
470 515
470 822
470 824
470 826
470 827
470 828
470 829
470 830
470 831
470 832
470 833
470 834
470 835
470 836
470 837
471 472
471 473
471 474
471 475
471 476
471 477
471 478
471 479
471 823
471 824
471 826
471 827
471 828
471 829
471 830
471 832
471 833
471 834
471 835
471 836
471 837
471 839
472 473
472 474
472 475
472 476
472 477
472 478
472 514
472 516
472 821
472 823
472 825
472 826
472 827
472 828
472 829
472 830
472 831
472 832
472 833
472 834
472 835
472 836
472 837
472 838
473 474
473 475
473 476
473 477
473 478
473 479
473 564
473 633
473 822
473 826
473 827
473 828
473 829
473 830
473 831
473 832
473 833
473 834
473 835
473 836
473 837
473 838
474 475
474 476
474 477
474 478
474 479
474 515
474 823
474 825
474 826
474 827
474 828
474 829
474 830
474 831
474 832
474 833
474 834
474 835
474 836
474 837
474 838
474 839
475 476
475 477
475 478
475 479
475 514
475 520
475 522
475 824
475 825
475 826
475 827
475 828
475 829
475 830
475 831
475 832
475 833
475 834
475 835
475 836
475 837
475 838
475 948
476 477
476 478
476 479
476 491
476 535
476 570
476 824
476 825
476 826
476 827
476 828
476 829
476 830
476 831
476 832
476 833
476 834
476 835
476 836
476 837
476 838
476 840
476 948
477 478
477 479
477 480
477 736
477 824
477 825
477 826
477 827
477 828
477 829
477 830
477 831
477 832
477 833
477 834
477 835
477 836
477 837
477 838
477 839
477 858
478 479
478 480
478 481
478 485
478 516
478 546
478 605
478 616
478 717
478 766
478 826
478 827
478 828
478 829
478 830
478 831
478 832
478 833
478 834
478 835
478 836
478 837
478 838
478 839
478 840
478 924
478 992
479 480
479 494
479 505
479 511
479 514
479 528
479 675
479 825
479 827
479 828
479 829
479 830
479 831
479 832
479 833
479 834
479 835
479 836
479 837
479 838
479 839
479 841
479 917
479 985
480 516
480 594
480 705
480 831
480 928
481 563
481 592
481 836
482 518
482 768
482 965
486 537
497 811
499 826
514 836
516 839
517 838
517 907
520 838
531 752
532 601
538 837
539 752
544 837
560 831
562 837
564 572
571 746
571 838
594 837
595 889
611 737
637 836
638 966
642 754
672 745
679 742
680 917
681 836
706 837
797 838
821 831
821 832
822 829
822 832
822 835
823 825
823 826
823 828
823 829
823 831
823 835
823 836
823 838
824 825
824 827
824 831
824 832
824 833
824 834
824 835
824 836
824 838
825 827
825 828
825 829
825 830
825 831
825 833
825 836
826 827
826 829
826 830
826 831
826 832
826 833
826 834
826 835
826 837
827 828
827 829
827 830
827 832
827 833
827 835
827 836
827 837
827 838
828 829
828 830
828 831
828 832
828 833
828 834
828 835
828 836
828 837
828 838
828 839
829 830
829 831
829 832
829 833
829 834
829 835
829 836
829 837
829 838
830 831
830 832
830 833
830 834
830 835
830 836
830 837
831 832
831 833
831 834
831 835
831 836
831 837
831 838
832 833
832 834
832 835
832 836
832 837
832 838
833 834
833 835
833 836
833 837
833 838
833 839
834 835
834 836
834 837
834 838
835 836
835 837
835 838
835 839
836 837
836 838
837 838
