12 547
22 776
22 821
29 248
30 516
31 248
32 251
32 794
35 249
39 340
41 249
42 245
42 246
42 247
42 248
42 249
42 250
42 511
43 98
43 245
43 246
43 247
43 248
43 249
43 250
43 251
43 415
44 248
44 249
44 250
44 251
44 417
44 586
45 119
45 606
60 581
63 605
64 248
65 246
65 247
65 248
65 249
66 247
66 248
66 249
66 250
66 511
66 559
67 220
67 230
67 247
67 250
67 251
68 251
68 554
68 723
69 255
81 250
84 937
92 251
94 245
94 246
94 247
95 247
95 249
96 119
96 580
97 253
97 665
99 513
102 247
106 249
106 250
107 252
110 253
115 248
118 248
120 253
121 370
124 248
125 250
125 252
126 246
126 248
126 634
127 194
131 249
132 511
132 630
132 663
133 248
133 589
134 663
135 607
142 250
148 250
149 249
149 250
150 734
156 245
162 247
192 247
193 249
193 250
194 825
195 216
196 249
196 250
197 250
201 248
201 326
202 251
214 248
215 513
221 246
222 248
222 252
224 959
229 247
235 249
242 250
243 244
243 245
243 246
243 247
243 248
243 249
243 250
244 245
244 246
244 247
244 248
244 249
244 250
244 251
244 252
244 509
244 510
244 512
244 592
244 607
245 246
245 247
245 248
245 249
245 250
245 251
245 353
245 508
245 509
245 510
245 511
245 631
245 661
245 675
245 840
246 247
246 248
246 249
246 250
246 251
246 252
246 263
246 369
246 402
246 404
246 414
246 497
246 507
246 508
246 509
246 510
246 511
246 603
246 605
246 607
246 632
246 661
246 662
246 683
246 684
246 910
247 248
247 249
247 250
247 251
247 252
247 354
247 391
247 454
247 480
247 508
247 509
247 510
247 511
247 513
247 558
247 603
247 604
247 631
247 635
247 661
247 662
247 705
247 707
247 733
247 950
247 975
248 249
248 250
248 251
248 252
248 257
248 260
248 301
248 357
248 369
248 414
248 498
248 508
248 509
248 510
248 511
248 512
248 525
248 533
248 580
248 603
248 605
248 622
248 628
248 629
248 630
248 631
248 632
248 636
248 660
248 661
248 662
248 709
248 710
248 722
248 733
248 775
248 791
248 823
248 842
248 892
248 902
248 916
248 954
248 970
248 971
249 250
249 251
249 252
249 261
249 262
249 263
249 273
249 344
249 369
249 381
249 397
249 403
249 416
249 426
249 428
249 479
249 507
249 508
249 509
249 510
249 511
249 604
249 629
249 631
249 632
249 633
249 635
249 661
249 706
249 708
249 809
249 824
249 840
249 854
249 901
249 911
249 936
249 975
250 251
250 252
250 253
250 262
250 271
250 370
250 380
250 381
250 415
250 416
250 419
250 425
250 429
250 430
250 440
250 448
250 462
250 499
250 507
250 508
250 509
250 510
250 511
250 553
250 578
250 579
250 614
250 630
250 631
250 632
250 633
250 661
250 662
250 691
250 697
250 709
250 716
250 803
250 887
250 894
250 905
250 971
250 976
251 252
251 263
251 374
251 425
251 435
251 508
251 509
251 510
251 511
251 512
251 633
251 733
251 779
251 802
251 869
251 905
252 371
252 482
252 512
252 585
252 749
252 769
252 841
253 514
253 749
254 325
254 382
264 493
265 820
327 664
339 635
355 636
355 982
361 678
383 972
400 402
416 634
427 512
436 903
441 706
449 906
488 637
489 735
509 707
510 981
511 584
511 604
512 633
512 662
539 709
564 663
570 662
587 842
588 711
608 708
623 634
630 781
631 679
632 981
633 843
664 938
676 797
707 734
710 902
773 833
795 944
