1 536
1 538
1 948
2 942
12 511
17 232
19 536
20 535
20 536
20 537
20 538
21 539
21 754
21 893
21 996
22 25
22 402
23 224
23 539
24 55
24 536
24 538
25 412
25 536
26 479
26 716
27 324
34 60
34 514
34 537
35 323
35 979
36 707
37 537
38 401
38 534
38 535
39 269
39 538
39 539
39 669
40 265
55 537
56 539
63 248
71 323
73 538
74 537
75 347
82 536
82 586
83 537
84 348
86 173
87 821
93 536
94 538
95 699
102 535
102 537
103 221
103 536
103 538
103 993
104 305
104 510
105 752
117 538
122 339
123 646
123 950
124 539
129 538
130 998
131 353
146 536
146 537
147 536
147 537
147 538
148 536
148 820
152 539
153 537
153 599
154 533
154 535
154 537
154 538
155 322
155 510
155 535
155 536
155 537
155 538
156 299
156 537
156 538
156 763
157 251
157 404
165 716
168 538
169 748
170 307
172 536
172 539
173 603
174 223
193 515
202 535
202 538
203 505
203 539
203 568
204 228
207 402
208 629
220 509
220 534
220 536
220 538
221 535
221 536
221 537
221 538
221 539
222 309
222 400
222 414
222 534
222 537
222 539
222 540
223 306
223 538
223 541
223 818
224 405
225 537
229 403
231 303
237 448
241 537
242 303
248 535
248 536
249 535
249 536
249 537
249 945
250 521
250 711
250 986
251 623
254 536
263 806
264 325
267 537
267 538
268 537
268 549
275 536
284 537
285 536
286 542
298 535
301 540
302 775
304 819
308 537
319 536
320 321
320 534
320 535
320 536
320 538
321 402
321 510
321 511
321 534
321 535
321 536
321 537
321 538
321 539
322 402
322 445
322 511
322 535
322 536
322 537
322 538
322 539
322 636
323 536
323 538
323 582
323 632
323 985
324 403
324 539
324 540
342 538
349 537
352 535
352 536
357 893
381 512
398 534
399 538
399 539
400 535
400 537
400 538
401 403
401 534
401 535
401 536
401 537
401 538
401 539
401 540
401 715
402 511
402 536
402 537
402 538
402 941
403 534
403 537
403 878
404 717
412 536
413 511
414 683
426 539
427 540
433 541
446 511
446 538
447 538
448 537
449 605
466 537
467 540
476 892
478 536
487 539
496 537
506 535
507 535
507 891
508 533
508 535
508 536
508 798
509 535
509 536
509 537
509 538
509 539
510 534
510 535
510 536
510 537
510 538
510 539
510 540
510 622
511 513
511 534
511 535
511 536
511 537
511 538
511 539
511 963
512 515
512 533
512 535
512 536
512 537
512 538
512 539
512 727
512 934
512 952
512 964
513 534
513 535
513 537
513 538
513 540
513 646
513 715
513 969
514 537
514 774
514 976
514 997
515 537
516 819
519 537
520 537
532 534
532 535
532 536
532 537
533 534
533 535
533 536
533 537
533 538
533 539
534 535
534 536
534 537
534 538
534 539
534 540
534 604
534 714
534 754
535 536
535 537
535 538
535 539
535 599
535 673
535 747
535 753
536 537
536 538
536 539
536 674
536 774
536 778
536 785
536 881
536 892
536 975
536 983
536 984
537 538
537 539
537 540
537 555
537 567
537 597
537 601
537 735
537 818
537 819
537 898
537 911
537 915
537 974
537 975
537 978
538 539
538 540
538 604
538 617
538 644
538 648
538 661
538 725
538 799
538 806
538 884
538 890
538 892
538 984
539 540
539 682
539 742
539 779
539 854
539 902
540 838
540 892
540 984
540 988
541 820
541 908
541 985
542 585
543 662
550 666
569 718
585 658
598 820
602 776
603 675
628 688
645 959
690 953
747 761
894 896
