5 758
6 759
6 883
7 546
15 744
32 297
42 901
58 744
59 744
59 759
60 524
60 840
61 748
73 743
73 744
73 760
74 759
74 760
74 762
75 223
75 524
75 763
76 339
76 931
84 636
92 743
93 883
115 759
119 762
126 745
126 758
127 428
127 882
128 970
148 811
149 274
156 960
159 615
165 210
166 763
170 758
171 746
172 524
172 842
173 869
175 764
176 602
177 747
177 881
183 759
183 760
184 294
184 619
184 761
185 614
187 274
191 208
204 749
205 760
206 744
206 899
207 273
207 763
209 842
213 744
230 746
243 729
251 757
255 256
258 763
262 391
262 402
262 744
263 801
263 881
264 582
265 338
271 507
272 627
272 744
273 757
273 760
274 944
275 296
295 745
296 840
297 402
298 444
302 604
302 759
303 744
303 761
303 762
304 733
309 744
314 507
325 743
326 745
332 603
337 744
341 760
353 759
354 747
372 761
373 403
380 743
382 742
383 747
388 635
388 990
389 761
390 731
390 745
390 919
391 589
392 765
394 746
401 743
401 745
402 744
402 758
402 760
402 761
403 571
403 742
403 763
404 839
409 761
423 762
431 884
435 945
441 745
441 840
442 760
443 524
452 759
453 523
454 525
454 726
454 760
455 763
471 745
473 743
474 767
475 734
502 781
503 745
503 942
506 588
510 744
511 756
511 914
512 687
521 840
522 742
522 743
522 744
522 755
522 757
522 758
522 759
522 760
523 731
523 743
523 744
523 745
523 746
523 756
523 758
523 759
523 760
523 810
524 742
524 744
524 758
524 759
524 830
525 624
525 721
525 759
525 761
526 686
526 831
530 999
532 744
532 760
533 623
533 703
544 744
545 634
569 989
577 724
581 745
582 841
586 732
596 747
597 885
599 759
604 868
607 900
613 745
613 762
619 760
622 744
622 745
622 746
623 744
623 758
623 761
623 943
624 747
624 969
625 749
633 744
633 755
633 759
633 760
633 761
634 743
634 789
634 998
635 843
635 848
636 790
648 747
675 744
680 744
685 745
685 748
686 759
686 845
687 744
702 732
705 759
706 764
716 743
717 759
718 744
720 746
724 745
725 855
730 760
731 764
731 847
732 762
739 742
740 757
740 758
740 839
741 742
741 743
741 744
741 745
741 757
741 758
741 759
741 760
741 761
742 743
742 744
742 745
742 746
742 756
742 757
742 758
742 759
742 760
742 761
742 838
742 839
742 840
742 916
743 744
743 745
743 746
743 755
743 756
743 757
743 758
743 759
743 760
743 761
743 762
743 773
743 836
743 839
743 840
743 841
743 899
743 969
744 745
744 746
744 747
744 755
744 756
744 757
744 758
744 759
744 760
744 761
744 762
744 763
744 780
744 791
744 829
744 838
744 898
744 959
744 968
745 746
745 756
745 757
745 758
745 759
745 760
745 761
745 762
745 780
745 788
745 826
745 839
745 840
745 867
745 883
745 988
746 747
746 757
746 758
746 759
746 760
746 761
746 762
746 882
746 892
746 906
746 918
746 969
747 757
747 758
747 841
747 850
748 900
748 989
755 758
755 759
756 757
756 758
756 759
756 760
756 761
756 762
757 758
757 759
757 760
757 761
757 839
757 840
757 882
757 902
758 759
758 760
758 761
758 762
758 838
758 841
758 890
758 899
758 941
759 760
759 761
759 763
759 783
759 825
759 837
759 840
759 882
759 891
759 928
759 967
759 989
760 761
760 824
760 839
760 899
761 762
761 787
761 789
761 847
762 929
764 846
781 899
800 841
812 961
815 929
830 886
837 882
838 901
841 883
902 915
929 944
