12 689
13 686
17 404
18 42
18 43
19 578
23 397
24 25
24 26
24 27
24 32
24 40
24 46
24 326
24 344
24 398
24 403
24 489
24 491
24 494
24 496
24 497
24 498
25 26
25 29
25 30
25 32
25 35
25 37
25 38
25 40
25 41
25 44
25 47
25 122
25 327
25 330
25 331
25 333
25 334
25 336
25 338
25 341
25 346
25 399
25 400
25 402
25 403
25 405
25 490
25 491
25 493
25 494
25 665
25 827
25 830
25 831
25 994
26 29
26 30
26 32
26 34
26 36
26 41
26 42
26 43
26 44
26 47
26 328
26 329
26 330
26 332
26 335
26 336
26 337
26 339
26 340
26 341
26 342
26 343
26 344
26 345
26 396
26 397
26 402
26 403
26 404
26 406
26 407
26 408
26 409
26 491
26 492
26 493
26 496
26 497
26 499
26 688
26 826
26 827
26 829
26 830
26 886
27 28
27 29
27 30
27 31
27 32
27 34
27 36
27 37
27 38
27 39
27 40
27 42
27 43
27 46
27 47
27 107
27 327
27 329
27 330
27 331
27 333
27 334
27 336
27 337
27 339
27 340
27 341
27 342
27 346
27 394
27 395
27 396
27 397
27 398
27 399
27 400
27 401
27 402
27 403
27 404
27 406
27 407
27 409
27 451
27 490
27 491
27 492
27 495
27 497
27 499
27 827
27 828
27 829
27 830
28 30
28 31
28 32
28 33
28 34
28 35
28 36
28 37
28 38
28 39
28 40
28 41
28 42
28 43
28 44
28 45
28 46
28 47
28 48
28 107
28 327
28 329
28 330
28 331
28 332
28 333
28 334
28 335
28 336
28 337
28 338
28 339
28 341
28 342
28 343
28 344
28 345
28 392
28 393
28 394
28 396
28 397
28 398
28 399
28 400
28 401
28 402
28 403
28 404
28 405
28 406
28 407
28 408
28 490
28 491
28 492
28 493
28 494
28 495
28 496
28 497
28 499
28 826
28 827
28 828
28 830
28 910
29 30
29 31
29 32
29 33
29 34
29 35
29 36
29 37
29 38
29 39
29 40
29 41
29 42
29 43
29 44
29 45
29 46
29 47
29 327
29 328
29 329
29 331
29 332
29 333
29 334
29 335
29 336
29 337
29 338
29 340
29 341
29 342
29 343
29 344
29 345
29 395
29 396
29 398
29 399
29 401
29 402
29 403
29 404
29 405
29 406
29 407
29 408
29 489
29 491
29 493
29 494
29 495
29 497
29 498
29 499
29 826
29 827
29 828
29 829
29 830
29 831
30 31
30 32
30 33
30 34
30 35
30 37
30 38
30 39
30 40
30 41
30 42
30 43
30 44
30 45
30 46
30 47
30 110
30 328
30 329
30 330
30 331
30 332
30 333
30 334
30 335
30 336
30 337
30 338
30 339
30 340
30 341
30 342
30 343
30 344
30 345
30 346
30 394
30 395
30 396
30 397
30 398
30 399
30 400
30 401
30 402
30 403
30 404
30 405
30 406
30 407
30 408
30 409
30 492
30 493
30 494
30 495
30 496
30 498
30 499
30 500
30 664
30 826
30 829
30 830
30 831
30 832
31 32
31 33
31 34
31 35
31 36
31 37
31 38
31 39
31 40
31 41
31 42
31 43
31 44
31 45
31 46
31 47
31 96
31 328
31 329
31 330
31 331
31 332
31 333
31 334
31 335
31 336
31 337
31 338
31 339
31 340
31 341
31 342
31 343
31 344
31 345
31 346
31 393
31 396
31 397
31 398
31 399
31 400
31 401
31 402
31 403
31 404
31 405
31 406
31 407
31 408
31 409
31 489
31 490
31 492
31 493
31 494
31 496
31 497
31 498
31 499
31 826
31 828
31 829
31 830
32 33
32 34
32 35
32 36
32 37
32 38
32 39
32 40
32 41
32 42
32 43
32 44
32 45
32 46
32 47
32 107
32 108
32 327
32 328
32 329
32 332
32 333
32 334
32 335
32 336
32 337
32 338
32 339
32 340
32 341
32 342
32 343
32 344
32 345
32 346
32 393
32 394
32 396
32 397
32 398
32 399
32 400
32 401
32 402
32 403
32 404
32 405
32 406
32 407
32 408
32 409
32 490
32 491
32 492
32 493
32 494
32 495
32 496
32 497
32 498
32 499
32 664
32 821
32 827
32 828
32 830
32 832
33 34
33 35
33 36
33 37
33 38
33 39
33 40
33 41
33 42
33 43
33 44
33 45
33 46
33 47
33 106
33 328
33 330
33 331
33 332
33 333
33 334
33 335
33 336
33 337
33 338
33 339
33 340
33 341
33 342
33 343
33 344
33 345
33 395
33 396
33 397
33 398
33 399
33 400
33 401
33 402
33 403
33 404
33 405
33 406
33 407
33 408
33 409
33 489
33 494
33 495
33 496
33 497
33 498
33 499
33 667
33 825
33 828
33 831
34 35
34 36
34 37
34 38
34 39
34 40
34 41
34 42
34 43
34 44
34 45
34 46
34 47
34 108
34 329
34 330
34 331
34 332
34 333
34 334
34 335
34 336
34 337
34 338
34 339
34 340
34 341
34 342
34 343
34 344
34 345
34 346
34 396
34 397
34 398
34 399
34 400
34 401
34 402
34 403
34 404
34 405
34 406
34 407
34 408
34 409
34 410
34 489
34 491
34 492
34 493
34 494
34 495
34 496
34 497
34 498
34 499
34 500
34 813
34 825
34 826
34 827
34 828
34 829
34 830
34 831
35 36
35 37
35 38
35 39
35 40
35 41
35 42
35 43
35 44
35 45
35 46
35 47
35 48
35 327
35 328
35 329
35 330
35 331
35 332
35 333
35 334
35 335
35 336
35 337
35 338
35 339
35 340
35 341
35 342
35 343
35 344
35 345
35 346
35 396
35 398
35 399
35 400
35 401
35 402
35 403
35 404
35 405
35 406
35 407
35 408
35 409
35 490
35 491
35 492
35 493
35 494
35 495
35 496
35 497
35 498
35 499
35 500
35 667
35 731
35 826
35 829
35 830
35 831
35 880
35 952
36 37
36 38
36 39
36 40
36 41
36 42
36 43
36 44
36 45
36 46
36 47
36 48
36 327
36 329
36 332
36 333
36 334
36 335
36 336
36 337
36 338
36 339
36 340
36 341
36 342
36 343
36 344
36 345
36 346
36 393
36 397
36 398
36 399
36 400
36 401
36 402
36 403
36 404
36 405
36 406
36 407
36 408
36 409
36 488
36 489
36 491
36 492
36 493
36 494
36 495
36 496
36 497
36 498
36 499
36 500
36 825
36 826
36 827
36 829
36 831
36 832
37 38
37 39
37 40
37 41
37 42
37 43
37 44
37 45
37 46
37 47
37 48
37 49
37 110
37 329
37 331
37 332
37 333
37 334
37 336
37 337
37 338
37 339
37 340
37 341
37 342
37 343
37 344
37 345
37 346
37 396
37 397
37 398
37 399
37 401
37 402
37 403
37 404
37 405
37 406
37 407
37 408
37 409
37 488
37 489
37 490
37 491
37 492
37 493
37 494
37 495
37 496
37 497
37 498
37 499
37 827
37 952
37 975
38 39
38 40
38 41
38 42
38 43
38 44
38 45
38 46
38 47
38 95
38 108
38 109
38 327
38 328
38 330
38 331
38 332
38 334
38 335
38 336
38 337
38 338
38 339
38 340
38 341
38 342
38 343
38 344
38 345
38 346
38 396
38 398
38 399
38 400
38 401
38 402
38 403
38 404
38 405
38 406
38 407
38 408
38 409
38 490
38 491
38 492
38 493
38 494
38 495
38 496
38 497
38 498
38 499
38 500
38 668
38 685
38 780
38 826
38 828
38 829
38 830
38 831
38 832
39 40
39 41
39 42
39 43
39 44
39 45
39 46
39 47
39 48
39 59
39 95
39 107
39 266
39 305
39 327
39 329
39 331
39 332
39 333
39 334
39 335
39 336
39 337
39 338
39 339
39 340
39 341
39 342
39 343
39 344
39 345
39 346
39 347
39 365
39 394
39 396
39 397
39 399
39 400
39 401
39 402
39 403
39 404
39 405
39 406
39 407
39 408
39 410
39 450
39 491
39 492
39 493
39 494
39 495
39 496
39 497
39 498
39 499
39 500
39 567
39 676
39 686
39 826
39 827
39 828
39 829
39 830
39 831
39 832
40 41
40 42
40 43
40 44
40 45
40 46
40 47
40 48
40 73
40 107
40 108
40 109
40 110
40 120
40 122
40 153
40 174
40 303
40 328
40 329
40 330
40 331
40 333
40 334
40 335
40 336
40 337
40 338
40 339
40 340
40 341
40 342
40 343
40 344
40 345
40 346
40 395
40 397
40 398
40 399
40 400
40 401
40 402
40 403
40 404
40 405
40 406
40 407
40 408
40 409
40 489
40 490
40 491
40 492
40 493
40 494
40 495
40 496
40 497
40 498
40 499
40 500
40 501
40 686
40 688
40 826
40 829
40 830
40 831
40 911
41 42
41 43
41 44
41 45
41 46
41 47
41 48
41 105
41 109
41 305
41 326
41 327
41 328
41 329
41 330
41 331
41 332
41 333
41 334
41 335
41 336
41 337
41 338
41 339
41 340
41 341
41 342
41 343
41 344
41 345
41 346
41 347
41 394
41 395
41 396
41 398
41 399
41 400
41 401
41 402
41 403
41 404
41 405
41 406
41 407
41 408
41 409
41 449
41 451
41 452
41 464
41 490
41 491
41 492
41 493
41 495
41 496
41 497
41 498
41 499
41 500
41 501
41 668
41 688
41 689
41 764
41 827
41 828
41 829
41 831
41 832
41 833
41 880
41 910
41 911
41 929
41 953
41 954
42 43
42 44
42 45
42 46
42 47
42 48
42 106
42 108
42 109
42 110
42 156
42 326
42 327
42 329
42 330
42 331
42 333
42 334
42 335
42 336
42 337
42 338
42 339
42 340
42 341
42 342
42 343
42 344
42 345
42 346
42 347
42 394
42 397
42 398
42 399
42 400
42 401
42 402
42 403
42 404
42 405
42 406
42 407
42 408
42 409
42 410
42 429
42 450
42 490
42 491
42 492
42 493
42 494
42 495
42 496
42 497
42 498
42 499
42 500
42 501
42 526
42 664
42 685
42 689
42 690
42 704
42 777
42 779
42 812
42 813
42 814
42 822
42 826
42 828
42 829
42 830
42 831
42 832
42 833
42 909
42 953
42 954
43 44
43 45
43 46
43 47
43 48
43 49
43 97
43 110
43 111
43 112
43 129
43 161
43 201
43 327
43 328
43 331
43 332
43 333
43 334
43 335
43 336
43 337
43 338
43 339
43 340
43 341
43 342
43 343
43 344
43 345
43 346
43 347
43 393
43 394
43 395
43 396
43 398
43 399
43 400
43 401
43 402
43 403
43 404
43 405
43 406
43 407
43 408
43 409
43 410
43 411
43 439
43 449
43 451
43 489
43 491
43 492
43 493
43 494
43 495
43 496
43 497
43 498
43 499
43 500
43 501
43 532
43 538
43 585
43 610
43 612
43 665
43 668
43 669
43 685
43 727
43 733
43 763
43 768
43 784
43 826
43 828
43 829
43 830
43 832
43 833
43 880
43 905
43 928
43 954
44 45
44 46
44 47
44 48
44 49
44 96
44 107
44 155
44 158
44 171
44 192
44 224
44 306
44 326
44 327
44 329
44 331
44 332
44 333
44 334
44 335
44 336
44 337
44 338
44 339
44 340
44 341
44 342
44 343
44 344
44 345
44 346
44 347
44 348
44 363
44 394
44 395
44 396
44 397
44 398
44 399
44 400
44 401
44 402
44 403
44 404
44 405
44 406
44 407
44 408
44 409
44 410
44 414
44 423
44 450
44 451
44 452
44 464
44 465
44 490
44 492
44 493
44 494
44 495
44 496
44 497
44 498
44 499
44 500
44 501
44 502
44 538
44 539
44 660
44 666
44 667
44 668
44 686
44 705
44 719
44 726
44 730
44 734
44 760
44 804
44 814
44 826
44 827
44 829
44 830
44 831
44 832
44 833
44 834
44 839
44 862
44 878
44 900
44 953
44 955
45 46
45 47
45 48
45 67
45 109
45 110
45 112
45 113
45 191
45 228
45 261
45 304
45 328
45 329
45 330
45 331
45 332
45 333
45 334
45 335
45 336
45 337
45 338
45 339
45 340
45 341
45 342
45 343
45 344
45 345
45 346
45 347
45 348
45 349
45 396
45 397
45 398
45 399
45 400
45 401
45 402
45 403
45 404
45 405
45 406
45 407
45 408
45 409
45 410
45 417
45 459
45 463
45 490
45 491
45 493
45 494
45 495
45 496
45 497
45 498
45 499
45 500
45 501
45 526
45 531
45 533
45 537
45 557
45 563
45 570
45 576
45 585
45 611
45 617
45 625
45 667
45 668
45 669
45 673
45 690
45 704
45 705
45 726
45 727
45 733
45 736
45 753
45 760
45 761
45 764
45 826
45 827
45 828
45 829
45 830
45 831
45 832
45 833
45 834
45 835
45 838
45 840
45 841
45 880
45 910
45 911
45 949
45 957
45 967
45 968
46 47
46 48
46 85
46 90
46 98
46 108
46 109
46 110
46 111
46 125
46 154
46 161
46 175
46 190
46 306
46 307
46 329
46 330
46 331
46 332
46 333
46 334
46 335
46 336
46 337
46 338
46 339
46 340
46 341
46 342
46 343
46 344
46 345
46 346
46 347
46 391
46 395
46 396
46 397
46 398
46 399
46 400
46 401
46 402
46 403
46 404
46 405
46 406
46 407
46 408
46 409
46 410
46 411
46 441
46 452
46 491
46 492
46 493
46 494
46 495
46 496
46 497
46 498
46 499
46 500
46 501
46 502
46 553
46 575
46 576
46 611
46 636
46 667
46 668
46 685
46 686
46 687
46 700
46 707
46 728
46 785
46 786
46 814
46 820
46 826
46 827
46 828
46 829
46 830
46 831
46 832
46 833
46 834
46 839
46 881
46 911
46 915
46 954
46 955
47 48
47 49
47 68
47 108
47 109
47 110
47 111
47 256
47 294
47 325
47 326
47 327
47 328
47 331
47 332
47 333
47 334
47 335
47 336
47 337
47 338
47 339
47 340
47 341
47 342
47 343
47 344
47 345
47 346
47 347
47 393
47 394
47 395
47 396
47 397
47 398
47 399
47 400
47 401
47 402
47 403
47 404
47 405
47 406
47 407
47 408
47 409
47 450
47 452
47 453
47 489
47 490
47 491
47 492
47 493
47 494
47 495
47 496
47 497
47 498
47 499
47 500
47 501
47 502
47 525
47 572
47 586
47 609
47 667
47 761
47 784
47 815
47 822
47 825
47 828
47 829
47 830
47 831
47 832
47 833
47 834
47 881
47 904
47 905
47 910
47 911
48 60
48 113
48 152
48 166
48 255
48 330
48 335
48 337
48 339
48 341
48 342
48 343
48 344
48 345
48 346
48 347
48 399
48 402
48 406
48 407
48 408
48 409
48 411
48 491
48 497
48 498
48 502
48 709
48 831
48 956
48 969
49 59
49 113
49 329
49 394
49 469
49 489
49 549
49 577
50 176
50 338
50 411
55 346
55 670
81 202
94 677
96 343
97 836
105 404
106 109
106 329
106 331
106 397
106 401
106 829
106 831
107 330
107 344
107 405
107 407
107 408
107 490
107 491
107 493
107 496
107 498
107 826
108 331
108 334
108 337
108 340
108 398
108 399
108 401
108 404
108 406
108 498
109 333
109 342
109 344
109 345
109 346
109 406
110 336
110 409
111 443
111 453
112 251
112 340
112 527
118 753
119 406
121 831
122 333
123 410
126 666
151 408
162 349
165 339
165 689
172 350
175 381
190 342
190 345
190 346
191 344
191 708
201 348
202 335
227 345
229 930
253 343
253 497
254 346
254 400
254 605
267 410
267 502
295 815
306 409
308 532
318 339
326 345
326 400
326 401
326 404
326 406
326 492
326 498
326 828
326 830
327 328
327 334
327 339
327 342
327 343
327 344
327 345
327 346
327 402
327 405
327 406
327 407
327 408
327 490
327 495
327 496
327 498
327 828
327 830
327 831
328 331
328 334
328 335
328 336
328 338
328 339
328 340
328 341
328 342
328 345
328 396
328 399
328 400
328 401
328 403
328 405
328 406
328 407
328 408
328 488
328 490
328 494
328 495
328 497
328 499
328 825
328 826
328 829
328 830
328 831
329 330
329 331
329 334
329 337
329 339
329 341
329 342
329 343
329 344
329 394
329 395
329 397
329 398
329 399
329 402
329 403
329 405
329 407
329 491
329 492
329 495
329 496
329 497
329 499
329 830
329 831
329 835
330 332
330 334
330 335
330 336
330 338
330 339
330 340
330 341
330 344
330 345
330 346
330 396
330 397
330 398
330 400
330 402
330 404
330 406
330 407
330 489
330 490
330 491
330 496
330 497
330 827
330 829
330 830
330 831
330 832
330 837
331 332
331 333
331 334
331 335
331 337
331 338
331 339
331 340
331 341
331 342
331 343
331 344
331 345
331 397
331 398
331 399
331 401
331 403
331 404
331 405
331 406
331 407
331 408
331 490
331 491
331 494
331 495
331 496
331 497
331 498
331 499
331 665
331 826
331 827
331 828
331 829
331 830
331 831
332 333
332 334
332 335
332 336
332 337
332 338
332 339
332 340
332 341
332 342
332 343
332 345
332 346
332 396
332 397
332 399
332 400
332 401
332 402
332 403
332 404
332 405
332 406
332 407
332 408
332 409
332 489
332 491
332 493
332 494
332 495
332 496
332 497
332 498
332 499
332 826
332 827
332 828
332 829
332 830
333 334
333 335
333 336
333 337
333 338
333 339
333 340
333 341
333 342
333 343
333 344
333 345
333 346
333 393
333 395
333 396
333 397
333 398
333 399
333 400
333 401
333 402
333 403
333 404
333 406
333 407
333 408
333 490
333 491
333 492
333 493
333 494
333 497
333 498
333 499
333 824
333 826
333 827
333 828
333 830
334 335
334 336
334 337
334 338
334 339
334 340
334 341
334 342
334 343
334 344
334 345
334 346
334 393
334 395
334 396
334 398
334 399
334 400
334 401
334 402
334 403
334 404
334 405
334 406
334 407
334 408
334 409
334 410
334 488
334 491
334 492
334 493
334 494
334 495
334 496
334 497
334 498
334 499
334 500
334 666
334 826
334 828
334 830
335 336
335 337
335 338
335 339
335 340
335 341
335 342
335 343
335 344
335 345
335 346
335 395
335 396
335 397
335 398
335 399
335 400
335 401
335 402
335 403
335 404
335 405
335 406
335 407
335 408
335 409
335 488
335 489
335 490
335 491
335 492
335 494
335 495
335 496
335 497
335 498
335 499
335 500
335 825
335 828
335 830
335 868
336 337
336 338
336 339
336 340
336 341
336 342
336 343
336 344
336 345
336 394
336 395
336 397
336 398
336 399
336 400
336 401
336 402
336 403
336 404
336 405
336 406
336 407
336 408
336 409
336 489
336 491
336 493
336 494
336 495
336 496
336 497
336 498
336 499
336 500
336 828
336 829
336 830
336 831
337 338
337 339
337 340
337 341
337 342
337 343
337 344
337 345
337 346
337 395
337 397
337 399
337 400
337 401
337 402
337 403
337 404
337 405
337 406
337 407
337 408
337 409
337 490
337 491
337 492
337 493
337 494
337 495
337 496
337 497
337 498
337 499
337 500
337 669
337 825
337 826
337 829
337 830
337 831
337 921
338 339
338 340
338 341
338 342
338 343
338 344
338 345
338 346
338 393
338 394
338 399
338 400
338 401
338 402
338 403
338 404
338 405
338 406
338 407
338 408
338 409
338 410
338 492
338 494
338 495
338 496
338 497
338 498
338 499
338 501
338 666
338 827
338 830
338 910
339 340
339 341
339 342
339 343
339 344
339 345
339 346
339 395
339 398
339 399
339 400
339 402
339 403
339 404
339 405
339 406
339 407
339 408
339 409
339 490
339 491
339 492
339 494
339 495
339 496
339 497
339 498
339 499
339 500
339 664
339 827
339 829
339 830
339 832
339 833
339 953
339 954
340 341
340 342
340 343
340 344
340 345
340 346
340 347
340 394
340 397
340 398
340 399
340 400
340 401
340 402
340 403
340 404
340 405
340 406
340 407
340 408
340 409
340 491
340 492
340 493
340 494
340 495
340 496
340 497
340 498
340 499
340 500
340 825
340 829
340 830
340 832
340 834
340 955
341 342
341 343
341 344
341 345
341 346
341 394
341 395
341 397
341 398
341 399
341 400
341 401
341 402
341 403
341 404
341 405
341 406
341 407
341 408
341 409
341 490
341 491
341 492
341 493
341 494
341 495
341 496
341 497
341 498
341 499
341 500
341 830
341 831
341 877
341 953
342 343
342 344
342 345
342 346
342 347
342 394
342 395
342 396
342 397
342 399
342 400
342 401
342 402
342 403
342 404
342 405
342 406
342 407
342 408
342 409
342 410
342 451
342 490
342 491
342 492
342 493
342 494
342 495
342 496
342 497
342 498
342 499
342 664
342 665
342 827
342 828
342 830
342 832
342 860
343 344
343 345
343 346
343 395
343 397
343 398
343 399
343 400
343 401
343 402
343 403
343 404
343 405
343 406
343 407
343 408
343 409
343 488
343 491
343 492
343 493
343 494
343 495
343 496
343 497
343 498
343 499
343 500
343 665
343 824
343 828
343 829
343 830
343 831
343 832
343 833
343 838
344 345
344 346
344 347
344 393
344 394
344 395
344 397
344 398
344 399
344 400
344 401
344 402
344 403
344 404
344 405
344 406
344 407
344 408
344 409
344 490
344 491
344 492
344 494
344 495
344 496
344 497
344 498
344 499
344 500
344 503
344 532
344 687
344 703
344 709
344 826
344 827
344 828
344 829
344 830
344 831
344 833
344 861
344 904
344 953
344 954
345 346
345 347
345 395
345 396
345 397
345 398
345 399
345 400
345 401
345 402
345 403
345 404
345 405
345 406
345 407
345 408
345 409
345 491
345 492
345 493
345 494
345 495
345 496
345 497
345 498
345 499
345 532
345 752
345 826
345 827
345 828
345 829
345 830
345 831
345 832
345 839
345 841
345 936
345 937
346 394
346 396
346 397
346 400
346 401
346 402
346 403
346 404
346 405
346 406
346 407
346 408
346 410
346 450
346 494
346 495
346 496
346 497
346 498
346 499
346 830
346 832
347 406
347 408
347 553
347 878
347 898
347 951
347 955
348 410
348 454
348 825
349 504
354 731
380 498
393 400
393 402
393 407
393 827
394 395
394 396
394 398
394 399
394 402
394 406
394 490
394 491
394 492
394 496
394 497
394 498
394 499
394 826
394 829
395 397
395 398
395 400
395 402
395 404
395 406
395 408
395 489
395 491
395 492
395 493
395 494
395 496
395 498
395 687
395 690
395 829
395 831
396 397
396 398
396 400
396 401
396 402
396 403
396 404
396 405
396 406
396 407
396 408
396 490
396 491
396 493
396 494
396 495
396 497
396 498
396 499
396 732
396 828
396 829
396 830
397 398
397 399
397 400
397 403
397 404
397 406
397 408
397 489
397 490
397 491
397 492
397 493
397 494
397 495
397 497
397 687
397 825
397 826
397 827
397 829
397 830
397 831
398 399
398 400
398 401
398 402
398 403
398 404
398 405
398 406
398 407
398 408
398 488
398 490
398 491
398 492
398 493
398 494
398 495
398 496
398 497
398 498
398 499
398 825
398 827
398 828
398 829
398 830
398 831
399 400
399 401
399 402
399 403
399 404
399 405
399 406
399 407
399 408
399 409
399 410
399 493
399 494
399 495
399 496
399 497
399 498
399 499
399 684
399 685
399 826
399 827
399 828
399 829
399 830
400 401
400 402
400 403
400 404
400 405
400 406
400 407
400 408
400 489
400 491
400 492
400 493
400 494
400 495
400 496
400 497
400 498
400 499
400 667
400 825
400 826
400 827
400 828
400 829
400 831
400 833
401 402
401 403
401 404
401 405
401 406
401 407
401 408
401 410
401 490
401 491
401 492
401 493
401 494
401 495
401 496
401 497
401 498
401 499
401 825
401 827
401 828
401 829
401 830
401 831
402 403
402 404
402 405
402 406
402 407
402 408
402 409
402 490
402 491
402 493
402 494
402 495
402 496
402 497
402 498
402 499
402 610
402 827
402 829
402 830
402 831
402 909
403 404
403 405
403 406
403 407
403 408
403 409
403 490
403 491
403 492
403 493
403 495
403 496
403 497
403 498
403 499
403 500
403 783
403 828
403 829
403 830
403 831
403 877
404 405
404 406
404 407
404 408
404 490
404 492
404 493
404 494
404 495
404 496
404 497
404 498
404 499
404 500
404 542
404 668
404 814
404 824
404 825
404 826
404 828
404 829
404 831
404 832
404 935
405 406
405 407
405 408
405 409
405 488
405 490
405 492
405 493
405 494
405 495
405 496
405 497
405 498
405 499
405 500
405 826
405 827
405 829
405 952
406 407
406 408
406 452
406 489
406 490
406 491
406 492
406 493
406 494
406 495
406 496
406 497
406 498
406 499
406 500
406 664
406 826
406 828
406 829
406 830
406 831
406 878
407 408
407 409
407 410
407 488
407 490
407 491
407 492
407 493
407 494
407 495
407 496
407 497
407 498
407 499
407 500
407 501
407 575
407 825
407 826
407 827
407 828
407 829
407 830
407 831
407 832
407 838
407 961
408 410
408 488
408 493
408 495
408 496
408 497
408 498
408 499
408 500
408 501
408 667
408 669
408 825
408 828
408 829
408 830
408 831
408 832
408 905
408 995
409 492
409 493
409 494
409 517
409 780
409 827
409 828
409 829
409 840
409 910
410 691
410 909
411 495
411 501
411 669
412 533
418 931
423 503
440 503
449 497
451 496
451 666
451 833
453 720
464 911
488 493
488 499
488 827
489 491
489 494
489 496
489 497
489 498
489 499
489 609
489 825
489 827
489 831
490 493
490 494
490 495
490 497
490 825
490 827
490 828
490 829
490 830
491 492
491 493
491 494
491 495
491 497
491 498
491 499
491 752
491 827
491 828
491 829
491 830
492 493
492 494
492 495
492 497
492 499
492 666
492 827
492 830
492 831
493 494
493 495
493 496
493 498
493 667
493 827
493 828
493 829
493 830
494 495
494 496
494 497
494 498
494 499
494 500
494 502
494 824
494 826
494 827
494 829
494 831
495 496
495 497
495 498
495 499
495 826
495 827
495 828
495 829
495 830
495 831
495 912
496 497
496 498
496 499
496 661
496 825
496 826
496 829
496 830
496 831
497 498
497 499
497 687
497 827
497 828
497 830
497 833
498 499
498 501
498 688
498 826
498 827
498 828
498 829
498 830
499 500
499 649
499 825
499 827
499 828
499 829
499 830
499 831
499 910
501 587
502 781
503 765
516 669
534 645
571 828
615 816
616 906
618 862
619 826
648 863
665 670
671 938
688 955
706 976
762 763
764 882
823 995
825 827
825 828
825 830
825 831
826 827
826 828
826 829
827 829
828 829
828 830
829 830
830 831
834 835
839 956
842 881
885 912
