Memory Limit (KB),Optimal K,Passes,Memory (KB),Max Valid K
5000,N/A,N/A,N/A,
6000,N/A,N/A,N/A,
7000,N/A,N/A,N/A,
8000,N/A,N/A,N/A,
9000,N/A,N/A,N/A,
10000,N/A,N/A,N/A,
11000,N/A,N/A,N/A,
12000,4,2,12112.0,5
13000,8,1,12384.0,8
14000,8,1,12208.0,8
15000,8,1,12160.0,8
16000,8,1,12224.0,8
17000,8,1,12368.0,8
18000,8,1,12160.0,8
19000,8,1,12288.0,8
20000,8,1,12288.0,8
21000,8,1,12432.0,8
22000,8,1,12160.0,8
23000,8,1,12160.0,8
24000,8,1,12016.0,8
25000,8,1,12016.0,8
30000,8,1,11856.0,8
35000,8,1,12256.0,8
40000,8,1,12464.0,8
45000,8,1,12064.0,8
50000,8,1,12560.0,8
60000,8,1,12528.0,8
70000,8,1,12320.0,8
80000,8,1,12368.0,8
90000,8,1,12352.0,8
100000,8,1,12272.0,8
200000,8,1,12272.0,8
300000,8,1,12208.0,8
400000,8,1,12432.0,8
500000,8,1,12352.0,8
