Memory Limit (KB),Optimal K,Passes,Memory (KB),Max Valid K
5000,N/A,N/A,N/A,
6000,N/A,N/A,N/A,
7000,N/A,N/A,N/A,
8000,N/A,N/A,N/A,
9000,N/A,N/A,N/A,
10000,N/A,N/A,N/A,
11000,N/A,N/A,N/A,
12000,3,4,12672.0,3
13000,4,3,13072.0,5
14000,8,1,13040.0,8
15000,8,1,13040.0,8
16000,8,1,13040.0,8
17000,8,1,13040.0,8
18000,8,1,13040.0,8
19000,8,1,13040.0,8
20000,8,1,13040.0,8
21000,8,1,13040.0,8
22000,8,1,13040.0,8
23000,8,1,13040.0,8
24000,8,1,13040.0,8
25000,8,1,13040.0,8
30000,8,1,13040.0,8
35000,8,1,13040.0,8
40000,8,1,13168.0,8
45000,8,1,13040.0,8
50000,8,1,13040.0,8
60000,8,1,13040.0,8
70000,8,1,13040.0,8
80000,8,1,13040.0,8
90000,8,1,13040.0,8
100000,8,1,13040.0,8
200000,8,1,13040.0,8
300000,8,1,13040.0,8
400000,8,1,13040.0,8
500000,8,1,13040.0,8
