1 4 4
2 3 3
3 2 2
4 2 2
5 2 2
6 2 2
7 2 2
8 2 2
9 2 2
10 2 2
11 2 2
12 2 2
13 2 2
14 2 2
15 2 2
16 2 2
17 2 2
18 2 2
19 2 2
20 2 2
21 2 2
22 2 2
23 2 2
24 2 2
25 2 2
26 2 2
27 2 2
28 2 2
29 2 2
30 2 2
31 2 2
32 2 2
33 1 1
34 1 1
35 1 1
36 1 1
37 1 1
38 1 1
39 1 1
40 1 1
45 1 1
50 1 1
55 1 1
60 1 1
65 1 1
70 1 1
75 1 1
80 1 1
85 1 1
90 1 1
95 1 1
100 1 1
150 1 1
200 1 1
250 1 1
300 1 1
350 1 1
400 1 1
450 1 1
500 1 1
550 1 1
600 1 1
650 1 1
700 1 1
750 1 1
800 1 1
850 1 1
900 1 1
950 1 1
1000 1 1
