1 3 3
2 3 3
3 3 3
4 3 3
5 3 3
6 3 3
7 3 3
8 3 3
9 3 3
10 3 3
11 3 3
12 3 3
13 3 3
14 3 3
15 3 3
16 3 3
17 3 3
18 3 3
19 3 3
20 3 3
21 3 3
22 3 3
23 3 3
24 3 3
25 3 3
26 3 3
27 3 3
28 3 3
29 3 3
30 3 3
31 3 3
32 3 3
33 3 3
34 3 3
35 3 3
36 3 3
37 3 3
38 3 3
39 3 3
40 3 3
45 3 3
50 3 3
55 3 3
60 3 3
65 3 3
70 3 3
75 3 3
80 3 3
85 3 3
90 3 3
95 3 3
100 3 3
150 3 3
200 2.8 3
250 2 2
300 2 2
350 2 2
400 2 2
450 2 2
500 2 2
550 2 2
600 2 2
650 2 2
700 2 2
750 2 2
800 2 2
850 2 2
900 2 2
950 2 2
1000 2 2
