Memory Limit (KB),Optimal K,Passes,Memory (KB),Max Valid K
5000,N/A,N/A,N/A,
6000,N/A,N/A,N/A,
7000,N/A,N/A,N/A,
8000,N/A,N/A,N/A,
9000,N/A,N/A,N/A,
10000,N/A,N/A,N/A,
11000,15,1,10432.0,15
12000,15,1,10432.0,15
13000,15,1,10432.0,15
14000,15,1,10432.0,15
15000,15,1,10432.0,15
16000,15,1,10432.0,15
17000,15,1,10432.0,15
18000,15,1,10432.0,15
19000,15,1,10432.0,15
20000,15,1,10432.0,15
21000,15,1,10432.0,15
22000,15,1,10432.0,15
23000,15,1,10432.0,15
24000,15,1,10432.0,15
25000,15,1,10432.0,15
30000,15,1,10432.0,15
35000,15,1,10432.0,15
40000,15,1,10432.0,15
45000,15,1,10432.0,15
50000,15,1,10432.0,15
60000,15,1,10432.0,15
70000,15,1,10432.0,15
80000,15,1,10432.0,15
90000,15,1,10432.0,15
100000,15,1,10432.0,15
200000,15,1,10432.0,15
300000,15,1,10432.0,15
400000,15,1,10432.0,15
500000,15,1,10432.0,15
