1 3.039 4
2 3.039 4
3 3.039 4
4 3.039 4
5 3.039 4
6 3.039 4
7 3.039 4
8 3.039 4
9 3.039 4
10 3.039 4
11 3.039 4
12 3.039 4
13 3.038 4
14 3.038 4
15 3.038 4
16 3.038 4
17 3.038 4
18 3.038 4
19 3.038 4
20 3.038 4
21 3.038 4
22 3.038 4
23 3.038 4
24 3.038 4
25 3.037 4
26 3.037 4
27 3.037 4
28 3.037 4
29 3.037 4
30 3.037 4
31 3.037 4
32 3.037 4
33 3.037 4
34 3.037 4
35 3.037 4
36 3.037 4
37 3.037 4
38 3.037 4
39 3.038 4
40 3.038 4
45 3.038 4
50 3.038 4
55 3.038 4
60 3.038 4
65 3.037 4
70 3.035 4
75 3.035 4
80 3.032 4
85 3.032 4
90 3.031 4
95 3.031 4
100 3.031 4
150 3.027 4
200 3.005 4
250 3 3
300 3 3
350 2.905 3
400 2.117 3
450 2 2
500 2 2
550 2 2
600 2 2
650 2 2
700 2 2
750 2 2
800 2 2
850 2 2
900 2 2
950 2 2
1000 2 2
