1 3.071 4
2 3.071 4
3 3.071 4
4 3.07 4
5 3.07 4
6 3.071 4
7 3.071 4
8 3.071 4
9 3.071 4
10 3.071 4
11 3.071 4
12 3.071 4
13 3.071 4
14 3.07 4
15 3.069 4
16 3.069 4
17 3.069 4
18 3.07 4
19 3.069 4
20 3.069 4
21 3.069 4
22 3.069 4
23 3.068 4
24 3.068 4
25 3.066 4
26 3.065 4
27 3.065 4
28 3.066 4
29 3.065 4
30 3.065 4
31 3.065 4
32 3.064 4
33 3.064 4
34 3.063 4
35 3.061 4
36 3.061 4
37 3.061 4
38 3.062 4
39 3.062 4
40 3.062 4
45 3.06 4
50 3.054 4
55 3.054 4
60 3.053 4
65 3.049 4
70 3.047 4
75 3.046 4
80 3.047 4
85 3.045 4
90 3.042 4
95 3.037 4
100 3.033 4
150 3 3
200 2.776 3
250 2.001 3
300 2 2
350 2 2
400 2 2
450 2 2
500 2 2
550 2 2
600 2 2
650 2 2
700 2 2
750 2 2
800 2 2
850 2 2
900 2 2
950 2 2
1000 2 2
