1 5
1 19
1 47
1 231
1 43
1 242
1 850
1 737
1 303
1 284
1 617
1 471
1 309
2 4
2 16
2 13
2 33
2 8
2 14
2 22
2 43
2 66
2 7
2 32
2 43
2 107
3 3
3 10
3 8
3 17
3 3
3 6
3 9
3 18
3 19
3 3
3 6
3 13
3 8
4 2
4 7
4 5
4 12
4 2
4 4
4 7
4 10
4 5
4 2
4 4
4 9
4 2
5 2
5 5
5 5
5 10
5 2
5 2
5 6
5 7
5 4
5 2
5 6
5 2
5 2
6 2
6 5
6 4
6 6
6 2
6 2
6 5
6 6
6 2
6 2
6 2
6 2
6 2
7 2
7 4
7 4
7 7
7 2
7 2
7 4
7 5
7 2
7 2
7 2
7 2
7 2
8 2
8 3
8 4
8 3
8 2
8 2
8 4
8 5
8 2
8 2
8 2
8 2
8 2
9 2
9 3
9 3
9 3
9 2
9 2
9 4
9 4
9 2
9 2
9 2
9 2
9 2
10 2
10 3
10 2
10 3
10 2
10 2
10 3
10 4
10 2
10 2
10 2
10 2
10 2